82.000,218.000,69.000,73.000
83.397,219.398,69.000,73.000
85.913,220.795,69.000,73.000
88.987,220.516,69.000,73.000
93.739,221.913,69.000,73.000
98.490,223.311,69.000,73.000
102.683,224.149,69.000,73.000
112.465,221.634,69.000,73.000
116.658,225.826,69.000,73.000
117.925,228.208,70.527,74.615
122.781,225.637,70.527,74.615
124.781,225.923,70.527,74.615
127.923,229.065,70.527,74.615
135.066,231.065,70.527,74.615
139.351,234.208,70.527,74.615
145.350,232.208,70.527,74.615
148.493,231.922,70.527,74.615
154.492,228.208,70.527,74.615
160.491,231.351,70.527,74.615
165.919,234.493,70.527,74.615
170.205,235.350,70.527,74.615
175.061,236.207,70.527,74.615
178.842,237.829,69.023,73.024
183.036,238.109,69.023,73.024
187.814,240.774,67.551,71.467
191.919,241.595,67.551,71.467
196.570,241.868,67.551,71.467
199.580,243.236,67.551,71.467
202.590,244.057,67.551,71.467
203.958,243.784,67.551,71.467
208.063,242.963,67.551,71.467
212.715,243.236,67.551,71.467
216.272,242.963,67.551,71.467
219.282,242.689,67.551,71.467
222.839,243.510,67.551,71.467
226.943,243.236,67.551,71.467
231.595,245.699,67.551,71.467
236.794,243.236,67.551,71.467
240.351,245.152,67.551,71.467
243.908,242.689,67.551,71.467
247.466,243.510,67.551,71.467
247.192,241.595,67.551,71.467
248.013,242.415,67.551,71.467
252.664,245.973,67.551,71.467
256.769,247.341,67.551,71.467
260.390,250.476,66.110,69.943
267.085,248.602,66.110,69.943
279.405,253.219,64.700,68.451
233.017,250.861,64.700,68.451
234.748,244.937,66.132,69.966
239.302,243.598,66.132,69.966
238.292,240.878,67.595,71.514
216.114,233.485,67.595,71.514
244.626,234.683,69.091,73.096
247.705,233.843,69.091,73.096
235.111,212.853,69.091,73.096
233.152,210.334,69.091,73.096
237.395,207.068,67.617,71.537
274.284,243.998,66.175,70.011
269.191,238.905,66.175,70.011
263.731,238.965,67.639,71.560
259.621,237.595,67.639,71.560
246.195,231.841,67.639,71.560
249.711,235.882,69.136,73.144
234.128,235.363,70.665,74.762
226.516,236.615,72.229,76.416
220.372,232.226,72.229,76.416
217.153,234.860,72.229,76.416
199.659,236.746,73.827,78.107
195.173,224.485,73.827,78.107
189.907,216.959,72.253,76.441
187.273,214.325,72.253,76.441
191.663,218.715,72.253,76.441
176.152,216.666,72.253,76.441
167.761,212.480,73.851,78.132
161.047,213.789,75.485,79.861
168.630,210.809,73.875,78.158
162.945,213.502,73.875,78.158
166.784,215.432,75.510,79.887
164.936,218.347,73.900,78.184
168.828,221.640,73.900,78.184
167.930,220.143,73.900,78.184
166.433,223.436,73.900,78.184
169.653,217.913,75.535,79.914
143.739,219.886,77.206,81.682
138.423,219.573,77.206,81.682
134.983,216.758,77.206,81.682
130.291,215.194,77.206,81.682
124.975,214.882,77.206,81.682
119.033,215.820,77.206,81.682
116.218,213.005,77.206,81.682
118.407,210.816,77.206,81.682
120.597,215.507,77.206,81.682
116.822,218.173,78.914,83.489
104.356,210.181,78.914,83.489
88.053,206.665,78.914,83.489
81.979,209.542,78.914,83.489
105.954,201.550,78.914,83.489
140.379,175.019,77.231,81.708
