450.000,91.000,31.000,37.000
445.046,96.937,30.339,36.211
441.207,101.234,29.692,35.439
436.467,105.460,29.692,35.439
432.463,110.653,29.059,34.683
427.819,112.352,28.439,33.943
421.808,113.947,28.439,33.943
417.263,115.609,27.833,33.220
415.592,115.848,27.239,32.511
413.731,116.308,26.658,31.818
409.471,117.423,26.090,31.139
407.905,119.599,25.533,30.475
405.908,120.290,26.098,31.149
404.219,119.052,26.098,31.149
401.568,121.012,25.542,30.485
399.695,125.089,25.542,30.485
397.926,126.923,26.107,31.160
395.786,119.378,26.107,31.160
397.701,132.780,26.107,31.160
396.913,138.748,26.107,31.160
396.800,144.267,26.107,31.160
398.707,149.701,25.550,30.495
394.650,154.052,26.115,31.170
389.102,162.473,26.693,31.860
388.448,163.674,27.284,32.564
389.507,165.675,27.284,32.564
396.410,183.264,27.887,33.285
394.605,177.851,27.887,33.285
387.682,144.158,28.504,34.021
384.786,139.899,27.897,33.296
380.093,138.815,27.897,33.296
380.935,137.732,27.897,33.296
382.508,136.348,27.302,32.586
382.155,135.759,27.302,32.586
376.599,140.897,27.906,33.307
375.388,142.528,27.311,32.596
376.213,144.060,27.311,32.596
374.917,146.534,27.311,32.596
369.851,148.301,27.311,32.596
369.347,149.671,26.728,31.901
370.855,150.122,26.158,31.221
371.853,150.362,26.737,31.912
369.762,151.804,27.328,32.618
371.304,151.356,26.746,31.922
376.148,150.251,26.175,31.242
378.495,150.475,25.617,30.575
378.385,149.481,25.617,30.575
376.840,149.486,26.184,31.252
378.083,149.147,26.184,31.252
377.292,151.068,26.184,31.252
375.244,152.714,26.763,31.943
376.976,152.137,26.763,31.943
379.170,155.716,26.763,31.943
381.347,160.619,26.193,31.262
374.141,162.266,26.772,31.954
371.328,165.866,27.364,32.661
370.903,165.628,27.970,33.383
373.411,166.798,27.373,32.671
392.342,199.147,27.979,33.394
393.429,194.198,27.979,33.394
381.279,166.983,27.382,32.682
383.760,165.448,27.382,32.682
385.532,164.148,27.382,32.682
385.650,163.558,27.382,32.682
386.713,163.440,27.382,32.682
385.177,166.156,27.382,32.682
381.043,171.472,27.382,32.682
381.397,171.826,27.382,32.682
388.839,170.763,27.382,32.682
387.304,176.079,27.382,32.682
382.711,177.800,27.988,33.405
380.272,179.811,28.607,34.144
378.803,184.170,29.240,34.900
379.134,185.486,29.887,35.672
379.521,184.325,29.887,35.672
382.201,182.096,29.250,34.911
386.112,180.456,29.250,34.911
388.257,179.825,29.250,34.911
387.541,177.999,29.897,35.684
389.218,175.806,29.897,35.684
388.057,175.161,29.897,35.684
389.476,174.001,29.897,35.684
387.681,179.975,29.259,34.923
384.952,181.929,28.636,34.178
387.793,181.064,28.636,34.178
388.905,183.658,28.636,34.178
378.158,186.005,28.636,34.178
376.058,187.611,28.636,34.178
373.625,188.809,28.025,33.449
374.229,188.446,28.025,33.449
376.043,187.987,27.427,32.736
375.309,189.819,26.842,32.038
373.474,190.495,26.270,31.354
375.174,190.502,25.710,30.686
374.059,192.005,25.161,30.031
375.269,191.802,24.625,29.391
373.586,193.242,24.100,28.764
378.753,194.250,23.586,28.151
371.061,194.060,23.083,27.550
368.843,193.858,23.594,28.160
367.723,194.164,23.594,28.160
367.011,195.080,23.594,28.160
366.222,194.874,24.116,28.783
366.063,193.800,24.649,29.420
371.699,193.906,24.649,29.420
370.742,194.438,24.649,29.420
366.187,193.829,24.123,28.792
361.730,195.841,23.609,28.178
362.473,194.669,23.106,27.578
365.164,193.573,23.106,27.578
369.051,194.470,23.106,27.578
369.151,194.171,23.106,27.578
370.447,193.473,23.106,27.578
370.708,192.651,23.617,28.188
368.569,192.142,23.617,28.188
367.448,193.262,23.617,28.188
366.031,194.643,23.113,27.587
362.914,194.457,22.620,26.998
362.308,193.146,22.138,26.423
360.795,192.599,21.666,25.859
364.067,192.132,21.666,25.859
363.667,191.597,21.204,25.308
362.112,191.505,21.204,25.308
359.958,192.392,20.752,24.768
360.943,191.765,20.752,24.768
360.042,191.426,20.309,24.240
361.707,190.111,20.309,24.240
357.589,189.323,20.309,24.240
356.625,188.710,20.309,24.240
356.012,187.921,20.309,24.240
354.348,188.009,20.309,24.240
361.794,191.776,20.309,24.240
356.801,184.504,20.309,24.240
357.063,183.190,20.309,24.240
354.348,183.453,20.309,24.240
356.012,182.840,20.309,24.240
356.976,181.876,20.309,24.240
356.888,181.263,20.309,24.240
356.450,180.299,20.309,24.240
359.867,176.707,20.309,24.240
357.677,172.414,20.309,24.240
357.063,171.626,20.309,24.240
356.100,172.064,20.309,24.240
356.538,171.275,20.309,24.240
356.100,173.115,20.309,24.240
354.260,172.152,20.309,24.240
347.164,169.611,20.309,24.240
347.251,173.378,20.309,24.240
340.505,168.735,20.309,24.240
336.913,170.049,20.309,24.240
335.424,172.590,20.309,24.240
330.781,168.297,20.309,24.240
340.155,166.807,20.309,24.240
339.892,163.215,20.309,24.240
339.279,156.820,20.309,24.240
339.016,156.031,20.309,24.240
338.753,155.243,20.309,24.240
339.542,167.070,20.309,24.240
339.980,165.055,20.309,24.240
329.204,188.447,20.309,24.240
333.321,197.295,20.309,24.240
339.191,202.289,20.309,24.240
339.805,203.428,20.309,24.240
346.550,197.733,20.309,24.240
346.988,190.987,20.309,24.240
355.311,190.725,20.309,24.240
345.587,189.761,20.309,24.240
344.798,186.870,20.309,24.240
340.505,174.692,20.309,24.240
339.892,171.626,20.309,24.240
339.279,171.188,20.309,24.240
340.243,170.750,20.309,24.240
339.279,175.218,20.309,24.240
339.892,174.605,20.309,24.240
339.104,175.043,20.309,24.240
339.892,173.904,20.309,24.240
339.279,172.940,20.309,24.240
339.892,174.780,20.309,24.240
339.279,175.393,20.309,24.240
339.892,175.831,20.309,24.240
340.505,179.073,20.309,24.240
360.217,169.523,20.309,24.240
360.305,169.260,20.309,24.240
360.944,169.772,19.876,23.723
360.908,168.455,19.452,23.217
360.387,168.298,19.037,22.722
361.303,167.986,18.631,22.237
361.734,166.906,18.234,21.763
361.397,166.456,17.845,21.299
361.365,166.312,17.465,20.845
361.188,166.026,17.092,20.400
361.704,165.805,17.092,20.400
361.247,165.809,16.728,19.965
360.598,165.016,16.728,19.965
359.804,164.078,16.728,19.965
358.939,162.691,16.371,19.539
360.407,161.878,16.022,19.123
361.843,161.349,15.680,18.715
361.505,160.199,15.680,18.715
361.477,159.160,15.346,18.316
360.811,160.057,15.018,17.925
361.250,160.061,15.351,18.322
361.316,160.392,15.351,18.322
361.515,159.531,15.351,18.322
360.338,159.024,15.023,17.931
360.311,157.404,14.703,17.549
358.852,154.423,14.703,17.549
358.948,155.405,14.389,17.175
358.637,154.225,14.389,17.175
359.927,152.075,14.083,16.808
358.530,151.285,14.083,16.808
366.853,148.552,14.083,16.808
366.063,147.762,14.083,16.808
363.575,148.017,14.394,17.180
362.063,146.732,14.713,17.560
362.098,145.286,15.038,17.949
360.995,143.924,15.038,17.949
360.541,143.081,15.038,17.949
361.115,141.065,15.371,18.346
361.049,140.734,15.371,18.346
361.645,139.341,15.371,18.346
361.447,137.418,15.371,18.346
361.513,136.158,15.371,18.346
360.846,134.756,15.043,17.955
361.560,133.134,15.043,17.955
360.586,131.901,15.043,17.955
361.170,130.538,15.043,17.955
361.625,129.046,15.043,17.955
362.079,128.462,15.043,17.955
361.365,128.007,15.043,17.955
361.430,126.515,15.043,17.955
361.495,125.412,15.043,17.955
360.992,124.068,15.376,18.352
361.323,124.400,15.376,18.352
361.655,123.405,15.376,18.352
362.517,122.543,15.376,18.352
362.234,122.803,15.048,17.961
361.260,122.867,15.048,17.961
362.239,123.544,15.381,18.358
362.438,121.753,15.381,18.358
363.433,120.625,15.381,18.358
363.234,118.303,15.381,18.358
362.504,115.848,15.381,18.358
360.314,111.800,15.381,18.358
358.880,110.653,15.053,17.966
360.128,108.905,15.386,18.364
359.663,105.918,15.386,18.364
360.128,103.197,15.386,18.364
359.200,98.380,15.726,18.770
361.003,92.237,15.391,18.370
363.061,91.640,15.391,18.370
362.198,90.644,15.391,18.370
361.733,87.789,15.391,18.370
365.076,83.935,15.732,18.776
368.841,80.538,15.396,18.376
365.719,76.885,15.396,18.376
366.583,75.224,15.396,18.376
371.167,70.129,15.737,18.783
375.712,62.385,16.085,19.198
372.728,60.928,16.085,19.198
375.107,53.709,15.742,18.789
379.792,48.208,15.742,18.789
382.712,43.115,15.742,18.789
385.497,38.973,15.742,18.789
388.610,37.013,15.406,18.388
405.877,26.255,15.078,17.996
404.511,23.459,15.078,17.996
411.211,19.881,15.078,17.996
419.861,17.475,15.078,17.996
418.547,14.509,15.411,18.394
436.793,20.444,15.752,18.801
435.638,17.794,15.752,18.801
435.298,17.454,15.752,18.801
436.317,17.930,15.752,18.801
435.842,17.047,15.752,18.801
438.628,13.581,15.752,18.801
439.103,13.513,15.752,18.801
440.259,12.766,15.752,18.801
439.511,11.339,15.752,18.801
438.492,12.766,15.752,18.801
437.744,12.834,15.752,18.801
438.220,12.902,15.752,18.801
437.337,12.970,15.752,18.801
437.948,12.766,15.752,18.801
438.424,12.290,15.752,18.801
437.676,13.037,15.752,18.801
437.609,12.290,15.752,18.801
437.676,12.494,15.752,18.801
437.473,12.562,15.752,18.801
437.133,12.766,15.752,18.801
436.249,11.746,15.752,18.801
436.453,11.135,15.752,18.801
436.114,12.426,15.752,18.801
436.725,13.037,15.752,18.801
436.249,12.426,15.752,18.801
435.774,12.902,15.752,18.801
436.793,12.290,15.752,18.801
436.589,12.902,15.752,18.801
435.570,15.280,15.752,18.801
434.958,16.027,15.752,18.801
436.249,15.552,15.752,18.801
435.018,16.260,16.101,19.217
434.254,16.885,16.101,19.217
435.851,15.843,16.101,19.217
433.003,18.691,16.101,19.217
431.267,19.038,16.101,19.217
431.475,18.552,16.101,19.217
431.823,20.011,16.101,19.217
432.726,20.497,16.101,19.217
433.073,22.094,16.101,19.217
434.532,20.914,16.101,19.217
432.656,25.984,16.101,19.217
432.448,24.248,16.101,19.217
432.934,26.262,16.101,19.217
429.947,29.804,16.101,19.217
430.573,30.985,16.101,19.217
430.781,32.582,16.101,19.217
431.823,30.151,16.101,19.217
432.448,31.749,16.101,19.217
429.600,37.375,16.101,19.217
431.614,36.750,16.101,19.217
430.067,39.203,16.457,19.642
431.274,41.262,16.457,19.642
430.919,41.617,16.457,19.642
431.842,42.682,16.457,19.642
432.765,40.339,16.457,19.642
433.262,43.534,16.457,19.642
432.907,46.586,16.457,19.642
432.126,47.651,16.457,19.642
432.765,48.858,16.457,19.642
431.842,52.763,16.457,19.642
430.493,56.099,16.457,19.642
431.274,56.738,16.457,19.642
430.576,59.393,16.821,20.077
429.633,62.514,16.821,20.077
430.275,63.722,17.193,20.521
428.866,67.653,17.193,20.521
430.275,70.990,17.193,20.521
430.244,73.997,16.827,20.083
429.010,76.973,16.827,20.083
431.696,79.659,16.827,20.083
433.091,82.826,17.199,20.528
433.610,84.977,17.199,20.528
453.972,94.218,17.579,20.982
454.671,98.170,17.205,20.534
452.208,101.608,16.838,20.097
450.102,104.440,16.838,20.097
448.936,107.911,17.210,20.541
447.971,111.103,17.210,20.541
447.081,111.250,16.843,20.103
446.070,112.515,16.484,19.674
444.292,107.040,16.484,19.674
443.652,108.818,16.484,19.674
462.128,121.296,16.132,19.255
463.172,122.776,15.788,18.844
462.831,124.887,15.788,18.844
443.931,120.651,16.138,19.261
444.140,124.201,16.138,19.261
443.456,127.238,16.495,19.687
459.466,137.129,16.495,19.687
462.383,139.335,16.495,19.687
465.234,139.339,16.143,19.267
468.228,142.751,16.143,19.267
457.852,146.860,16.143,19.267
460.568,148.043,16.143,19.267
463.423,147.834,16.143,19.267
465.721,147.068,16.143,19.267
460.498,146.163,16.143,19.267
464.328,144.701,16.143,19.267
471.223,143.238,16.143,19.267
476.585,144.144,16.143,19.267
482.114,145.014,16.500,19.694
487.618,148.120,16.865,20.130
492.346,152.267,16.865,20.130
497.657,157.432,16.865,20.130
517.083,154.595,16.865,20.130
520.793,153.503,16.865,20.130
524.456,154.866,17.238,20.575
523.262,157.338,17.620,21.030
530.410,157.196,17.244,20.582
536.008,155.657,17.626,21.037
556.875,164.180,18.016,21.502
569.853,162.704,18.016,21.502
570.242,163.714,18.016,21.502
590.992,150.269,18.016,21.502
612.321,159.465,18.414,21.978
625.586,162.086,18.414,21.978
646.795,162.166,18.414,21.978
663.238,165.264,18.414,21.978
664.930,169.388,18.822,22.464
681.654,184.218,19.238,22.961
696.343,187.289,19.238,22.961
702.760,188.671,19.664,23.470
705.898,193.167,19.664,23.470
706.492,194.778,19.664,23.470
706.068,194.015,19.664,23.470
706.492,193.421,19.664,23.470
706.237,192.318,19.664,23.470
706.153,193.251,19.664,23.470
706.407,194.693,19.664,23.470
705.644,195.966,19.664,23.470
704.541,189.604,19.664,23.470
702.760,191.555,19.664,23.470
704.202,179.425,19.664,23.470
699.197,185.108,19.664,23.470
706.284,185.993,20.099,23.989
707.238,209.142,20.099,23.989
711.139,207.495,20.099,23.989
