250.000,168.000,106.000,105.000
247.093,173.400,106.000,105.000
238.370,184.614,106.000,105.000
221.341,200.813,106.000,105.000
215.110,214.520,106.000,105.000
220.510,209.951,106.000,105.000
219.264,201.228,106.000,105.000
216.356,201.644,106.000,105.000
183.726,215.565,108.345,107.323
151.885,247.405,108.345,107.323
218.078,251.063,110.742,109.698
246.283,223.725,110.742,109.698
228.492,208.537,110.742,109.698
218.511,202.896,110.742,109.698
208.531,202.462,110.742,109.698
193.343,208.104,110.742,109.698
194.645,217.216,110.742,109.698
202.890,211.575,110.742,109.698
219.813,182.501,110.742,109.698
216.776,150.824,110.742,109.698
199.852,141.711,110.742,109.698
205.493,158.635,110.742,109.698
232.831,188.576,110.742,109.698
258.434,221.989,110.742,109.698
271.886,240.649,110.742,109.698
259.301,242.818,110.742,109.698
244.982,247.592,110.742,109.698
238.473,249.761,110.742,109.698
232.831,241.517,110.742,109.698
226.322,226.329,110.742,109.698
226.756,216.348,110.742,109.698
232.397,208.971,110.742,109.698
242.378,197.255,110.742,109.698
241.076,174.256,110.742,109.698
229.360,155.597,110.742,109.698
222.851,133.467,110.742,109.698
229.360,121.750,110.742,109.698
247.151,128.259,110.742,109.698
254.528,130.429,110.742,109.698
257.566,139.542,110.742,109.698
265.811,173.823,110.742,109.698
268.848,211.575,110.742,109.698
274.489,231.102,110.742,109.698
277.527,236.743,110.742,109.698
272.753,234.574,110.742,109.698
265.377,222.857,110.742,109.698
264.943,213.745,110.742,109.698
267.112,200.293,110.742,109.698
269.282,168.615,110.742,109.698
270.584,162.974,110.742,109.698
271.886,180.766,110.742,109.698
267.112,183.803,110.742,109.698
266.678,179.898,110.742,109.698
268.848,181.199,110.742,109.698
275.357,185.105,110.742,109.698
283.602,197.689,110.742,109.698
280.564,210.273,110.742,109.698
260.169,212.443,110.742,109.698
225.888,209.405,110.742,109.698
202.890,208.103,110.742,109.698
207.663,206.802,110.742,109.698
230.662,208.971,110.742,109.698
266.678,211.141,110.742,109.698
307.034,213.311,110.742,109.698
332.637,217.216,110.742,109.698
330.467,220.254,110.742,109.698
317.883,212.009,110.742,109.698
296.620,191.614,110.742,109.698
264.075,168.615,110.742,109.698
244.548,157.767,110.742,109.698
244.114,168.615,110.742,109.698
251.491,184.671,110.742,109.698
257.132,198.991,110.742,109.698
272.320,211.575,110.742,109.698
296.186,222.423,110.742,109.698
311.374,231.536,110.742,109.698
307.468,241.516,110.742,109.698
300.091,248.026,110.742,109.698
289.243,246.724,110.742,109.698
264.509,235.875,110.742,109.698
232.831,227.631,110.742,109.698
215.040,228.932,110.742,109.698
212.870,233.706,110.742,109.698
220.247,230.668,110.742,109.698
237.171,211.141,110.742,109.698
253.226,183.803,110.742,109.698
265.811,155.597,110.742,109.698
297.488,142.145,110.742,109.698
320.486,145.183,110.742,109.698
328.731,153.428,110.742,109.698
327.429,169.483,110.742,109.698
316.581,179.464,110.742,109.698
295.318,191.180,110.742,109.698
269.716,208.103,110.742,109.698
251.057,225.027,110.742,109.698
237.605,227.197,110.742,109.698
225.021,215.480,110.742,109.698
215.040,205.500,110.742,109.698
207.663,201.594,110.742,109.698
214.172,195.085,110.742,109.698
231.964,178.162,110.742,109.698
247.151,166.446,110.742,109.698
262.339,171.219,110.742,109.698
279.263,187.275,110.742,109.698
297.922,212.009,110.742,109.698
307.034,221.989,110.742,109.698
296.186,206.802,110.742,109.698
261.905,190.746,110.742,109.698
213.738,195.519,110.742,109.698
177.847,207.362,113.193,112.125
165.872,228.208,113.193,112.125
166.315,234.861,113.193,112.125
177.404,218.450,113.193,112.125
200.024,190.507,113.193,112.125
224.418,171.435,113.193,112.125
233.733,173.653,113.193,112.125
229.741,190.064,113.193,112.125
225.749,203.814,113.193,112.125
223.531,201.596,113.193,112.125
231.072,193.169,113.193,112.125
239.499,194.499,113.193,112.125
237.281,203.814,113.193,112.125
224.418,217.563,113.193,112.125
210.669,220.668,113.193,112.125
204.016,206.918,113.193,112.125
200.024,191.395,113.193,112.125
196.032,188.290,113.193,112.125
200.024,201.152,113.193,112.125
208.451,224.660,113.193,112.125
208.895,249.054,113.193,112.125
203.129,247.724,113.193,112.125
200.911,222.442,113.193,112.125
203.129,198.935,113.193,112.125
194.701,180.750,113.193,112.125
174.742,171.435,113.193,112.125
164.541,181.637,113.193,112.125
171.194,193.612,113.193,112.125
184.944,200.265,113.193,112.125
203.129,201.596,113.193,112.125
225.749,206.475,113.193,112.125
251.031,221.112,113.193,112.125
276.312,235.748,113.193,112.125
296.271,239.740,113.193,112.125
287.844,233.974,113.193,112.125
253.692,223.773,113.193,112.125
207.121,215.346,113.193,112.125
172.081,214.015,113.193,112.125
140.590,219.781,113.193,112.125
109.986,221.999,113.193,112.125
117.526,211.797,113.193,112.125
171.194,197.161,113.193,112.125
216.878,190.508,113.193,112.125
228.854,183.854,113.193,112.125
229.297,186.072,113.193,112.125
235.950,196.273,113.193,112.125
242.603,208.249,113.193,112.125
233.289,214.015,113.193,112.125
200.024,216.233,113.193,112.125
173.855,220.224,113.193,112.125
178.734,222.442,113.193,112.125
213.774,216.676,113.193,112.125
263.006,210.023,113.193,112.125
277.643,211.354,113.193,112.125
270.990,213.571,113.193,112.125
259.901,203.370,113.193,112.125
254.135,194.943,113.193,112.125
248.369,189.177,113.193,112.125
254.135,184.298,113.193,112.125
266.998,190.064,113.193,112.125
275.425,198.491,113.193,112.125
266.998,200.709,113.193,112.125
241.716,206.475,113.193,112.125
207.564,226.434,113.193,112.125
188.492,241.958,113.193,112.125
177.404,245.062,113.193,112.125
182.282,242.845,113.193,112.125
203.129,237.079,113.193,112.125
209.782,233.087,113.193,112.125
195.145,229.982,113.193,112.125
176.073,225.103,113.193,112.125
172.968,219.337,113.193,112.125
193.814,215.346,113.193,112.125
240.386,211.354,113.193,112.125
277.199,198.491,113.193,112.125
279.417,191.838,113.193,112.125
248.813,187.846,113.193,112.125
214.661,179.419,113.193,112.125
198.250,178.088,113.193,112.125
180.952,181.193,113.193,112.125
169.863,184.298,113.193,112.125
174.742,186.516,113.193,112.125
209.782,189.620,113.193,112.125
269.659,192.725,113.193,112.125
293.167,189.620,113.193,112.125
291.836,187.403,113.193,112.125
276.312,191.395,113.193,112.125
255.466,195.386,113.193,112.125
234.620,204.701,113.193,112.125
212.887,209.580,113.193,112.125
177.847,200.265,113.193,112.125
146.356,185.629,113.193,112.125
141.477,182.524,113.193,112.125
160.549,183.854,113.193,112.125
185.831,189.620,113.193,112.125
195.145,191.838,113.193,112.125
190.266,186.072,113.193,112.125
196.032,176.758,113.193,112.125
205.346,167.444,113.193,112.125
214.661,168.774,113.193,112.125
216.878,178.088,113.193,112.125
208.451,189.177,113.193,112.125
201.798,204.701,113.193,112.125
212.887,226.434,113.193,112.125
223.088,245.506,113.193,112.125
211.112,247.724,113.193,112.125
192.040,238.409,113.193,112.125
182.726,211.354,113.193,112.125
180.508,174.540,113.193,112.125
189.823,154.581,113.193,112.125
202.685,156.799,113.193,112.125
219.983,167.887,113.193,112.125
238.168,182.524,113.193,112.125
243.047,182.967,113.193,112.125
233.733,183.411,113.193,112.125
212.887,190.064,113.193,112.125
191.153,198.491,113.193,112.125
184.500,207.805,113.193,112.125
189.379,211.797,113.193,112.125
186.274,205.144,113.193,112.125
185.831,183.411,113.193,112.125
198.693,162.565,113.193,112.125
232.846,157.686,113.193,112.125
269.659,164.339,113.193,112.125
292.280,183.411,113.193,112.125
297.158,204.257,113.193,112.125
294.941,216.233,113.193,112.125
297.158,219.337,113.193,112.125
300.263,216.233,113.193,112.125
290.062,220.225,113.193,112.125
264.780,224.216,113.193,112.125
239.499,224.660,113.193,112.125
231.959,231.313,113.193,112.125
219.983,237.079,113.193,112.125
207.121,226.878,113.193,112.125
208.451,212.241,113.193,112.125
213.330,202.927,113.193,112.125
219.983,198.935,113.193,112.125
234.620,197.604,113.193,112.125
251.031,190.064,113.193,112.125
256.797,174.540,113.193,112.125
260.788,162.565,113.193,112.125
272.764,175.427,113.193,112.125
282.965,213.128,113.193,112.125
276.312,245.506,113.193,112.125
261.676,252.159,113.193,112.125
253.248,230.426,113.193,112.125
248.369,191.838,113.193,112.125
241.716,162.121,113.193,112.125
236.838,153.694,113.193,112.125
224.862,159.460,113.193,112.125
207.564,166.113,113.193,112.125
215.104,163.895,113.193,112.125
243.047,154.581,113.193,112.125
263.893,141.718,113.193,112.125
278.530,136.840,113.193,112.125
276.312,151.476,113.193,112.125
259.014,168.774,113.193,112.125
242.603,179.863,113.193,112.125
236.837,182.080,113.193,112.125
239.942,179.863,113.193,112.125
246.595,182.080,113.193,112.125
238.168,193.169,113.193,112.125
209.338,203.370,113.193,112.125
200.911,205.588,113.193,112.125
209.338,197.161,113.193,112.125
226.636,182.524,113.193,112.125
237.725,178.532,113.193,112.125
240.829,186.072,113.193,112.125
239.044,197.100,110.779,109.734
237.742,200.139,110.779,109.734
229.494,204.046,110.779,109.734
212.565,215.766,110.779,109.734
208.658,230.090,110.779,109.734
216.906,233.997,110.779,109.734
221.681,228.354,110.779,109.734
216.038,221.843,110.779,109.734
212.999,219.672,110.779,109.734
222.115,211.425,110.779,109.734
248.593,186.682,110.779,109.734
274.204,162.808,110.779,109.734
279.847,157.165,110.779,109.734
279.413,165.413,110.779,109.734
274.638,188.419,110.779,109.734
268.127,213.161,110.779,109.734
261.616,222.277,110.779,109.734
242.082,219.238,110.779,109.734
219.944,221.409,110.779,109.734
216.038,233.129,110.779,109.734
226.021,243.113,110.779,109.734
236.005,239.206,110.779,109.734
239.044,221.409,110.779,109.734
239.478,205.348,110.779,109.734
257.275,204.046,110.779,109.734
287.226,208.820,110.779,109.734
300.683,206.650,110.779,109.734
294.172,199.271,110.779,109.734
280.715,196.232,110.779,109.734
270.731,206.216,110.779,109.734
265.088,221.409,110.779,109.734
256.841,233.129,110.779,109.734
252.934,236.167,110.779,109.734
261.182,230.524,110.779,109.734
265.957,221.409,110.779,109.734
261.182,213.161,110.779,109.734
257.275,205.782,110.779,109.734
255.105,202.743,110.779,109.734
259.880,199.705,110.779,109.734
268.173,194.599,108.416,107.394
269.448,186.527,108.416,107.394
271.572,193.749,108.416,107.394
278.794,208.618,108.416,107.394
286.865,220.938,108.416,107.394
290.689,224.761,108.416,107.394
278.369,225.186,108.416,107.394
248.207,232.408,108.416,107.394
226.541,232.833,108.416,107.394
214.221,219.663,108.416,107.394
202.751,192.900,108.416,107.394
203.176,168.685,108.416,107.394
211.247,158.914,108.416,107.394
224.417,167.835,108.416,107.394
239.285,176.757,108.416,107.394
245.658,178.881,108.416,107.394
252.880,182.704,108.416,107.394
266.049,200.122,108.416,107.394
283.467,224.337,108.416,107.394
292.403,247.183,106.104,105.103
286.722,245.499,103.842,102.862
278.177,217.423,103.842,102.862
268.004,200.740,103.842,102.862
249.694,193.009,103.842,102.862
226.501,197.485,103.842,102.862
218.770,215.795,103.842,102.862
228.129,226.782,103.842,102.862
243.998,223.120,103.842,102.862
264.749,225.968,103.842,102.862
275.735,230.444,103.842,102.862
276.956,240.616,103.842,102.862
273.294,253.230,103.842,102.862
271.260,258.520,103.842,102.862
272.480,255.671,103.842,102.862
273.701,248.754,103.842,102.862
275.735,239.395,103.842,102.862
277.770,230.851,103.842,102.862
271.666,232.071,103.842,102.862
262.308,238.989,103.842,102.862
254.577,241.023,103.842,102.862
252.542,232.478,103.842,102.862
253.763,220.678,103.842,102.862
250.915,215.389,103.842,102.862
245.625,219.051,103.842,102.862
250.101,223.527,103.842,102.862
261.087,227.189,103.842,102.862
277.770,219.458,103.842,102.862
291.197,205.216,103.842,102.862
293.232,192.602,103.842,102.862
287.942,188.940,103.842,102.862
284.735,199.058,101.627,100.668
280.355,206.624,101.627,100.668
264.028,209.411,101.627,100.668
241.330,201.845,101.627,100.668
225.799,193.482,101.627,100.668
222.215,197.066,101.627,100.668
228.985,216.579,101.627,100.668
250.887,257.596,101.627,100.668
276.771,277.905,101.627,100.668
297.877,263.171,101.627,100.668
315.000,241.269,101.627,100.668
314.602,229.720,101.627,100.668
299.071,219.765,101.627,100.668
276.373,228.127,101.627,100.668
248.896,237.286,101.627,100.668
225.401,235.295,101.627,100.668
244.913,232.508,101.627,100.668
285.930,234.499,101.627,100.668
311.814,233.304,101.627,100.668
330.170,229.388,99.460,98.522
339.913,230.557,99.460,98.522
346.538,237.183,99.460,98.522
350.825,236.793,99.460,98.522
351.215,229.388,99.460,98.522
341.472,232.896,99.460,98.522
317.699,249.654,99.460,98.522
299.382,260.956,99.460,98.522
295.874,255.110,99.460,98.522
304.838,243.808,99.460,98.522
316.140,239.521,99.460,98.522
331.099,251.465,97.339,96.421
348.263,260.238,97.339,96.421
358.561,249.939,97.339,96.421
343.686,223.622,97.339,96.421
310.503,186.624,97.339,96.421
288.762,165.646,97.339,96.421
283.803,172.131,97.339,96.421
282.659,190.057,97.339,96.421
272.361,211.798,97.339,96.421
250.620,231.250,97.339,96.421
230.405,240.022,97.339,96.421
220.107,241.930,97.339,96.421
222.014,244.599,97.339,96.421
231.550,247.269,97.339,96.421
245.662,238.497,97.339,96.421
252.146,208.365,97.339,96.421
242.611,181.285,97.339,96.421
235.364,171.749,97.339,96.421
228.117,178.996,97.339,96.421
210.953,193.108,97.339,96.421
195.315,205.695,97.339,96.421
189.594,208.365,97.339,96.421
185.398,212.561,97.339,96.421
179.677,226.673,97.339,96.421
183.873,234.683,97.339,96.421
204.851,235.827,97.339,96.421
236.508,230.869,97.339,96.421
268.165,222.096,97.339,96.421
295.246,216.375,97.339,96.421
311.647,224.385,97.339,96.421
310.503,239.260,97.339,96.421
290.288,245.744,97.339,96.421
245.662,233.157,97.339,96.421
213.242,216.756,97.339,96.421
188.450,215.612,97.339,96.421
180.440,225.910,97.339,96.421
207.520,229.343,97.339,96.421
230.024,219.045,97.339,96.421
245.662,200.355,97.339,96.421
263.589,193.871,97.339,96.421
290.669,195.778,97.339,96.421
321.564,202.262,97.339,96.421
334.150,206.458,97.339,96.421
327.666,204.551,97.339,96.421
305.163,197.304,97.339,96.421
266.640,182.429,97.339,96.421
238.034,159.925,97.339,96.421
249.095,146.576,97.339,96.421
279.989,141.617,97.339,96.421
295.627,131.319,97.339,96.421
302.111,119.495,97.339,96.421
304.018,127.505,97.339,96.421
305.424,156.841,95.263,94.364
308.037,194.542,95.263,94.364
308.410,226.271,95.263,94.364
306.907,231.235,93.232,92.352
305.081,218.449,93.232,92.352
298.870,205.662,93.232,92.352
293.391,195.068,93.232,92.352
290.103,176.437,93.232,92.352
290.468,146.846,93.232,92.352
289.372,102.642,93.232,92.352
308.003,81.818,93.232,92.352
326.635,99.719,93.232,92.352
334.307,138.809,93.232,92.352
322.982,169.861,93.232,92.352
305.081,186.300,93.232,92.352
293.025,204.201,93.232,92.352
283.162,219.179,93.232,92.352
275.490,229.043,93.232,92.352
269.279,233.792,93.232,92.352
274.759,238.541,93.232,92.352
282.431,237.445,93.232,92.352
289.372,226.851,93.232,92.352
295.583,214.795,93.232,92.352
307.638,200.548,93.232,92.352
316.771,192.145,93.232,92.352
322.251,193.241,93.232,92.352
335.037,200.913,93.232,92.352
334.672,218.814,93.232,92.352
318.963,238.907,93.232,92.352
298.140,257.538,93.232,92.352
278.047,265.940,93.232,92.352
267.453,263.383,93.232,92.352
261.242,260.826,93.232,92.352
246.264,238.541,93.232,92.352
239.323,203.105,93.232,92.352
262.338,183.012,93.232,92.352
281.700,176.802,93.232,92.352
295.217,182.282,93.232,92.352
310.195,198.721,93.232,92.352
326.635,215.891,93.232,92.352
341.613,235.253,93.232,92.352
347.824,257.538,93.232,92.352
343.805,265.940,93.232,92.352
328.827,268.497,93.232,92.352
299.891,273.355,91.243,90.383
258.775,275.858,91.243,90.383
221.234,271.925,91.243,90.383
215.871,257.267,91.243,90.383
224.095,230.452,91.243,90.383
225.882,204.352,91.243,90.383
240.541,191.123,91.243,90.383
268.786,186.476,91.243,90.383
297.746,187.548,91.243,90.383
313.120,189.336,91.243,90.383
319.913,194.699,91.243,90.383
324.561,206.497,91.243,90.383
327.778,221.156,91.243,90.383
318.840,235.100,91.243,90.383
286.305,236.172,91.243,90.383
245.904,233.670,91.243,90.383
204.073,235.457,91.243,90.383
184.409,233.670,91.243,90.383
196.922,234.742,91.243,90.383
234.768,237.429,89.298,88.455
252.613,234.980,89.298,88.455
258.562,229.731,89.298,88.455
284.805,230.781,89.298,88.455
347.438,223.433,89.298,88.455
370.882,215.385,89.298,88.455
354.436,207.337,89.298,88.455
284.901,212.665,87.393,86.569
214.015,222.595,87.393,86.569
168.470,224.993,87.393,86.569
164.703,219.856,87.393,86.569
192.441,197.597,87.393,86.569
220.864,172.599,87.393,86.569
223.261,164.722,87.393,86.569
226.343,175.338,87.393,86.569
236.274,203.076,87.393,86.569
242.095,232.184,87.393,86.569
238.329,253.073,87.393,86.569
244.150,267.113,87.393,86.569
252.026,270.880,87.393,86.569
242.780,262.319,87.393,86.569
225.316,258.552,87.393,86.569
229.083,271.907,87.393,86.569
256.821,288.002,87.393,86.569
276.340,291.084,87.393,86.569
276.682,277.729,87.393,86.569
275.655,257.525,87.393,86.569
284.216,210.610,87.393,86.569
277.710,165.065,87.393,86.569
258.190,155.819,87.393,86.569
242.095,166.435,87.393,86.569
235.589,189.378,87.393,86.569
230.452,226.020,87.393,86.569
228.740,251.018,87.393,86.569
237.301,260.949,87.393,86.569
246.547,254.443,87.393,86.569
250.999,241.087,87.393,86.569
249.972,233.211,87.393,86.569
263.327,231.499,87.393,86.569
282.846,222.938,87.393,86.569
285.928,209.583,87.393,86.569
274.628,196.912,87.393,86.569
282.504,187.666,87.393,86.569
297.914,185.954,87.393,86.569
300.311,204.788,87.393,86.569
284.777,234.741,89.327,88.484
275.327,258.192,89.327,88.484
288.278,266.242,89.327,88.484
292.828,260.992,89.327,88.484
280.577,247.341,89.327,88.484
273.227,239.991,89.327,88.484
277.077,241.041,89.327,88.484
277.427,237.891,89.327,88.484
270.777,231.240,89.327,88.484
263.426,223.190,89.327,88.484
258.876,223.540,89.327,88.484
251.714,227.282,91.303,90.442
242.770,229.786,91.303,90.442
241.697,225.851,91.303,90.442
267.814,219.769,91.303,90.442
289.637,223.704,91.303,90.442
280.693,233.364,91.303,90.442
260.301,240.877,91.303,90.442
257.796,241.235,91.303,90.442
264.594,230.860,91.303,90.442
270.676,218.338,91.303,90.442
271.749,215.118,91.303,90.442
275.684,219.769,91.303,90.442
283.913,223.704,91.303,90.442
282.840,225.493,91.303,90.442
275.327,223.704,91.303,90.442
275.684,219.053,91.303,90.442
278.189,222.989,91.303,90.442
279.978,231.217,91.303,90.442
272.465,245.886,91.303,90.442
268.529,249.821,91.303,90.442
276.042,240.877,91.303,90.442
288.564,225.493,91.303,90.442
286.775,220.842,91.303,90.442
278.547,229.786,91.303,90.442
270.318,240.162,91.303,90.442
269.245,236.226,91.303,90.442
272.465,217.980,91.303,90.442
275.684,208.320,91.303,90.442
278.904,215.118,91.303,90.442
277.831,229.071,91.303,90.442
272.465,238.731,91.303,90.442
266.383,240.519,91.303,90.442
268.887,235.868,91.303,90.442
271.391,230.502,91.303,90.442
263.878,233.006,91.303,90.442
254.219,243.381,91.303,90.442
252.430,253.041,91.303,90.442
253.503,251.252,91.303,90.442
255.292,243.024,91.303,90.442
254.934,237.657,91.303,90.442
252.430,245.170,91.303,90.442
253.503,256.261,91.303,90.442
255.292,261.627,91.303,90.442
256.365,264.847,91.303,90.442
254.576,264.490,91.303,90.442
252.072,259.839,91.303,90.442
245.990,251.610,91.303,90.442
243.486,247.675,91.303,90.442
245.990,234.437,91.303,90.442
244.917,224.778,91.303,90.442
243.843,223.704,91.303,90.442
246.348,226.209,91.303,90.442
250.999,222.989,91.303,90.442
254.219,214.045,91.303,90.442
257.438,210.825,91.303,90.442
257.081,220.485,91.303,90.442
258.869,235.868,91.303,90.442
259.943,244.097,91.303,90.442
257.438,241.593,91.303,90.442
257.796,234.080,91.303,90.442
267.456,225.851,91.303,90.442
269.960,228.355,91.303,90.442
266.740,237.299,91.303,90.442
257.796,240.519,91.303,90.442
254.576,240.162,91.303,90.442
257.081,231.217,91.303,90.442
256.007,225.135,91.303,90.442
246.348,236.942,91.303,90.442
240.981,251.610,91.303,90.442
242.055,255.546,91.303,90.442
255.292,254.472,91.303,90.442
273.538,245.528,91.303,90.442
282.482,233.006,91.303,90.442
266.383,236.942,91.303,90.442
248.137,248.748,91.303,90.442
267.814,256.977,91.303,90.442
286.060,251.610,91.303,90.442
281.409,236.942,91.303,90.442
259.984,226.662,93.323,92.443
243.528,229.221,93.323,92.443
238.774,231.050,93.323,92.443
242.065,229.953,93.323,92.443
243.162,227.393,93.323,92.443
237.677,227.759,93.323,92.443
235.849,228.856,93.323,92.443
242.797,234.341,93.323,92.443
243.894,244.214,93.323,92.443
259.618,251.162,93.323,92.443
310.448,251.528,93.323,92.443
318.858,243.849,93.323,92.443
292.895,243.483,93.323,92.443
242.065,258.476,93.323,92.443
221.222,269.812,93.323,92.443
227.438,271.640,93.323,92.443
251.207,264.692,93.323,92.443
259.618,259.207,93.323,92.443
246.819,261.036,93.323,92.443
230.364,262.133,93.323,92.443
219.027,262.498,93.323,92.443
227.438,265.790,93.323,92.443
243.162,266.155,93.323,92.443
248.648,260.670,93.323,92.443
246.819,252.991,93.323,92.443
239.140,250.431,93.323,92.443
238.774,245.677,93.323,92.443
247.185,237.266,93.323,92.443
251.207,228.856,93.323,92.443
247.916,224.102,93.323,92.443
247.550,216.423,93.323,92.443
251.573,213.132,93.323,92.443
253.401,222.274,93.323,92.443
244.991,253.356,93.323,92.443
233.655,282.977,93.323,92.443
231.095,284.074,93.323,92.443
238.774,264.693,93.323,92.443
246.453,245.311,93.323,92.443
254.864,228.124,93.323,92.443
261.146,212.544,91.333,90.472
256.494,197.871,91.333,90.472
250.410,182.482,91.333,90.472
252.199,167.809,91.333,90.472
257.567,158.146,91.333,90.472
264.367,165.662,91.333,90.472
271.883,182.482,91.333,90.472
276.535,210.755,91.333,90.472
279.040,238.312,91.333,90.472
280.830,235.807,91.333,90.472
276.893,213.976,91.333,90.472
275.819,199.303,91.333,90.472
293.356,196.082,91.333,90.472
313.755,203.597,91.333,90.472
319.123,213.976,91.333,90.472
308.744,218.628,91.333,90.472
295.503,221.849,91.333,90.472
295.145,226.502,91.333,90.472
300.513,244.754,91.333,90.472
309.460,270.879,91.333,90.472
316.260,276.963,91.333,90.472
309.460,269.448,91.333,90.472
296.934,251.911,91.333,90.472
292.998,227.933,91.333,90.472
290.492,206.818,91.333,90.472
288.703,199.303,91.333,90.472
289.061,207.534,91.333,90.472
298.008,220.776,91.333,90.472
309.818,226.860,91.333,90.472
313.207,233.688,89.385,88.542
307.953,240.343,89.385,88.542
301.999,249.800,89.385,88.542
297.445,250.150,89.385,88.542
294.994,242.795,89.385,88.542
294.643,228.435,89.385,88.542
297.095,213.374,89.385,88.542
300.948,204.618,89.385,88.542
299.897,198.663,89.385,88.542
303.750,199.714,89.385,88.542
311.105,206.369,89.385,88.542
328.267,221.430,89.385,88.542
332.821,239.993,89.385,88.542
314.257,253.653,89.385,88.542
283.786,256.104,89.385,88.542
263.121,250.150,89.385,88.542
246.659,244.896,89.385,88.542
232.299,224.232,89.385,88.542
229.847,194.460,89.385,88.542
246.667,178.187,87.479,86.654
267.577,184.700,87.479,86.654
278.888,198.754,87.479,86.654
281.973,207.324,87.479,86.654
286.429,210.409,87.479,86.654
292.257,213.494,87.479,86.654
295.342,215.208,87.479,86.654
296.370,217.607,87.479,86.654
293.971,220.007,87.479,86.654
