228.000,236.000,80.000,64.000
230.547,235.151,80.000,64.000
233.094,236.000,80.000,64.000
234.510,244.774,80.000,64.000
233.094,252.982,80.000,64.000
228.283,255.529,80.000,64.000
228.000,247.321,80.000,64.000
228.849,231.755,80.000,64.000
226.868,227.509,80.000,64.000
225.102,240.015,81.770,65.416
222.498,260.555,81.770,65.416
221.631,265.472,81.770,65.416
225.970,250.140,81.770,65.416
230.888,227.865,81.770,65.416
232.334,218.318,81.770,65.416
234.359,230.758,81.770,65.416
242.749,240.304,81.770,65.416
252.295,231.915,81.770,65.416
249.890,214.684,83.579,66.863
234.218,209.066,83.579,66.863
208.493,215.275,83.579,66.863
185.134,227.398,83.579,66.863
198.440,237.156,83.579,66.863
230.670,244.548,83.579,66.863
236.288,248.392,83.579,66.863
215.294,247.505,83.579,66.863
191.343,241.296,83.579,66.863
170.941,235.086,83.579,66.863
165.914,237.748,83.579,66.863
181.586,241.000,83.579,66.863
201.988,234.791,83.579,66.863
204.058,222.076,83.579,66.863
196.074,217.049,83.579,66.863
195.187,225.624,83.579,66.863
206.128,225.920,83.579,66.863
215.886,220.302,83.579,66.863
213.816,214.684,83.579,66.863
207.015,222.076,83.579,66.863
207.011,243.117,85.428,68.343
213.357,267.598,85.428,68.343
217.286,270.318,85.428,68.343
207.917,262.158,85.428,68.343
193.108,261.856,85.428,68.343
183.134,269.412,85.428,68.343
182.228,273.945,85.428,68.343
196.433,274.852,85.428,68.343
210.637,278.176,85.428,68.343
216.984,283.919,85.428,68.343
217.287,277.572,85.428,68.343
218.798,259.740,85.428,68.343
230.585,241.909,85.428,68.343
246.603,239.188,85.428,68.343
261.023,250.034,87.318,69.855
257.007,255.904,87.318,69.855
233.220,249.416,87.318,69.855
210.051,238.604,87.318,69.855
200.475,232.735,87.318,69.855
205.726,236.133,87.318,69.855
214.685,243.856,87.318,69.855
227.351,247.872,87.318,69.855
236.309,237.060,87.318,69.855
237.854,223.158,87.318,69.855
232.602,221.614,87.318,69.855
239.089,221.305,87.318,69.855
256.698,216.671,87.318,69.855
276.777,213.273,87.318,69.855
283.265,219.143,87.318,69.855
279.249,236.133,87.318,69.855
264.730,246.945,87.318,69.855
255.153,244.783,87.318,69.855
262.876,232.117,87.318,69.855
270.599,222.541,87.318,69.855
274.615,221.614,87.318,69.855
278.013,207.713,87.318,69.855
265.188,184.184,89.250,71.400
241.507,171.238,89.250,71.400
216.562,168.396,89.250,71.400
203.617,168.081,89.250,71.400
208.984,168.396,89.250,71.400
219.404,161.766,89.250,71.400
224.141,154.503,89.250,71.400
229.508,166.186,89.250,71.400
230.456,182.921,89.250,71.400
223.825,196.498,89.250,71.400
220.351,205.655,89.250,71.400
208.669,202.814,89.250,71.400
191.302,193.657,89.250,71.400
185.303,182.605,89.250,71.400
197.617,164.607,89.250,71.400
218.773,169.975,89.250,71.400
241.191,202.498,89.250,71.400
248.454,231.863,89.250,71.400
244.349,245.440,89.250,71.400
236.455,239.441,89.250,71.400
228.561,222.074,89.250,71.400
224.456,209.129,89.250,71.400
226.035,209.444,89.250,71.400
230.771,211.023,89.250,71.400
239.928,206.918,89.250,71.400
241.507,195.235,89.250,71.400
229.193,193.657,89.250,71.400
217.510,204.708,89.250,71.400
222.877,219.548,89.250,71.400
253.506,223.653,89.250,71.400
285.397,214.496,89.250,71.400
281.923,205.971,89.250,71.400
256.347,208.181,89.250,71.400
231.403,218.601,89.250,71.400
217.825,218.917,89.250,71.400
214.984,205.971,89.250,71.400
212.773,193.657,89.250,71.400
218.141,198.393,89.250,71.400
220.351,209.444,89.250,71.400
248.453,217.970,89.250,71.400
284.134,220.811,89.250,71.400
291.396,215.444,89.250,71.400
274.029,205.024,89.250,71.400
218.773,190.815,89.250,71.400
154.043,185.447,89.250,71.400
132.256,183.868,89.250,71.400
142.676,184.816,89.250,71.400
161.937,185.131,89.250,71.400
166.042,181.658,89.250,71.400
174.567,181.974,89.250,71.400
193.197,173.448,89.250,71.400
208.669,176.922,89.250,71.400
217.194,189.236,89.250,71.400
220.036,198.393,89.250,71.400
225.403,199.340,89.250,71.400
230.140,192.078,89.250,71.400
235.508,191.131,89.250,71.400
233.929,200.288,89.250,71.400
233.613,205.024,89.250,71.400
252.874,206.603,89.250,71.400
274.029,220.180,89.250,71.400
281.292,245.124,89.250,71.400
279.713,265.648,89.250,71.400
278.134,280.489,89.250,71.400
278.450,286.488,89.250,71.400
277.503,277.331,89.250,71.400
279.713,268.174,89.250,71.400
281.292,255.860,89.250,71.400
277.187,228.390,89.250,71.400
281.923,197.762,89.250,71.400
277.187,198.077,89.250,71.400
264.241,229.968,89.250,71.400
253.190,271.332,89.250,71.400
251.611,298.803,89.250,71.400
250.032,296.592,89.250,71.400
239.612,265.964,89.250,71.400
227.298,256.807,89.250,71.400
220.667,260.912,89.250,71.400
221.614,252.387,89.250,71.400
220.667,236.915,89.250,71.400
223.509,229.653,89.250,71.400
233.297,231.863,89.250,71.400
238.034,222.706,89.250,71.400
233.929,197.762,89.250,71.400
226.035,169.028,89.250,71.400
225.088,166.818,89.250,71.400
231.718,177.238,89.250,71.400
243.931,187.433,87.347,69.878
246.712,187.742,87.347,69.878
235.278,188.670,87.347,69.878
213.956,190.215,87.347,69.878
192.634,183.107,87.347,69.878
186.762,175.382,87.347,69.878
203.140,160.240,87.347,69.878
218.282,140.153,87.347,69.878
213.029,123.157,87.347,69.878
208.394,124.084,87.347,69.878
208.703,141.699,87.347,69.878
213.956,149.424,87.347,69.878
228.480,143.553,87.347,69.878
234.351,144.480,87.347,69.878
233.424,149.733,87.347,69.878
232.497,169.819,87.347,69.878
226.626,196.704,87.347,69.878
213.156,212.923,89.280,71.424
209.050,211.976,89.280,71.424
207.470,193.972,89.280,71.424
199.574,159.543,89.280,71.424
185.360,116.271,89.280,71.424
183.781,102.689,89.280,71.424
193.573,123.220,89.280,71.424
209.050,146.278,89.280,71.424
229.580,156.701,89.280,71.424
246.321,157.648,89.280,71.424
244.110,149.752,89.280,71.424
240.003,141.224,89.280,71.424
245.373,150.384,89.280,71.424
244.425,160.807,89.280,71.424
235.897,162.386,89.280,71.424
229.896,172.809,89.280,71.424
231.475,182.601,89.280,71.424
234.950,182.917,89.280,71.424
241.583,180.074,89.280,71.424
248.216,172.809,89.280,71.424
246.636,158.596,89.280,71.424
240.635,172.178,89.280,71.424
234.634,218.609,89.280,71.424
242.530,258.091,89.280,71.424
253.585,269.146,89.280,71.424
263.975,275.083,87.376,69.901
257.483,259.936,87.376,69.901
242.955,242.934,87.376,69.901
246.355,252.517,87.376,69.901
259.029,267.664,87.376,69.901
266.139,269.209,87.376,69.901
263.975,257.154,87.376,69.901
253.774,244.480,87.376,69.901
245.428,237.988,87.376,69.901
250.683,233.351,87.376,69.901
264.593,215.732,87.376,69.901
266.139,192.547,87.376,69.901
260.265,185.438,87.376,69.901
258.720,206.149,87.376,69.901
262.738,228.096,87.376,69.901
258.720,229.024,87.376,69.901
246.046,217.586,87.376,69.901
231.517,207.385,87.376,69.901
221.935,223.769,87.376,69.901
228.426,255.608,87.376,69.901
239.864,271.373,87.376,69.901
243.882,254.372,87.376,69.901
230.590,218.204,87.376,69.901
225.335,207.385,87.376,69.901
248.519,216.968,87.376,69.901
280.358,221.605,87.376,69.901
293.651,205.840,87.376,69.901
272.939,180.801,87.376,69.901
233.681,171.218,87.376,69.901
196.896,183.274,87.376,69.901
178.658,191.620,87.376,69.901
177.112,180.183,87.376,69.901
181.131,164.417,87.376,69.901
198.132,161.017,87.376,69.901
233.063,160.090,87.376,69.901
258.102,152.362,87.376,69.901
258.411,152.671,87.376,69.901
240.173,158.544,87.376,69.901
216.989,158.853,87.376,69.901
197.514,170.291,87.376,69.901
188.549,187.911,87.376,69.901
181.440,203.676,87.376,69.901
163.202,205.840,87.376,69.901
141.254,191.311,87.376,69.901
141.563,172.455,87.376,69.901
167.220,178.328,87.376,69.901
192.877,203.367,87.376,69.901
198.750,227.169,87.376,69.901
194.732,236.752,87.376,69.901
183.294,227.169,87.376,69.901
174.990,218.678,85.512,68.410
175.897,223.216,85.512,68.410
190.721,228.359,85.512,68.410
224.907,227.451,85.512,68.410
267.563,217.468,85.512,68.410
294.489,199.014,85.512,68.410
290.556,200.526,85.512,68.410
268.471,220.796,85.512,68.410
254.252,227.754,85.512,68.410
247.899,218.375,85.512,68.410
234.285,194.476,85.512,68.410
211.596,179.047,85.512,68.410
189.511,181.164,85.512,68.410
191.629,204.459,85.512,68.410
224.604,238.040,85.512,68.410
250.302,253.640,83.689,66.951
242.308,244.462,83.689,66.951
219.510,225.809,83.689,66.951
202.041,217.223,83.689,66.951
208.259,226.994,83.689,66.951
242.900,249.791,83.689,66.951
275.764,256.009,83.689,66.951
281.982,243.278,83.689,66.951
266.882,225.217,83.689,66.951
242.900,209.525,83.689,66.951
237.274,200.347,83.689,66.951
264.217,208.341,83.689,66.951
284.647,218.703,83.689,66.951
268.362,210.709,83.689,66.951
242.012,193.241,83.689,66.951
241.715,188.207,83.689,66.951
261.553,185.543,83.689,66.951
279.021,184.654,83.689,66.951
272.211,176.068,83.689,66.951
252.966,163.929,83.689,66.951
250.302,170.739,83.689,66.951
255.335,181.102,83.689,66.951
261.553,180.213,83.689,66.951
273.692,168.074,83.689,66.951
287.015,168.962,83.689,66.951
299.154,191.168,83.689,66.951
306.040,210.432,81.904,65.523
297.637,211.301,81.904,65.523
292.711,202.318,81.904,65.523
280.251,195.654,81.904,65.523
237.656,197.102,81.904,65.523
193.901,210.721,81.904,65.523
206.361,211.011,81.904,65.523
231.571,191.597,81.904,65.523
245.769,183.194,81.904,65.523
240.263,182.324,81.904,65.523
224.326,191.307,81.904,65.523
232.730,209.562,81.904,65.523
263.734,215.647,81.904,65.523
288.944,200.290,81.904,65.523
305.460,180.876,81.904,65.523
306.329,166.098,81.904,65.523
285.882,172.889,83.716,66.973
278.478,203.987,83.716,66.973
301.876,224.423,83.716,66.973
326.458,209.318,83.716,66.973
336.824,184.736,83.716,66.973
326.458,180.293,83.716,66.973
308.984,191.251,83.716,66.973
293.879,201.025,83.716,66.973
294.175,202.506,83.716,66.973
295.656,197.471,83.716,66.973
288.844,191.844,83.716,66.973
286.771,186.809,83.716,66.973
285.882,185.328,83.716,66.973
280.255,185.032,83.716,66.973
269.889,185.920,83.716,66.973
265.446,190.363,83.716,66.973
266.927,194.806,83.716,66.973
265.446,201.025,83.716,66.973
266.335,201.914,83.716,66.973
280.847,211.687,83.716,66.973
294.768,220.869,83.716,66.973
289.733,227.088,83.716,66.973
274.628,223.831,83.716,66.973
266.039,214.649,83.716,66.973
268.704,214.945,83.716,66.973
285.586,222.942,83.716,66.973
281.144,222.054,83.716,66.973
241.160,218.796,83.716,66.973
220.132,213.168,83.716,66.973
232.867,201.618,83.716,66.973
239.679,199.544,83.716,66.973
244.714,199.840,83.716,66.973
249.157,201.321,83.716,66.973
245.899,205.764,83.716,66.973
240.272,209.614,83.716,66.973
254.192,205.172,83.716,66.973
256.265,204.875,83.716,66.973
244.122,204.579,83.716,66.973
249.749,196.583,83.716,66.973
258.931,187.401,83.716,66.973
250.934,179.404,83.716,66.973
246.491,177.331,83.716,66.973
254.488,187.105,83.716,66.973
259.523,195.694,83.716,66.973
253.303,196.583,83.716,66.973
236.421,187.401,83.716,66.973
223.686,171.112,83.716,66.973
