400.000,48.000,87.000,319.000
393.107,53.361,87.000,319.000
377.023,58.723,87.000,319.000
345.621,64.084,87.000,319.000
306.561,70.977,87.000,319.000
265.968,77.870,87.000,319.000
228.439,83.231,87.000,319.000
200.101,94.720,87.000,319.000
180.953,107.740,87.000,319.000
174.060,119.228,87.000,319.000
177.890,129.185,87.000,319.000
183.251,134.546,87.000,319.000
194.740,135.312,87.000,319.000
218.482,129.951,87.000,319.000
254.480,123.058,87.000,319.000
285.881,114.633,87.000,319.000
308.092,106.208,87.000,319.000
327.240,100.847,87.000,319.000
352.514,97.018,87.000,319.000
374.725,94.720,87.000,319.000
392.341,90.890,87.000,319.000
403.829,90.124,87.000,319.000
407.659,89.359,87.000,319.000
406.893,85.529,87.000,319.000
403.064,83.231,87.000,319.000
399.717,82.086,88.925,326.058
400.500,78.172,88.925,326.058
398.704,80.250,90.892,333.272
394.703,89.052,90.892,333.272
389.547,94.497,92.903,340.646
384.277,101.760,94.959,348.182
382.359,107.448,97.060,355.886
371.251,106.594,97.060,355.886
366.979,98.904,97.060,355.886
380.975,92.307,99.207,363.760
407.967,94.626,101.402,371.808
437.426,99.090,101.402,371.808
487.243,97.755,103.646,380.034
524.909,94.497,105.939,388.443
516.516,93.565,105.939,388.443
487.604,105.689,105.939,388.443
454.963,101.026,105.939,388.443
426.051,96.363,105.939,388.443
408.331,89.834,105.939,388.443
396.207,92.632,105.939,388.443
385.948,114.083,105.939,388.443
373.824,120.611,105.939,388.443
370.459,122.056,103.680,380.159
373.197,122.969,103.680,380.159
382.221,124.383,101.469,372.052
399.193,125.276,101.469,372.052
435.817,120.810,101.469,372.052
468.868,118.130,101.469,372.052
473.334,122.596,101.469,372.052
468.868,112.771,101.469,372.052
464.965,83.632,103.714,380.284
465.878,51.676,103.714,380.284
439.400,37.980,103.714,380.284
401.966,29.763,103.714,380.284
384.618,27.024,103.714,380.284
374.575,38.893,103.714,380.284
375.488,50.763,103.714,380.284
359.966,57.154,103.714,380.284
344.445,56.241,103.714,380.284
341.705,60.806,103.714,380.284
337.140,56.241,103.714,380.284
310.662,51.676,103.714,380.284
269.576,47.111,103.714,380.284
248.576,35.241,103.714,380.284
256.793,30.676,103.714,380.284
283.271,16.980,103.714,380.284
295.817,14.875,101.502,372.174
285.703,26.595,99.337,364.237
285.920,36.379,97.219,356.470
297.046,42.370,97.219,356.470
301.325,46.649,97.219,356.470
283.352,52.640,97.219,356.470
267.065,62.215,95.146,348.868
265.658,66.743,93.117,341.428
276.314,69.202,93.117,341.428
282.838,70.472,91.131,334.147
279.943,70.169,89.188,327.021
276.018,61.532,89.188,327.021
267.381,49.755,89.188,327.021
250.893,55.251,89.188,327.021
234.404,60.747,89.188,327.021
235.190,53.680,89.188,327.021
232.834,43.473,89.188,327.021
216.346,41.118,89.188,327.021
221.842,56.036,89.188,327.021
252.463,66.243,89.188,327.021
287.795,79.590,89.188,327.021
293.291,86.657,89.188,327.021
273.662,89.012,89.188,327.021
239.900,96.079,89.188,327.021
221.842,104.715,89.188,327.021
214.775,114.923,89.188,327.021
215.561,126.700,89.188,327.021
228.908,132.196,89.188,327.021
268.951,125.130,89.188,327.021
299.572,111.782,89.188,327.021
314.490,100.005,89.188,327.021
329.408,83.516,89.188,327.021
328.623,51.325,89.188,327.021
307.424,34.837,89.188,327.021
267.381,19.919,89.188,327.021
225.768,9.712,89.188,327.021
174.733,15.208,89.188,327.021
161.385,23.844,89.188,327.021
193.576,29.340,89.188,327.021
232.049,37.977,89.188,327.021
257.973,51.302,87.286,320.048
262.607,61.381,85.424,313.222
270.880,60.628,85.424,313.222
278.314,66.143,83.603,306.543
259.914,71.295,83.603,306.543
235.627,76.447,83.603,306.543
239.307,83.071,83.603,306.543
279.786,89.694,83.603,306.543
318.793,94.846,83.603,306.543
321.001,92.638,83.603,306.543
323.209,94.846,83.603,306.543
334.249,89.694,83.603,306.543
336.457,88.958,83.603,306.543
301.866,82.335,83.603,306.543
287.882,86.014,83.603,306.543
301.866,89.694,83.603,306.543
334.985,96.318,83.603,306.543
332.777,99.998,83.603,306.543
315.849,103.678,83.603,306.543
306.282,107.358,83.603,306.543
286.410,106.622,83.603,306.543
251.819,113.246,83.603,306.543
221.643,118.398,83.603,306.543
200.299,122.078,83.603,306.543
183.372,124.286,83.603,306.543
187.052,117.662,83.603,306.543
212.811,111.038,83.603,306.543
245.931,108.830,83.603,306.543
276.106,108.094,83.603,306.543
304.810,102.942,83.603,306.543
332.041,96.318,83.603,306.543
341.609,86.750,83.603,306.543
330.569,77.183,83.603,306.543
298.922,66.143,83.603,306.543
258.442,55.103,83.603,306.543
209.131,51.423,83.603,306.543
176.012,55.103,83.603,306.543
162.028,61.727,83.603,306.543
167.885,71.380,81.820,300.006
183.011,77.863,81.820,300.006
205.340,85.786,81.820,300.006
226.229,89.387,81.820,300.006
252.880,90.108,81.820,300.006
263.684,92.268,81.820,300.006
263.862,97.550,80.075,293.608
259.960,101.360,78.367,287.347
263.409,102.050,78.367,287.347
282.037,98.601,78.367,287.347
322.741,92.391,78.367,287.347
352.406,87.562,78.367,287.347
362.755,82.733,78.367,287.347
370.344,80.663,78.367,287.347
358.616,73.074,78.367,287.347
334.469,71.005,78.367,287.347
302.044,64.795,78.367,287.347
258.580,65.485,78.367,287.347
222.015,73.074,78.367,287.347
218.566,77.904,78.367,287.347
233.054,85.492,78.367,287.347
232.364,94.461,78.367,287.347
228.914,100.670,78.367,287.347
233.744,105.500,78.367,287.347
227.265,110.558,76.696,281.219
202.283,103.131,76.696,281.219
174.600,103.806,76.696,281.219
171.224,100.430,76.696,281.219
184.053,106.507,76.696,281.219
213.086,103.131,76.696,281.219
240.586,100.273,75.061,275.222
254.462,102.255,75.061,275.222
260.995,108.374,73.460,269.353
275.869,106.434,73.460,269.353
281.689,104.494,73.460,269.353
266.815,103.847,73.460,269.353
242.887,107.081,73.460,269.353
231.893,115.488,73.460,269.353
232.540,127.775,73.460,269.353
265.522,129.715,73.460,269.353
306.264,132.949,73.460,269.353
316.397,136.444,71.893,263.609
327.156,125.685,71.893,263.609
340.447,116.191,71.893,263.609
328.422,109.229,71.893,263.609
275.891,93.406,71.893,263.609
223.359,90.242,71.893,263.609
206.271,94.672,71.893,263.609
195.447,116.394,70.360,257.987
205.977,128.163,70.360,257.987
248.716,133.737,70.360,257.987
288.978,135.596,70.360,257.987
303.224,138.693,70.360,257.987
324.904,140.551,70.360,257.987
352.777,143.648,70.360,257.987
363.307,149.223,70.360,257.987
352.777,152.320,70.360,257.987
334.814,150.461,70.360,257.987
305.702,147.364,70.360,257.987
276.590,141.790,70.360,257.987
251.194,136.215,70.360,257.987
253.052,128.163,70.360,257.987
288.358,116.394,70.360,257.987
334.814,107.103,70.360,257.987
371.359,110.200,70.360,257.987
405.427,115.775,70.360,257.987
449.405,118.872,70.360,257.987
477.278,128.163,70.360,257.987
483.569,123.381,71.917,263.695
477.871,117.683,71.917,263.695
463.309,111.985,71.917,263.695
427.700,101.842,73.508,269.529
383.049,99.901,73.508,269.529
331.926,110.902,73.508,269.529
287.275,114.137,73.508,269.529
265.920,114.785,73.508,269.529
249.742,121.903,73.508,269.529
242.624,131.610,73.508,269.529
265.273,138.728,73.508,269.529
293.099,138.081,73.508,269.529
315.748,133.551,73.508,269.529
313.807,131.610,73.508,269.529
293.746,127.080,73.508,269.529
263.332,119.962,73.508,269.529
226.446,114.138,73.508,269.529
167.558,110.902,73.508,269.529
120.318,116.726,73.508,269.529
98.963,110.902,73.508,269.529
95.727,107.666,73.508,269.529
108.022,110.902,73.508,269.529
142.320,108.961,73.508,269.529
174.029,110.902,73.508,269.529
200.561,110.255,73.508,269.529
234.858,107.019,73.508,269.529
263.979,103.784,73.508,269.529
284.039,100.548,73.508,269.529
293.746,98.607,73.508,269.529
298.276,95.371,73.508,269.529
288.569,88.253,73.508,269.529
259.449,81.134,73.508,269.529
230.328,77.899,73.508,269.529
205.091,77.252,73.508,269.529
173.382,81.781,73.508,269.529
159.792,88.900,73.508,269.529
168.205,94.724,73.508,269.529
197.325,103.136,73.508,269.529
229.034,111.549,73.508,269.529
256.860,119.962,73.508,269.529
275.627,127.080,73.508,269.529
282.745,123.844,73.508,269.529
287.275,125.786,73.508,269.529
277.568,122.550,73.508,269.529
252.330,118.020,73.508,269.529
237.447,119.962,73.508,269.529
244.565,116.726,73.508,269.529
274.980,110.902,73.508,269.529
283.392,105.078,73.508,269.529
264.626,108.313,73.508,269.529
244.565,108.961,73.508,269.529
246.506,105.725,73.508,269.529
236.800,110.255,73.508,269.529
190.854,112.196,73.508,269.529
142.320,118.020,73.508,269.529
122.259,121.256,73.508,269.529
109.964,127.080,73.508,269.529
88.337,132.826,75.134,275.493
91.645,129.519,75.134,275.493
117.441,122.243,75.134,275.493
147.206,116.290,75.134,275.493
179.616,114.306,75.134,275.493
193.506,108.353,75.134,275.493
208.719,99.754,75.134,275.493
214.672,92.479,75.134,275.493
200.782,85.203,75.134,275.493
167.049,81.896,75.134,275.493
141.253,89.171,75.134,275.493
143.237,93.801,75.134,275.493
157.127,97.109,75.134,275.493
200.121,95.124,75.134,275.493
240.468,97.109,75.134,275.493
249.931,102.982,76.797,281.588
256.016,102.306,76.797,281.588
282.382,105.686,76.797,281.588
285.763,105.010,76.797,281.588
259.396,109.743,76.797,281.588
268.185,109.067,76.797,281.588
310.778,109.743,76.797,281.588
337.144,99.602,76.797,281.588
341.877,100.278,76.797,281.588
350.666,88.785,76.797,281.588
351.342,77.291,76.797,281.588
311.108,71.823,75.159,275.583
238.987,76.454,75.159,275.583
185.393,82.409,75.159,275.583
163.558,88.364,75.159,275.583
139.077,96.965,75.159,275.583
110.626,108.214,75.159,275.583
98.054,119.462,75.159,275.583
102.686,126.740,75.159,275.583
128.627,138.107,76.822,281.680
163.561,141.306,78.522,287.913
193.532,131.666,80.259,294.283
222.500,125.307,80.259,294.283
248.643,128.840,80.259,294.283
260.654,122.481,80.259,294.283
261.361,113.296,80.259,294.283
242.284,102.698,80.259,294.283
209.076,97.752,80.259,294.283
181.520,104.111,80.259,294.283
173.748,106.230,80.259,294.283
184.346,109.763,80.259,294.283
213.315,107.644,80.259,294.283
245.110,114.003,80.259,294.283
272.665,114.709,80.259,294.283
295.982,118.242,80.259,294.283
302.341,116.122,80.259,294.283
301.634,109.763,80.259,294.283
300.013,101.376,82.035,300.794
297.847,91.988,82.035,300.794
294.236,88.377,82.035,300.794
303.624,87.655,82.035,300.794
336.122,76.822,82.035,300.794
354.177,71.767,82.035,300.794
337.567,71.045,82.035,300.794
329.623,70.322,82.035,300.794
