227.000,207.000,122.000,99.000
240.468,209.172,122.000,99.000
255.674,213.082,122.000,99.000
259.584,223.075,122.000,99.000
259.149,232.198,122.000,99.000
256.108,239.584,122.000,99.000
247.854,246.969,122.000,99.000
243.075,251.748,122.000,99.000
249.591,253.921,122.000,99.000
261.322,261.306,122.000,99.000
258.280,271.299,122.000,99.000
250.026,271.733,122.000,99.000
250.460,271.299,122.000,99.000
258.715,278.684,122.000,99.000
266.969,293.021,122.000,99.000
275.224,305.620,122.000,99.000
279.134,310.399,122.000,99.000
263.059,311.702,122.000,99.000
243.509,299.972,122.000,99.000
242.206,285.635,122.000,99.000
248.723,271.299,122.000,99.000
265.666,260.437,122.000,99.000
276.527,266.085,122.000,99.000
263.008,284.372,124.699,101.190
233.256,304.355,124.699,101.190
218.601,303.911,124.699,101.190
238.584,279.487,124.699,101.190
263.008,255.952,124.699,101.190
279.438,257.284,124.699,101.190
287.875,266.609,124.699,101.190
281.214,270.606,124.699,101.190
254.126,266.609,124.699,101.190
220.822,260.837,124.699,101.190
205.280,255.064,124.699,101.190
210.164,254.620,124.699,101.190
214.774,254.882,127.458,103.429
219.767,255.336,127.458,103.429
221.129,259.421,127.458,103.429
214.320,263.506,127.458,103.429
208.420,256.698,127.458,103.429
206.150,243.535,127.458,103.429
209.327,227.649,127.458,103.429
224.306,210.855,127.458,103.429
232.022,213.125,127.458,103.429
223.398,233.550,127.458,103.429
216.590,253.975,127.458,103.429
223.398,267.137,127.458,103.429
236.561,274.854,127.458,103.429
230.660,288.016,127.458,103.429
220.221,292.101,127.458,103.429
219.767,280.754,127.458,103.429
207.526,258.419,130.278,105.718
199.639,232.903,130.278,105.718
211.237,223.160,130.278,105.718
220.052,225.480,130.278,105.718
227.939,227.800,130.278,105.718
236.754,220.841,130.278,105.718
243.713,211.098,130.278,105.718
236.754,213.418,130.278,105.718
216.805,226.872,130.278,105.718
197.783,247.749,130.278,105.718
193.936,250.911,133.161,108.057
213.378,243.798,133.161,108.057
235.665,235.737,133.161,108.057
246.571,223.882,133.161,108.057
247.994,212.027,133.161,108.057
240.881,205.863,133.161,108.057
223.336,210.130,133.161,108.057
197.255,221.037,133.161,108.057
179.710,219.614,133.161,108.057
176.390,203.966,133.161,108.057
177.813,175.988,133.161,108.057
174.494,166.979,133.161,108.057
175.916,183.576,133.161,108.057
203.894,184.050,133.161,108.057
237.561,176.937,133.161,108.057
232.345,204.914,133.161,108.057
215.621,257.344,136.107,110.447
229.677,314.052,136.107,110.447
277.954,334.454,139.118,112.891
302.229,322.068,139.118,112.891
281.918,290.858,139.118,112.891
241.790,253.702,139.118,112.891
200.671,224.473,139.118,112.891
183.331,219.023,139.118,112.891
189.772,235.372,139.118,112.891
195.221,251.720,139.118,112.891
194.726,252.216,139.118,112.891
201.166,233.886,139.118,112.891
207.606,207.629,139.118,112.891
206.120,193.262,139.118,112.891
201.661,195.739,139.118,112.891
197.203,212.088,139.118,112.891
210.579,226.454,139.118,112.891
236.835,221.005,139.118,112.891
255.166,209.611,139.118,112.891
267.551,214.069,139.118,112.891
297.771,230.418,139.118,112.891
333.753,236.879,142.196,115.389
354.514,237.385,142.196,115.389
352.995,225.739,142.196,115.389
336.285,210.041,142.196,115.389
308.434,202.446,142.196,115.389
288.686,205.990,142.196,115.389
289.192,207.509,142.196,115.389
289.699,209.028,142.196,115.389
282.103,217.637,142.196,115.389
273.495,231.309,142.196,115.389
264.887,238.904,142.196,115.389
272.482,241.436,142.196,115.389
278.052,242.955,142.196,115.389
255.990,251.660,145.342,117.942
221.313,262.529,145.342,117.942
209.409,250.625,145.342,117.942
228.559,229.405,145.342,117.942
254.955,211.290,145.342,117.942
264.789,199.386,145.342,117.942
254.955,212.325,145.342,117.942
237.875,230.440,145.342,117.942
234.252,240.274,145.342,117.942
240.981,243.897,145.342,117.942
261.166,244.414,145.342,117.942
273.070,239.756,145.342,117.942
265.306,229.922,145.342,117.942
256.508,227.334,145.342,117.942
264.271,230.958,145.342,117.942
280.316,233.545,145.342,117.942
280.834,220.606,145.342,117.942
265.824,206.632,145.342,117.942
250.814,194.727,145.342,117.942
254.437,192.139,145.342,117.942
260.131,193.692,145.342,117.942
246.156,195.245,145.342,117.942
215.619,190.587,145.342,117.942
199.575,182.823,145.342,117.942
208.373,183.341,145.342,117.942
221.313,182.823,145.342,117.942
202.163,181.270,145.342,117.942
157.134,185.929,145.342,117.942
139.019,193.692,145.342,117.942
183.012,196.280,145.342,117.942
246.674,197.833,145.342,117.942
281.351,199.386,145.342,117.942
283.939,200.938,145.342,117.942
278.246,201.456,145.342,117.942
260.131,194.727,145.342,117.942
220.278,187.999,145.342,117.942
191.811,187.481,145.342,117.942
193.364,189.034,145.342,117.942
205.268,189.552,145.342,117.942
208.891,185.929,145.342,117.942
198.022,182.306,145.342,117.942
195.434,180.753,145.342,117.942
201.127,179.200,145.342,117.942
219.242,176.612,145.342,117.942
247.709,164.708,145.342,117.942
263.754,150.734,145.342,117.942
251.850,149.181,145.342,117.942
239.945,156.945,145.342,117.942
255.990,156.427,145.342,117.942
281.351,147.628,145.342,117.942
293.255,150.216,145.342,117.942
282.386,182.823,145.342,117.942
266.342,221.641,145.342,117.942
259.613,240.791,145.342,117.942
262.201,229.922,145.342,117.942
254.437,209.737,145.342,117.942
245.639,193.692,145.342,117.942
232.699,193.175,145.342,117.942
221.830,196.798,145.342,117.942
214.067,197.315,145.342,117.942
218.725,192.657,145.342,117.942
239.945,184.893,145.342,117.942
261.166,175.060,145.342,117.942
267.894,176.612,145.342,117.942
266.342,181.270,145.342,117.942
271.000,189.034,145.342,117.942
272.552,204.044,145.342,117.942
266.859,222.159,145.342,117.942
258.060,233.028,145.342,117.942
255.473,231.475,145.342,117.942
262.201,218.536,145.342,117.942
268.929,202.491,145.342,117.942
266.342,189.552,145.342,117.942
250.297,176.612,145.342,117.942
239.428,177.130,145.342,117.942
231.664,183.858,145.342,117.942
220.795,198.868,145.342,117.942
220.278,220.088,145.342,117.942
242.533,231.993,145.342,117.942
280.316,222.159,145.342,117.942
304.642,206.114,145.342,117.942
302.054,191.104,145.342,117.942
299.466,182.306,145.342,117.942
316.546,182.823,145.342,117.942
335.696,178.165,145.342,117.942
345.530,171.437,145.342,117.942
343.978,165.743,145.342,117.942
321.722,172.472,145.342,117.942
304.642,185.411,145.342,117.942
325.863,189.034,145.342,117.942
369.856,184.376,145.342,117.942
399.358,180.753,145.342,117.942
408.157,182.306,145.342,117.942
413.850,192.139,145.342,117.942
426.789,195.762,145.342,117.942
440.764,186.964,145.342,117.942
436.106,176.095,145.342,117.942
409.709,177.647,145.342,117.942
373.997,185.411,145.342,117.942
334.144,195.245,145.342,117.942
312.923,197.833,145.342,117.942
321.722,193.175,145.342,117.942
334.661,186.446,145.342,117.942
348.636,176.612,145.342,117.942
358.666,171.385,142.243,115.427
351.068,176.956,142.243,115.427
342.457,192.659,142.243,115.427
335.872,201.270,142.243,115.427
313.078,199.751,142.243,115.427
270.022,187.087,142.243,115.427
224.941,186.581,142.243,115.427
202.534,190.253,139.209,112.965
207.987,192.731,139.209,112.965
220.381,191.244,139.209,112.965
221.868,183.808,139.209,112.965
205.509,186.287,139.209,112.965
194.107,200.663,139.209,112.965
208.483,218.014,139.209,112.965
245.663,227.433,139.209,112.965
264.005,229.911,139.209,112.965
242.689,230.407,139.209,112.965
208.483,220.988,139.209,112.965
182.209,216.526,139.209,112.965
179.393,214.386,136.241,110.556
208.018,213.901,136.241,110.556
256.049,211.475,136.241,110.556
284.673,213.901,136.241,110.556
282.248,218.267,136.241,110.556
246.831,220.693,136.241,110.556
192.007,220.208,136.241,110.556
146.230,218.114,133.335,108.198
132.460,210.991,133.335,108.198
147.179,200.071,133.335,108.198
174.244,190.099,133.335,108.198
188.963,184.876,133.335,108.198
195.136,185.351,133.335,108.198
209.855,187.725,133.335,108.198
233.121,190.099,133.335,108.198
250.689,193.423,133.335,108.198
254.963,198.646,133.335,108.198
244.992,202.919,133.335,108.198
234.071,210.042,133.335,108.198
227.898,222.862,133.335,108.198
229.778,238.203,130.492,105.891
233.030,239.597,130.492,105.891
240.930,216.827,130.492,105.891
246.971,193.128,130.492,105.891
245.577,196.381,130.492,105.891
240.465,216.362,130.492,105.891
232.566,234.485,130.492,105.891
220.019,244.244,130.492,105.891
207.472,241.920,130.492,105.891
205.149,227.515,130.492,105.891
213.049,205.674,130.492,105.891
214.443,192.198,130.492,105.891
222.343,198.239,130.492,105.891
240.465,217.292,130.492,105.891
251.153,234.485,130.492,105.891
249.409,240.541,127.709,103.633
241.678,230.081,127.709,103.633
241.223,215.073,127.709,103.633
249.864,203.704,127.709,103.633
255.171,205.247,124.986,101.423
259.177,209.253,124.986,101.423
261.402,207.028,124.986,101.423
265.738,203.390,122.320,99.260
272.272,199.470,122.320,99.260
283.161,199.034,122.320,99.260
289.695,189.016,122.320,99.260
286.646,175.512,122.320,99.260
278.370,172.463,122.320,99.260
265.738,183.353,122.320,99.260
273.143,207.310,122.320,99.260
297.100,227.783,122.320,99.260
310.604,221.249,122.320,99.260
298.843,193.807,122.320,99.260
278.370,181.175,122.320,99.260
259.640,185.966,122.320,99.260
263.560,200.341,122.320,99.260
279.677,210.360,122.320,99.260
284.468,214.280,122.320,99.260
279.677,209.488,122.320,99.260
278.370,189.016,122.320,99.260
268.351,166.800,122.320,99.260
275.757,165.494,122.320,99.260
299.714,178.126,122.320,99.260
307.990,187.273,122.320,99.260
286.646,178.997,122.320,99.260
248.750,169.850,122.320,99.260
223.050,172.028,122.320,99.260
228.133,173.506,119.712,97.143
246.464,166.259,119.712,97.143
262.237,160.717,119.712,97.143
266.074,157.733,119.712,97.143
246.890,155.601,119.712,97.143
215.770,158.585,119.712,97.143
198.292,171.801,119.712,97.143
194.455,183.311,119.712,97.143
180.387,188.853,119.712,97.143
159.498,198.658,119.712,97.143
153.956,208.462,119.712,97.143
168.877,203.773,119.712,97.143
188.061,188.853,119.712,97.143
197.865,181.605,119.712,97.143
188.061,183.737,119.712,97.143
173.140,196.100,119.712,97.143
177.829,204.199,119.712,97.143
193.602,197.805,119.712,97.143
202.555,177.769,119.712,97.143
210.654,160.290,119.712,97.143
231.543,151.338,119.712,97.143
248.169,156.027,119.712,97.143
246.890,175.211,119.712,97.143
242.201,191.837,119.712,97.143
237.511,191.410,119.712,97.143
231.970,167.964,119.712,97.143
221.312,141.959,119.712,97.143
207.244,137.270,119.712,97.143
211.933,152.191,119.712,97.143
229.412,173.079,119.712,97.143
240.069,182.032,119.712,97.143
250.727,172.227,119.712,97.143
265.647,159.011,119.712,97.143
276.305,151.764,119.712,97.143
279.289,163.274,119.712,97.143
275.452,177.342,119.712,97.143
249.448,179.474,119.712,97.143
201.276,168.816,119.712,97.143
166.745,159.864,119.712,97.143
156.088,158.585,119.712,97.143
154.809,164.127,119.712,97.143
160.351,172.227,119.712,97.143
170.156,171.801,119.712,97.143
192.750,164.553,119.712,97.143
224.722,157.306,119.712,97.143
241.348,155.175,119.712,97.143
245.185,153.896,119.712,97.143
244.759,151.764,119.712,97.143
237.511,158.159,119.712,97.143
229.412,173.079,119.712,97.143
221.312,186.295,119.712,97.143
200.423,195.247,119.712,97.143
168.451,199.084,119.712,97.143
138.183,199.510,119.712,97.143
115.589,192.263,119.712,97.143
110.900,187.574,119.712,97.143
125.820,186.295,119.712,97.143
149.267,183.311,119.712,97.143
173.566,174.358,119.712,97.143
191.689,171.696,117.159,95.072
211.034,171.503,114.661,93.044
230.225,168.645,114.661,93.044
235.533,159.254,114.661,93.044
226.917,147.259,112.215,91.060
205.738,146.859,112.215,91.060
193.350,154.452,112.215,91.060
206.537,156.450,112.215,91.060
226.118,158.448,112.215,91.060
240.104,152.454,112.215,91.060
251.692,141.664,112.215,91.060
261.748,141.480,109.822,89.118
259.010,142.653,109.822,89.118
251.580,153.212,109.822,89.118
242.585,172.375,109.822,89.118
239.065,186.845,109.822,89.118
240.238,188.019,109.822,89.118
245.555,187.838,107.480,87.218
254.359,181.331,107.480,87.218
261.631,169.466,107.480,87.218
278.854,159.132,107.480,87.218
301.436,165.639,107.480,87.218
324.784,184.393,107.480,87.218
325.932,205.444,107.480,87.218
300.288,224.964,107.480,87.218
269.286,233.767,107.480,87.218
252.062,220.371,107.480,87.218
255.507,194.728,107.480,87.218
249.000,175.208,107.480,87.218
237.135,177.121,107.480,87.218
251.297,196.641,107.480,87.218
270.817,216.927,107.480,87.218
265.841,220.371,107.480,87.218
262.396,203.913,107.480,87.218
268.137,179.035,107.480,87.218
266.224,177.887,107.480,87.218
272.730,202.765,107.480,87.218
278.472,222.285,107.480,87.218
285.744,211.951,107.480,87.218
295.312,189.369,107.480,87.218
294.164,189.752,107.480,87.218
289.188,206.210,107.480,87.218
291.102,215.778,107.480,87.218
288.423,207.741,107.480,87.218
268.137,191.283,107.480,87.218
244.790,181.714,107.480,87.218
242.111,189.752,107.480,87.218
259.334,210.037,107.480,87.218
268.903,218.075,107.480,87.218
276.941,210.037,107.480,87.218
281.151,191.283,107.480,87.218
288.568,186.679,105.188,85.358
307.672,196.793,105.188,85.358
317.037,203.161,105.188,85.358
297.933,198.291,105.188,85.358
258.602,185.930,105.188,85.358
232.006,172.070,105.188,85.358
230.133,175.442,105.188,85.358
221.518,188.552,105.188,85.358
203.913,194.920,105.188,85.358
211.779,197.542,105.188,85.358
245.117,193.422,105.188,85.358
259.725,193.047,105.188,85.358
242.869,197.167,105.188,85.358
214.776,204.285,105.188,85.358
215.150,207.656,105.188,85.358
254.481,202.037,105.188,85.358
280.327,191.174,105.188,85.358
273.960,181.810,105.188,85.358
257.853,183.683,105.188,85.358
243.244,188.552,105.188,85.358
248.113,194.920,105.188,85.358
297.184,198.291,105.188,85.358
343.257,194.920,105.188,85.358
350.374,187.054,105.188,85.358
335.766,180.686,105.188,85.358
307.672,175.816,105.188,85.358
260.100,179.937,105.188,85.358
235.752,193.796,105.188,85.358
254.856,207.656,105.188,85.358
288.943,215.522,105.188,85.358
305.799,211.402,105.188,85.358
292.689,196.044,105.188,85.358
260.849,191.174,105.188,85.358
237.251,204.285,105.188,85.358
244.368,218.144,105.188,85.358
264.220,217.020,105.188,85.358
273.585,198.666,105.188,85.358
268.715,187.803,105.188,85.358
257.853,192.672,105.188,85.358
255.980,207.281,105.188,85.358
272.087,210.652,105.188,85.358
291.190,201.288,105.188,85.358
306.548,184.432,105.188,85.358
323.404,178.064,105.188,85.358
344.006,198.666,105.188,85.358
355.619,219.268,105.188,85.358
358.241,218.893,105.188,85.358
356.368,199.040,105.188,85.358
352.247,179.188,105.188,85.358
352.622,171.321,105.188,85.358
358.842,174.652,107.516,87.246
356.928,178.864,107.516,87.246
345.059,183.075,107.516,87.246
313.281,192.647,107.516,87.246
278.440,196.093,107.516,87.246
263.508,194.944,107.516,87.246
249.341,185.372,107.516,87.246
221.392,168.143,107.516,87.246
188.822,158.042,109.894,89.177
167.298,172.521,109.894,89.177
174.733,187.784,109.894,89.177
215.041,188.175,109.894,89.177
257.698,168.999,109.894,89.177
277.656,148.258,109.894,89.177
275.699,145.519,109.894,89.177
271.641,162.803,112.326,91.150
286.441,184.803,112.326,91.150
304.441,184.403,112.326,91.150
303.241,170.403,112.326,91.150
274.841,173.203,112.326,91.150
225.874,197.510,114.811,93.166
199.299,219.996,114.811,93.166
211.155,226.947,114.811,93.166
230.371,220.814,114.811,93.166
225.056,209.775,114.811,93.166
204.205,203.642,114.811,93.166
194.027,217.458,117.351,95.228
202.803,247.129,117.351,95.228
219.936,268.441,117.351,95.228
232.891,269.695,117.351,95.228
240.831,254.233,117.351,95.228
256.293,227.906,117.351,95.228
273.427,213.279,117.351,95.228
275.516,222.055,117.351,95.228
284.190,236.176,119.948,97.335
317.080,236.603,119.948,97.335
344.844,222.508,119.948,97.335
336.870,194.398,122.601,99.488
299.760,179.991,122.601,99.488
242.566,197.018,122.601,99.488
221.733,228.984,125.314,101.689
232.889,246.388,125.314,101.689
254.755,224.521,125.314,101.689
268.589,198.192,125.314,101.689
270.820,197.746,125.314,101.689
281.084,206.225,125.314,101.689
318.123,205.779,125.314,101.689
358.732,201.762,125.314,101.689
367.068,202.952,128.087,103.939
335.595,212.531,128.087,103.939
280.704,216.587,130.920,106.239
235.481,217.053,130.920,106.239
210.771,203.533,130.920,106.239
203.778,184.418,130.920,106.239
220.095,177.425,130.920,106.239
237.345,179.756,130.920,106.239
255.528,183.019,130.920,106.239
275.846,183.295,133.817,108.589
298.243,184.725,133.817,108.589
303.485,176.624,133.817,108.589
284.900,173.288,133.817,108.589
264.138,172.581,136.778,110.992
248.065,175.016,136.778,110.992
237.836,178.426,136.778,110.992
242.220,180.861,136.778,110.992
252.448,176.478,136.778,110.992
252.935,177.939,136.778,110.992
240.759,181.348,136.778,110.992
255.922,193.765,139.804,113.448
298.279,206.456,142.897,115.958
333.127,208.869,146.059,118.523
323.245,201.067,146.059,118.523
293.029,191.661,149.290,121.145
256.346,193.256,149.290,121.145
224.980,192.724,149.290,121.145
202.119,193.256,149.290,121.145
207.967,194.851,149.290,121.145
224.518,191.856,152.593,123.826
230.495,185.879,152.593,123.826
241.906,175.554,152.593,123.826
250.057,171.750,152.593,123.826
243.295,166.434,155.969,126.565
236.075,169.211,155.969,126.565
237.741,170.877,155.969,126.565
232.742,166.990,155.969,126.565
212.001,163.861,159.420,129.366
181.376,168.909,162.947,132.228
173.833,181.094,162.947,132.228
187.179,186.317,162.947,132.228
191.241,182.255,162.947,132.228
175.592,171.762,166.553,135.153
154.673,178.266,170.238,138.144
139.582,200.009,174.004,141.200
132.766,219.218,174.004,141.200
127.189,222.316,174.004,141.200
129.048,215.500,174.004,141.200
136.766,201.724,177.854,144.324
150.067,196.023,177.854,144.324
162.100,196.657,177.854,144.324
171.303,198.346,181.789,147.517
175.835,201.582,181.789,147.517
182.956,195.756,181.789,147.517
173.557,184.050,185.811,150.781
160.985,188.682,185.811,150.781
148.632,197.311,189.922,154.117
142.545,202.045,189.922,154.117
141.146,187.008,194.124,157.527
128.011,186.317,194.124,157.527
120.407,191.156,194.124,157.527
129.394,207.056,194.124,157.527
135.136,214.637,198.419,161.012
128.776,215.343,198.419,161.012
118.178,208.984,198.419,161.012
109.385,199.139,202.809,164.575
112.996,196.972,202.809,164.575
113.718,203.472,202.809,164.575
113.722,211.393,207.296,168.216
104.536,213.361,211.883,171.938
106.106,205.979,216.571,175.742
107.711,200.034,221.362,179.630
99.040,192.940,221.362,179.630
82.688,185.228,226.260,183.604
55.943,190.720,231.266,187.667
41.942,199.779,231.266,187.667
