352.000,197.000,56.000,100.000
352.912,194.264,56.000,100.000
354.432,192.744,56.000,100.000
355.952,191.832,56.000,100.000
356.864,192.744,56.000,100.000
357.168,193.048,56.000,100.000
356.864,193.352,56.000,100.000
357.168,193.048,56.000,100.000
356.864,192.136,56.000,100.000
355.344,190.616,56.000,100.000
355.040,188.488,56.000,100.000
354.736,187.575,56.000,100.000
354.432,185.447,56.000,100.000
354.736,184.535,56.000,100.000
355.040,181.191,56.000,100.000
355.952,179.063,56.000,100.000
356.864,175.719,56.000,100.000
359.600,171.159,56.000,100.000
361.729,167.814,56.000,100.000
363.857,169.334,56.000,100.000
365.985,178.151,56.000,100.000
368.721,196.696,56.000,100.000
369.633,222.538,56.000,100.000
369.937,245.339,56.000,100.000
370.241,262.060,56.000,100.000
368.721,264.796,56.000,100.000
365.985,250.507,56.000,100.000
365.681,225.274,56.000,100.000
365.377,203.080,56.000,100.000
363.857,185.143,56.000,100.000
361.120,170.246,56.000,100.000
358.384,161.430,56.000,100.000
356.864,164.166,56.000,100.000
351.696,176.631,56.000,100.000
341.663,193.960,56.000,100.000
324.942,208.249,56.000,100.000
305.789,215.241,56.000,100.000
297.581,211.289,56.000,100.000
305.181,204.296,56.000,100.000
326.158,193.048,56.000,100.000
344.704,166.598,56.000,100.000
346.224,135.284,56.000,100.000
332.543,111.267,56.000,100.000
324.942,114.003,56.000,100.000
330.111,140.453,56.000,100.000
343.791,185.751,56.000,100.000
365.194,249.233,54.806,97.867
377.988,281.069,54.806,97.867
386.616,291.483,54.806,97.867
384.533,270.953,54.806,97.867
376.500,218.884,54.806,97.867
379.773,177.527,54.806,97.867
389.591,159.972,54.806,97.867
392.864,171.576,54.806,97.867
377.690,205.198,54.806,97.867
352.400,248.340,54.806,97.867
337.225,264.705,54.806,97.867
339.903,253.696,54.806,97.867
349.722,220.670,54.806,97.867
355.375,175.742,54.806,97.867
352.697,146.881,54.806,97.867
336.333,144.203,54.806,97.867
323.439,176.506,53.637,95.780
312.082,229.793,53.637,95.780
311.209,268.522,53.637,95.780
313.247,272.889,53.637,95.780
312.956,234.161,53.637,95.780
308.588,172.138,53.637,95.780
307.714,138.069,53.637,95.780
308.588,141.272,53.637,95.780
301.308,174.759,53.637,95.780
294.611,226.299,53.637,95.780
305.967,250.468,53.637,95.780
340.619,248.429,53.637,95.780
350.810,229.502,53.637,95.780
328.389,197.180,53.637,95.780
283.254,163.693,53.637,95.780
285.293,171.555,53.637,95.780
304.802,212.031,53.637,95.780
310.917,250.177,53.637,95.780
320.527,273.181,53.637,95.780
332.465,268.813,53.637,95.780
333.339,230.085,53.637,95.780
317.324,178.544,53.637,95.780
296.649,148.552,53.637,95.780
288.787,161.655,53.637,95.780
278.013,202.130,53.637,95.780
270.733,243.770,53.637,95.780
276.848,256.874,53.637,95.780
290.534,238.529,53.637,95.780
291.408,185.824,53.637,95.780
276.557,131.371,53.637,95.780
268.695,110.697,53.637,95.780
268.404,133.119,53.637,95.780
263.454,186.406,53.637,95.780
263.745,247.847,53.637,95.780
269.277,264.445,53.637,95.780
271.316,251.341,53.637,95.780
268.113,208.537,53.637,95.780
262.580,165.732,53.637,95.780
259.377,151.463,53.637,95.780
248.021,166.896,53.637,95.780
237.829,202.130,53.637,95.780
252.097,234.452,53.637,95.780
294.902,248.721,53.637,95.780
336.542,237.947,53.637,95.780
349.646,217.855,53.637,95.780
345.860,203.004,53.637,95.780
343.239,201.548,53.637,95.780
347.607,207.081,53.637,95.780
360.128,216.107,53.637,95.780
369.155,229.211,53.637,95.780
371.281,235.100,54.824,97.900
364.435,230.040,54.824,97.900
347.470,207.718,54.824,97.900
307.290,181.228,54.824,97.900
253.419,167.240,54.824,97.900
232.287,179.443,54.824,97.900
235.561,195.217,54.824,97.900
253.716,211.587,54.824,97.900
279.610,219.028,54.824,97.900
305.504,218.135,54.824,97.900
328.422,213.075,54.824,97.900
343.601,200.277,54.824,97.900
342.686,188.386,56.037,100.066
332.647,192.949,56.037,100.066
324.433,195.687,56.037,100.066
316.219,194.166,56.037,100.066
317.740,195.079,56.037,100.066
327.171,200.859,56.037,100.066
325.650,205.422,56.037,100.066
301.617,201.467,56.037,100.066
283.059,196.904,56.037,100.066
281.538,188.082,56.037,100.066
288.535,178.043,56.037,100.066
285.189,172.871,56.037,100.066
285.493,162.223,56.037,100.066
292.490,152.793,56.037,100.066
295.836,146.404,56.037,100.066
296.163,144.982,57.277,102.280
304.559,152.755,57.277,102.280
304.248,159.907,57.277,102.280
299.584,155.243,57.277,102.280
307.979,143.738,57.277,102.280
336.276,138.452,57.277,102.280
337.830,140.628,57.277,102.280
336.276,153.377,57.277,102.280
335.343,159.907,57.277,102.280
310.778,157.730,57.277,102.280
247.656,153.066,57.277,102.280
217.494,156.487,57.277,102.280
207.854,167.370,57.277,102.280
219.359,172.034,57.277,102.280
273.153,174.211,57.277,102.280
340.007,166.437,57.277,102.280
396.289,158.041,57.277,102.280
407.794,158.352,57.277,102.280
416.189,169.857,57.277,102.280
409.659,175.144,57.277,102.280
377.010,176.698,57.277,102.280
311.400,173.900,57.277,102.280
276.263,179.808,57.277,102.280
270.977,188.203,57.277,102.280
257.606,194.733,57.277,102.280
256.051,190.691,57.277,102.280
280.616,176.076,57.277,102.280
315.753,167.059,57.277,102.280
351.430,164.853,56.055,100.098
396.773,165.766,56.055,100.098
433.595,171.548,56.055,100.098
447.898,178.547,56.055,100.098
436.030,177.025,56.055,100.098
416.858,175.504,56.055,100.098
417.771,175.808,56.055,100.098
439.986,177.938,56.055,100.098
460.375,177.025,56.055,100.098
483.199,173.678,56.055,100.098
513.935,172.765,56.055,100.098
526.412,176.112,56.055,100.098
527.325,181.286,56.055,100.098
525.195,189.502,56.055,100.098
514.544,191.024,56.055,100.098
483.808,188.285,56.055,100.098
460.984,187.981,56.055,100.098
449.116,189.502,56.055,100.098
449.420,191.024,56.055,100.098
471.026,188.285,56.055,100.098
496.893,187.981,56.055,100.098
484.416,186.459,56.055,100.098
432.987,189.807,56.055,100.098
394.947,191.937,56.055,100.098
381.861,193.458,56.055,100.098
374.862,190.720,56.055,100.098
365.428,194.676,56.055,100.098
355.386,201.675,56.055,100.098
358.733,206.240,56.055,100.098
377.905,203.501,56.055,100.098
401.946,197.719,56.055,100.098
400.425,187.676,56.055,100.098
373.949,179.460,56.055,100.098
349.908,179.156,56.055,100.098
333.171,180.677,56.055,100.098
320.694,180.981,56.055,100.098
309.434,187.372,56.055,100.098
309.130,193.763,56.055,100.098
317.346,197.110,56.055,100.098
329.215,194.980,56.055,100.098
334.997,187.981,56.055,100.098
326.780,182.199,56.055,100.098
313.695,185.546,56.055,100.098
293.305,182.807,56.055,100.098
273.525,180.677,56.055,100.098
259.222,176.112,56.055,100.098
257.092,179.460,56.055,100.098
262.874,183.416,56.055,100.098
277.785,186.764,56.055,100.098
304.261,184.025,56.055,100.098
331.345,179.460,56.055,100.098
337.736,178.547,56.055,100.098
324.041,181.894,56.055,100.098
301.826,187.676,56.055,100.098
283.263,189.198,56.055,100.098
258.613,184.633,56.055,100.098
242.484,180.069,56.055,100.098
239.746,177.330,56.055,100.098
233.964,162.418,56.055,100.098
220.878,137.160,56.055,100.098
232.746,124.074,56.055,100.098
254.961,148.724,56.055,100.098
266.830,192.241,56.055,100.098
284.784,244.888,56.055,100.098
297.261,274.407,56.055,100.098
296.957,272.885,56.055,100.098
294.328,241.981,54.860,97.964
305.944,197.605,54.860,97.964
318.154,169.907,54.860,97.964
330.365,165.439,54.860,97.964
343.172,196.116,54.860,97.964
342.278,241.683,54.860,97.964
346.150,294.994,54.860,97.964
361.339,328.649,54.860,97.964
365.807,331.329,54.860,97.964
357.766,304.227,54.860,97.964
350.026,253.887,53.690,95.875
346.236,212.789,53.690,95.875
325.542,188.597,53.690,95.875
314.757,202.296,53.690,95.875
323.793,238.147,53.690,95.875
342.739,285.658,53.690,95.875
355.272,314.514,53.690,95.875
354.981,317.720,53.690,95.875
341.281,291.196,53.690,95.875
318.255,240.188,53.690,95.875
301.641,197.341,53.690,95.875
304.847,165.570,53.690,95.875
315.631,172.274,53.690,95.875
319.421,213.955,53.690,95.875
319.129,271.959,53.690,95.875
327.582,311.891,53.690,95.875
324.959,323.258,53.690,95.875
308.928,300.232,53.690,95.875
296.394,242.811,53.690,95.875
299.600,191.803,53.690,95.875
319.129,166.444,53.690,95.875
329.331,181.310,53.690,95.875
324.959,225.323,53.690,95.875
320.587,278.080,53.690,95.875
312.134,312.765,53.690,95.875
303.681,310.142,53.690,95.875
301.641,270.210,53.690,95.875
310.093,224.448,53.690,95.875
327.291,197.341,53.690,95.875
343.322,219.202,53.690,95.875
345.362,267.295,53.690,95.875
340.407,323.550,53.690,95.875
334.286,341.913,53.690,95.875
327.582,318.303,53.690,95.875
312.134,253.887,53.690,95.875
300.183,195.300,53.690,95.875
299.892,169.942,53.690,95.875
311.842,188.888,53.690,95.875
320.878,239.896,53.690,95.875
329.914,297.317,53.690,95.875
333.703,323.841,53.690,95.875
326.999,319.469,53.690,95.875
315.049,277.205,53.690,95.875
311.259,210.457,53.690,95.875
311.551,162.364,53.690,95.875
306.421,139.832,54.878,97.996
301.952,153.835,54.878,97.996
299.271,195.246,54.878,97.996
308.506,259.300,54.878,97.996
329.659,298.328,54.878,97.996
334.724,306.968,54.878,97.996
324.296,284.028,54.878,97.996
308.506,232.487,54.878,97.996
295.695,179.158,54.878,97.996
297.781,145.493,54.878,97.996
307.612,147.578,54.878,97.996
304.931,180.052,54.878,97.996
296.040,241.113,53.707,95.906
300.414,293.887,53.707,95.906
310.619,315.172,53.707,95.906
319.657,301.468,53.707,95.906
326.364,260.940,53.707,95.906
326.655,215.163,53.707,95.906
315.867,171.136,53.707,95.906
310.327,156.849,53.707,95.906
309.452,172.885,53.707,95.906
305.662,212.247,53.707,95.906
308.869,262.106,53.707,95.906
317.325,290.971,53.707,95.906
320.532,291.263,53.707,95.906
330.737,258.315,53.707,95.906
338.026,210.789,53.707,95.906
328.988,173.177,53.707,95.906
319.366,151.892,53.707,95.906
319.074,158.015,53.707,95.906
320.532,187.464,53.707,95.906
315.575,227.409,53.707,95.906
319.366,269.104,53.707,95.906
328.404,293.887,53.707,95.906
331.029,291.846,53.707,95.906
332.486,264.730,53.707,95.906
333.944,221.286,53.707,95.906
328.988,173.177,53.707,95.906
321.115,144.894,53.707,95.906
319.657,146.935,53.707,95.906
317.616,161.222,53.707,95.906
317.908,195.336,53.707,95.906
328.696,247.527,53.707,95.906
327.238,280.475,53.707,95.906
315.284,288.347,53.707,95.906
315.013,267.168,52.562,93.861
322.147,224.651,52.562,93.861
321.862,187.840,52.562,93.861
316.247,159.861,53.725,95.938
313.039,156.069,53.725,95.938
311.581,176.194,53.725,95.938
300.206,207.986,53.725,95.938
289.414,240.944,53.725,95.938
283.872,268.069,53.725,95.938
280.081,281.194,53.725,95.938
292.622,277.402,53.725,95.938
325.581,261.361,53.725,95.938
351.539,246.486,53.725,95.938
385.744,242.701,54.914,98.060
411.681,249.558,54.914,98.060
437.617,257.011,54.914,98.060
446.859,262.675,54.914,98.060
431.655,259.992,54.914,98.060
389.620,258.501,54.914,98.060
345.796,255.222,54.914,98.060
312.109,255.520,54.914,98.060
296.905,255.222,54.914,98.060
300.184,251.346,54.914,98.060
315.984,242.701,54.914,98.060
358.615,228.689,54.914,98.060
379.186,216.466,54.914,98.060
381.869,209.610,54.914,98.060
383.956,203.349,54.914,98.060
386.042,197.685,54.914,98.060
374.416,197.983,54.914,98.060
340.728,210.802,54.914,98.060
298.097,225.410,54.914,98.060
266.198,238.229,54.914,98.060
261.726,244.490,54.914,98.060
283.489,242.403,54.914,98.060
322.291,234.541,53.743,95.969
374.517,209.157,53.743,95.969
411.571,187.275,53.743,95.969
424.117,174.146,53.743,95.969
424.430,163.095,54.932,98.092
403.853,153.254,54.932,98.092
364.190,149.377,54.932,98.092
328.106,157.429,54.932,98.092
284.864,176.217,54.932,98.092
240.430,194.408,54.932,98.092
194.206,206.038,54.932,98.092
159.911,209.915,54.932,98.092
154.841,207.231,54.932,98.092
187.958,203.980,56.147,100.263
259.590,195.141,56.147,100.263
323.906,164.964,56.147,100.263
355.912,149.418,56.147,100.263
367.800,146.675,56.147,100.263
385.784,159.782,56.147,100.263
394.624,165.573,56.147,100.263
381.517,156.124,56.147,100.263
348.292,139.359,56.147,100.263
294.339,126.862,56.147,100.263
239.777,120.461,56.147,100.263
204.723,119.546,56.147,100.263
170.889,120.461,56.147,100.263
159.199,117.770,57.389,102.481
173.842,106.866,57.389,102.481
207.802,96.584,57.389,102.481
238.024,91.911,57.389,102.481
258.898,95.338,57.389,102.481
269.180,103.750,57.389,102.481
262.637,109.670,57.389,102.481
240.516,114.966,57.389,102.481
225.873,120.263,57.389,102.481
228.677,127.429,57.389,102.481
248.928,137.087,57.389,102.481
268.557,143.007,57.389,102.481
295.039,137.710,57.389,102.481
322.145,124.936,57.389,102.481
333.049,121.509,57.389,102.481
337.723,123.067,57.389,102.481
334.296,128.987,57.389,102.481
321.522,134.906,57.389,102.481
297.532,135.841,57.389,102.481
266.064,137.399,57.389,102.481
255.159,142.695,57.389,102.481
254.848,139.268,57.389,102.481
262.637,122.755,57.389,102.481
286.627,94.403,57.389,102.481
331.803,81.629,57.389,102.481
360.778,89.418,57.389,102.481
376.045,102.192,57.389,102.481
385.703,121.821,57.389,102.481
377.914,132.725,57.389,102.481
355.170,138.022,57.389,102.481
325.572,145.188,57.389,102.481
310.929,149.238,57.389,102.481
314.356,143.941,57.389,102.481
324.637,128.675,57.389,102.481
328.065,104.685,57.389,102.481
333.984,98.142,57.389,102.481
351.120,114.032,57.389,102.481
376.356,143.630,57.389,102.481
386.638,170.112,57.389,102.481
363.894,181.640,57.389,102.481
310.617,185.690,57.389,102.481
254.848,176.655,57.389,102.481
231.481,163.258,57.389,102.481
231.169,149.861,57.389,102.481
224.004,134.595,57.389,102.481
213.722,119.951,57.389,102.481
213.410,112.785,57.389,102.481
237.401,121.198,57.389,102.481
286.316,155.781,57.389,102.481
323.391,189.118,57.389,102.481
343.019,216.847,57.389,102.481
337.723,227.751,57.389,102.481
309.994,220.585,57.389,102.481
289.120,195.349,57.389,102.481
294.837,160.706,56.165,100.296
322.584,124.421,56.165,100.296
353.380,93.625,56.165,100.296
379.908,82.952,56.165,100.296
392.410,99.113,56.165,100.296
402.472,134.178,56.165,100.296
407.046,171.073,56.165,100.296
401.862,196.991,56.165,100.296
375.944,205.224,56.165,100.296
323.194,202.479,56.165,100.296
294.837,186.319,56.165,100.296
288.433,160.401,56.165,100.296
292.397,125.946,56.165,100.296
302.459,96.979,56.165,100.296
326.548,90.575,56.165,100.296
351.246,111.615,56.165,100.296
375.334,144.850,56.165,100.296
396.374,184.185,56.165,100.296
393.019,205.224,56.165,100.296
358.564,211.017,56.165,100.296
318.620,195.466,56.165,100.296
282.945,157.962,56.165,100.296
240.561,114.359,56.165,100.296
235.378,78.684,56.165,100.296
258.247,54.595,56.165,100.296
290.263,70.146,56.165,100.296
307.643,100.943,56.165,100.296
331.122,137.228,56.165,100.296
351.551,169.854,56.165,100.296
342.098,185.404,56.165,100.296
314.961,187.539,56.165,100.296
304.289,171.988,56.165,100.296
304.594,144.241,56.165,100.296
309.168,120.762,56.165,100.296
319.230,115.579,56.165,100.296
336.610,129.300,56.165,100.296
343.623,150.339,56.165,100.296
332.341,168.939,56.165,100.296
317.400,182.050,56.165,100.296
314.046,188.453,56.165,100.296
317.400,183.880,56.165,100.296
326.243,161.011,56.165,100.296
333.256,133.264,56.165,100.296
312.827,112.224,56.165,100.296
283.860,119.847,56.165,100.296
278.066,153.693,56.165,100.296
293.617,188.758,56.165,100.296
307.338,204.309,56.165,100.296
311.912,191.807,56.165,100.296
330.512,165.280,56.165,100.296
347.282,134.483,56.165,100.296
341.283,115.342,57.408,102.515
328.505,121.263,57.408,102.515
317.596,152.118,57.408,102.515
324.141,188.582,57.408,102.515
315.103,206.347,57.408,102.515
281.132,207.905,57.408,102.515
277.704,183.907,57.408,102.515
296.715,149.936,57.408,102.515
305.753,132.172,57.408,102.515
297.962,133.730,57.408,102.515
301.390,163.961,57.408,102.515
327.258,204.166,57.408,102.515
330.686,221.307,57.408,102.515
319.155,212.269,57.408,102.515
320.090,183.907,57.408,102.515
325.388,177.363,57.408,102.515
323.897,200.985,56.184,100.328
298.919,245.272,54.986,98.189
288.471,268.257,54.986,98.189
293.546,250.645,54.986,98.189
293.247,198.406,54.986,98.189
301.307,162.286,54.986,98.189
322.502,161.390,54.986,98.189
329.964,193.331,54.986,98.189
322.502,255.123,54.986,98.189
312.054,301.392,54.986,98.189
298.024,299.302,54.986,98.189
291.158,248.257,54.986,98.189
298.024,194.226,54.986,98.189
312.651,171.838,54.986,98.189
327.278,194.823,54.986,98.189
327.001,245.071,53.813,96.095
313.854,286.848,53.813,96.095
297.202,285.387,53.813,96.095
285.224,244.194,53.813,96.095
293.112,194.238,53.813,96.095
319.697,178.754,53.813,96.095
335.765,202.418,53.813,96.095
334.889,252.959,53.813,96.095
327.585,290.646,53.813,96.095
302.753,287.432,53.813,96.095
276.752,244.487,53.813,96.095
277.628,187.518,53.813,96.095
302.461,178.462,53.813,96.095
312.686,211.474,53.813,96.095
300.708,278.375,53.813,96.095
303.921,335.928,53.813,96.095
314.731,333.299,53.813,96.095
323.203,299.702,53.813,96.095
324.664,252.082,53.813,96.095
323.203,230.756,53.813,96.095
316.174,250.647,52.666,94.046
309.026,293.820,52.666,94.046
315.602,326.700,52.666,94.046
319.891,314.406,52.666,94.046
317.889,265.514,52.666,94.046
308.454,220.625,52.666,94.046
299.019,204.900,52.666,94.046
295.874,227.487,52.666,94.046
284.151,268.945,52.666,94.046
271.285,282.383,52.666,94.046
263.565,256.937,52.666,94.046
273.001,204.042,52.666,94.046
297.304,179.168,52.666,94.046
314.744,199.468,52.666,94.046
311.599,242.069,52.666,94.046
287.296,291.532,52.666,94.046
277.861,289.531,52.666,94.046
281.578,232.062,52.666,94.046
287.582,172.306,52.666,94.046
289.012,139.425,52.666,94.046
281.292,135.709,52.666,94.046
272.429,172.020,52.666,94.046
273.858,232.348,52.666,94.046
269.570,261.797,52.666,94.046
259.563,245.500,52.666,94.046
267.282,193.749,52.666,94.046
291.585,162.013,52.666,94.046
300.792,158.303,53.831,96.126
291.148,181.390,53.831,96.126
276.243,214.413,53.831,96.126
260.170,236.331,53.831,96.126
243.512,243.053,53.831,96.126
228.023,238.669,53.831,96.126
230.763,228.813,55.022,98.253
254.361,227.319,55.022,98.253
270.193,232.397,55.022,98.253
273.478,230.904,55.022,98.253
284.530,224.034,55.022,98.253
292.596,209.994,55.022,98.253
295.881,197.150,55.022,98.253
304.544,196.851,55.022,98.253
301.855,202.527,55.022,98.253
294.388,205.812,55.022,98.253
284.172,203.796,56.239,100.427
269.822,201.048,56.239,100.427
265.242,200.132,56.239,100.427
278.982,192.499,56.239,100.427
300.659,177.539,56.239,100.427
312.566,160.746,56.239,100.427
329.359,153.724,56.239,100.427
350.425,158.914,56.239,100.427
345.235,161.051,56.239,100.427
321.115,158.304,56.239,100.427
299.438,161.051,56.239,100.427
295.469,161.967,56.239,100.427
288.828,158.639,57.483,102.649
276.657,154.582,57.483,102.649
274.473,143.660,57.483,102.649
283.523,132.737,57.483,102.649
294.445,128.680,57.483,102.649
301.623,130.865,57.483,102.649
304.431,137.418,57.483,102.649
307.240,142.723,57.483,102.649
315.042,145.532,57.483,102.649
325.340,152.086,57.483,102.649
320.659,156.767,57.483,102.649
308.488,162.696,57.483,102.649
299.438,168.001,57.483,102.649
299.750,172.682,57.483,102.649
309.425,177.363,57.483,102.649
319.723,187.038,57.483,102.649
323.780,197.960,57.483,102.649
319.723,206.386,57.483,102.649
316.914,214.188,57.483,102.649
317.226,220.741,57.483,102.649
320.035,224.798,57.483,102.649
318.475,225.110,57.483,102.649
310.673,227.919,57.483,102.649
307.240,231.352,57.483,102.649
308.176,233.536,57.483,102.649
308.488,236.969,57.483,102.649
