246.000,226.000,94.000,114.000
243.955,232.135,94.000,114.000
246.000,234.997,94.000,114.000
245.591,237.860,94.000,114.000
247.636,239.905,94.000,114.000
250.499,241.132,94.000,114.000
252.544,242.359,94.000,114.000
252.953,242.768,94.000,114.000
253.362,243.177,94.000,114.000
252.953,242.768,94.000,114.000
254.997,243.995,94.000,114.000
257.860,242.768,94.000,114.000
259.905,241.541,94.000,114.000
263.586,239.496,94.000,114.000
266.449,238.269,94.000,114.000
269.312,237.042,94.000,114.000
268.903,235.815,94.000,114.000
270.130,232.135,94.000,114.000
276.264,227.636,94.000,114.000
283.217,229.681,94.000,114.000
276.264,229.272,94.000,114.000
270.130,223.137,94.000,114.000
272.992,213.731,94.000,114.000
280.763,206.778,94.000,114.000
293.441,201.461,94.000,114.000
312.663,198.599,94.000,114.000
323.705,202.279,94.000,114.000
320.843,205.960,94.000,114.000
312.254,211.277,94.000,114.000
298.758,215.776,94.000,114.000
281.172,219.456,94.000,114.000
261.132,216.594,94.000,114.000
259.087,211.277,94.000,114.000
271.765,205.142,94.000,114.000
290.987,200.644,94.000,114.000
313.481,201.053,94.000,114.000
332.703,203.915,94.000,114.000
339.655,212.504,94.000,114.000
327.795,224.364,94.000,114.000
301.212,234.589,94.000,114.000
270.539,239.905,94.000,114.000
247.227,230.499,94.000,114.000
240.274,216.185,94.000,114.000
258.678,205.142,94.000,114.000
280.354,199.008,94.000,114.000
299.576,198.599,94.000,114.000
321.251,203.915,94.000,114.000
328.204,210.868,94.000,114.000
310.618,219.456,94.000,114.000
291.396,219.047,94.000,114.000
277.082,212.913,94.000,114.000
275.855,204.324,94.000,114.000
290.515,198.396,96.080,116.522
313.506,201.322,96.080,116.522
328.137,205.920,96.080,116.522
332.735,208.846,96.080,116.522
313.924,210.100,96.080,116.522
279.228,211.354,96.080,116.522
242.024,204.248,96.080,116.522
216.525,193.797,96.080,116.522
216.943,183.347,96.080,116.522
239.098,167.880,96.080,116.522
260.417,159.938,96.080,116.522
275.048,168.716,96.080,116.522
290.515,189.199,96.080,116.522
289.261,215.535,96.080,116.522
278.810,235.182,96.080,116.522
267.524,238.944,96.080,116.522
260.417,224.313,96.080,116.522
259.999,202.994,96.080,116.522
265.433,197.560,96.080,116.522
278.392,207.174,96.080,116.522
282.154,231.002,96.080,116.522
269.196,260.681,96.080,116.522
258.745,271.132,96.080,116.522
244.114,259.009,96.080,116.522
237.008,223.477,96.080,116.522
249.131,180.421,96.080,116.522
262.925,162.446,96.080,116.522
281.736,178.749,96.080,116.522
297.203,210.100,96.080,116.522
289.261,250.649,96.080,116.522
270.450,274.476,96.080,116.522
243.278,276.566,96.080,116.522
223.631,252.739,96.080,116.522
222.377,213.863,96.080,116.522
238.680,197.560,96.080,116.522
264.179,215.535,96.080,116.522
293.023,245.214,96.080,116.522
300.965,275.730,96.080,116.522
285.499,292.869,96.080,116.522
256.655,290.779,96.080,116.522
233.664,265.280,96.080,116.522
235.754,231.420,96.080,116.522
264.597,220.133,96.080,116.522
297.621,229.748,96.080,116.522
326.465,244.378,96.080,116.522
343.604,253.993,96.080,116.522
338.170,259.427,96.080,116.522
306.818,259.009,96.080,116.522
264.597,258.591,96.080,116.522
224.885,248.977,96.080,116.522
182.665,239.362,96.080,116.522
165.526,229.748,96.080,116.522
189.353,215.117,96.080,116.522
229.901,196.306,96.080,116.522
257.896,181.572,98.206,119.100
293.360,169.181,98.206,119.100
304.042,159.354,98.206,119.100
287.378,155.508,98.206,119.100
268.151,154.226,98.206,119.100
252.342,152.090,98.206,119.100
256.132,146.783,100.378,121.735
274.911,154.207,100.378,121.735
309.412,169.493,100.378,121.735
332.559,185.651,100.378,121.735
342.604,190.455,100.378,121.735
325.571,190.019,100.378,121.735
284.082,187.835,100.378,121.735
231.238,182.158,100.378,121.735
184.509,171.240,100.378,121.735
166.603,169.056,100.378,121.735
188.876,176.480,100.378,121.735
235.606,183.905,100.378,121.735
276.221,196.570,100.378,121.735
315.963,201.374,100.378,121.735
341.730,200.937,100.378,121.735
327.318,198.753,100.378,121.735
298.057,191.329,100.378,121.735
258.315,174.297,100.378,121.735
223.814,149.403,100.378,121.735
226.871,130.624,100.378,121.735
248.271,128.440,100.378,121.735
264.430,150.713,100.378,121.735
281.462,182.594,100.378,121.735
290.633,211.855,100.378,121.735
273.601,236.748,100.378,121.735
252.201,241.552,100.378,121.735
231.675,232.381,100.378,121.735
226.871,205.741,100.378,121.735
245.650,179.974,100.378,121.735
268.797,174.297,100.378,121.735
282.335,188.709,100.378,121.735
291.507,216.222,100.378,121.735
288.449,256.838,100.378,121.735
282.772,287.845,100.378,121.735
284.082,296.143,100.378,121.735
281.025,279.111,100.378,121.735
286.703,234.128,100.378,121.735
295.874,176.044,100.378,121.735
292.817,138.048,100.378,121.735
288.013,133.244,100.378,121.735
278.842,170.366,100.378,121.735
282.772,237.185,100.378,121.735
300.678,298.764,100.378,121.735
308.976,328.898,100.378,121.735
315.527,313.612,100.378,121.735
316.837,262.515,100.378,121.735
306.792,199.190,100.378,121.735
301.115,154.207,100.378,121.735
298.058,152.897,100.378,121.735
291.507,197.006,100.378,121.735
296.311,260.332,100.378,121.735
314.216,300.947,100.378,121.735
318.147,310.992,100.378,121.735
308.976,284.352,100.378,121.735
305.919,233.255,100.378,121.735
307.229,184.778,100.378,121.735
302.425,165.999,100.378,121.735
295.000,184.778,100.378,121.735
291.943,230.634,100.378,121.735
293.254,282.605,100.378,121.735
288.450,307.498,100.378,121.735
280.152,309.682,100.378,121.735
284.082,289.156,100.378,121.735
276.658,266.883,100.378,121.735
273.601,253.344,100.378,121.735
274.911,252.034,100.378,121.735
256.132,262.952,100.378,121.735
233.859,280.858,100.378,121.735
212.459,296.143,100.378,121.735
195.427,305.314,100.378,121.735
194.117,307.498,100.378,121.735
219.010,300.947,100.378,121.735
248.271,295.270,100.378,121.735
275.785,290.466,100.378,121.735
309.412,285.662,100.378,121.735
326.445,281.731,100.378,121.735
319.894,276.927,100.378,121.735
295.874,268.629,100.378,121.735
259.626,257.711,100.378,121.735
223.377,247.667,100.378,121.735
196.737,242.863,100.378,121.735
184.946,238.059,100.378,121.735
197.611,231.508,100.378,121.735
230.365,224.083,100.378,121.735
268.360,217.532,100.378,121.735
312.470,208.361,100.378,121.735
342.604,204.431,100.378,121.735
352.821,201.725,102.599,124.429
343.447,198.600,102.599,124.429
313.539,196.368,102.599,124.429
276.488,191.458,102.599,124.429
236.760,181.191,102.599,124.429
220.243,162.889,102.599,124.429
239.438,147.265,102.599,124.429
274.703,149.497,102.599,124.429
301.932,157.086,102.599,124.429
330.948,162.889,102.599,124.429
334.965,161.550,102.599,124.429
305.057,159.318,102.599,124.429
269.792,153.515,102.599,124.429
241.670,145.033,102.599,124.429
226.939,142.801,102.599,124.429
243.455,151.283,102.599,124.429
282.291,168.692,102.599,124.429
309.521,187.887,102.599,124.429
331.394,199.046,102.599,124.429
338.983,208.421,102.599,124.429
319.788,218.687,102.599,124.429
290.773,232.526,102.599,124.429
263.543,241.007,102.599,124.429
246.134,233.418,102.599,124.429
243.902,211.545,102.599,124.429
271.132,194.136,102.599,124.429
308.182,196.368,102.599,124.429
338.983,209.313,102.599,124.429
366.212,215.116,102.599,124.429
362.195,212.884,102.599,124.429
321.573,201.725,102.599,124.429
273.810,186.994,102.599,124.429
245.687,168.692,102.599,124.429
241.670,154.854,102.599,124.429
267.114,146.373,102.599,124.429
292.558,158.425,102.599,124.429
317.110,179.405,102.599,124.429
343.447,194.136,102.599,124.429
341.215,203.510,102.599,124.429
307.735,203.957,102.599,124.429
263.543,193.690,102.599,124.429
217.565,174.495,102.599,124.429
174.265,157.086,102.599,124.429
154.178,147.712,102.599,124.429
161.766,139.230,102.599,124.429
187.956,131.833,104.869,127.182
220.351,140.502,104.869,127.182
253.658,160.122,104.869,127.182
287.878,189.779,104.869,127.182
311.148,220.349,104.869,127.182
320.729,244.531,104.869,127.182
294.722,262.325,104.869,127.182
248.639,271.906,104.869,127.182
210.769,265.975,104.869,127.182
181.112,240.880,104.869,127.182
191.606,207.573,104.869,127.182
226.739,181.566,104.869,127.182
255.483,182.022,104.869,127.182
279.665,206.204,104.869,127.182
299.285,228.561,104.869,127.182
301.566,249.093,104.869,127.182
281.034,257.762,104.869,127.182
245.902,250.006,104.869,127.182
211.682,213.961,104.869,127.182
206.663,166.966,104.869,127.182
234.495,140.046,104.869,127.182
270.540,148.715,104.869,127.182
302.022,183.847,104.869,127.182
327.117,217.155,104.869,127.182
336.698,240.424,104.869,127.182
309.779,248.181,104.869,127.182
257.308,244.987,104.869,127.182
203.013,224.455,104.869,127.182
172.443,195.710,104.869,127.182
187.500,166.053,104.869,127.182
229.020,147.346,104.869,127.182
266.890,151.453,104.869,127.182
295.634,166.509,104.869,127.182
316.166,180.653,104.869,127.182
313.885,192.973,104.869,127.182
298.828,206.204,104.869,127.182
275.559,203.923,104.869,127.182
228.564,181.566,104.869,127.182
213.507,159.209,104.869,127.182
241.339,149.627,104.869,127.182
291.072,153.734,104.869,127.182
331.679,169.703,104.869,127.182
361.337,185.672,104.869,127.182
363.618,187.041,104.869,127.182
336.698,180.197,104.869,127.182
302.478,171.528,104.869,127.182
254.571,157.384,104.869,127.182
207.493,150.770,107.189,129.996
198.632,150.304,107.189,129.996
214.955,149.837,107.189,129.996
248.999,153.102,107.189,129.996
288.640,162.895,107.189,129.996
333.877,172.689,107.189,129.996
378.181,177.819,107.189,129.996
395.436,182.949,107.189,129.996
385.643,181.550,107.189,129.996
353.464,173.622,107.189,129.996
300.765,159.164,107.189,129.996
236.874,145.640,107.189,129.996
174.848,135.846,107.189,129.996
128.678,135.380,107.189,129.996
109.558,141.443,107.189,129.996
120.284,148.438,107.189,129.996
158.992,150.770,107.189,129.996
207.027,152.169,107.189,129.996
261.591,159.164,107.189,129.996
318.953,168.958,107.189,129.996
360.459,179.684,107.189,129.996
381.445,185.747,107.189,129.996
375.383,184.348,107.189,129.996
347.867,179.218,107.189,129.996
308.227,169.424,107.189,129.996
267.654,155.900,107.189,129.996
250.398,146.106,107.189,129.996
255.528,150.304,107.189,129.996
283.976,161.963,107.189,129.996
320.819,175.487,107.189,129.996
353.930,188.079,107.189,129.996
374.916,195.074,107.189,129.996
380.046,203.002,107.189,129.996
368.387,218.392,107.189,129.996
356.728,241.244,107.189,129.996
348.800,262.230,107.189,129.996
338.074,265.494,107.189,129.996
328.280,241.710,107.189,129.996
311.958,194.608,107.189,129.996
293.770,140.976,107.189,129.996
298.900,102.268,107.189,129.996
294.702,90.609,107.189,129.996
284.909,110.663,107.189,129.996
279.779,157.765,107.189,129.996
279.313,214.195,107.189,129.996
286.308,254.768,107.189,129.996
290.505,274.822,107.189,129.996
287.241,264.095,107.189,129.996
284.909,229.118,107.189,129.996
290.039,174.554,107.189,129.996
299.832,127.452,107.189,129.996
295.635,111.129,107.189,129.996
283.976,123.721,107.189,129.996
273.250,170.823,107.189,129.996
269.053,226.320,107.189,129.996
266.721,264.095,107.189,129.996
266.254,269.225,107.189,129.996
275.115,232.383,107.189,129.996
290.505,182.482,107.189,129.996
290.039,154.967,107.189,129.996
306.361,147.039,107.189,129.996
310.559,154.967,107.189,129.996
289.572,171.290,107.189,129.996
273.250,179.218,107.189,129.996
264.389,162.895,107.189,129.996
271.384,139.111,107.189,129.996
283.976,140.510,107.189,129.996
297.501,169.891,107.189,129.996
327.814,204.868,107.189,129.996
336.675,228.652,107.189,129.996
320.352,240.311,107.189,129.996
297.501,226.787,107.189,129.996
274.649,175.953,107.189,129.996
259.259,129.784,107.189,129.996
269.985,129.317,107.189,129.996
300.299,169.891,107.189,129.996
327.814,208.599,107.189,129.996
338.540,228.652,107.189,129.996
314.756,226.320,107.189,129.996
281.644,194.141,107.189,129.996
262.524,140.510,107.189,129.996
270.452,112.995,107.189,129.996
293.303,135.846,107.189,129.996
319.886,175.487,107.189,129.996
339.007,203.935,107.189,129.996
330.146,215.594,107.189,129.996
295.169,211.397,107.189,129.996
256.461,194.141,107.189,129.996
230.811,171.290,107.189,129.996
227.547,157.765,107.189,129.996
243.869,161.963,107.189,129.996
269.519,182.016,107.189,129.996
293.303,205.800,107.189,129.996
313.357,220.258,107.189,129.996
314.756,229.118,107.189,129.996
297.501,229.585,107.189,129.996
269.985,216.993,107.189,129.996
257.394,198.805,107.189,129.996
272.783,197.406,107.189,129.996
310.559,209.065,107.189,129.996
330.612,223.522,107.189,129.996
341.338,224.921,107.189,129.996
335.276,217.926,107.189,129.996
306.828,209.065,107.189,129.996
280.245,191.810,107.189,129.996
262.990,178.285,107.189,129.996
272.783,167.559,107.189,129.996
304.962,164.294,107.189,129.996
312.890,176.886,107.189,129.996
322.684,184.814,107.189,129.996
322.218,189.011,107.189,129.996
287.241,188.545,107.189,129.996
250.398,178.752,107.189,129.996
220.085,161.496,107.189,129.996
209.358,153.568,107.189,129.996
233.143,157.765,107.189,129.996
266.254,174.088,107.189,129.996
282.577,194.141,107.189,129.996
304.496,204.868,107.189,129.996
306.828,209.998,107.189,129.996
287.707,207.666,107.189,129.996
266.721,191.343,107.189,129.996
254.129,180.617,107.189,129.996
276.048,183.882,107.189,129.996
311.025,199.271,107.189,129.996
325.482,213.729,107.189,129.996
335.276,215.128,107.189,129.996
321.751,209.065,107.189,129.996
299.832,195.541,107.189,129.996
267.653,180.151,107.189,129.996
251.331,174.088,107.189,129.996
267.653,176.420,107.189,129.996
291.438,188.079,107.189,129.996
304.962,200.670,107.189,129.996
322.218,201.137,107.189,129.996
319.886,194.141,107.189,129.996
297.967,179.684,107.189,129.996
275.115,155.900,107.189,129.996
261.591,133.981,107.189,129.996
258.326,134.447,107.189,129.996
265.322,155.434,107.189,129.996
271.384,180.151,107.189,129.996
275.582,192.742,107.189,129.996
262.990,198.805,107.189,129.996
242.004,195.541,107.189,129.996
226.614,183.882,107.189,129.996
219.618,177.819,107.189,129.996
239.672,189.478,107.189,129.996
275.582,211.397,107.189,129.996
303.097,230.518,107.189,129.996
326.881,236.580,107.189,129.996
332.944,237.047,107.189,129.996
321.597,231.254,109.561,132.872
307.774,224.104,109.561,132.872
297.763,215.047,109.561,132.872
288.706,215.523,109.561,132.872
285.370,222.674,109.561,132.872
287.753,229.824,109.561,132.872
283.463,232.207,109.561,132.872
275.359,226.010,109.561,132.872
258.676,215.047,109.561,132.872
253.432,204.083,109.561,132.872
259.629,208.373,109.561,132.872
279.173,220.290,109.561,132.872
298.717,226.487,109.561,132.872
311.587,223.150,109.561,132.872
309.204,216.954,109.561,132.872
301.100,196.456,109.561,132.872
294.903,171.192,109.561,132.872
300.147,165.949,109.561,132.872
311.110,182.633,109.561,132.872
323.027,203.130,109.561,132.872
332.084,214.093,109.561,132.872
327.794,219.337,109.561,132.872
308.250,213.140,109.561,132.872
289.660,191.690,109.561,132.872
271.069,154.985,109.561,132.872
260.461,133.239,111.985,135.812
264.846,146.394,111.985,135.812
269.231,177.089,111.985,135.812
273.616,201.937,111.985,135.812
263.384,216.067,111.985,135.812
267.769,208.759,111.985,135.812
287.745,201.450,111.985,135.812
311.619,211.682,111.985,135.812
330.621,219.965,111.985,135.812
335.981,215.580,111.985,135.812
314.055,204.374,111.985,135.812
281.411,188.295,111.985,135.812
257.537,169.293,111.985,135.812
253.152,166.857,111.985,135.812
274.103,178.063,111.985,135.812
296.028,196.091,111.985,135.812
309.183,209.246,111.985,135.812
326.236,214.605,111.985,135.812
330.621,214.118,111.985,135.812
324.287,208.759,111.985,135.812
310.158,204.374,111.985,135.812
299.926,202.912,111.985,135.812
300.413,208.271,111.985,135.812
302.849,212.656,111.985,135.812
301.388,218.990,111.985,135.812
