57.000,156.000,198.000,173.000
60.650,150.891,198.000,173.000
62.839,151.621,198.000,173.000
63.569,150.891,198.000,173.000
67.219,151.621,198.000,173.000
69.408,150.891,198.000,173.000
71.598,153.080,198.000,173.000
72.328,152.350,198.000,173.000
75.977,156.000,198.000,173.000
73.788,156.730,198.000,173.000
78.897,160.379,198.000,173.000
78.167,164.029,198.000,173.000
80.357,161.839,198.000,173.000
78.167,168.408,198.000,173.000
83.276,163.299,198.000,173.000
81.087,171.328,198.000,173.000
87.656,167.678,198.000,173.000
86.926,174.248,198.000,173.000
93.495,174.977,198.000,173.000
86.926,183.006,198.000,173.000
88.522,175.792,202.381,176.828
93.744,181.014,202.381,176.828
78.347,173.640,206.858,180.740
86.735,180.503,206.858,180.740
52.420,144.663,206.858,180.740
47.082,139.325,206.858,180.740
45.613,136.107,202.447,176.886
46.359,141.331,202.447,176.886
48.598,137.599,202.447,176.886
47.160,137.328,198.130,173.113
52.793,137.061,193.905,169.422
59.683,139.557,189.770,165.809
57.584,143.055,189.770,165.809
56.885,142.355,189.770,165.809
57.584,140.256,189.770,165.809
59.683,142.355,189.770,165.809
58.983,140.256,189.770,165.809
59.683,142.355,189.770,165.809
58.983,143.055,189.770,165.809
59.683,140.956,189.770,165.809
57.584,144.454,189.770,165.809
59.683,142.355,189.770,165.809
56.185,145.853,189.770,165.809
59.683,140.956,189.770,165.809
57.584,145.853,189.770,165.809
61.082,140.956,189.770,165.809
57.584,144.454,189.770,165.809
61.082,142.355,189.770,165.809
57.584,144.454,189.770,165.809
61.082,142.355,189.770,165.809
58.983,141.656,189.770,165.809
61.082,140.956,189.770,165.809
58.983,141.656,189.770,165.809
62.481,139.557,189.770,165.809
61.782,143.055,189.770,165.809
61.082,139.557,189.770,165.809
62.612,142.803,193.968,169.477
59.036,139.228,193.968,169.477
57.633,141.062,198.260,173.227
57.714,135.355,202.646,177.060
53.979,139.090,202.646,177.060
57.714,136.849,202.646,177.060
50.991,139.090,202.646,177.060
54.726,135.355,202.646,177.060
52.485,139.090,202.646,177.060
54.726,136.849,202.646,177.060
55.473,139.090,202.646,177.060
54.726,136.849,202.646,177.060
56.967,137.596,202.646,177.060
54.726,136.849,202.646,177.060
56.967,137.596,202.646,177.060
54.726,136.849,202.646,177.060
58.461,137.596,202.646,177.060
53.232,136.849,202.646,177.060
56.967,137.596,202.646,177.060
54.726,136.849,202.646,177.060
56.967,137.596,202.646,177.060
54.726,136.849,202.646,177.060
58.461,137.596,202.646,177.060
53.232,135.355,202.646,177.060
56.967,139.090,202.646,177.060
54.726,135.355,202.646,177.060
56.967,139.090,202.646,177.060
56.220,135.355,202.646,177.060
53.979,137.596,202.646,177.060
57.714,135.355,202.646,177.060
53.979,137.596,202.646,177.060
57.714,136.849,202.646,177.060
52.485,136.102,202.646,177.060
56.220,136.849,202.646,177.060
53.979,137.596,202.646,177.060
57.714,136.849,202.646,177.060
52.485,137.596,202.646,177.060
56.220,136.849,202.646,177.060
53.979,137.596,202.646,177.060
57.714,136.849,202.646,177.060
52.485,137.596,202.646,177.060
56.220,138.343,202.646,177.060
53.979,137.596,202.646,177.060
56.220,136.849,202.646,177.060
53.979,139.090,202.646,177.060
57.714,136.849,202.646,177.060
52.485,139.090,202.646,177.060
56.220,136.849,202.646,177.060
52.485,139.090,202.646,177.060
56.220,136.849,202.646,177.060
52.485,139.090,202.646,177.060
56.220,136.849,202.646,177.060
53.979,139.090,202.646,177.060
57.714,136.849,202.646,177.060
52.485,139.090,202.646,177.060
56.220,136.849,202.646,177.060
52.485,139.090,202.646,177.060
56.220,136.849,202.646,177.060
52.485,139.090,202.646,177.060
56.220,136.849,202.646,177.060
53.979,139.090,202.646,177.060
57.714,136.849,202.646,177.060
52.485,139.090,202.646,177.060
56.220,136.849,202.646,177.060
52.485,139.090,202.646,177.060
56.220,136.849,202.646,177.060
52.485,139.090,202.646,177.060
56.220,136.849,202.646,177.060
52.485,139.090,202.646,177.060
56.220,136.849,202.646,177.060
52.485,139.090,202.646,177.060
56.220,136.849,202.646,177.060
52.485,139.090,202.646,177.060
56.220,136.849,202.646,177.060
52.485,139.090,202.646,177.060
56.220,136.849,202.646,177.060
52.485,139.090,202.646,177.060
56.220,136.849,202.646,177.060
52.485,139.090,202.646,177.060
56.220,136.849,202.646,177.060
52.485,139.090,202.646,177.060
56.220,136.849,202.646,177.060
52.485,139.090,202.646,177.060
56.220,136.849,202.646,177.060
52.485,139.090,202.646,177.060
56.220,136.849,202.646,177.060
52.485,139.090,202.646,177.060
56.220,136.849,202.646,177.060
52.485,139.090,202.646,177.060
56.220,136.849,202.646,177.060
52.485,139.090,202.646,177.060
56.220,136.849,202.646,177.060
52.485,139.090,202.646,177.060
56.220,136.849,202.646,177.060
52.485,139.090,202.646,177.060
56.220,136.849,202.646,177.060
52.485,139.090,202.646,177.060
56.220,136.849,202.646,177.060
52.485,139.090,202.646,177.060
56.220,136.849,202.646,177.060
52.485,139.090,202.646,177.060
54.726,136.849,202.646,177.060
53.979,139.090,202.646,177.060
56.220,136.849,202.646,177.060
50.991,139.090,202.646,177.060
53.232,136.849,202.646,177.060
50.991,139.090,202.646,177.060
55.312,135.938,198.325,173.284
54.580,141.055,198.325,173.284
55.312,137.400,198.325,173.284
53.118,139.593,198.325,173.284
53.849,137.400,198.325,173.284
51.656,138.131,198.325,173.284
55.885,137.865,194.096,169.588
53.738,140.011,194.096,169.588
55.885,137.865,194.096,169.588
53.738,140.011,194.096,169.588
55.885,137.865,194.096,169.588
53.738,140.011,194.096,169.588
55.885,137.865,194.096,169.588
55.169,140.011,194.096,169.588
55.885,137.865,194.096,169.588
55.169,140.011,194.096,169.588
57.316,137.865,194.096,169.588
56.600,141.442,194.096,169.588
57.316,139.296,194.096,169.588
58.031,140.011,194.096,169.588
57.316,139.296,194.096,169.588
59.462,140.011,194.096,169.588
56.573,140.362,198.390,173.341
55.841,139.631,198.390,173.341
56.573,140.362,198.390,173.341
55.841,139.631,198.390,173.341
55.110,140.362,198.390,173.341
55.841,138.168,198.390,173.341
56.573,140.362,198.390,173.341
54.379,139.631,198.390,173.341
52.943,138.472,202.779,177.176
53.690,137.724,202.779,177.176
51.448,136.977,202.779,177.176
52.195,136.229,202.779,177.176
51.448,138.472,202.779,177.176
53.690,137.724,202.779,177.176
51.448,138.472,202.779,177.176
53.690,137.724,202.779,177.176
52.943,136.977,202.779,177.176
52.195,137.724,202.779,177.176
51.448,138.472,202.779,177.176
53.690,137.724,202.779,177.176
52.943,138.472,202.779,177.176
53.690,137.724,202.779,177.176
52.943,138.472,202.779,177.176
53.690,137.724,202.779,177.176
52.943,138.472,202.779,177.176
53.690,137.724,202.779,177.176
52.943,136.977,202.779,177.176
52.195,137.724,202.779,177.176
51.448,138.472,202.779,177.176
53.690,137.724,202.779,177.176
52.943,138.472,202.779,177.176
55.185,137.724,202.779,177.176
52.943,138.472,202.779,177.176
55.185,137.724,202.779,177.176
52.943,138.472,202.779,177.176
55.185,137.724,202.779,177.176
54.438,138.472,202.779,177.176
56.680,137.724,202.779,177.176
52.943,138.472,202.779,177.176
56.680,137.724,202.779,177.176
52.943,138.472,202.779,177.176
55.185,137.724,202.779,177.176
54.438,136.977,202.779,177.176
55.185,136.229,202.779,177.176
54.438,138.472,202.779,177.176
58.175,137.724,202.779,177.176
52.943,138.472,202.779,177.176
56.680,137.724,202.779,177.176
54.438,136.977,202.779,177.176
55.185,136.229,202.779,177.176
52.943,136.977,202.779,177.176
55.185,137.724,202.779,177.176
54.438,136.977,202.779,177.176
55.185,136.229,202.779,177.176
54.438,136.977,202.779,177.176
55.185,136.229,202.779,177.176
54.438,136.977,202.779,177.176
56.680,136.229,202.779,177.176
54.438,136.977,202.779,177.176
58.175,136.229,202.779,177.176
52.943,136.977,202.779,177.176
56.680,137.724,202.779,177.176
54.438,136.977,202.779,177.176
58.175,136.229,202.779,177.176
52.943,136.977,202.779,177.176
56.680,139.219,202.779,177.176
54.438,136.977,202.779,177.176
56.680,137.724,202.779,177.176
54.438,138.472,202.779,177.176
56.680,139.219,202.779,177.176
52.943,138.472,202.779,177.176
55.185,140.714,202.779,177.176
54.438,139.967,202.779,177.176
55.185,140.714,202.779,177.176
52.943,139.967,202.779,177.176
53.690,139.219,202.779,177.176
54.438,139.967,202.779,177.176
53.690,139.219,202.779,177.176
54.438,138.472,202.779,177.176
53.690,140.714,202.779,177.176
54.438,139.967,202.779,177.176
53.690,139.219,202.779,177.176
54.438,139.967,202.779,177.176
55.185,139.219,202.779,177.176
54.438,136.977,202.779,177.176
55.185,137.724,202.779,177.176
54.438,138.472,202.779,177.176
56.680,139.219,202.779,177.176
52.943,136.977,202.779,177.176
55.185,139.219,202.779,177.176
55.933,138.472,202.779,177.176
56.680,139.219,202.779,177.176
54.438,136.977,202.779,177.176
56.680,139.219,202.779,177.176
54.438,136.977,202.779,177.176
56.680,139.219,202.779,177.176
54.438,136.977,202.779,177.176
56.680,139.219,202.779,177.176
54.438,136.977,202.779,177.176
56.680,137.724,202.779,177.176
54.438,138.472,202.779,177.176
58.175,137.724,202.779,177.176
52.943,136.977,202.779,177.176
55.185,137.724,202.779,177.176
55.933,136.977,202.779,177.176
56.680,136.229,202.779,177.176
52.943,136.977,202.779,177.176
55.185,137.724,202.779,177.176
55.933,138.472,202.779,177.176
56.680,137.724,202.779,177.176
54.438,136.977,202.779,177.176
56.680,137.724,202.779,177.176
55.933,136.977,202.779,177.176
58.175,136.229,202.779,177.176
52.943,136.977,202.779,177.176
56.680,137.724,202.779,177.176
54.438,136.977,202.779,177.176
56.680,136.229,202.779,177.176
54.438,136.977,202.779,177.176
58.175,136.229,202.779,177.176
52.943,138.472,202.779,177.176
58.175,137.724,202.779,177.176
52.943,138.472,202.779,177.176
56.680,137.724,202.779,177.176
54.438,138.472,202.779,177.176
56.680,139.219,202.779,177.176
52.943,136.977,202.779,177.176
55.185,139.219,202.779,177.176
54.438,136.977,202.779,177.176
55.185,139.219,202.779,177.176
54.438,136.977,202.779,177.176
55.185,137.724,202.779,177.176
55.933,138.472,202.779,177.176
55.185,139.219,202.779,177.176
55.933,136.977,202.779,177.176
55.185,139.219,202.779,177.176
54.438,138.472,202.779,177.176
55.185,140.714,202.779,177.176
52.943,138.472,202.779,177.176
52.195,140.714,202.779,177.176
51.448,138.472,202.779,177.176
52.889,138.200,198.455,173.397
50.695,140.394,198.455,173.397
53.516,138.717,194.223,169.700
54.232,142.297,194.223,169.700
56.380,141.581,194.223,169.700
55.664,140.865,194.223,169.700
57.812,141.581,194.223,169.700
57.096,143.729,194.223,169.700
58.661,144.081,198.520,173.454
55.706,147.476,202.912,177.292
54.958,145.232,202.912,177.292
53.489,142.495,207.402,181.215
52.725,146.318,207.402,181.215
55.018,148.612,207.402,181.215
51.196,144.789,207.402,181.215
55.018,148.612,207.402,181.215
51.196,144.789,207.402,181.215
55.018,147.082,207.402,181.215
51.196,143.260,207.402,181.215
51.960,139.437,207.402,181.215
51.196,138.672,207.402,181.215
47.373,139.437,207.402,181.215
47.374,136.211,202.979,177.350
48.122,138.455,202.979,177.350
51.863,136.211,202.979,177.350
52.611,138.455,202.979,177.350
54.856,136.211,202.979,177.350
51.115,139.952,202.979,177.350
53.360,136.211,202.979,177.350
49.618,141.448,202.979,177.350
53.360,136.211,202.979,177.350
52.611,141.448,202.979,177.350
56.353,137.707,202.979,177.350
54.108,138.455,202.979,177.350
57.849,137.707,202.979,177.350
52.611,138.455,202.979,177.350
56.353,137.707,202.979,177.350
54.108,138.455,202.979,177.350
57.849,137.707,202.979,177.350
52.611,138.455,202.979,177.350
56.353,137.707,202.979,177.350
55.604,138.455,202.979,177.350
54.856,137.707,202.979,177.350
57.101,138.455,202.979,177.350
53.360,139.204,202.979,177.350
57.101,138.455,202.979,177.350
53.360,139.204,202.979,177.350
57.101,138.455,202.979,177.350
53.360,137.707,202.979,177.350
55.604,138.455,202.979,177.350
53.360,137.707,202.979,177.350
54.108,139.952,202.979,177.350
54.856,137.707,202.979,177.350
52.611,138.455,202.979,177.350
53.360,137.707,202.979,177.350
51.115,139.952,202.979,177.350
53.360,137.707,202.979,177.350
51.115,139.952,202.979,177.350
53.360,136.211,202.979,177.350
52.611,139.952,202.979,177.350
54.856,137.707,202.979,177.350
51.115,138.455,202.979,177.350
51.863,136.211,202.979,177.350
49.618,139.952,202.979,177.350
53.360,134.714,202.979,177.350
52.611,138.455,202.979,177.350
48.870,134.714,202.979,177.350
48.871,140.211,198.650,173.568
48.138,136.550,198.650,173.568
45.942,141.676,198.650,173.568
53.621,154.191,203.045,177.408
84.309,166.916,203.045,177.408
75.074,156.411,207.538,181.333
79.922,147.261,212.130,185.345
71.320,144.915,212.130,185.345
76.794,136.313,212.130,185.345
63.900,133.452,216.823,189.446
58.305,134.251,216.823,189.446
55.907,131.853,216.823,189.446
51.911,132.652,216.823,189.446
49.513,133.452,216.823,189.446
50.312,132.652,216.823,189.446
49.513,135.050,216.823,189.446
51.911,132.652,216.823,189.446
49.513,136.649,216.823,189.446
55.108,134.251,216.823,189.446
54.309,135.050,216.823,189.446
55.108,135.849,216.823,189.446
57.506,133.452,216.823,189.446
56.707,134.251,216.823,189.446
55.907,133.452,216.823,189.446
55.108,132.652,216.823,189.446
54.309,131.853,216.823,189.446
53.509,131.054,216.823,189.446
54.309,130.254,216.823,189.446
51.911,132.652,216.823,189.446
54.309,128.656,216.823,189.446
51.911,132.652,216.823,189.446
57.506,130.254,216.823,189.446
56.707,134.251,216.823,189.446
62.302,130.254,216.823,189.446
67.897,132.652,216.823,189.446
73.492,130.254,216.823,189.446
63.630,137.281,221.620,193.638
75.884,134.830,221.620,193.638
65.264,143.816,221.620,193.638
68.745,142.522,226.523,197.922
69.580,148.367,226.523,197.922
58.725,155.883,226.523,197.922
44.529,146.697,226.523,197.922
38.683,137.511,226.523,197.922
37.075,130.768,221.693,193.701
41.801,128.895,216.965,189.570
42.601,131.295,216.965,189.570
48.769,132.545,212.338,185.528
48.770,135.278,207.810,181.571
48.004,132.980,207.810,181.571
48.004,135.654,203.378,177.699
50.254,136.404,203.378,177.699
51.003,135.654,203.378,177.699
50.254,137.903,203.378,177.699
54.590,134.739,199.041,173.910
53.856,139.876,199.041,173.910
56.058,137.674,199.041,173.910
55.324,141.343,199.041,173.910
57.525,139.142,199.041,173.910
55.324,139.876,199.041,173.910
57.525,139.142,199.041,173.910
58.259,139.876,199.041,173.910
57.525,137.674,199.041,173.910
58.259,139.876,199.041,173.910
56.058,139.142,199.041,173.910
55.324,141.343,199.041,173.910
57.525,139.142,199.041,173.910
55.324,141.343,199.041,173.910
57.525,139.142,199.041,173.910
56.791,141.343,199.041,173.910
58.993,140.609,199.041,173.910
56.791,138.408,199.041,173.910
57.525,142.077,199.041,173.910
59.726,138.408,199.041,173.910
56.058,140.609,199.041,173.910
58.259,139.876,199.041,173.910
57.525,137.674,199.041,173.910
58.259,139.876,199.041,173.910
57.525,137.674,199.041,173.910
58.259,139.876,199.041,173.910
57.525,139.142,199.041,173.910
58.259,139.876,199.041,173.910
56.058,139.142,199.041,173.910
56.791,141.343,199.041,173.910
58.993,139.142,199.041,173.910
53.856,139.876,199.041,173.910
56.058,137.674,199.041,173.910
55.324,141.343,199.041,173.910
56.058,139.142,199.041,173.910
52.389,141.343,199.041,173.910
56.058,137.674,199.041,173.910
53.856,141.343,199.041,173.910
56.058,137.674,199.041,173.910
53.856,141.343,199.041,173.910
56.058,137.674,199.041,173.910
53.856,141.343,199.041,173.910
56.058,137.674,199.041,173.910
55.324,139.876,199.041,173.910
56.058,139.142,199.041,173.910
55.324,139.876,199.041,173.910
57.525,137.674,199.041,173.910
58.259,139.876,199.041,173.910
57.525,137.674,199.041,173.910
59.726,138.408,199.041,173.910
56.058,140.609,199.041,173.910
59.726,138.408,199.041,173.910
56.058,140.609,199.041,173.910
58.259,138.408,199.041,173.910
57.525,139.142,199.041,173.910
58.259,138.408,199.041,173.910
57.525,140.609,199.041,173.910
58.259,138.408,199.041,173.910
57.525,140.609,199.041,173.910
58.259,136.941,199.041,173.910
57.525,139.142,199.041,173.910
59.726,138.408,199.041,173.910
56.058,140.609,199.041,173.910
58.259,138.408,199.041,173.910
57.525,140.609,199.041,173.910
59.726,138.408,199.041,173.910
56.058,140.609,199.041,173.910
58.259,138.408,199.041,173.910
57.525,140.609,199.041,173.910
58.259,138.408,199.041,173.910
57.525,140.609,199.041,173.910
59.726,138.408,199.041,173.910
56.058,140.609,199.041,173.910
58.259,138.408,199.041,173.910
57.525,140.609,199.041,173.910
58.259,138.408,199.041,173.910
56.058,140.609,199.041,173.910
58.259,139.876,199.041,173.910
56.058,139.142,199.041,173.910
55.324,142.811,199.041,173.910
57.525,140.609,199.041,173.910
58.259,139.876,199.041,173.910
56.058,139.142,199.041,173.910
56.791,141.343,199.041,173.910
57.525,140.609,199.041,173.910
56.791,139.876,199.041,173.910
57.525,140.609,199.041,173.910
58.259,138.408,199.041,173.910
56.058,142.077,199.041,173.910
58.259,139.876,199.041,173.910
56.058,139.142,199.041,173.910
56.791,141.343,199.041,173.910
58.993,140.609,199.041,173.910
55.324,138.408,199.041,173.910
57.525,142.077,199.041,173.910
58.259,138.408,199.041,173.910
57.525,140.609,199.041,173.910
58.259,138.408,199.041,173.910
57.525,140.609,199.041,173.910
58.259,138.408,199.041,173.910
57.525,140.609,199.041,173.910
58.259,138.408,199.041,173.910
57.525,140.609,199.041,173.910
59.726,138.408,199.041,173.910
56.058,140.609,199.041,173.910
58.259,139.876,199.041,173.910
57.525,139.142,199.041,173.910
58.259,141.343,199.041,173.910
58.993,139.142,199.041,173.910
55.324,139.876,199.041,173.910
58.993,140.609,199.041,173.910
56.791,138.408,199.041,173.910
58.993,142.077,199.041,173.910
56.791,138.408,199.041,173.910
58.993,142.077,199.041,173.910
56.791,138.408,199.041,173.910
58.993,142.077,199.041,173.910
56.791,138.408,199.041,173.910
58.993,142.077,199.041,173.910
56.791,138.408,199.041,173.910
60.460,142.077,199.041,173.910
56.791,138.408,199.041,173.910
58.993,142.077,199.041,173.910
56.791,138.408,199.041,173.910
58.993,142.077,199.041,173.910
56.791,138.408,199.041,173.910
58.993,142.077,199.041,173.910
56.791,138.408,199.041,173.910
58.993,142.077,199.041,173.910
56.791,138.408,199.041,173.910
58.993,142.077,199.041,173.910
56.791,138.408,199.041,173.910
58.993,142.077,199.041,173.910
56.791,138.408,199.041,173.910
58.993,142.077,199.041,173.910
56.791,136.941,199.041,173.910
58.993,140.609,199.041,173.910
55.324,138.408,199.041,173.910
58.993,142.077,199.041,173.910
56.791,138.408,199.041,173.910
58.993,142.077,199.041,173.910
56.791,138.408,199.041,173.910
58.993,142.077,199.041,173.910
56.791,138.408,199.041,173.910
58.993,142.077,199.041,173.910
55.324,138.408,199.041,173.910
57.525,142.077,199.041,173.910
58.259,138.408,199.041,173.910
56.058,140.609,199.041,173.910
56.791,139.876,199.041,173.910
54.590,140.609,199.041,173.910
55.324,138.408,199.041,173.910
53.123,142.077,199.041,173.910
55.324,138.408,199.041,173.910
56.058,142.077,199.041,173.910
58.259,139.876,199.041,173.910
56.058,137.675,199.041,173.910
56.791,141.343,199.041,173.910
58.992,140.609,199.041,173.910
56.791,139.876,199.041,173.910
57.525,142.077,199.041,173.910
58.259,141.343,199.041,173.910
57.525,140.610,199.041,173.910
56.791,141.343,199.041,173.910
57.525,143.544,199.041,173.910
58.259,141.343,199.041,173.910
57.525,142.077,199.041,173.910
55.324,141.343,199.041,173.910
54.590,140.610,199.041,173.910
55.324,139.876,199.041,173.910
53.123,140.610,199.041,173.910
52.389,136.941,199.041,173.910
51.655,139.142,199.041,173.910
53.070,137.460,194.797,170.201
53.788,139.615,194.797,170.201
54.506,137.460,194.797,170.201
52.352,139.615,194.797,170.201
53.070,137.460,194.797,170.201
52.352,139.615,194.797,170.201
53.070,137.460,194.797,170.201
53.788,141.051,194.797,170.201
54.506,138.896,194.797,170.201
53.788,141.051,194.797,170.201
55.943,138.896,194.797,170.201
53.788,141.051,194.797,170.201
57.379,140.333,194.797,170.201
56.661,143.923,194.797,170.201
58.815,141.769,194.797,170.201
58.097,142.487,194.797,170.201
57.379,143.205,194.797,170.201
55.224,142.487,194.797,170.201
53.070,141.769,194.797,170.201
57.224,142.891,190.643,166.572
55.115,145.000,190.643,166.572
54.413,144.297,190.643,166.572
53.710,146.405,190.643,166.572
53.007,145.703,190.643,166.572
53.710,146.405,190.643,166.572
53.007,144.297,190.643,166.572
53.710,146.405,190.643,166.572
53.007,144.297,190.643,166.572
55.717,144.041,186.577,163.019
52.278,147.480,186.577,163.019
55.717,146.792,186.577,163.019
55.029,141.978,186.577,163.019
53.704,147.030,182.598,159.543
57.070,142.319,182.598,159.543
57.743,144.338,182.598,159.543
61.108,146.357,182.598,159.543
61.782,147.030,182.598,159.543
66.493,153.089,182.598,159.543
91.710,185.544,186.638,163.073
98.925,181.598,190.768,166.681
88.789,179.025,194.988,170.369
79.920,170.428,199.303,174.138
73.904,169.264,203.712,177.991
70.871,161.841,208.219,181.929
67.033,167.214,208.219,181.929
64.730,160.306,208.219,181.929
60.893,156.468,208.219,181.929
57.055,155.701,208.219,181.929
51.682,156.468,208.219,181.929
49.379,154.165,208.219,181.929
45.541,154.933,208.219,181.929
44.774,152.630,208.219,181.929
44.006,150.328,208.219,181.929
40.168,151.095,208.219,181.929
42.471,148.792,208.219,181.929
38.633,154.165,208.219,181.929
40.936,150.328,208.219,181.929
38.633,155.701,208.219,181.929
42.471,151.863,208.219,181.929
40.168,157.236,208.219,181.929
42.471,151.863,208.219,181.929
38.633,158.771,208.219,181.929
42.471,153.398,208.219,181.929
40.168,157.236,208.219,181.929
42.471,151.863,208.219,181.929
40.168,158.771,208.219,181.929
44.006,153.398,208.219,181.929
41.703,157.236,208.219,181.929
45.541,153.398,208.219,181.929
44.774,158.771,208.219,181.929
48.611,156.468,208.219,181.929
46.309,160.306,208.219,181.929
48.611,158.003,208.219,181.929
47.844,161.841,208.219,181.929
51.682,158.003,208.219,181.929
49.379,161.841,208.219,181.929
51.682,159.538,208.219,181.929
50.914,163.376,208.219,181.929
