288.000,143.000,35.000,42.000
289.060,141.637,35.000,42.000
290.726,141.183,35.000,42.000
293.602,141.334,35.000,42.000
295.268,140.880,35.000,42.000
296.025,139.517,35.000,42.000
296.177,138.457,35.000,42.000
296.934,139.820,35.000,42.000
297.994,139.063,35.000,42.000
298.448,140.426,35.000,42.000
298.599,141.486,35.000,42.000
299.054,141.940,35.000,42.000
298.296,141.789,35.000,42.000
297.237,141.334,35.000,42.000
296.177,140.577,35.000,42.000
296.631,140.123,35.000,42.000
297.691,142.091,35.000,42.000
298.145,141.940,35.000,42.000
296.479,142.091,35.000,42.000
296.631,143.454,35.000,42.000
297.085,144.817,35.000,42.000
296.328,145.271,35.000,42.000
295.874,146.634,35.000,42.000
295.420,146.785,35.000,42.000
293.754,146.937,35.000,42.000
292.694,147.694,35.000,42.000
292.543,147.543,35.000,42.000
292.694,147.391,35.000,42.000
292.240,149.057,35.000,42.000
291.180,149.208,35.000,42.000
290.423,149.057,35.000,42.000
290.574,149.511,35.000,42.000
291.331,148.754,35.000,42.000
291.483,148.905,35.000,42.000
291.937,148.451,35.000,42.000
292.694,147.694,35.000,42.000
293.148,146.634,35.000,42.000
292.997,146.483,35.000,42.000
294.057,147.543,35.000,42.000
293.603,146.180,35.000,42.000
294.057,147.240,35.000,42.000
294.208,147.088,35.000,42.000
294.360,146.634,35.000,42.000
293.905,146.483,35.000,42.000
294.662,147.543,35.000,42.000
294.511,145.574,35.000,42.000
294.057,146.331,35.000,42.000
292.088,147.997,35.000,42.000
291.028,148.148,35.000,42.000
290.271,149.208,35.000,42.000
290.120,149.965,35.000,42.000
289.968,149.511,35.000,42.000
290.423,149.057,35.000,42.000
289.666,150.117,35.000,42.000
289.817,150.874,35.000,42.000
289.968,151.328,35.000,42.000
290.120,152.691,35.000,42.000
288.454,152.236,35.000,42.000
288.909,154.205,35.000,42.000
289.666,154.659,35.000,42.000
289.817,153.902,35.000,42.000
290.271,154.356,35.000,42.000
289.817,154.205,35.000,42.000
290.271,154.054,35.000,42.000
290.726,152.994,35.000,42.000
292.088,152.539,35.000,42.000
292.543,152.388,35.000,42.000
293.300,153.751,35.000,42.000
294.057,152.994,35.000,42.000
294.814,154.054,35.000,42.000
297.085,154.811,35.000,42.000
297.842,154.962,35.000,42.000
301.022,155.719,35.000,42.000
302.990,156.476,35.000,42.000
307.079,158.747,35.000,42.000
309.350,161.019,35.000,42.000
312.833,166.621,35.000,42.000
315.407,171.921,35.000,42.000
316.164,178.432,35.000,42.000
317.224,184.943,35.000,42.000
317.981,190.242,35.000,42.000
318.132,194.634,35.000,42.000
315.255,197.813,35.000,42.000
312.984,200.993,35.000,42.000
310.410,202.962,35.000,42.000
305.110,203.113,35.000,42.000
299.508,201.447,35.000,42.000
296.025,198.268,35.000,42.000
291.331,191.454,35.000,42.000
287.243,183.429,35.000,42.000
283.457,172.072,35.000,42.000
281.489,160.716,35.000,42.000
281.035,150.571,35.000,42.000
281.186,143.151,35.000,42.000
282.246,137.246,35.000,42.000
283.912,133.158,35.000,42.000
285.880,130.281,35.000,42.000
287.243,129.524,35.000,42.000
288.909,130.887,35.000,42.000
291.785,134.672,35.000,42.000
293.451,141.183,35.000,42.000
294.814,149.814,35.000,42.000
297.691,160.867,35.000,42.000
299.962,172.829,35.000,42.000
301.628,184.791,35.000,42.000
301.476,192.817,35.000,42.000
300.416,197.813,35.000,42.000
297.842,198.570,35.000,42.000
293.754,194.785,35.000,42.000
286.940,188.274,35.000,42.000
279.521,180.249,35.000,42.000
271.798,171.618,35.000,42.000
264.682,164.501,35.000,42.000
256.283,161.366,35.774,42.929
247.055,158.804,36.566,43.879
243.101,160.544,36.566,43.879
240.095,161.968,36.566,43.879
237.722,164.024,36.566,43.879
236.298,167.346,36.566,43.879
237.722,172.250,36.566,43.879
239.146,175.889,36.566,43.879
242.468,177.945,36.566,43.879
247.372,175.256,36.566,43.879
254.174,168.137,36.566,43.879
262.242,160.069,36.566,43.879
271.575,151.685,36.566,43.879
281.510,146.768,37.375,44.850
288.646,142.749,38.202,45.842
296.083,140.931,38.202,45.842
301.662,141.282,39.047,46.856
308.250,142.464,39.047,46.856
314.162,144.998,39.047,46.856
318.723,150.910,39.047,46.856
322.947,158.174,39.047,46.856
326.156,167.465,39.047,46.856
327.339,178.445,39.047,46.856
327.170,185.709,39.047,46.856
325.650,189.595,39.047,46.856
323.453,191.453,39.047,46.856
319.906,189.257,39.047,46.856
316.021,185.034,39.047,46.856
309.433,177.432,39.047,46.856
304.872,168.479,39.047,46.856
300.648,159.188,39.047,46.856
296.087,150.235,39.047,46.856
290.513,143.984,39.047,46.856
286.627,140.775,39.047,46.856
282.742,139.254,39.047,46.856
278.857,139.423,39.047,46.856
276.323,142.295,39.047,46.856
273.113,147.194,39.047,46.856
271.593,154.120,39.047,46.856
271.086,161.384,39.047,46.856
269.566,166.283,39.047,46.856
268.843,168.899,38.214,45.857
267.497,170.503,37.399,44.879
265.557,169.578,36.602,43.922
264.765,166.886,36.602,43.922
262.706,164.194,36.602,43.922
260.197,161.152,35.821,42.986
257.252,156.968,35.821,42.986
256.168,154.644,35.821,42.986
256.013,152.629,35.821,42.986
258.337,153.094,35.821,42.986
261.592,154.799,35.821,42.986
262.366,158.673,35.821,42.986
263.451,163.477,35.821,42.986
264.226,169.521,35.821,42.986
265.001,176.185,35.821,42.986
265.776,182.229,35.821,42.986
266.241,187.653,35.821,42.986
267.016,189.667,35.821,42.986
267.248,187.287,35.057,42.069
266.793,180.766,35.057,42.069
266.338,174.244,35.057,42.069
267.703,167.419,35.057,42.069
269.068,163.931,35.057,42.069
272.860,161.352,35.057,42.069
277.258,159.077,35.057,42.069
283.476,158.622,35.057,42.069
289.998,160.291,35.057,42.069
298.036,162.869,35.057,42.069
304.861,167.267,35.057,42.069
310.473,169.846,35.057,42.069
313.355,171.817,35.057,42.069
315.326,171.362,35.057,42.069
314.265,169.997,35.057,42.069
311.080,168.936,35.057,42.069
306.075,171.211,35.057,42.069
302.283,174.092,35.057,42.069
299.401,179.401,35.057,42.069
297.430,186.832,35.057,42.069
295.155,194.567,35.057,42.069
291.060,201.392,35.057,42.069
283.591,205.805,35.833,43.000
275.314,207.099,36.626,43.951
268.168,203.160,37.436,44.923
264.767,195.224,37.436,44.923
263.310,186.316,37.436,44.923
265.091,178.057,37.436,44.923
269.788,171.416,37.436,44.923
276.428,168.339,37.436,44.923
284.040,167.853,37.436,44.923
293.272,169.959,37.436,44.923
301.856,175.627,37.436,44.923
309.468,182.915,37.436,44.923
314.164,191.175,37.436,44.923
316.271,197.567,38.264,45.917
313.615,200.666,39.111,46.933
310.738,202.189,39.111,46.933
305.493,200.328,39.111,46.933
297.540,195.759,39.111,46.933
289.249,188.484,39.111,46.933
280.620,184.930,39.111,46.933
271.652,182.054,39.111,46.933
265.730,180.531,39.111,46.933
261.838,182.731,39.111,46.933
259.977,184.253,39.111,46.933
260.146,187.130,39.111,46.933
261.053,186.489,38.277,45.932
264.530,184.998,38.277,45.932
269.664,181.521,38.277,45.932
276.122,175.725,38.277,45.932
280.593,172.579,38.277,45.932
282.747,173.960,39.124,46.949
283.593,176.161,39.124,46.949
283.424,178.023,39.124,46.949
284.270,180.900,39.124,46.949
285.116,183.100,39.124,46.949
284.270,183.608,39.124,46.949
282.069,181.069,39.124,46.949
277.499,176.499,39.124,46.949
272.591,168.206,39.124,46.949
267.344,160.250,39.124,46.949
262.051,153.736,38.290,45.948
257.829,151.192,37.473,44.968
254.635,150.265,36.674,44.009
251.814,152.111,35.892,43.070
249.353,154.516,35.126,42.152
246.945,157.455,34.377,41.253
243.227,161.471,34.377,41.253
240.996,168.164,34.377,41.253
240.252,172.774,34.377,41.253
241.888,174.410,34.377,41.253
244.405,172.700,33.644,40.373
247.462,168.770,33.644,40.373
250.809,162.220,33.644,40.373
253.866,157.125,33.644,40.373
259.543,153.196,33.644,40.373
266.675,150.721,33.644,40.373
272.642,148.538,33.644,40.373
278.319,147.810,33.644,40.373
282.540,148.247,33.644,40.373
285.597,148.683,33.644,40.373
286.033,149.993,33.644,40.373
283.559,152.468,33.644,40.373
279.920,152.904,33.644,40.373
274.535,150.139,33.644,40.373
269.149,144.754,33.644,40.373
263.181,137.621,33.644,40.373
258.087,131.654,33.644,40.373
251.572,128.296,32.927,39.512
241.173,125.305,32.927,39.512
229.634,128.011,32.927,39.512
211.828,138.410,32.927,39.512
193.737,146.815,32.927,39.512
179.635,158.923,32.927,39.512
169.414,174.310,32.225,38.670
163.140,186.717,32.225,38.670
165.789,194.106,32.225,38.670
167.044,201.216,32.225,38.670
168.020,204.144,32.225,38.670
169.553,201.774,32.225,38.670
170.529,195.500,32.225,38.670
171.784,189.785,32.225,38.670
175.548,183.232,32.225,38.670
181.543,177.238,32.225,38.670
186.422,175.983,32.225,38.670
190.839,178.303,32.938,39.525
196.681,181.296,32.938,39.525
199.421,187.215,33.666,40.400
201.897,192.896,33.666,40.400
203.499,197.993,33.666,40.400
206.267,203.091,33.666,40.400
212.090,208.840,34.411,41.293
213.727,214.646,34.411,41.293
207.624,218.963,34.411,41.293
202.115,221.494,34.411,41.293
200.776,219.558,34.411,41.293
201.818,214.050,34.411,41.293
202.860,207.946,34.411,41.293
202.413,205.416,34.411,41.293
202.860,205.267,34.411,41.293
205.391,206.011,34.411,41.293
205.539,208.244,34.411,41.293
203.902,213.157,34.411,41.293
203.455,218.070,34.411,41.293
203.306,220.898,34.411,41.293
202.264,221.047,34.411,41.293
202.413,217.325,34.411,41.293
201.073,210.626,34.411,41.293
202.413,203.331,34.411,41.293
202.562,196.930,34.411,41.293
202.115,193.506,34.411,41.293
201.371,192.166,34.411,41.293
198.840,192.017,34.411,41.293
198.989,193.059,34.411,41.293
199.733,195.292,34.411,41.293
198.989,199.312,34.411,41.293
198.840,203.927,34.411,41.293
198.691,207.053,34.411,41.293
198.542,206.904,34.411,41.293
199.882,202.587,34.411,41.293
201.520,198.568,34.411,41.293
201.669,195.144,34.411,41.293
202.115,193.208,34.411,41.293
202.562,193.059,34.411,41.293
201.818,194.697,34.411,41.293
201.073,197.823,34.411,41.293
201.818,201.843,34.411,41.293
202.860,207.351,34.411,41.293
202.115,213.157,34.411,41.293
199.882,219.261,34.411,41.293
197.352,222.685,34.411,41.293
198.691,221.345,34.411,41.293
200.924,216.432,34.411,41.293
200.180,209.435,34.411,41.293
197.649,201.843,34.411,41.293
195.290,195.539,33.677,40.413
191.576,190.212,32.959,39.551
185.445,187.218,32.959,39.551
180.711,185.853,32.256,38.708
180.293,184.876,32.256,38.708
180.711,185.853,32.256,38.708
176.617,189.090,31.568,37.882
171.290,196.055,31.568,37.882
169.515,204.113,31.568,37.882
170.744,208.893,31.568,37.882
171.427,213.673,31.568,37.882
172.383,214.629,31.568,37.882
174.432,211.761,31.568,37.882
176.480,208.620,31.568,37.882
176.617,206.845,31.568,37.882
178.665,206.708,31.568,37.882
183.172,207.391,31.568,37.882
189.591,209.166,31.568,37.882
193.279,213.673,31.568,37.882
199.697,218.726,31.568,37.882
210.760,223.233,31.568,37.882
222.369,226.375,31.568,37.882
231.792,229.516,31.568,37.882
242.854,226.101,31.568,37.882
253.917,215.858,31.568,37.882
261.155,205.889,31.568,37.882
268.940,197.831,31.568,37.882
277.544,191.958,31.568,37.882
285.875,188.817,31.568,37.882
293.659,186.769,31.568,37.882
297.074,188.544,31.568,37.882
297.150,192.517,32.267,38.720
295.056,198.520,32.267,38.720
291.845,206.198,32.267,38.720
287.238,216.667,32.267,38.720
280.119,224.345,32.267,38.720
269.370,227.556,32.267,38.720
254.713,230.208,32.267,38.720
239.497,231.464,32.267,38.720
221.769,233.000,32.267,38.720
208.228,237.885,32.267,38.720
199.713,240.259,32.267,38.720
193.710,242.073,32.267,38.720
187.708,243.888,32.267,38.720
177.517,244.307,32.267,38.720
165.094,239.142,32.267,38.720
159.091,229.789,32.267,38.720
158.393,219.319,32.267,38.720
161.883,205.500,32.267,38.720
170.650,196.816,32.981,39.577
181.066,193.820,32.981,39.577
189.484,196.245,32.981,39.577
200.471,201.810,32.981,39.577
212.599,209.087,32.981,39.577
225.012,220.644,32.981,39.577
237.526,232.493,33.711,40.453
251.964,244.306,33.711,40.453
266.694,251.160,33.711,40.453
278.799,253.640,33.711,40.453
290.320,254.077,33.711,40.453
304.467,248.681,33.711,40.453
319.196,243.868,33.711,40.453
333.051,237.014,33.711,40.453
348.656,233.951,33.711,40.453
360.177,231.180,33.711,40.453
369.365,230.451,33.711,40.453
374.178,230.889,33.711,40.453
373.740,231.326,33.711,40.453
370.094,233.806,33.711,40.453
360.906,235.701,33.711,40.453
346.468,242.264,33.711,40.453
327.655,249.410,33.711,40.453
307.092,255.681,33.711,40.453
287.695,258.744,33.711,40.453
268.882,257.140,33.711,40.453
252.693,251.160,33.711,40.453
237.089,244.014,33.711,40.453
222.067,238.035,33.711,40.453
209.088,232.930,33.711,40.453
201.066,227.534,33.711,40.453
197.129,223.013,33.711,40.453
196.399,218.492,33.711,40.453
197.129,217.763,33.711,40.453
201.650,217.909,33.711,40.453
207.629,216.596,33.711,40.453
213.900,219.076,33.711,40.453
222.505,220.097,33.711,40.453
234.901,217.617,33.711,40.453
250.214,212.221,33.711,40.453
259.694,205.658,33.711,40.453
268.007,200.262,33.711,40.453
276.611,195.158,33.711,40.453
286.091,191.220,33.711,40.453
293.820,189.324,33.711,40.453
299.800,191.220,33.711,40.453
307.529,194.283,33.711,40.453
314.675,200.554,33.711,40.453
321.530,208.867,33.711,40.453
328.092,219.222,33.711,40.453
335.530,229.576,33.711,40.453
340.926,236.431,33.711,40.453
345.156,238.910,33.711,40.453
347.343,236.431,33.711,40.453
352.569,230.082,34.456,41.348
354.507,222.665,35.219,42.262
352.831,217.028,35.219,42.262
350.703,212.292,35.998,43.197
348.678,209.956,35.998,43.197
341.982,207.620,35.998,43.197
335.282,207.950,36.794,44.153
326.209,211.293,36.794,44.153
315.225,217.819,36.794,44.153
304.242,225.937,36.794,44.153
293.577,236.921,36.794,44.153
281.956,242.811,36.794,44.153
269.381,241.378,36.794,44.153
256.258,237.091,37.608,45.130
244.532,228.996,38.441,46.129
234.055,222.842,38.441,46.129
224.140,216.983,39.291,47.149
212.242,211.700,40.160,48.192
203.034,208.747,40.160,48.192
194.868,206.835,40.160,48.192
189.134,205.619,40.160,48.192
184.443,206.835,40.160,48.192
182.184,205.272,40.160,48.192
185.138,201.971,40.160,48.192
189.829,194.500,40.160,48.192
197.995,185.986,40.160,48.192
209.288,175.388,40.160,48.192
224.751,170.349,40.160,48.192
239.867,167.743,40.160,48.192
254.983,170.349,40.160,48.192
267.318,175.040,40.160,48.192
275.832,180.774,40.160,48.192
283.650,186.855,40.160,48.192
288.341,194.326,40.160,48.192
290.947,200.059,40.160,48.192
291.121,202.318,40.160,48.192
290.600,200.407,40.160,48.192
287.646,195.368,40.160,48.192
283.650,186.507,40.160,48.192
281.044,176.952,40.160,48.192
278.785,168.438,40.160,48.192
274.789,164.790,40.160,48.192
270.098,165.311,40.160,48.192
266.102,168.612,40.160,48.192
264.538,172.261,40.160,48.192
266.102,178.342,40.160,48.192
269.751,184.075,40.160,48.192
275.484,191.893,40.160,48.192
277.395,202.839,40.160,48.192
278.612,210.658,40.160,48.192
279.133,213.264,40.160,48.192
279.654,210.310,40.160,48.192
282.955,202.492,40.160,48.192
286.604,189.809,40.160,48.192
291.219,177.763,39.304,47.165
291.729,168.071,39.304,47.165
289.362,159.559,38.466,46.159
286.865,151.405,38.466,46.159
288.363,143.917,38.466,46.159
287.531,137.427,38.466,46.159
283.931,136.475,37.645,45.175
277.254,137.941,37.645,45.175
270.577,137.452,37.645,45.175
264.225,140.547,37.645,45.175
256.570,143.967,37.645,45.175
252.499,146.736,37.645,45.175
248.427,150.156,37.645,45.175
242.727,154.553,37.645,45.175
235.724,161.882,37.645,45.175
228.395,169.536,37.645,45.175
223.021,177.842,37.645,45.175
217.646,186.148,37.645,45.175
215.855,193.477,37.645,45.175
213.412,197.549,37.645,45.175
212.923,199.340,37.645,45.175
215.366,195.594,37.645,45.175
223.021,187.288,37.645,45.175
231.978,174.097,37.645,45.175
237.678,159.927,37.645,45.175
238.167,147.061,37.645,45.175
237.027,137.452,37.645,45.175
235.561,128.821,37.645,45.175
237.027,124.423,37.645,45.175
236.864,122.306,37.645,45.175
235.398,124.423,37.645,45.175
232.304,130.124,37.645,45.175
228.232,137.452,37.645,45.175
228.069,146.736,37.645,45.175
228.884,158.299,37.645,45.175
230.349,169.862,37.645,45.175
233.770,181.100,37.645,45.175
235.270,187.075,36.843,44.211
236.431,189.851,36.057,43.268
233.467,190.943,36.057,43.268
227.695,188.291,36.057,43.268
221.013,181.686,35.288,42.346
216.281,173.900,35.288,42.346
212.684,170.673,34.536,41.443
206.284,169.819,33.799,40.559
199.996,171.720,33.799,40.559
198.388,174.206,33.799,40.559
196.779,176.691,33.799,40.559
196.341,182.102,33.799,40.559
195.025,186.342,33.799,40.559
196.048,193.215,33.799,40.559
196.831,197.452,33.078,39.694
198.150,196.358,32.373,38.847
198.850,190.616,32.373,38.847
200.390,182.073,32.373,38.847
205.292,174.090,32.373,38.847
209.914,167.508,32.373,38.847
213.415,165.127,32.373,38.847
216.637,164.707,32.373,38.847
219.578,165.407,32.373,38.847
224.760,168.908,32.373,38.847
227.701,174.370,32.373,38.847
228.121,180.953,32.373,38.847
229.381,187.255,32.373,38.847
230.922,194.678,32.373,38.847
227.981,201.540,32.373,38.847
223.919,208.963,32.373,38.847
219.858,212.464,32.373,38.847
216.637,213.445,32.373,38.847
214.417,208.594,31.683,38.019
212.909,200.782,31.683,38.019
211.950,189.679,31.683,38.019
212.361,178.577,31.683,38.019
214.143,168.023,31.683,38.019
211.539,159.114,31.683,38.019
207.564,154.042,31.683,38.019
204.137,149.793,31.683,38.019
200.162,147.189,31.683,38.019
198.654,147.874,31.683,38.019
199.614,149.930,31.683,38.019
197.699,155.625,32.383,38.860
197.486,161.735,33.100,39.720
199.921,167.893,33.100,39.720
203.863,175.625,33.832,40.599
206.936,186.310,33.832,40.599
211.181,193.482,33.832,40.599
213.085,198.651,34.581,41.497
215.628,197.005,34.581,41.497
220.565,190.872,34.581,41.497
226.399,179.352,34.581,41.497
230.439,166.636,34.581,41.497
235.974,153.620,34.581,41.497
241.809,142.400,34.581,41.497
249.342,133.404,35.346,42.415
254.187,124.209,36.128,43.354
255.246,119.027,36.927,44.313
259.645,115.719,37.744,45.293
270.239,112.676,38.579,46.295
273.448,109.913,39.433,47.320
272.835,115.585,40.305,48.366
271.485,122.467,41.197,49.437
270.474,129.871,42.109,50.530
268.470,143.534,42.109,50.530
264.645,156.468,42.109,50.530
262.641,169.038,42.109,50.530
259.340,176.606,43.040,51.648
252.875,178.546,43.993,52.791
249.427,177.765,44.966,53.959
250.342,166.471,45.961,55.153
247.152,155.340,46.978,56.373
244.103,147.414,46.978,56.373
245.060,139.410,48.017,57.620
248.623,133.384,49.079,58.895
250.504,127.666,50.165,60.198
255.929,125.279,50.165,60.198
260.103,126.189,51.275,61.530
263.448,128.961,52.410,62.892
