23.000,88.000,66.000,55.000
22.762,87.762,66.000,55.000
23.476,87.048,66.000,55.000
23.238,87.762,66.000,55.000
23.952,88.000,66.000,55.000
24.190,87.762,66.000,55.000
22.524,88.000,66.000,55.000
23.714,88.714,66.000,55.000
23.952,87.524,66.000,55.000
23.714,86.810,66.000,55.000
23.476,87.048,66.000,55.000
24.190,86.810,66.000,55.000
23.476,85.621,66.000,55.000
24.190,83.955,66.000,55.000
26.040,85.229,64.593,53.827
26.273,83.599,64.593,53.827
25.574,81.969,64.593,53.827
26.273,82.202,64.593,53.827
26.040,81.969,64.593,53.827
27.205,82.202,64.593,53.827
26.506,82.435,64.593,53.827
27.205,82.668,64.593,53.827
26.972,81.969,64.593,53.827
28.783,83.217,63.215,52.679
30.116,83.559,61.867,51.556
30.785,84.228,61.867,51.556
30.562,83.113,61.867,51.556
32.123,82.889,61.867,51.556
31.900,83.113,61.867,51.556
33.635,83.877,60.548,50.456
33.853,82.786,60.548,50.456
34.071,83.441,60.548,50.456
34.289,84.096,60.548,50.456
35.381,83.004,60.548,50.456
36.036,82.786,60.548,50.456
35.381,82.131,60.548,50.456
36.909,81.913,60.548,50.456
36.254,80.821,60.548,50.456
37.782,79.730,60.548,50.456
37.127,79.075,60.548,50.456
38.655,77.984,60.548,50.456
39.310,76.892,60.548,50.456
39.528,77.110,60.548,50.456
40.805,78.700,59.256,49.380
41.019,79.769,59.256,49.380
40.378,81.264,59.256,49.380
42.451,82.820,57.993,48.327
41.824,84.284,57.993,48.327
43.450,85.000,56.756,47.297
43.654,84.796,56.756,47.297
42.631,84.182,56.756,47.297
42.836,84.796,56.756,47.297
43.041,83.363,56.756,47.297
43.245,81.931,56.756,47.297
44.442,83.816,55.546,46.288
44.069,84.889,54.361,45.301
45.215,85.560,53.202,44.335
46.558,85.369,53.202,44.335
45.983,85.944,53.202,44.335
46.735,87.711,52.067,43.390
46.547,87.899,52.067,43.390
47.486,88.837,52.067,43.390
46.923,88.274,52.067,43.390
48.237,88.837,52.067,43.390
46.923,88.274,52.067,43.390
48.237,88.462,52.067,43.390
46.547,87.148,52.067,43.390
47.861,86.209,52.067,43.390
47.673,86.397,52.067,43.390
47.486,85.458,52.067,43.390
48.424,84.895,52.067,43.390
47.861,83.957,52.067,43.390
49.683,84.962,50.957,42.464
48.764,84.044,50.957,42.464
49.683,83.125,50.957,42.464
49.695,84.109,49.870,41.559
50.953,85.727,49.870,41.559
51.133,84.469,49.870,41.559
49.875,83.570,49.870,41.559
51.493,83.030,49.870,41.559
51.851,84.340,48.807,40.672
51.323,83.460,48.807,40.672
52.203,82.932,48.807,40.672
52.893,81.839,47.766,39.805
54.564,83.094,46.747,38.956
53.048,82.251,46.747,38.956
55.008,83.804,45.751,38.125
54.183,84.298,45.751,38.125
55.008,84.463,45.751,38.125
54.183,83.639,45.751,38.125
55.008,83.804,45.751,38.125
54.183,83.309,45.751,38.125
55.668,83.474,45.751,38.125
54.183,81.659,45.751,38.125
55.008,82.484,45.751,38.125
55.173,81.659,45.751,38.125
55.338,81.824,45.751,38.125
55.349,83.026,44.775,37.312
55.833,82.541,44.775,37.312
54.703,82.057,44.775,37.312
54.542,83.187,44.775,37.312
56.108,83.429,43.820,36.517
54.686,83.587,43.820,36.517
55.476,83.745,43.820,36.517
54.686,82.324,43.820,36.517
54.528,81.534,43.820,36.517
54.370,80.112,43.820,36.517
54.685,78.826,42.886,35.738
55.458,76.507,42.886,35.738
54.995,75.734,42.886,35.738
55.768,74.961,42.886,35.738
54.995,75.116,42.886,35.738
55.768,74.342,42.886,35.738
55.480,76.065,41.971,34.976
55.329,75.006,41.971,34.976
55.177,77.275,41.971,34.976
54.723,78.032,41.971,34.976
54.733,79.717,41.076,34.230
53.697,81.346,41.076,34.230
53.252,82.679,41.076,34.230
54.289,82.827,41.076,34.230
53.549,83.568,41.076,34.230
52.512,83.123,41.076,34.230
52.364,82.679,41.076,34.230
52.808,81.939,41.076,34.230
52.068,80.606,41.076,34.230
52.512,79.865,41.076,34.230
51.475,79.125,41.076,34.230
51.623,77.792,41.076,34.230
50.883,78.236,41.076,34.230
52.320,79.030,40.200,33.500
51.306,78.305,40.200,33.500
51.315,79.361,39.343,32.786
51.598,80.667,38.504,32.086
50.349,79.696,38.504,32.086
50.090,80.974,37.683,31.402
51.041,81.382,37.683,31.402
50.265,81.062,36.879,30.733
49.600,81.461,36.879,30.733
49.609,81.660,36.093,30.077
49.739,81.010,36.093,30.077
49.609,80.359,36.093,30.077
48.958,80.489,36.093,30.077
47.787,80.619,36.093,30.077
48.437,80.489,36.093,30.077
47.527,80.359,36.093,30.077
47.136,80.229,36.093,30.077
46.486,80.099,36.093,30.077
46.355,80.749,36.093,30.077
45.705,81.660,36.093,30.077
44.961,81.856,35.323,29.436
44.579,82.238,35.323,29.436
44.961,82.620,35.323,29.436
44.070,83.002,35.323,29.436
43.433,81.346,35.323,29.436
43.051,80.455,35.323,29.436
42.414,79.818,35.323,29.436
42.177,78.045,34.570,28.808
42.052,77.671,34.570,28.808
40.931,78.295,34.570,28.808
41.055,78.918,34.570,28.808
40.432,79.541,34.570,28.808
40.806,80.413,34.570,28.808
39.186,80.538,34.570,28.808
38.812,81.410,34.570,28.808
38.189,80.538,34.570,28.808
37.566,81.410,34.570,28.808
37.690,81.036,34.570,28.808
37.316,80.663,34.570,28.808
36.195,80.039,34.570,28.808
35.821,80.413,34.570,28.808
34.948,80.538,34.570,28.808
34.325,80.912,34.570,28.808
35.198,79.790,34.570,28.808
33.827,80.413,34.570,28.808
33.835,81.081,33.832,28.194
34.201,81.203,33.832,28.194
33.347,81.569,33.832,28.194
33.355,81.282,33.111,27.592
33.823,81.691,32.405,27.004
33.381,82.542,31.714,26.428
34.490,82.934,31.038,25.865
34.713,83.317,30.376,25.313
33.243,83.904,29.728,24.773
32.217,83.858,29.094,24.245
32.741,84.173,29.094,24.245
31.587,83.648,29.094,24.245
30.643,84.173,29.094,24.245
30.748,83.858,29.094,24.245
30.643,84.592,29.094,24.245
29.490,84.907,29.094,24.245
29.804,84.592,29.094,24.245
29.280,85.327,29.094,24.245
29.804,85.641,29.094,24.245
28.231,86.585,29.094,24.245
28.546,86.061,29.094,24.245
26.763,86.585,29.094,24.245
24.979,86.900,29.094,24.245
24.245,86.376,29.094,24.245
25.399,86.900,29.094,24.245
26.133,86.585,29.094,24.245
25.399,88.159,29.094,24.245
25.294,88.054,29.094,24.245
24.770,87.320,29.094,24.245
25.294,88.264,29.094,24.245
26.028,88.159,29.094,24.245
25.714,87.005,29.094,24.245
24.770,87.529,29.094,24.245
23.196,86.376,29.094,24.245
22.252,84.173,29.094,24.245
22.777,83.858,29.094,24.245
22.462,83.963,29.094,24.245
21.099,81.970,29.094,24.245
20.784,81.446,29.094,24.245
21.308,81.970,29.094,24.245
22.043,81.865,29.094,24.245
21.099,82.390,29.094,24.245
20.364,82.285,29.094,24.245
19.420,82.600,29.094,24.245
20.784,83.753,29.094,24.245
20.259,84.278,29.094,24.245
21.203,83.124,29.094,24.245
20.889,82.809,29.094,24.245
21.413,83.963,29.094,24.245
21.938,82.809,29.094,24.245
20.784,83.753,29.094,24.245
21.099,83.439,29.094,24.245
20.994,82.495,29.094,24.245
20.259,82.180,29.094,24.245
20.994,81.446,29.094,24.245
20.259,81.131,29.094,24.245
20.994,80.816,29.094,24.245
20.050,81.551,29.094,24.245
19.315,81.865,29.094,24.245
19.420,83.019,29.094,24.245
19.315,83.544,29.094,24.245
19.420,84.697,29.094,24.245
19.735,85.641,29.094,24.245
19.001,85.327,29.094,24.245
19.315,84.592,29.094,24.245
19.630,84.907,29.094,24.245
18.686,83.544,29.094,24.245
19.630,83.229,29.094,24.245
19.106,82.704,29.094,24.245
20.469,82.809,29.094,24.245
19.735,83.334,29.094,24.245
20.679,84.068,29.094,24.245
21.413,84.592,29.094,24.245
20.469,85.536,29.094,24.245
19.525,86.690,29.094,24.245
19.734,87.050,28.473,23.728
20.378,86.468,29.103,24.253
20.483,85.523,29.103,24.253
19.883,85.276,28.483,23.736
19.986,84.147,28.483,23.736
20.294,83.633,28.483,23.736
21.218,84.558,28.483,23.736
20.631,85.108,27.875,23.229
21.133,86.012,27.875,23.229
20.946,86.938,27.281,22.734
21.711,87.654,26.699,22.249
22.000,87.943,26.699,22.249
22.481,88.232,26.699,22.249
21.037,87.365,26.699,22.249
21.904,87.847,26.699,22.249
22.962,87.173,26.699,22.249
23.059,87.077,26.699,22.249
23.347,86.980,26.699,22.249
22.674,86.692,26.699,22.249
23.155,86.018,26.699,22.249
22.866,86.692,26.699,22.249
23.925,86.403,26.699,22.249
23.444,86.114,26.699,22.249
24.117,86.788,26.699,22.249
24.984,86.114,26.699,22.249
24.502,85.825,26.699,22.249
24.599,85.152,26.699,22.249
24.887,84.670,26.699,22.249
25.561,83.226,26.699,22.249
25.658,82.745,26.699,22.249
26.331,81.686,26.699,22.249
25.658,81.398,26.699,22.249
26.909,81.301,26.699,22.249
28.160,82.168,26.699,22.249
27.294,82.649,26.699,22.249
27.775,82.553,26.699,22.249
26.854,83.996,26.130,21.775
27.325,84.090,26.130,21.775
27.984,83.996,26.130,21.775
27.264,85.045,25.573,21.310
27.909,85.138,25.573,21.310
27.448,83.939,25.573,21.310
28.278,84.400,25.573,21.310
26.862,84.005,25.027,20.856
26.411,84.456,25.027,20.856
27.287,85.809,24.494,20.411
28.082,85.544,24.494,20.411
29.936,85.103,24.494,20.411
28.965,85.721,24.494,20.411
30.466,85.809,24.494,20.411
29.450,85.772,23.971,19.976
29.456,86.568,23.460,19.550
30.217,86.314,23.460,19.550
29.168,85.483,23.979,19.983
30.638,85.570,23.979,19.983
29.514,83.927,23.979,19.983
28.736,84.705,23.979,19.983
30.205,85.483,23.979,19.983
31.848,86.261,23.979,19.983
31.243,85.311,23.979,19.983
31.675,85.916,23.979,19.983
30.378,85.311,23.979,19.983
30.203,84.641,24.510,20.425
31.175,84.022,24.510,20.425
30.669,84.325,23.987,19.989
31.509,84.622,23.475,19.563
32.270,85.214,23.475,19.563
31.339,85.299,23.475,19.563
31.763,85.891,23.475,19.563
31.339,85.976,23.475,19.563
31.932,86.568,23.475,19.563
31.001,87.499,23.475,19.563
31.255,87.076,23.475,19.563
31.001,86.653,23.475,19.563
30.127,87.403,23.995,19.996
31.078,87.662,23.995,19.996
30.300,86.538,23.995,19.996
30.559,85.759,23.995,19.996
30.992,86.538,23.995,19.996
32.116,86.278,23.995,19.996
31.941,86.865,24.526,20.438
32.913,86.599,24.526,20.438
31.764,86.688,24.526,20.438
31.852,86.246,24.526,20.438
31.764,87.041,24.526,20.438
31.322,86.422,24.526,20.438
30.703,86.688,24.526,20.438
32.243,87.332,24.003,20.002
31.414,86.794,23.491,19.576
31.160,86.202,23.491,19.576
30.229,87.641,23.491,19.576
31.668,87.726,23.491,19.576
32.600,87.133,23.491,19.576
33.362,88.573,23.491,19.576
32.878,88.373,22.990,19.158
32.883,89.297,22.500,18.750
32.045,87.827,22.997,19.164
30.329,87.185,23.506,19.588
31.261,86.931,23.506,19.588
32.193,87.354,23.506,19.588
32.278,88.117,23.506,19.588
33.210,87.863,23.506,19.588
32.617,87.100,23.506,19.588
33.379,87.524,23.506,19.588
33.295,87.948,23.506,19.588
32.362,87.354,23.506,19.588
32.956,88.286,23.506,19.588
34.431,88.087,23.005,19.171
38.330,88.833,23.005,19.171
34.266,88.916,23.005,19.171
34.017,88.170,23.005,19.171
32.939,87.258,23.005,19.171
34.063,86.583,22.514,18.762
34.307,86.989,22.514,18.762
35.200,86.583,22.514,18.762
35.768,86.339,22.514,18.762
35.940,84.868,23.012,19.177
36.355,85.283,23.012,19.177
37.433,86.362,23.012,19.177
38.014,86.279,23.012,19.177
38.761,85.864,23.012,19.177
39.009,85.615,23.012,19.177
40.254,85.034,23.012,19.177
40.171,85.117,23.012,19.177
41.084,85.864,23.012,19.177
41.664,85.615,23.012,19.177
41.249,85.200,23.012,19.177
42.328,86.113,23.012,19.177
43.241,86.030,23.012,19.177
43.490,85.449,23.012,19.177
44.402,85.034,23.012,19.177
44.568,85.319,22.522,18.768
45.948,85.887,22.522,18.768
46.191,85.481,22.522,18.768
46.922,86.212,22.522,18.768
47.328,85.481,22.522,18.768
46.707,84.820,22.041,18.368
48.694,84.264,22.041,18.368
51.316,85.138,22.041,18.368
50.601,84.741,22.041,18.368
51.634,84.820,22.041,18.368
52.667,84.105,22.041,18.368
53.700,84.185,22.041,18.368
54.892,84.423,22.041,18.368
56.084,84.820,22.041,18.368
56.702,85.859,21.571,17.976
57.558,87.336,21.571,17.976
58.413,88.814,21.571,17.976
59.269,89.825,21.571,17.976
59.813,90.836,21.571,17.976
60.824,90.292,21.571,17.976
62.146,89.592,21.571,17.976
63.313,88.425,21.571,17.976
62.768,85.859,21.571,17.976
63.935,87.492,21.571,17.976
65.723,86.948,21.571,17.976
66.890,88.270,21.571,17.976
67.901,88.347,21.571,17.976
69.223,88.425,21.571,17.976
69.612,89.747,21.571,17.976
70.934,89.825,21.571,17.976
72.256,89.592,21.571,17.976
72.645,89.203,21.571,17.976
74.278,87.414,21.571,17.976
75.133,86.714,21.571,17.976
76.767,86.325,21.571,17.976
78.089,85.781,21.571,17.976
79.100,86.481,21.571,17.976
80.266,85.781,21.571,17.976
80.811,86.481,21.571,17.976
82.133,85.781,21.571,17.976
83.610,86.481,21.571,17.976
84.310,86.092,21.571,17.976
85.010,85.703,21.571,17.976
86.643,86.870,21.571,17.976
87.188,86.792,21.571,17.976
88.510,86.714,21.571,17.976
88.276,87.259,21.571,17.976
89.287,86.714,21.571,17.976
90.298,87.414,21.571,17.976
90.843,86.870,21.571,17.976
92.320,87.414,21.571,17.976
92.087,86.870,21.571,17.976
93.720,87.259,21.571,17.976
94.109,86.714,21.571,17.976
95.120,87.103,21.571,17.976
96.131,86.248,21.571,17.976
96.675,86.170,21.571,17.976
97.064,85.781,21.571,17.976
98.075,86.636,21.571,17.976
98.309,85.937,21.571,17.976
98.542,86.325,21.571,17.976
99.864,85.937,21.571,17.976
100.875,85.703,21.571,17.976
101.419,85.314,21.571,17.976
101.653,84.926,21.571,17.976
103.007,85.342,21.111,17.593
103.305,85.310,20.661,17.218
104.172,86.570,20.221,16.850
104.828,86.643,20.221,16.850
104.172,87.008,20.221,16.850
105.265,87.664,20.221,16.850
105.484,87.591,20.221,16.850
104.828,86.935,20.221,16.850
105.192,87.591,20.221,16.850
105.703,87.372,20.221,16.850
105.776,87.445,20.221,16.850
106.140,86.935,20.221,16.850
106.067,87.591,20.221,16.850
105.994,88.684,20.221,16.850
106.796,88.465,20.221,16.850
107.102,88.960,20.668,17.223
106.878,87.842,20.668,17.223
107.251,88.066,20.668,17.223
106.580,87.544,20.668,17.223
107.698,87.022,20.668,17.223
107.177,86.054,20.668,17.223
106.655,85.830,20.668,17.223
107.624,86.799,20.668,17.223
107.341,86.336,20.227,16.856
107.998,86.409,20.227,16.856
107.487,86.920,20.227,16.856
106.685,87.284,20.227,16.856
107.195,86.628,20.227,16.856
107.706,86.993,20.227,16.856
106.904,87.503,20.227,16.856
106.831,87.722,20.227,16.856
106.466,87.503,20.227,16.856
105.956,88.013,20.227,16.856
105.591,88.816,20.227,16.856
106.102,89.472,20.227,16.856
105.499,89.210,20.675,17.229
105.872,88.539,20.675,17.229
106.394,89.359,20.675,17.229
105.872,88.688,20.675,17.229
106.394,89.508,20.675,17.229
105.872,88.837,20.675,17.229
106.543,89.806,20.675,17.229
105.872,89.433,20.675,17.229
106.543,89.806,20.675,17.229
106.404,89.343,20.234,16.862
105.310,89.416,20.234,16.862
106.404,89.197,20.234,16.862
105.310,88.687,20.234,16.862
106.258,88.468,20.234,16.862
105.748,88.395,20.234,16.862
104.799,87.447,20.234,16.862
105.105,87.638,20.681,17.235
105.031,86.669,20.681,17.235
104.509,86.595,20.681,17.235
103.689,87.117,20.681,17.235
102.918,87.003,21.139,17.616
103.757,87.232,21.139,17.616
102.766,87.308,21.139,17.616
103.299,87.842,21.139,17.616
101.851,87.156,21.139,17.616
101.470,88.146,21.139,17.616
100.937,88.832,21.139,17.616
100.556,87.994,21.139,17.616
101.242,88.527,21.139,17.616
100.403,88.908,21.139,17.616
100.937,88.527,21.139,17.616
99.946,89.671,21.139,17.616
101.126,88.610,20.688,17.240
101.798,88.535,20.688,17.240
100.718,87.338,21.146,17.622
101.404,86.652,21.146,17.622
100.565,87.186,21.146,17.622
100.423,86.859,20.695,17.246
101.510,86.127,21.153,17.627
100.564,85.378,21.621,18.017
101.110,84.832,21.621,18.017
101.032,85.222,21.621,18.017
101.422,85.924,21.621,18.017
101.811,85.066,21.621,18.017
101.422,84.988,21.621,18.017
102.279,84.443,21.621,18.017
102.134,84.109,21.160,17.633
102.820,84.033,21.160,17.633
103.660,84.261,21.160,17.633
103.518,84.964,20.709,17.257
104.339,84.591,20.709,17.257
104.414,85.711,20.709,17.257
105.714,85.535,20.267,16.889
106.079,85.754,20.267,16.889
105.568,85.681,20.267,16.889
106.418,86.072,19.835,16.529
106.918,86.001,19.835,16.529
107.562,85.214,19.835,16.529
107.633,85.715,19.835,16.529
106.598,84.864,20.274,16.895
107.840,84.060,20.274,16.895
107.913,84.280,20.274,16.895
106.671,85.230,20.274,16.895
108.059,85.741,20.274,16.895
108.279,85.084,20.274,16.895
109.229,86.180,20.274,16.895
108.863,85.961,20.274,16.895
109.995,86.916,19.841,16.534
110.353,86.129,19.841,16.534
109.995,85.628,19.841,16.534
111.068,86.558,19.841,16.534
111.569,85.914,19.841,16.534
110.925,85.700,19.841,16.534
111.712,86.343,19.841,16.534
111.784,86.129,19.841,16.534
111.712,85.771,19.841,16.534
110.973,85.217,20.280,16.900
112.106,85.327,19.848,16.540
111.462,85.685,19.848,16.540
112.356,85.279,20.287,16.906
112.642,85.107,19.854,16.545
112.285,85.608,19.854,16.545
111.783,85.393,19.854,16.545
112.571,84.892,19.854,16.545
111.927,84.391,19.854,16.545
112.428,84.749,19.854,16.545
111.640,84.105,19.854,16.545
111.998,84.892,19.854,16.545
112.642,84.391,19.854,16.545
111.712,85.322,19.854,16.545
111.640,86.109,19.854,16.545
111.282,85.465,19.854,16.545
110.781,85.536,19.854,16.545
111.569,85.894,19.854,16.545
111.068,84.534,19.854,16.545
111.998,85.178,19.854,16.545
111.783,84.534,19.854,16.545
110.960,84.918,19.431,16.192
111.451,84.427,19.431,16.192
110.260,85.618,19.431,16.192
111.030,86.809,19.431,16.192
110.540,87.159,19.431,16.192
110.890,87.229,19.431,16.192
111.801,86.739,19.431,16.192
110.750,87.089,19.431,16.192
110.680,86.038,19.431,16.192
111.030,85.688,19.431,16.192
111.100,87.019,19.431,16.192
111.030,85.828,19.431,16.192
111.521,87.159,19.431,16.192
110.330,86.529,19.431,16.192
110.820,86.319,19.431,16.192
109.515,86.939,19.861,16.551
110.410,86.384,20.300,16.917
110.190,86.019,20.300,16.917
109.092,86.531,20.300,16.917
108.580,87.482,20.300,16.917
109.824,86.238,20.300,16.917
109.312,86.019,20.300,16.917
108.800,85.799,20.300,16.917
109.751,85.726,20.300,16.917
109.678,85.653,20.300,16.917
109.605,85.872,20.300,16.917
110.410,86.092,20.300,16.917
109.605,86.019,20.300,16.917
109.971,85.799,20.300,16.917
109.975,86.614,19.867,16.556
109.474,86.256,19.867,16.556
109.774,85.850,20.307,16.922
110.140,86.070,20.307,16.922
108.749,86.143,20.307,16.922
109.262,86.655,20.307,16.922
108.749,86.143,20.307,16.922
108.613,85.970,19.874,16.562
108.971,87.045,19.874,16.562
109.759,86.687,19.874,16.562
108.541,87.905,19.874,16.562
108.470,86.830,19.874,16.562
109.068,86.573,20.314,16.928
108.007,86.309,20.763,17.303
108.831,86.235,20.763,17.303
107.436,85.966,21.222,17.685
107.818,85.583,21.222,17.685
107.381,85.698,20.770,17.308
107.850,85.118,21.229,17.691
107.118,86.266,20.777,17.314
106.294,85.591,20.777,17.314
106.519,85.067,20.777,17.314
106.893,84.543,20.777,17.314
106.519,85.217,20.777,17.314
106.893,85.142,20.777,17.314
106.219,85.666,20.777,17.314
106.444,86.790,20.777,17.314
105.770,86.865,20.777,17.314
105.151,86.285,21.236,17.697
105.840,87.433,21.236,17.697
106.529,87.050,21.236,17.697
105.687,86.514,21.236,17.697
105.102,85.744,20.783,17.320
106.076,85.069,20.783,17.320
104.991,85.422,21.243,17.703
105.471,84.193,21.713,18.094
105.325,84.763,21.250,17.709
104.789,85.146,21.250,17.709
105.785,85.223,21.250,17.709
105.199,85.781,20.797,17.331
104.524,86.756,20.797,17.331
105.150,85.708,21.257,17.714
105.007,86.119,20.804,17.337
105.591,85.075,20.360,16.967
104.930,85.442,20.360,16.967
104.416,86.249,20.360,16.967
105.664,85.735,20.360,16.967
105.527,85.421,19.926,16.605
105.168,85.493,19.926,16.605
104.665,85.277,19.926,16.605
105.312,84.487,19.926,16.605
104.665,85.277,19.926,16.605
105.456,85.062,19.926,16.605
104.665,85.134,19.926,16.605
104.162,86.930,19.926,16.605
104.091,87.720,19.926,16.605
104.593,88.366,19.926,16.605
105.240,89.300,19.926,16.605
104.737,88.797,19.926,16.605
105.527,88.438,19.926,16.605
105.680,88.031,20.367,16.972
105.312,88.398,20.367,16.972
105.239,88.178,20.367,16.972
106.194,87.811,20.367,16.972
106.708,87.003,20.367,16.972
106.429,87.396,19.933,16.610
106.357,86.462,19.933,16.610
107.004,85.959,19.933,16.610
107.795,85.312,19.933,16.610
107.867,85.240,19.933,16.610
107.507,84.881,19.933,16.610
108.298,83.947,19.933,16.610
107.938,83.300,19.933,16.610
108.873,83.372,19.933,16.610
109.519,82.725,19.933,16.610
108.729,82.222,19.933,16.610
109.807,82.150,19.933,16.610
109.879,82.366,19.933,16.610
110.525,83.013,19.933,16.610
110.022,83.085,19.933,16.610
111.100,83.300,19.933,16.610
110.166,83.947,19.933,16.610
111.064,83.838,20.374,16.978
112.060,84.231,19.939,16.616
111.269,83.872,19.939,16.616
111.341,82.937,19.939,16.616
112.177,84.569,19.514,16.262
112.810,84.921,19.514,16.262
112.459,85.836,19.514,16.262
113.514,86.047,19.514,16.262
113.247,85.610,19.098,15.915
113.867,84.990,19.098,15.915
114.156,85.457,19.520,16.267
113.945,84.542,19.520,16.267
113.311,84.894,19.520,16.267
115.071,85.809,19.520,16.267
115.366,86.286,19.952,16.627
116.264,85.729,20.394,16.995
116.485,86.097,20.394,16.995
116.641,85.375,20.845,17.371
116.866,84.698,20.845,17.371
117.493,85.052,21.306,17.755
118.185,84.361,21.306,17.755
118.666,83.288,21.777,18.148
117.803,83.680,21.777,18.148
118.621,82.909,22.259,18.549
117.738,83.792,22.259,18.549
118.460,83.551,22.259,18.549
118.380,83.471,22.259,18.549
118.300,83.391,22.259,18.549
119.503,83.150,22.259,18.549
118.621,83.391,22.259,18.549
119.343,82.347,22.259,18.549
120.065,81.946,22.259,18.549
119.664,82.668,22.259,18.549
119.423,81.946,22.259,18.549
119.593,80.992,22.752,18.960
119.183,82.058,22.752,18.960
118.937,80.992,22.752,18.960
120.167,82.058,22.752,18.960
119.265,80.992,22.752,18.960
120.003,82.386,22.752,18.960
121.070,81.648,22.752,18.960
122.136,82.550,22.752,18.960
122.710,81.812,22.752,18.960
123.612,82.386,22.752,18.960
123.694,81.812,22.752,18.960
123.612,82.058,22.752,18.960
124.679,81.484,22.752,18.960
124.597,81.730,22.752,18.960
126.341,81.695,22.267,18.555
126.582,81.775,22.267,18.555
127.052,81.896,21.792,18.160
127.966,82.922,21.327,17.773
127.735,82.692,21.327,17.773
129.222,82.362,20.872,17.393
129.952,83.781,20.427,17.023
131.057,83.854,20.427,17.023
132.482,85.101,19.991,16.660
133.563,84.740,19.991,16.660
134.818,84.154,19.565,16.304
135.171,84.083,19.565,16.304
136.229,83.731,19.565,16.304
136.505,83.292,19.148,15.957
137.403,82.671,19.148,15.957
137.886,82.050,19.148,15.957
138.032,81.659,19.572,16.310
139.206,82.869,20.005,16.670
140.288,82.076,20.005,16.670
141.226,83.013,20.005,16.670
142.308,83.085,20.005,16.670
143.389,83.734,20.005,16.670
144.327,83.230,20.005,16.670
145.120,82.869,20.005,16.670
146.202,83.374,20.005,16.670
147.572,82.869,20.005,16.670
148.510,83.374,20.005,16.670
149.592,82.725,20.005,16.670
150.385,83.085,20.005,16.670
151.611,83.157,20.005,16.670
152.728,83.266,19.578,16.315
152.799,83.336,19.578,16.315
153.857,83.548,19.578,16.315
155.199,83.054,19.578,16.315
156.257,83.125,19.578,16.315
157.034,83.760,19.578,16.315
157.810,83.266,19.578,16.315
158.728,83.760,19.578,16.315
159.756,84.385,20.011,16.676
160.982,84.024,20.011,16.676
162.209,84.096,20.011,16.676
163.291,85.323,20.011,16.676
164.373,83.952,20.011,16.676
165.455,83.158,20.011,16.676
164.950,82.509,20.011,16.676
165.600,81.715,20.011,16.676
165.303,81.007,20.454,17.045
166.262,80.491,20.454,17.045
167.489,80.685,20.906,17.422
168.318,81.363,20.906,17.422
168.846,80.836,20.906,17.422
168.017,81.815,20.906,17.422
168.959,80.606,21.369,17.807
168.882,81.299,21.369,17.807
168.565,81.982,21.842,18.201
169.059,80.882,22.325,18.604
169.783,82.250,22.325,18.604
169.381,81.526,22.325,18.604
169.783,82.250,22.325,18.604
170.508,81.847,22.325,18.604
171.012,82.393,22.819,19.016
172.082,82.805,22.819,19.016
172.164,82.887,22.819,19.016
171.753,83.792,22.819,19.016
172.822,83.380,22.819,19.016
173.398,83.298,22.819,19.016
172.658,83.545,22.819,19.016
173.233,83.956,22.819,19.016
172.896,83.490,23.324,19.437
172.980,84.583,23.324,19.437
173.064,83.826,23.324,19.437
174.157,83.406,23.324,19.437
174.409,83.826,23.324,19.437
174.830,82.565,23.324,19.437
175.755,82.817,23.324,19.437
175.671,81.724,23.324,19.437
176.259,82.649,23.324,19.437
177.075,82.127,22.826,19.022
177.651,82.374,22.826,19.022
176.863,83.290,22.340,18.616
176.944,82.566,22.340,18.616
177.347,83.129,22.340,18.616
177.105,84.337,22.340,18.616
178.508,83.837,21.863,18.219
179.217,84.389,21.863,18.219
178.311,83.596,21.397,17.831
179.005,83.673,21.397,17.831
179.853,83.750,21.397,17.831
179.115,82.825,20.941,17.451
179.190,83.957,20.941,17.451
179.115,83.580,20.941,17.451
178.683,83.256,20.494,17.078
179.939,84.069,20.494,17.078
179.274,83.995,20.494,17.078
178.314,83.774,20.494,17.078
178.979,84.734,20.494,17.078
177.723,84.365,20.494,17.078
178.536,85.030,20.494,17.078
178.079,84.917,20.948,17.456
178.396,84.803,21.411,17.843
178.239,84.525,21.885,18.237
177.096,84.569,22.369,18.641
176.431,84.279,22.864,19.053
177.631,83.641,23.370,19.475
178.390,83.051,23.370,19.475
177.126,82.293,23.370,19.475
176.644,83.069,22.871,19.059
176.014,84.305,22.384,18.653
177.547,83.740,22.384,18.653
176.659,83.014,22.384,18.653
177.754,83.135,21.906,18.255
176.569,82.740,21.906,18.255
175.542,82.977,21.906,18.255
176.461,83.705,21.439,17.866
175.572,83.374,20.982,17.485
175.431,84.216,20.535,17.112
174.469,84.438,20.535,17.112
173.951,84.661,20.535,17.112
174.526,84.629,20.097,16.747
173.874,84.412,20.097,16.747
174.816,83.759,20.097,16.747
173.874,83.542,20.097,16.747
172.933,83.035,20.097,16.747
173.537,82.324,20.541,17.118
172.722,81.953,20.541,17.118
171.612,81.731,20.541,17.118
170.797,82.398,20.541,17.118
171.760,82.620,20.541,17.118
172.278,83.138,20.541,17.118
171.315,82.175,20.541,17.118
171.319,82.217,20.996,17.496
171.849,82.292,20.996,17.496
172.227,82.368,20.996,17.496
171.940,83.211,20.548,17.123
172.459,83.433,20.548,17.123
171.644,84.100,20.548,17.123
172.755,84.026,20.548,17.123
172.046,85.280,20.110,16.758
172.408,85.352,20.110,16.758
173.061,85.715,20.110,16.758
171.973,86.077,20.110,16.758
171.031,86.730,20.110,16.758
169.981,85.717,20.555,17.129
172.723,85.643,20.555,17.129
173.187,86.145,21.010,17.508
171.305,84.616,21.474,17.895
172.111,82.410,21.949,18.291
172.507,81.697,21.949,18.291
172.903,80.827,21.949,18.291
172.085,79.886,22.435,18.696
171.357,80.290,22.435,18.696
171.697,79.999,22.931,19.110
170.787,80.578,22.931,19.110
170.448,80.967,23.439,19.532
169.687,80.038,23.439,19.532
170.955,80.967,23.439,19.532
169.856,80.376,23.439,19.532
170.737,80.247,23.957,19.965
170.996,81.197,23.957,19.965
171.358,79.991,24.487,20.406
169.530,80.772,25.029,20.858
169.259,81.765,25.029,20.858
170.387,80.692,25.583,21.319
170.110,81.891,25.583,21.319
170.305,80.794,26.149,21.791
170.965,80.134,26.149,21.791
170.245,80.639,25.591,21.326
171.075,81.284,25.591,21.326
170.614,80.639,25.591,21.326
171.629,81.100,25.591,21.326
170.983,80.270,25.591,21.326
170.521,80.362,25.591,21.326
171.483,79.456,26.158,21.798
171.307,78.688,25.600,21.333
172.138,78.781,25.600,21.333
172.415,77.396,25.600,21.333
173.245,76.750,25.600,21.333
172.292,76.419,26.166,21.805
172.100,76.080,26.745,22.288
171.618,76.562,26.745,22.288
172.486,76.272,26.745,22.288
171.425,77.526,26.745,22.288
171.136,77.237,26.745,22.288
171.232,77.912,26.745,22.288
171.136,78.201,26.745,22.288
170.461,78.683,26.745,22.288
171.954,78.642,26.175,21.812
171.105,78.170,26.175,21.812
171.199,78.076,26.175,21.812
171.105,77.415,26.175,21.812
171.011,77.509,26.175,21.812
170.539,76.471,26.175,21.812
169.878,76.943,26.175,21.812
170.728,75.905,26.175,21.812
169.878,75.245,26.175,21.812
169.784,76.471,26.175,21.812
169.123,75.622,26.175,21.812
169.519,75.674,26.754,22.295
168.458,75.771,26.754,22.295
167.976,75.482,26.754,22.295
168.265,74.806,26.754,22.295
167.011,75.482,26.754,22.295
168.072,74.613,26.754,22.295
167.204,75.096,26.754,22.295
166.336,74.613,26.754,22.295
166.047,74.324,26.754,22.295
167.108,74.613,26.754,22.295
166.819,73.745,26.754,22.295
165.950,74.421,26.754,22.295
166.819,73.938,26.754,22.295
165.950,74.228,26.754,22.295
165.468,73.938,26.754,22.295
165.179,73.456,26.754,22.295
165.082,72.781,26.754,22.295
165.372,73.263,26.754,22.295
164.311,73.360,26.754,22.295
163.636,73.456,26.754,22.295
163.440,73.710,27.346,22.788
162.552,73.808,27.346,22.788
161.665,75.090,27.346,22.788
162.079,74.531,27.951,23.292
160.970,74.632,27.951,23.292
161.877,73.926,27.951,23.292
161.575,74.027,27.951,23.292
160.668,74.128,27.951,23.292
161.172,74.027,27.951,23.292
159.862,74.531,27.951,23.292
160.769,74.027,27.951,23.292
159.862,74.934,27.951,23.292
160.451,75.668,27.355,22.796
159.697,75.246,26.771,22.310
159.601,76.500,26.771,22.310
159.697,74.860,26.771,22.310
159.215,75.728,26.771,22.310
158.346,74.667,26.771,22.310
159.408,74.377,26.771,22.310
158.539,73.508,26.771,22.310
159.215,71.289,26.771,22.310
158.153,71.385,26.771,22.310
158.829,69.165,26.771,22.310
159.697,69.069,26.771,22.310
158.442,68.779,26.771,22.310
157.767,67.911,26.771,22.310
156.705,69.165,26.771,22.310
156.030,69.841,26.771,22.310
156.705,70.709,26.771,22.310
155.308,69.962,27.364,22.803
156.393,69.863,27.364,22.803
154.913,69.567,27.364,22.803
154.814,70.061,27.364,22.803
154.518,69.765,27.364,22.803
153.630,69.271,27.364,22.803
154.716,70.357,27.364,22.803
154.025,71.047,27.364,22.803
154.124,70.159,27.364,22.803
155.012,71.639,27.364,22.803
153.729,70.949,27.364,22.803
153.630,70.653,27.364,22.803
153.729,70.554,27.364,22.803
152.841,71.245,27.364,22.803
153.137,71.343,27.364,22.803
152.118,70.579,27.969,23.308
151.816,71.285,27.969,23.308
153.126,72.797,27.969,23.308
151.816,72.092,27.969,23.308
152.723,71.789,27.969,23.308
152.017,71.285,27.969,23.308
150.908,71.991,27.969,23.308
152.421,71.083,27.969,23.308
152.521,70.781,27.969,23.308
152.219,70.075,27.969,23.308
152.433,70.340,28.588,23.823
151.917,69.825,28.588,23.823
152.433,69.310,28.588,23.823
153.360,70.031,28.588,23.823
152.639,70.546,28.588,23.823
153.979,70.031,28.588,23.823
152.845,70.752,28.588,23.823
152.329,70.237,28.588,23.823
153.257,69.103,28.588,23.823
152.329,68.588,28.588,23.823
152.226,68.073,28.588,23.823
152.329,68.176,28.588,23.823
