70.000,51.000,107.000,87.000
71.144,51.381,107.000,87.000
70.000,49.474,107.000,87.000
68.856,52.144,107.000,87.000
70.000,53.288,107.000,87.000
69.619,49.856,107.000,87.000
66.457,52.455,109.367,88.925
66.067,51.285,109.367,88.925
65.261,49.897,111.787,90.892
65.660,47.905,111.787,90.892
68.004,49.258,109.403,88.954
66.834,47.308,109.403,88.954
69.880,48.633,107.070,87.057
71.025,46.724,107.070,87.057
68.856,49.492,104.787,85.201
71.053,50.760,102.552,83.384
68.494,51.126,102.552,83.384
69.591,51.491,102.552,83.384
68.494,50.395,102.552,83.384
68.860,51.491,102.552,83.384
66.301,51.126,102.552,83.384
67.398,51.491,102.552,83.384
65.570,51.126,102.552,83.384
65.936,52.222,102.552,83.384
63.377,51.126,102.552,83.384
65.205,52.222,102.552,83.384
64.108,51.126,102.552,83.384
63.742,50.760,102.552,83.384
65.188,52.706,100.365,81.605
64.830,50.918,100.365,81.605
63.349,51.128,102.586,83.411
63.715,49.300,102.586,83.411
62.618,48.934,102.586,83.411
63.715,48.569,102.586,83.411
61.442,45.749,104.856,85.256
61.816,47.618,104.856,85.256
60.694,46.497,104.856,85.256
61.068,46.123,104.856,85.256
61.442,48.739,104.856,85.256
60.670,45.857,107.176,87.143
62.181,46.418,104.890,85.284
62.554,46.044,104.890,85.284
62.928,46.418,104.890,85.284
61.807,47.540,104.890,85.284
62.181,47.914,104.890,85.284
64.050,47.540,104.890,85.284
62.181,49.409,104.890,85.284
61.408,48.078,107.211,87.171
62.554,46.167,107.211,87.171
62.937,46.549,107.211,87.171
63.319,46.167,107.211,87.171
64.465,45.785,107.211,87.171
65.977,50.029,104.924,85.312
66.351,50.403,104.924,85.312
65.229,47.785,104.924,85.312
65.603,49.655,104.924,85.312
65.977,51.525,104.924,85.312
66.351,50.403,104.924,85.312
66.725,52.273,104.924,85.312
64.855,51.151,104.924,85.312
68.497,52.421,102.687,83.493
68.131,52.787,102.687,83.493
68.497,54.617,102.687,83.493
68.863,52.055,102.687,83.493
64.309,49.233,104.959,85.340
66.180,50.355,104.959,85.340
65.407,47.471,107.281,87.228
66.554,48.618,107.281,87.228
64.642,48.235,107.281,87.228
65.789,47.088,107.281,87.228
63.112,46.706,107.281,87.228
65.024,47.088,107.281,87.228
61.060,43.346,109.655,89.158
63.796,43.737,109.655,89.158
61.842,41.783,109.655,89.158
63.796,42.955,109.655,89.158
61.842,42.565,109.655,89.158
62.233,42.955,109.655,89.158
61.060,44.910,109.655,89.158
61.451,44.519,109.655,89.158
63.751,48.860,107.316,87.257
60.579,46.704,109.691,89.188
58.960,44.501,112.117,91.161
55.647,41.419,114.598,93.178
59.625,45.956,112.154,91.191
57.969,42.873,114.636,93.208
58.378,44.916,114.636,93.208
54.142,42.613,117.172,95.271
52.413,39.393,119.764,97.378
55.747,43.311,117.210,95.302
57.399,47.146,114.711,93.270
58.626,47.555,114.711,93.270
58.667,48.156,112.265,91.281
58.267,46.955,112.265,91.281
59.467,46.555,112.265,91.281
58.267,46.955,112.265,91.281
59.849,49.857,109.871,89.334
62.153,49.677,107.527,87.429
65.147,51.718,105.234,85.564
67.353,53.714,102.990,83.740
67.390,53.546,100.794,81.954
67.749,53.905,100.794,81.954
70.556,54.433,98.645,80.206
72.624,54.271,96.541,78.496
74.648,54.777,94.482,76.822
77.279,56.569,92.467,75.184
77.312,56.418,90.495,73.580
79.831,57.514,88.566,72.011
81.688,57.369,86.677,70.476
81.997,58.913,86.677,70.476
82.306,58.604,86.677,70.476
83.233,59.531,86.677,70.476
83.542,59.840,86.677,70.476
83.233,58.913,86.677,70.476
83.542,58.604,86.677,70.476
83.851,58.913,86.677,70.476
82.924,59.222,86.677,70.476
83.851,59.531,86.677,70.476
84.778,61.694,86.677,70.476
84.469,62.621,86.677,70.476
85.396,62.312,86.677,70.476
86.322,62.621,86.677,70.476
86.014,63.547,86.677,70.476
85.087,63.239,86.677,70.476
87.500,66.074,84.828,68.973
86.593,63.353,84.828,68.973
87.500,65.470,84.828,68.973
87.802,65.772,84.828,68.973
88.709,67.284,84.828,68.973
88.407,66.981,84.828,68.973
89.314,68.493,84.828,68.973
89.012,66.981,84.828,68.973
90.523,66.074,84.828,68.973
90.826,65.167,84.828,68.973
91.733,64.260,84.828,68.973
92.640,63.353,84.828,68.973
93.547,62.446,84.828,68.973
94.454,62.749,84.828,68.973
94.756,61.841,84.828,68.973
95.663,60.934,84.828,68.973
95.361,60.027,84.828,68.973
95.663,59.120,84.828,68.973
96.571,57.608,84.828,68.973
98.687,57.911,84.828,68.973
96.571,56.399,84.828,68.973
99.515,58.592,83.019,67.502
97.062,53.854,84.856,68.995
98.947,54.032,86.734,70.522
99.874,53.105,86.734,70.522
100.802,52.177,86.734,70.522
101.729,52.486,86.734,70.522
102.038,52.795,86.734,70.522
105.049,53.845,84.884,69.018
105.352,54.148,84.884,69.018
105.654,55.055,84.884,69.018
106.851,57.833,83.074,67.546
108.331,56.944,83.074,67.546
109.503,60.233,81.302,66.106
108.904,57.999,83.101,67.568
110.646,61.289,81.329,66.127
111.516,60.999,81.329,66.127
111.806,61.868,81.329,66.127
112.096,60.999,81.329,66.127
112.386,61.868,81.329,66.127
113.835,60.999,81.329,66.127
114.705,61.868,81.329,66.127
115.574,61.578,81.329,66.127
115.864,62.448,81.329,66.127
114.664,61.416,83.128,67.590
115.553,61.712,83.128,67.590
115.256,61.416,83.128,67.590
114.029,60.361,84.968,69.086
114.332,61.269,84.968,69.086
115.241,60.966,84.968,69.086
115.244,59.260,86.848,70.614
113.319,57.515,88.769,72.177
114.268,58.464,88.769,72.177
114.271,54.711,90.733,73.774
112.932,52.217,92.741,75.406
113.924,51.887,92.741,75.406
114.254,51.556,92.741,75.406
114.943,49.007,94.792,77.074
114.946,45.701,96.890,78.779
112.799,43.755,99.033,80.522
114.876,48.356,96.921,78.805
116.603,47.319,96.921,78.805
117.323,41.788,99.066,80.549
118.792,41.263,101.258,82.331
121.041,38.480,103.498,84.153
122.886,41.063,103.498,84.153
123.255,40.694,103.498,84.153
121.869,44.791,101.291,82.358
128.007,42.986,101.291,82.358
124.563,47.692,99.131,80.602
130.570,45.925,99.131,80.602
128.097,51.225,99.131,80.602
128.450,48.752,99.131,80.602
130.923,51.932,99.131,80.602
129.596,51.089,97.017,78.883
130.634,50.051,97.017,78.883
136.512,47.631,97.017,78.883
136.167,43.135,97.017,78.883
136.868,48.976,94.948,77.201
142.121,47.516,92.923,75.554
140.465,51.159,92.923,75.554
145.278,45.856,94.979,77.226
144.263,48.226,94.979,77.226
143.644,48.070,92.954,75.579
142.400,53.028,90.971,73.967
146.807,51.628,89.031,72.390
142.557,55.765,87.133,70.846
139.595,57.418,85.275,69.335
143.141,57.279,83.456,67.857
139.730,61.730,81.676,66.410
142.004,61.035,79.935,64.993
141.483,63.101,78.230,63.607
144.198,62.435,76.562,62.251
146.856,63.362,74.929,60.924
148.427,65.299,73.331,59.624
149.461,64.675,71.767,58.353
151.952,67.516,70.237,57.108
154.390,66.918,68.739,55.891
155.359,69.640,67.273,54.699
157.232,69.530,65.839,53.532
157.255,70.327,64.434,52.391
160.377,69.778,63.060,51.273
161.700,70.108,61.716,50.180
160.600,70.768,61.716,50.180
163.020,69.668,61.716,50.180
164.314,69.992,60.400,49.110
163.668,70.207,60.400,49.110
166.594,71.353,59.111,48.063
164.847,67.980,60.419,49.126
168.508,68.195,60.419,49.126
167.432,67.118,60.419,49.126
168.327,67.245,61.756,50.213
167.667,67.025,61.756,50.213
170.088,68.566,61.756,50.213
171.383,68.465,60.439,49.142
172.460,70.403,60.439,49.142
172.676,68.895,60.439,49.142
173.753,70.403,60.439,49.142
174.830,68.895,60.439,49.142
174.615,69.973,60.439,49.142
175.692,68.465,60.439,49.142
175.476,67.387,60.439,49.142
176.984,70.188,60.439,49.142
176.539,67.186,61.776,50.229
177.200,67.406,61.776,50.229
177.860,68.507,61.776,50.229
178.521,67.846,61.776,50.229
177.609,65.692,63.143,51.341
179.184,65.917,63.143,51.341
179.409,63.441,63.143,51.341
181.435,63.666,63.143,51.341
180.760,62.091,63.143,51.341
183.236,62.766,63.143,51.341
184.126,63.530,61.797,50.246
184.997,65.127,60.479,49.174
186.937,64.050,60.479,49.174
185.428,63.834,60.479,49.174
186.075,66.205,60.479,49.174
186.524,62.754,61.817,50.262
187.185,63.855,61.817,50.262
188.481,65.878,60.499,49.190
188.697,66.094,60.499,49.190
189.775,64.153,60.499,49.190
190.422,65.662,60.499,49.190
190.206,65.878,60.499,49.190
192.147,67.819,60.499,49.190
193.225,68.897,60.499,49.190
192.147,68.681,60.499,49.190
193.225,71.053,60.499,49.190
193.872,69.975,60.499,49.190
192.794,68.034,60.499,49.190
196.141,69.598,59.208,48.141
195.086,68.965,59.208,48.141
197.829,65.377,59.208,48.141
196.352,66.010,59.208,48.141
196.985,64.533,59.208,48.141
197.618,64.744,59.208,48.141
198.673,66.221,59.208,48.141
198.884,64.744,59.208,48.141
199.940,66.644,59.208,48.141
200.995,68.543,59.208,48.141
200.362,68.332,59.208,48.141
201.839,67.699,59.208,48.141
198.776,66.947,60.518,49.207
199.854,64.574,60.518,49.207
201.123,66.555,59.228,48.157
199.811,63.174,60.538,49.223
201.912,65.155,59.247,48.173
201.701,63.677,59.247,48.173
202.335,64.310,59.247,48.173
203.390,64.522,59.247,48.173
201.912,66.422,59.247,48.173
202.968,67.478,59.247,48.173
201.912,67.267,59.247,48.173
203.390,68.745,59.247,48.173
201.201,67.555,60.558,49.239
201.651,66.338,61.898,50.328
201.653,64.179,63.267,51.442
200.526,65.758,63.267,51.442
201.653,65.532,63.267,51.442
203.414,66.298,61.918,50.345
203.862,67.048,60.598,49.271
204.078,66.400,60.598,49.271
204.726,67.480,60.598,49.271
204.510,68.128,60.598,49.271
203.615,67.359,61.939,50.361
203.836,67.579,61.939,50.361
204.940,69.566,61.939,50.361
205.602,69.346,61.939,50.361
204.940,70.891,61.939,50.361
207.810,68.462,61.939,50.361
208.914,69.566,61.939,50.361
210.213,68.188,60.618,49.287
209.564,67.540,60.618,49.287
211.509,66.892,60.618,49.287
210.614,64.777,61.959,50.378
211.718,66.765,61.959,50.378
212.381,66.544,61.959,50.378
212.602,66.323,61.959,50.378
212.823,66.544,61.959,50.378
213.044,68.532,61.959,50.378
212.587,66.371,63.330,51.492
212.361,68.402,63.330,51.492
213.490,67.273,63.330,51.492
213.264,67.499,63.330,51.492
215.028,69.571,61.979,50.394
213.481,68.467,61.979,50.394
215.028,67.804,61.979,50.394
214.365,67.141,61.979,50.394
216.516,68.317,60.657,49.320
215.868,68.101,60.657,49.320
216.723,68.835,59.364,48.268
218.204,69.470,59.364,48.268
217.146,68.835,59.364,48.268
218.799,71.186,58.098,47.239
219.230,70.878,59.383,48.284
220.475,71.189,58.117,47.254
219.440,70.981,58.117,47.254
221.304,70.360,58.117,47.254
221.097,70.981,58.117,47.254
220.890,68.289,58.117,47.254
220.891,67.551,59.403,48.299
220.256,67.339,59.403,48.299
221.315,68.398,59.403,48.299
220.256,71.574,59.403,48.299
221.315,75.173,59.403,48.299
221.950,77.502,59.403,48.299
222.788,76.997,58.136,47.269
224.007,77.701,56.896,46.261
225.021,75.875,56.896,46.261
223.760,72.628,58.155,47.285
225.211,68.690,58.155,47.285
225.833,63.093,58.155,47.285
226.455,59.984,58.155,47.285
225.676,57.891,56.915,46.277
227.096,59.717,56.915,46.277
227.299,60.731,56.915,46.277
227.502,62.557,56.915,46.277
227.705,64.383,56.915,46.277
227.502,67.426,56.915,46.277
228.922,69.657,56.915,46.277
229.531,71.077,56.915,46.277
230.545,71.686,56.915,46.277
229.125,71.889,56.915,46.277
230.951,71.686,56.915,46.277
229.936,71.889,56.915,46.277
231.762,70.063,56.915,46.277
231.559,69.454,56.915,46.277
230.951,69.657,56.915,46.277
231.965,69.454,56.915,46.277
232.168,69.251,56.915,46.277
232.776,68.237,56.915,46.277
230.253,67.515,58.174,47.301
230.685,65.916,59.461,48.347
232.340,67.861,58.193,47.316
233.560,68.566,56.952,46.307
230.515,69.581,56.952,46.307
231.530,70.596,56.952,46.307
230.921,71.611,56.952,46.307
231.124,72.220,56.952,46.307
230.362,74.083,55.738,45.319
232.150,75.871,55.738,45.319
231.021,76.546,54.549,44.353
233.160,76.351,54.549,44.353
235.803,79.635,53.386,43.407
235.455,81.015,52.247,42.482
283.937,58.672,51.133,41.576
285.578,60.312,51.133,41.576
287.947,56.485,51.133,41.576
289.461,52.054,52.265,42.495
291.138,51.868,52.265,42.495
293.072,48.499,53.421,43.436
295.049,50.191,54.603,44.397
296.666,51.921,55.811,45.379
298.319,49.975,57.046,46.383
299.587,51.360,58.308,47.409
302.704,50.321,58.308,47.409
304.159,49.282,58.308,47.409
306.445,47.827,58.308,47.409
304.990,49.282,58.308,47.409
303.535,51.152,58.308,47.409
302.081,49.697,58.308,47.409
300.626,49.490,58.308,47.409
300.196,47.456,59.598,48.458
298.435,45.818,60.917,49.530
285.822,12.155,62.264,50.626
282.140,6.760,63.642,51.746
284.966,4.540,65.050,52.891
287.855,5.158,66.489,54.061
289.824,1.855,67.960,55.257
291.837,1.998,69.464,56.480
289.608,-1.716,69.464,56.480
291.065,-4.216,67.983,55.276
291.792,-5.428,67.983,55.276
294.151,-6.940,66.533,54.097
297.709,-9.549,66.533,54.097
300.475,-10.115,65.114,52.943
303.183,-10.221,63.725,51.814
304.957,-11.202,62.366,50.709
306.068,-13.202,62.366,50.709
309.519,-12.876,61.037,49.628
312.476,-13.395,59.735,48.569
314.139,-13.903,58.461,47.534
314.963,18.537,57.214,46.520
317.504,15.272,58.480,47.549
259.116,64.269,59.774,48.601
225.962,63.953,61.097,49.677
222.800,64.985,62.448,50.776
223.468,65.207,62.448,50.776
222.355,64.985,62.448,50.776
223.023,65.207,62.448,50.776
220.129,66.320,62.448,50.776
221.688,66.988,62.448,50.776
217.848,66.457,61.117,49.693
257.763,71.816,59.813,48.633
255.844,71.176,59.813,48.633
260.321,71.389,59.813,48.633
254.139,69.897,59.813,48.633
258.190,67.978,59.813,48.633
259.855,70.757,58.538,47.596
261.315,70.131,58.538,47.596
263.915,68.522,59.833,48.649
266.261,54.234,59.833,48.649
267.590,49.492,61.157,49.725
267.592,47.811,62.510,50.826
270.934,46.251,62.510,50.826
272.785,47.307,63.893,51.950
274.835,49.812,63.893,51.950
277.200,46.166,65.306,53.100
280.583,49.201,66.751,54.274
281.572,45.392,68.228,55.475
284.247,49.039,68.228,55.475
286.268,45.650,69.738,56.703
290.396,42.186,71.281,57.957
292.507,39.173,72.858,59.239
296.403,33.719,72.858,59.239
295.928,35.102,71.304,57.976
299.232,30.781,71.304,57.976
268.120,36.205,72.882,59.259
270.977,39.062,72.882,59.259
274.509,39.944,71.327,57.995
276.093,38.512,72.906,59.278
278.253,35.969,74.519,60.590
281.011,34.472,76.167,61.930
282.140,33.505,77.853,63.301
283.294,34.820,79.575,64.701
285.509,34.143,77.878,63.321
289.818,35.621,76.217,61.971
293.349,34.806,76.217,61.971
296.170,32.147,77.904,63.342
299.780,34.646,77.904,63.342
304.500,31.036,77.904,63.342
300.781,31.979,76.242,61.991
310.836,35.512,76.242,61.991
316.543,33.066,76.242,61.991
318.801,34.354,77.929,63.363
320.189,32.410,77.929,63.363
246.027,48.242,77.929,63.363
251.944,52.399,76.267,62.012
256.688,52.274,74.641,60.689
258.550,49.879,74.641,60.689
263.705,53.347,73.049,59.395
266.048,49.442,73.049,59.395
265.071,47.314,71.491,58.128
261.758,44.511,71.491,58.128
262.766,42.429,69.967,56.889
265.509,43.676,69.967,56.889
269.250,44.425,69.967,56.889
275.484,45.671,69.967,56.889
279.109,45.818,71.515,58.147
281.227,44.382,73.097,59.434
281.229,41.832,74.714,60.749
284.691,43.696,74.714,60.749
284.693,40.537,76.367,62.093
286.054,38.632,76.367,62.093
287.960,36.727,76.367,62.093
289.865,36.455,76.367,62.093
290.997,36.615,78.057,63.467
292.945,36.337,78.057,63.467
280.247,42.274,79.784,64.871
271.988,45.981,81.549,66.306
270.784,43.740,83.354,67.773
273.458,47.602,83.354,67.773
279.788,46.893,81.576,66.328
276.170,43.445,83.381,67.796
271.239,37.453,85.226,69.296
268.505,31.681,85.226,69.296
271.239,28.340,85.226,69.296
264.939,29.779,87.111,70.829
267.112,28.848,87.111,70.829
265.560,29.779,87.111,70.829
267.733,30.711,87.111,70.829
266.447,32.182,89.039,72.396
268.669,28.691,89.039,72.396
272.160,29.643,89.039,72.396
269.529,27.854,91.009,73.998
268.185,30.738,93.022,75.635
268.517,23.775,93.022,75.635
270.175,22.780,93.022,75.635
268.802,19.536,95.080,77.308
272.102,23.300,93.053,75.660
273.097,20.978,93.053,75.660
273.429,26.617,93.053,75.660
271.770,32.918,93.053,75.660
269.020,31.049,95.111,77.334
265.291,37.490,95.111,77.334
261.074,35.580,97.216,79.045
257.482,35.784,99.367,80.793
253.810,35.257,101.565,82.581
255.620,34.895,101.565,82.581
256.354,38.218,99.399,80.820
261.854,38.056,97.280,79.096
260.813,37.709,97.280,79.096
264.858,38.218,95.205,77.410
263.840,40.593,95.205,77.410
259.619,35.864,97.311,79.122
264.128,41.761,97.311,79.122
265.862,37.945,97.311,79.122
267.596,41.067,97.311,79.122
266.556,38.639,97.311,79.122
262.740,35.517,97.311,79.122
258.925,31.702,97.311,79.122
258.578,29.274,97.311,79.122
261.006,26.846,97.311,79.122
263.434,27.193,97.311,79.122
264.474,24.071,97.311,79.122
266.209,22.337,97.311,79.122
267.581,24.852,95.236,77.435
267.920,22.476,95.236,77.435
264.186,24.174,95.236,77.435
266.562,24.513,95.236,77.435
267.581,24.174,95.236,77.435
267.241,24.513,95.236,77.435
269.893,26.975,93.205,75.784
272.218,23.320,93.205,75.784
272.550,24.981,93.205,75.784
273.224,26.110,91.218,74.168
277.644,21.573,89.272,72.586
279.516,22.040,87.369,71.038
282.318,16.746,87.369,71.038
278.893,18.926,87.369,71.038
283.126,18.183,85.506,69.523
267.319,46.188,87.397,71.061
267.007,47.745,87.397,71.061
270.434,48.057,87.397,71.061
274.669,48.514,85.534,69.546
275.583,51.868,85.534,69.546
283.254,52.903,83.710,68.063
207.362,57.943,81.924,66.611
210.574,58.819,81.924,66.611
213.418,58.122,80.177,65.191
213.703,59.550,80.177,65.191
215.704,58.122,80.177,65.191
215.990,58.979,80.177,65.191
217.671,59.949,78.468,63.801
219.069,59.110,78.468,63.801
217.671,58.831,78.468,63.801
219.069,57.992,78.468,63.801
217.671,59.390,78.468,63.801
219.629,60.229,78.468,63.801
221.274,62.257,76.794,62.440
221.000,63.078,76.794,62.440
221.274,63.900,76.794,62.440
223.190,63.626,76.794,62.440
224.800,66.666,75.157,61.108
225.604,65.862,75.157,61.108
226.408,66.130,75.157,61.108
228.819,64.791,75.157,61.108
227.479,64.523,75.157,61.108
229.354,65.327,75.157,61.108
230.694,65.059,75.157,61.108
232.033,65.327,75.157,61.108
231.765,65.595,75.157,61.108
233.640,65.862,75.157,61.108
233.908,66.130,75.157,61.108
235.784,66.934,75.157,61.108
235.516,66.130,75.157,61.108
237.927,66.934,75.157,61.108
237.659,66.130,75.157,61.108
238.998,66.398,75.157,61.108
240.338,66.130,75.157,61.108
242.748,64.791,75.157,61.108
241.945,64.523,75.157,61.108
244.891,63.719,75.157,61.108
243.226,62.210,76.819,62.461
244.933,61.803,78.519,63.842
244.355,60.225,80.256,65.255
246.357,59.367,80.256,65.255
250.648,59.653,80.256,65.255
251.506,59.367,80.256,65.255
249.504,59.081,80.256,65.255
249.506,59.250,82.032,66.699
249.509,58.208,83.847,68.174
250.406,59.703,83.847,68.174
252.269,59.259,85.702,69.683
254.066,59.707,83.874,68.197
255.560,60.006,83.874,68.197
256.457,59.707,83.874,68.197
253.767,61.202,83.874,68.197
257.653,60.903,83.874,68.197
255.795,59.838,85.730,69.706
256.712,60.144,85.730,69.706
255.795,62.283,85.730,69.706
257.934,61.366,85.730,69.706
259.462,61.672,85.730,69.706
256.294,61.852,87.627,71.248
260.354,59.665,87.627,71.248
260.667,61.227,87.627,71.248
259.373,59.467,89.566,72.824
261.608,60.424,89.566,72.824
260.286,59.288,91.547,74.435
257.580,58.803,93.573,76.082
259.915,58.469,93.573,76.082
258.915,58.136,93.573,76.082
260.582,57.802,93.573,76.082
261.583,57.469,93.573,76.082
261.916,56.468,93.573,76.082
260.535,56.665,95.643,77.766
262.240,56.324,95.643,77.766
261.899,55.983,95.643,77.766
262.921,57.687,95.643,77.766
261.899,55.983,95.643,77.766
264.285,55.642,95.643,77.766
265.308,55.301,95.643,77.766
266.656,56.459,93.603,76.107
267.657,56.125,93.603,76.107
267.991,56.459,93.603,76.107
266.990,56.125,93.603,76.107
267.991,57.793,93.603,76.107
267.657,57.460,93.603,76.107
267.991,58.460,93.603,76.107
268.324,59.461,93.603,76.107
268.658,59.128,93.603,76.107
269.977,62.190,91.607,74.484
269.651,60.558,91.607,74.484
