73.000,126.000,29.000,23.000
73.920,125.693,29.000,23.000
74.226,125.387,29.000,23.000
74.737,124.876,29.000,23.000
75.453,125.591,29.000,23.000
76.372,124.467,29.000,23.000
76.883,124.978,29.000,23.000
77.803,125.285,29.000,23.000
78.518,123.956,29.000,23.000
78.825,124.467,29.000,23.000
79.336,123.956,29.000,23.000
78.621,124.467,29.000,23.000
79.949,123.547,29.000,23.000
81.073,123.241,29.000,23.000
80.767,122.525,29.000,23.000
82.299,122.015,29.000,23.000
82.197,121.504,29.000,23.000
82.708,121.606,29.000,23.000
83.219,122.117,29.000,23.000
83.730,121.197,29.000,23.000
84.650,121.095,29.000,23.000
84.956,121.197,29.000,23.000
85.672,121.299,29.000,23.000
86.183,121.606,29.000,23.000
85.876,121.912,29.000,23.000
87.205,122.423,29.000,23.000
87.307,122.117,29.000,23.000
87.940,121.544,29.642,23.509
88.880,121.858,29.642,23.509
88.985,122.171,29.642,23.509
89.298,122.693,29.642,23.509
89.194,121.544,29.642,23.509
89.089,122.066,29.642,23.509
90.238,122.380,29.642,23.509
90.134,121.231,29.642,23.509
90.865,122.380,29.642,23.509
91.387,121.440,29.642,23.509
91.074,121.962,29.642,23.509
92.014,122.693,29.642,23.509
91.909,123.215,29.642,23.509
92.223,123.529,29.642,23.509
91.283,123.424,29.642,23.509
91.805,123.738,29.642,23.509
92.536,124.678,29.642,23.509
92.641,125.200,29.642,23.509
92.536,125.931,29.642,23.509
92.432,126.245,29.642,23.509
92.954,126.558,29.642,23.509
93.894,126.036,29.642,23.509
93.790,126.767,29.642,23.509
93.894,126.453,29.642,23.509
94.207,126.140,29.642,23.509
93.476,126.871,29.642,23.509
94.416,126.140,29.642,23.509
94.939,126.245,29.642,23.509
95.369,126.093,30.297,24.029
95.689,124.918,30.297,24.029
96.437,125.452,30.297,24.029
97.184,125.132,30.297,24.029
97.291,124.385,30.297,24.029
97.398,124.705,30.297,24.029
97.718,124.812,30.297,24.029
98.038,125.132,30.297,24.029
97.504,123.744,30.297,24.029
98.465,124.491,30.297,24.029
98.359,123.958,30.297,24.029
98.465,124.491,30.297,24.029
98.999,123.958,30.297,24.029
98.465,124.278,30.297,24.029
98.999,123.531,30.297,24.029
98.892,123.851,30.297,24.029
98.999,123.958,30.297,24.029
99.319,124.278,30.297,24.029
99.853,123.531,30.297,24.029
99.747,123.851,30.297,24.029
100.707,124.171,30.297,24.029
101.028,123.210,30.297,24.029
100.067,123.103,30.297,24.029
100.601,123.424,30.297,24.029
101.348,123.317,30.297,24.029
100.814,123.210,30.297,24.029
101.561,122.890,30.297,24.029
101.455,124.064,30.297,24.029
101.561,122.890,30.297,24.029
101.455,124.064,30.297,24.029
101.989,123.103,30.297,24.029
101.100,122.727,30.968,24.561
102.082,122.618,30.968,24.561
101.536,123.818,30.968,24.561
101.209,122.836,30.968,24.561
102.191,122.509,30.968,24.561
101.863,123.709,30.968,24.561
101.181,122.871,31.653,25.104
101.739,122.983,31.653,25.104
100.958,122.202,31.653,25.104
101.516,122.090,31.653,25.104
101.850,121.979,31.653,25.104
101.739,121.644,31.653,25.104
101.850,122.871,31.653,25.104
101.962,122.537,31.653,25.104
102.743,122.425,31.653,25.104
102.185,121.867,31.653,25.104
102.966,123.094,31.653,25.104
102.408,122.090,31.653,25.104
103.858,121.756,31.653,25.104
102.631,122.983,31.653,25.104
103.635,121.756,31.653,25.104
104.193,122.983,31.653,25.104
103.412,121.756,31.653,25.104
103.970,122.983,31.653,25.104
103.412,121.756,31.653,25.104
103.970,122.537,31.653,25.104
103.189,121.979,31.653,25.104
104.193,121.198,31.653,25.104
103.858,121.756,31.653,25.104
103.747,122.090,31.653,25.104
102.966,121.310,31.653,25.104
103.524,121.198,31.653,25.104
103.858,120.864,31.653,25.104
103.077,121.644,31.653,25.104
104.081,120.864,31.653,25.104
103.300,120.975,31.653,25.104
104.081,119.971,31.653,25.104
103.747,120.083,31.653,25.104
103.412,119.971,31.653,25.104
104.416,119.860,31.653,25.104
104.304,120.640,31.653,25.104
104.193,120.529,31.653,25.104
104.304,120.194,31.653,25.104
104.193,120.083,31.653,25.104
103.858,119.971,31.653,25.104
103.747,120.529,31.653,25.104
103.635,121.087,31.653,25.104
105.085,120.529,31.653,25.104
104.304,121.310,31.653,25.104
104.639,120.975,31.653,25.104
104.974,120.863,31.653,25.104
104.193,121.867,31.653,25.104
104.750,121.533,31.653,25.104
104.193,120.975,31.653,25.104
104.527,120.417,31.653,25.104
104.639,120.752,31.653,25.104
104.974,120.863,31.653,25.104
103.747,120.752,31.653,25.104
103.858,120.640,31.653,25.104
103.747,120.529,31.653,25.104
103.635,120.417,31.653,25.104
104.416,120.529,31.653,25.104
103.858,120.863,31.653,25.104
103.523,120.529,31.653,25.104
104.081,120.640,31.653,25.104
103.747,120.529,31.653,25.104
103.412,120.417,31.653,25.104
104.193,120.306,31.653,25.104
103.858,119.971,31.653,25.104
103.524,119.413,31.653,25.104
104.304,120.417,31.653,25.104
104.193,120.083,31.653,25.104
103.858,120.417,31.653,25.104
103.524,120.306,31.653,25.104
104.527,120.863,31.653,25.104
104.639,121.421,31.653,25.104
104.527,120.863,31.653,25.104
104.639,121.867,31.653,25.104
104.974,121.533,31.653,25.104
104.193,121.421,31.653,25.104
104.750,121.087,31.653,25.104
103.970,120.752,31.653,25.104
104.750,121.756,31.653,25.104
104.193,121.198,31.653,25.104
104.750,120.640,31.653,25.104
103.970,121.644,31.653,25.104
104.527,121.086,31.653,25.104
104.862,120.529,31.653,25.104
104.304,120.863,31.653,25.104
105.085,121.198,31.653,25.104
104.750,120.194,31.653,25.104
104.639,120.529,31.653,25.104
105.643,120.194,31.653,25.104
105.754,120.529,31.653,25.104
104.750,121.087,31.653,25.104
105.085,120.306,31.653,25.104
104.974,121.087,31.653,25.104
105.531,120.752,31.653,25.104
106.089,121.533,31.653,25.104
105.531,121.867,31.653,25.104
106.312,122.202,31.653,25.104
105.977,121.867,31.653,25.104
105.866,122.648,31.653,25.104
105.531,122.090,31.653,25.104
106.981,121.533,31.653,25.104
106.200,122.313,31.653,25.104
106.758,121.756,31.653,25.104
105.977,122.313,31.653,25.104
106.535,121.756,31.653,25.104
107.093,121.867,31.653,25.104
106.893,121.812,30.978,24.569
107.220,120.830,30.978,24.569
107.984,120.502,30.978,24.569
107.439,121.048,30.978,24.569
108.203,120.502,30.978,24.569
107.875,121.267,30.978,24.569
108.203,120.502,30.978,24.569
108.748,121.267,30.978,24.569
108.203,120.721,30.978,24.569
108.530,120.175,30.978,24.569
107.984,120.939,30.978,24.569
108.530,120.612,30.978,24.569
108.203,121.157,30.978,24.569
109.185,121.048,30.978,24.569
108.050,121.116,31.663,25.112
108.608,120.782,31.663,25.112
109.612,121.339,31.663,25.112
109.054,120.782,31.663,25.112
109.165,121.786,31.663,25.112
109.723,121.451,31.663,25.112
109.612,122.232,31.663,25.112
109.723,121.451,31.663,25.112
109.612,122.232,31.663,25.112
110.393,121.451,31.663,25.112
109.612,122.009,31.663,25.112
110.839,121.228,31.663,25.112
109.678,120.834,32.364,25.668
109.336,120.720,32.364,25.668
109.450,120.606,32.364,25.668
108.880,120.948,32.364,25.668
110.363,120.150,32.364,25.668
109.793,119.808,32.364,25.668
108.538,119.238,32.364,25.668
110.191,118.835,33.080,26.236
109.609,119.651,33.080,26.236
110.658,119.768,33.080,26.236
112.173,119.185,33.080,26.236
112.057,119.069,33.080,26.236
111.707,118.719,33.080,26.236
110.425,119.768,33.080,26.236
108.210,118.952,33.080,26.236
102.731,117.203,33.080,26.236
100.983,117.087,33.080,26.236
101.799,116.504,33.080,26.236
101.589,117.570,32.374,25.676
101.247,117.912,32.374,25.676
101.818,116.886,32.374,25.676
100.791,116.543,32.374,25.676
101.133,118.027,32.374,25.676
101.704,117.228,32.374,25.676
100.754,116.115,33.091,26.244
100.870,116.698,33.091,26.244
100.520,117.048,33.091,26.244
100.404,115.766,33.091,26.244
101.220,116.815,33.091,26.244
100.637,116.232,33.091,26.244
100.287,115.649,33.091,26.244
101.337,115.766,33.091,26.244
101.220,115.183,33.091,26.244
101.803,114.366,33.091,26.244
101.686,115.416,33.091,26.244
100.637,114.600,33.091,26.244
101.686,115.183,33.091,26.244
102.269,114.366,33.091,26.244
101.920,114.949,33.091,26.244
101.337,114.366,33.091,26.244
102.059,114.681,33.823,26.825
100.987,114.085,33.823,26.825
101.583,115.158,33.823,26.825
101.940,114.085,33.823,26.825
100.867,114.919,33.823,26.825
100.864,114.004,34.571,27.419
100.742,113.882,34.571,27.419
101.595,114.004,34.571,27.419
100.012,114.126,34.571,27.419
101.108,114.248,34.571,27.419
100.986,114.126,34.571,27.419
100.621,114.248,34.571,27.419
99.768,113.639,34.571,27.419
99.402,113.761,34.571,27.419
99.524,113.151,34.571,27.419
99.646,112.055,34.571,27.419
98.793,111.690,34.571,27.419
99.159,111.811,34.571,27.419
99.768,110.715,34.571,27.419
99.159,111.324,34.571,27.419
99.768,111.202,34.571,27.419
98.915,110.593,34.571,27.419
99.037,112.177,34.571,27.419
98.671,111.324,34.571,27.419
97.819,111.933,34.571,27.419
98.184,112.055,34.571,27.419
98.550,112.177,34.571,27.419
97.453,113.030,34.571,27.419
95.870,112.177,34.571,27.419
96.479,111.811,34.571,27.419
95.382,111.690,34.571,27.419
94.773,112.786,34.571,27.419
95.382,112.421,34.571,27.419
94.042,111.811,34.571,27.419
94.408,110.959,34.571,27.419
93.555,112.055,34.571,27.419
93.920,111.202,34.571,27.419
93.068,111.568,34.571,27.419
93.677,112.177,34.571,27.419
91.849,111.324,34.571,27.419
92.215,112.177,34.571,27.419
90.631,111.324,34.571,27.419
90.753,112.664,34.571,27.419
88.475,112.487,35.336,28.025
89.691,113.866,34.583,27.428
88.595,113.988,34.583,27.428
87.254,114.841,34.583,27.428
85.426,115.694,34.583,27.428
84.573,116.791,34.583,27.428
84.208,116.182,34.583,27.428
83.355,117.278,34.583,27.428
82.014,117.644,34.583,27.428
81.648,118.984,34.583,27.428
79.821,118.131,34.583,27.428
78.967,119.228,34.583,27.428
78.114,118.131,34.583,27.428
77.018,118.984,34.583,27.428
75.921,117.400,34.583,27.428
74.824,118.010,34.583,27.428
74.215,116.182,34.583,27.428
72.143,115.572,34.583,27.428
71.534,115.450,34.583,27.428
70.193,114.841,34.583,27.428
69.584,113.501,34.583,27.428
68.243,113.622,34.583,27.428
65.964,111.928,35.348,28.034
64.594,111.555,35.348,28.034
62.228,110.683,35.348,28.034
61.107,111.555,35.348,28.034
59.986,110.932,35.348,28.034
58.173,109.717,36.130,28.655
56.772,110.099,36.130,28.655
55.117,110.736,36.130,28.655
54.226,110.354,36.130,28.655
52.571,110.226,36.130,28.655
50.916,110.863,36.130,28.655
49.592,112.263,36.929,29.289
47.379,111.873,36.929,29.289
46.468,112.263,36.929,29.289
45.037,112.393,36.929,29.289
43.085,112.003,36.929,29.289
41.393,112.914,36.929,29.289
39.962,113.044,36.929,29.289
38.010,113.695,36.929,29.289
36.578,113.044,36.929,29.289
34.887,113.955,36.929,29.289
32.935,114.345,36.929,29.289
30.983,114.996,36.929,29.289
29.359,113.997,37.746,29.937
3.422,121.578,37.746,29.937
1.160,121.711,37.746,29.937
-1.899,122.377,37.746,29.937
-3.834,120.803,38.581,30.599
-4.966,120.042,39.435,31.276
-6.495,119.347,39.435,31.276
-8.229,117.992,40.307,31.968
-8.822,116.607,41.199,32.675
-11.000,118.203,41.199,32.675
-12.016,117.478,41.199,32.675
7.561,113.953,42.111,33.398
10.084,113.211,42.111,33.398
8.155,113.063,42.111,33.398
6.819,112.617,42.111,33.398
8.842,113.975,41.213,32.686
6.373,112.668,41.213,32.686
4.992,111.756,40.334,31.989
-4.815,110.762,40.334,31.989
-4.229,110.260,41.226,32.697
-6.117,109.534,41.226,32.697
-7.134,108.226,41.226,32.697
-5.246,109.534,41.226,32.697
-6.626,111.143,40.347,31.999
-5.785,112.169,39.487,31.317
-5.230,111.564,38.645,30.649
-5.366,112.790,38.645,30.649
-4.823,111.673,37.821,29.996
14.769,117.937,37.821,29.996
16.071,119.669,37.014,29.356
14.580,121.114,36.225,28.730
14.105,119.821,35.452,28.117
13.480,120.695,35.452,28.117
12.106,121.320,35.452,28.117
11.481,120.945,35.452,28.117
10.107,121.820,35.452,28.117
9.732,121.445,35.452,28.117
8.358,121.320,35.452,28.117
7.734,121.945,35.452,28.117
7.109,120.321,35.452,28.117
6.734,121.945,35.452,28.117
6.028,120.679,34.696,27.518
4.928,122.024,34.696,27.518
