143.000,125.000,30.000,54.000
143.491,125.491,30.000,54.000
143.982,126.309,30.000,54.000
144.473,126.146,30.000,54.000
144.309,126.309,30.000,54.000
144.146,126.800,30.000,54.000
143.982,127.619,30.000,54.000
144.473,127.782,30.000,54.000
144.309,127.946,30.000,54.000
144.146,128.110,30.000,54.000
143.982,127.291,30.000,54.000
144.473,127.455,30.000,54.000
143.982,127.619,30.000,54.000
144.146,127.455,30.000,54.000
143.327,126.637,30.000,54.000
142.836,125.818,30.000,54.000
142.673,125.327,30.000,54.000
141.854,125.164,30.000,54.000
141.013,125.755,30.664,55.195
139.842,126.926,30.664,55.195
140.009,128.097,30.664,55.195
139.844,128.354,31.342,56.416
138.647,127.499,31.342,56.416
141.212,127.328,31.342,56.416
140.687,128.301,32.036,57.664
139.064,127.119,32.744,58.940
137.775,128.505,33.469,60.244
137.592,126.497,33.469,60.244
138.927,127.535,34.209,61.577
137.580,128.209,34.966,62.939
138.534,129.545,34.966,62.939
139.929,129.838,35.740,64.332
140.513,127.303,35.740,64.332
139.511,128.817,36.531,65.755
140.141,127.469,37.339,67.210
138.249,127.782,38.165,68.697
137.208,127.990,38.165,68.697
136.167,129.031,38.165,68.697
134.709,130.072,38.165,68.697
133.252,131.113,38.165,68.697
132.211,131.322,38.165,68.697
131.170,129.448,38.165,68.697
129.712,128.823,38.165,68.697
128.715,128.552,37.351,67.232
126.881,127.126,37.351,67.232
126.269,124.070,37.351,67.232
128.828,124.983,36.555,65.798
131.332,127.030,35.775,64.395
133.479,126.444,35.775,64.395
137.058,126.567,35.012,63.022
139.159,127.140,35.012,63.022
142.662,127.628,34.266,61.678
147.532,128.826,33.535,60.363
150.182,130.704,32.820,59.075
147.854,132.673,32.820,59.075
145.961,133.130,32.120,57.816
143.683,131.203,32.120,57.816
141.755,133.481,32.120,57.816
140.529,136.460,32.120,57.816
138.952,139.438,32.120,57.816
137.725,141.015,32.120,57.816
139.302,142.592,32.120,57.816
139.477,141.716,32.120,57.816
140.704,141.191,32.120,57.816
140.529,139.964,32.120,57.816
140.003,138.387,32.120,57.816
138.012,135.384,32.830,59.095
136.400,134.489,32.830,59.095
134.736,132.534,33.557,60.402
132.655,129.017,34.299,61.739
134.800,121.928,35.058,63.105
137.388,112.301,35.834,64.501
139.223,101.649,36.627,65.928
140.683,94.079,37.437,67.386
138.362,88.884,38.265,68.877
135.123,84.873,39.112,70.401
127.655,87.647,39.112,70.401
119.918,90.632,39.977,71.959
110.976,100.446,39.977,71.959
102.034,113.313,39.977,71.959
95.710,128.797,39.977,71.959
96.800,140.355,39.977,71.959
102.253,151.914,39.977,71.959
112.066,161.728,39.977,71.959
121.806,172.019,40.862,73.551
132.729,176.254,40.862,73.551
143.652,177.369,40.862,73.551
153.683,178.037,40.862,73.551
158.364,177.815,40.862,73.551
161.593,174.946,39.990,71.983
158.756,165.565,39.990,71.983
154.014,153.679,40.875,73.575
150.366,145.651,40.003,72.006
146.656,136.267,40.003,72.006
138.289,130.716,40.889,73.599
132.977,121.802,41.793,75.228
127.050,119.747,40.902,73.623
120.132,117.739,40.902,73.623
115.192,120.460,40.030,72.053
111.620,123.964,39.176,70.517
112.243,127.806,38.341,69.013
114.467,131.566,37.523,67.541
117.037,133.273,36.723,66.101
120.711,134.943,35.940,64.691
126.575,135.444,35.173,63.312
131.203,134.084,34.423,61.962
137.543,132.392,33.689,60.640
141.770,130.370,33.689,60.640
145.850,128.714,32.971,59.347
149.148,125.706,32.268,58.082
151.359,122.763,31.579,56.843
150.201,122.206,30.906,55.631
148.009,120.015,30.906,55.631
146.876,118.495,30.247,54.444
143.859,117.326,29.602,53.283
138.853,119.748,29.602,53.283
135.138,121.202,29.602,53.283
134.008,123.947,29.602,53.283
135.461,127.661,29.602,53.283
134.977,130.730,29.602,53.283
137.076,132.829,29.602,53.283
138.530,132.021,29.602,53.283
139.014,130.245,29.602,53.283
140.145,128.469,29.602,53.283
140.306,126.692,29.602,53.283
138.207,126.208,29.602,53.283
136.430,124.432,29.602,53.283
134.977,121.040,29.602,53.283
133.847,119.587,29.602,53.283
133.362,118.780,29.602,53.283
132.555,119.264,29.602,53.283
132.070,119.425,29.602,53.283
130.940,118.618,29.602,53.283
130.789,117.474,28.971,52.147
129.682,117.000,28.971,52.147
129.524,115.578,28.971,52.147
128.734,114.471,28.971,52.147
129.195,115.789,28.353,51.035
130.243,117.675,27.748,49.947
130.092,116.615,27.748,49.947
129.032,116.464,27.748,49.947
130.453,116.697,28.362,51.052
130.917,118.399,28.362,51.052
131.381,119.791,28.362,51.052
131.226,121.493,28.362,51.052
132.000,122.267,28.362,51.052
131.845,122.731,28.362,51.052
130.507,124.617,27.757,49.963
129.447,123.860,27.757,49.963
126.678,126.582,27.165,48.898
120.540,126.675,26.586,47.855
113.174,124.791,27.174,48.914
105.952,111.792,27.775,49.996
102.972,107.938,28.390,51.102
107.154,107.783,28.390,51.102
120.628,108.557,28.390,51.102
122.332,106.234,28.390,51.102
120.938,108.248,28.390,51.102
123.571,110.571,28.390,51.102
125.894,110.106,28.390,51.102
126.943,113.487,27.785,50.012
126.488,114.548,27.785,50.012
127.852,113.184,27.785,50.012
129.520,114.548,27.785,50.012
136.947,101.968,27.785,50.012
140.433,103.332,27.785,50.012
143.010,105.302,27.785,50.012
144.677,105.757,27.785,50.012
143.919,106.818,27.785,50.012
144.083,107.051,28.399,51.119
142.644,107.611,29.028,52.250
141.852,109.036,29.028,52.250
141.061,110.778,29.028,52.250
139.635,109.353,29.028,52.250
139.807,111.239,29.670,53.406
138.639,112.831,30.326,54.587
139.162,115.145,30.997,55.795
136.626,121.740,30.997,55.795
137.133,129.688,30.997,55.795
135.913,136.264,31.683,57.030
138.160,138.856,31.683,57.030
139.064,135.894,32.384,58.291
135.590,138.732,33.101,59.581
133.913,139.384,33.833,60.899
136.312,137.354,33.833,60.899
137.661,134.957,34.582,62.247
153.915,118.023,35.347,63.624
162.207,108.189,35.347,63.624
164.328,104.140,35.347,63.624
163.749,104.718,35.347,63.624
165.485,105.297,35.347,63.624
167.220,103.947,35.347,63.624
170.013,105.554,34.593,62.267
173.474,107.128,33.855,60.939
176.505,108.668,33.133,59.640
182.470,109.210,33.133,59.640
185.543,110.114,33.133,59.640
188.254,111.740,33.133,59.640
191.327,113.367,33.133,59.640
196.036,121.494,32.427,58.368
203.288,128.040,32.427,58.368
205.942,131.047,32.427,58.368
207.888,130.162,32.427,58.368
208.745,133.001,31.735,57.123
207.533,131.443,31.735,57.123
207.360,130.231,31.735,57.123
208.572,130.404,31.735,57.123
212.207,129.192,31.735,57.123
209.264,122.441,31.735,57.123
211.608,108.338,32.437,58.387
208.128,100.164,33.155,59.679
203.968,92.387,33.155,59.679
217.895,67.246,33.155,59.679
219.161,60.554,33.155,59.679
217.171,53.139,33.155,59.679
216.267,47.893,33.155,59.679
215.001,45.180,33.155,59.679
213.320,41.705,33.888,60.999
182.077,51.503,33.888,60.999
177.674,51.788,34.638,62.349
174.084,53.488,34.638,62.349
161.046,55.567,34.638,62.349
180.175,41.479,33.900,61.019
182.294,30.635,34.650,62.369
182.861,27.044,34.650,62.369
181.497,25.765,35.416,63.749
180.531,26.731,35.416,63.749
182.212,29.087,34.661,62.390
183.914,36.083,34.661,62.390
184.466,39.482,33.922,61.059
183.222,41.382,33.198,59.757
164.200,62.094,32.490,58.483
161.541,64.752,32.490,58.483
160.655,67.765,32.490,58.483
160.489,70.268,31.798,57.236
160.663,67.666,31.798,57.236
161.877,65.758,31.798,57.236
162.717,67.873,31.119,56.015
162.231,69.289,30.456,54.821
163.062,67.129,30.456,54.821
161.899,68.624,30.456,54.821
162.424,66.121,31.130,56.033
161.914,67.650,31.130,56.033
161.405,68.499,31.130,56.033
162.555,67.623,30.466,54.839
161.392,68.787,30.466,54.839
160.916,68.250,29.816,53.669
160.102,68.738,29.816,53.669
161.831,67.586,29.180,52.525
163.217,70.447,28.558,51.404
163.071,71.145,27.949,50.308
162.308,72.518,27.949,50.308
165.105,75.258,27.353,49.235
164.358,74.811,27.353,49.235
166.520,76.343,26.770,48.185
151.224,65.052,27.362,49.252
148.782,63.995,26.778,48.201
149.208,64.368,26.207,47.173
147.972,64.733,25.649,46.167
148.650,66.169,25.102,45.183
149.050,67.839,24.566,44.219
150.216,67.148,24.042,43.276
151.357,67.483,23.530,42.353
152.722,67.069,23.028,41.450
153.573,67.874,22.537,40.566
155.116,67.951,22.056,39.701
156.627,68.490,21.586,38.855
158.106,69.245,21.126,38.026
159.775,68.873,20.675,37.215
150.973,88.729,20.234,36.421
150.444,90.713,19.803,35.645
150.967,89.740,19.380,34.885
150.461,90.825,18.967,34.141
151.161,91.488,18.563,33.413
150.655,91.792,18.563,33.413
151.566,91.488,18.563,33.413
151.060,91.387,18.563,33.413
151.941,92.231,18.167,32.700
152.613,92.293,17.779,32.003
153.644,93.289,17.400,31.320
152.979,95.092,17.400,31.320
153.074,96.137,17.400,31.320
153.359,97.181,17.400,31.320
152.694,98.605,17.400,31.320
153.549,100.218,17.400,31.320
153.833,103.540,17.400,31.320
154.308,105.154,17.400,31.320
153.820,107.467,17.785,32.013
155.275,110.862,17.785,32.013
156.731,113.094,17.785,32.013
159.051,114.048,18.179,32.722
161.133,115.734,18.179,32.722
162.681,116.298,18.581,33.445
164.404,115.589,18.581,33.445
165.317,114.271,18.581,33.445
165.823,113.764,18.581,33.445
166.901,112.460,18.185,32.732
167.420,110.966,18.587,33.456
166.913,109.648,18.587,33.456
165.971,107.699,18.998,34.197
166.282,105.523,18.998,34.197
165.319,103.747,19.418,34.953
165.874,104.349,19.848,35.727
165.317,104.965,20.287,36.517
164.519,104.676,20.736,37.325
163.953,105.015,20.736,37.325
163.614,106.033,20.736,37.325
164.206,106.912,21.195,38.151
165.015,108.415,21.195,38.151
165.824,110.380,21.195,38.151
167.869,112.237,21.664,38.995
169.406,115.192,21.664,38.995
171.801,118.000,21.202,38.163
173.536,119.504,21.202,38.163
175.341,119.441,21.671,39.008
177.509,121.567,21.209,38.176
179.708,123.302,21.209,38.176
181.754,127.561,21.678,39.021
183.528,127.679,21.678,39.021
185.469,128.665,21.216,38.188
184.153,130.044,21.685,39.033
185.018,133.663,22.165,39.897
186.153,136.357,22.655,40.780
187.512,136.481,22.655,40.780
188.672,133.850,23.157,41.682
188.293,131.703,23.157,41.682
187.906,129.538,23.669,42.604
188.034,130.116,23.164,41.696
188.159,129.465,22.670,40.806
173.153,118.364,23.172,41.709
172.241,118.820,23.684,42.632
173.721,117.947,24.208,43.575
175.966,118.343,24.208,43.575
174.514,120.060,24.208,43.575
175.438,121.776,24.208,43.575
173.721,123.757,24.208,43.575
171.476,128.380,24.208,43.575
167.382,129.832,24.208,43.575
164.609,128.380,24.208,43.575
159.271,126.664,24.744,44.539
154.096,124.911,25.292,45.525
152.371,123.402,24.752,44.554
147.645,122.187,24.752,44.554
145.176,120.970,24.224,43.604
143.523,119.015,23.708,42.674
141.906,116.852,23.202,41.764
141.020,116.219,23.202,41.764
139.881,113.814,23.202,41.764
140.261,112.168,23.202,41.764
141.653,107.232,23.202,41.764
143.104,98.760,23.716,42.688
142.198,96.560,23.716,42.688
140.728,96.759,24.240,43.632
139.773,95.042,24.777,44.598
138.827,96.258,24.777,44.598
137.852,96.746,25.325,45.585
138.543,97.437,25.325,45.585
137.299,98.680,25.325,45.585
139.095,99.924,25.325,45.585
138.405,101.444,25.325,45.585
139.128,102.803,25.885,46.593
140.116,104.356,25.885,46.593
141.105,106.192,25.885,46.593
141.844,108.167,26.458,47.624
144.009,110.909,26.458,47.624
142.133,113.651,26.458,47.624
143.432,115.817,26.458,47.624
142.133,118.559,26.458,47.624
142.566,119.858,26.458,47.624
141.267,120.291,26.458,47.624
139.390,117.837,26.458,47.624
137.586,119.041,25.894,46.608
138.292,116.922,25.894,46.608
136.253,117.827,25.341,45.614
137.221,121.007,25.341,45.614
137.636,119.486,25.341,45.614
136.945,122.113,25.341,45.614
137.381,124.046,25.902,46.624
140.066,127.579,25.902,46.624
142.751,130.264,25.902,46.624
143.175,132.948,25.902,46.624
146.142,134.220,25.902,46.624
147.762,131.505,26.475,47.655
147.039,132.516,26.475,47.655
140.251,132.950,26.475,47.655
134.618,132.228,26.475,47.655
131.297,130.061,26.475,47.655
133.752,127.317,26.475,47.655
133.319,124.862,26.475,47.655
132.019,127.317,26.475,47.655
129.852,128.906,26.475,47.655
128.552,131.072,26.475,47.655
126.911,132.493,27.061,48.710
124.927,138.846,27.660,49.787
126.656,140.644,28.272,50.889
133.905,143.266,28.272,50.889
137.592,146.383,28.897,52.015
144.305,144.008,29.536,53.166
150.833,140.244,30.190,54.342
153.745,136.738,30.858,55.544
144.487,145.997,30.858,55.544
137.683,145.208,31.541,56.773
135.728,136.546,32.238,58.029
132.269,133.897,32.952,59.313
129.573,131.201,32.952,59.313
125.438,129.943,32.952,59.313
122.023,128.684,32.952,59.313
114.012,132.318,33.681,60.625
111.161,128.788,34.426,61.967
109.095,131.229,34.426,61.967
107.109,133.519,33.692,60.645
108.763,135.541,33.692,60.645
110.050,132.784,33.692,60.645
107.961,135.736,34.437,61.987
111.155,133.294,34.437,61.987
113.151,132.687,33.703,60.665
117.929,129.155,34.449,62.007
125.542,125.934,35.211,63.379
133.801,123.821,35.211,63.379
137.995,124.515,35.990,64.782
137.014,126.282,35.990,64.782
127.393,134.724,35.990,64.782
123.125,130.952,36.786,66.215
115.299,127.139,36.786,66.215
107.874,128.143,36.786,66.215
101.109,129.042,36.002,64.803
96.985,126.882,36.002,64.803
95.665,126.626,35.234,63.421
94.319,124.896,35.234,63.421
94.139,126.128,34.482,62.068
102.981,92.457,34.482,62.068
104.255,92.574,33.747,60.745
106.280,96.809,33.747,60.745
108.673,102.516,33.747,60.745
110.330,108.223,33.747,60.745
111.932,115.791,33.027,59.449
114.889,122.503,32.323,58.182
118.803,127.712,31.634,56.941
122.772,134.442,31.634,56.941
130.594,142.867,30.959,55.727
138.250,151.112,30.299,54.538
145.027,157.889,30.299,54.538
108.165,148.540,30.969,55.745
111.375,155.129,30.969,55.745
113.311,163.101,31.655,56.978
115.648,170.533,32.355,58.239
66.396,191.680,33.071,59.527
73.432,196.912,33.071,59.527
62.427,183.021,33.071,59.527
63.329,182.840,33.071,59.527
65.247,185.040,32.365,58.258
66.836,184.510,32.365,58.258
64.893,184.334,32.365,58.258
67.189,185.923,32.365,58.258
68.072,185.393,32.365,58.258
65.699,183.833,33.082,59.547
68.045,183.291,33.082,59.547
70.030,184.916,33.082,59.547
71.654,184.374,33.082,59.547
72.917,185.277,33.082,59.547
71.293,184.013,33.082,59.547
70.752,182.750,33.082,59.547
69.127,184.013,33.082,59.547
67.142,186.359,33.082,59.547
64.435,189.427,33.082,59.547
66.129,187.832,33.814,60.864
64.469,188.017,33.814,60.864
66.583,186.387,34.562,62.211
67.525,185.821,34.562,62.211
68.091,186.010,34.562,62.211
69.005,186.491,33.825,60.884
69.558,186.676,33.825,60.884
