144.000,63.000,57.000,89.000
143.714,63.857,57.000,89.000
144.000,63.571,57.000,89.000
144.286,63.286,57.000,89.000
144.000,64.143,57.000,89.000
144.286,63.857,57.000,89.000
144.571,63.571,57.000,89.000
144.857,63.286,57.000,89.000
144.571,64.714,57.000,89.000
144.286,63.286,57.000,89.000
144.000,64.143,57.000,89.000
144.286,63.857,57.000,89.000
144.571,63.571,57.000,89.000
144.286,63.286,57.000,89.000
144.000,64.143,57.000,89.000
144.286,63.857,57.000,89.000
144.571,63.571,57.000,89.000
144.286,63.286,57.000,89.000
144.000,64.143,57.000,89.000
144.286,63.857,57.000,89.000
144.571,63.571,57.000,89.000
144.286,63.286,57.000,89.000
144.000,64.143,57.000,89.000
144.286,63.857,57.000,89.000
144.571,63.571,57.000,89.000
144.286,63.286,57.000,89.000
144.000,64.143,57.000,89.000
144.286,63.857,57.000,89.000
144.571,63.571,57.000,89.000
144.857,63.857,57.000,89.000
145.143,63.571,57.000,89.000
145.428,63.286,57.000,89.000
145.143,64.714,57.000,89.000
146.026,64.286,55.784,87.102
146.305,64.566,55.784,87.102
145.467,62.609,55.784,87.102
145.253,62.190,54.595,85.245
144.979,61.917,54.595,85.245
144.159,61.643,54.595,85.245
143.885,61.369,54.595,85.245
143.611,63.832,54.595,85.245
144.979,61.369,54.595,85.245
144.159,61.096,54.595,85.245
145.004,60.686,53.431,83.427
145.272,57.740,53.431,83.427
145.540,57.473,53.431,83.427
145.272,56.134,53.431,83.427
145.540,58.008,53.431,83.427
145.272,54.527,53.431,83.427
146.076,50.510,53.431,83.427
147.950,48.100,53.431,83.427
148.218,49.975,53.431,83.427
148.486,50.778,53.431,83.427
146.611,51.582,53.431,83.427
146.879,52.920,53.431,83.427
147.147,54.259,53.431,83.427
147.950,57.740,53.431,83.427
147.081,60.985,54.613,85.273
147.355,62.901,54.613,85.273
148.176,59.890,54.613,85.273
147.355,61.806,54.613,85.273
148.176,64.817,54.613,85.273
147.355,60.164,54.613,85.273
148.723,62.627,54.613,85.273
147.902,59.069,54.613,85.273
147.629,61.532,54.613,85.273
149.002,58.484,53.448,83.454
148.734,60.895,53.448,83.454
148.421,63.585,54.631,85.300
148.695,58.383,54.631,85.300
147.873,61.942,54.631,85.300
148.147,57.288,54.631,85.300
148.421,60.847,54.631,85.300
148.695,64.954,54.631,85.300
148.421,63.585,54.631,85.300
149.242,60.573,54.631,85.300
147.786,65.595,55.839,87.188
148.625,61.957,55.839,87.188
147.137,63.605,57.075,89.117
148.572,60.420,55.858,87.216
147.083,64.974,57.094,89.146
147.942,62.971,57.094,89.146
147.013,64.062,58.357,91.118
147.306,62.600,58.357,91.118
147.598,61.723,58.357,91.118
146.136,64.355,58.357,91.118
147.007,61.830,59.648,93.134
146.110,60.335,59.648,93.134
147.605,57.645,59.648,93.134
146.110,53.758,59.648,93.134
148.801,58.242,59.648,93.134
147.904,54.954,59.648,93.134
147.605,57.645,59.648,93.134
147.904,54.356,59.648,93.134
148.203,59.438,59.648,93.134
147.306,56.150,59.648,93.134
147.605,59.438,59.648,93.134
149.682,57.838,58.376,91.148
147.634,59.886,58.376,91.148
148.512,57.253,58.376,91.148
147.160,56.251,57.131,89.204
149.701,59.134,55.913,87.302
147.739,56.612,55.913,87.302
149.701,58.573,55.913,87.302
148.300,61.095,55.913,87.302
149.701,55.771,55.913,87.302
146.058,53.249,55.913,87.302
148.020,54.090,55.913,87.302
149.421,56.612,55.913,87.302
148.020,59.134,55.913,87.302
149.426,58.174,54.720,85.440
146.958,55.706,54.720,85.440
147.781,53.238,54.720,85.440
149.152,55.157,54.720,85.440
149.975,55.432,54.720,85.440
149.700,55.706,54.720,85.440
149.975,55.432,54.720,85.440
149.654,57.047,55.931,87.331
147.131,55.085,55.931,87.331
148.533,53.123,55.931,87.331
150.495,55.085,55.931,87.331
147.972,55.926,55.931,87.331
148.252,55.085,55.931,87.331
146.290,55.365,55.931,87.331
146.010,57.328,55.931,87.331
145.169,58.729,55.931,87.331
143.096,59.217,57.168,89.263
145.139,57.338,58.433,91.238
145.432,60.559,58.433,91.238
156.267,65.538,58.433,91.238
160.660,65.831,58.433,91.238
163.882,68.466,58.433,91.238
167.045,71.980,57.187,89.292
169.624,70.547,57.187,89.292
170.484,71.406,57.187,89.292
170.198,72.266,57.187,89.292
169.911,71.980,57.187,89.292
169.625,71.693,57.187,89.292
170.484,71.980,57.187,89.292
170.198,71.693,57.187,89.292
169.338,73.126,57.187,89.292
170.198,71.693,57.187,89.292
169.338,74.272,57.187,89.292
169.051,73.413,57.187,89.292
168.191,75.992,57.187,89.292
168.478,73.986,57.187,89.292
169.338,75.992,57.187,89.292
169.051,75.705,57.187,89.292
169.338,77.712,57.187,89.292
169.625,76.852,57.187,89.292
169.911,76.565,57.187,89.292
169.625,76.852,57.187,89.292
170.484,77.139,57.187,89.292
170.198,76.279,57.187,89.292
169.911,76.565,57.187,89.292
169.625,76.852,57.187,89.292
170.484,77.138,57.187,89.292
170.198,76.279,57.187,89.292
169.911,76.565,57.187,89.292
169.625,76.852,57.187,89.292
169.911,76.565,57.187,89.292
169.051,76.279,57.187,89.292
169.338,75.992,57.187,89.292
169.625,75.705,57.187,89.292
169.911,77.139,57.187,89.292
169.625,76.279,57.187,89.292
170.484,75.992,57.187,89.292
170.198,75.705,57.187,89.292
169.911,77.139,57.187,89.292
169.692,77.814,55.968,87.388
169.973,77.534,55.968,87.388
170.253,78.375,55.968,87.388
170.534,78.095,55.968,87.388
170.253,77.253,55.968,87.388
170.534,78.095,55.968,87.388
170.253,77.253,55.968,87.388
170.534,78.095,55.968,87.388
169.692,77.253,55.968,87.388
169.412,78.095,55.968,87.388
170.814,76.692,55.968,87.388
169.973,78.656,55.968,87.388
170.253,78.375,55.968,87.388
170.534,78.095,55.968,87.388
169.692,77.253,55.968,87.388
169.412,78.095,55.968,87.388
170.253,76.692,55.968,87.388
170.534,78.656,55.968,87.388
170.253,78.375,55.968,87.388
172.217,78.656,55.968,87.388
173.058,79.497,55.968,87.388
174.461,79.217,55.968,87.388
175.863,79.497,55.968,87.388
176.144,80.900,55.968,87.388
177.546,79.497,55.968,87.388
178.388,81.461,55.968,87.388
179.790,80.619,55.968,87.388
180.632,82.022,55.968,87.388
182.034,80.619,55.968,87.388
182.876,82.022,55.968,87.388
183.156,81.180,55.968,87.388
183.997,82.583,55.968,87.388
183.717,82.302,55.968,87.388
183.436,82.022,55.968,87.388
184.278,81.180,55.968,87.388
183.997,82.583,55.968,87.388
183.717,82.302,55.968,87.388
184.558,82.022,55.968,87.388
185.961,82.302,55.968,87.388
187.363,83.705,55.968,87.388
190.449,85.668,55.968,87.388
194.095,85.949,55.968,87.388
197.742,86.790,55.968,87.388
200.827,88.754,55.968,87.388
203.913,90.156,55.968,87.388
206.437,89.876,55.968,87.388
208.401,91.278,55.968,87.388
210.364,92.120,55.968,87.388
212.328,93.522,55.968,87.388
213.169,94.925,55.968,87.388
212.889,92.400,55.968,87.388
212.047,93.242,55.968,87.388
213.450,94.644,55.968,87.388
215.413,96.047,55.968,87.388
215.085,94.789,57.206,89.322
215.372,95.649,57.206,89.322
215.658,93.642,57.206,89.322
216.518,92.209,57.206,89.322
217.405,90.121,55.986,87.417
218.808,87.035,55.986,87.417
219.088,84.509,55.986,87.417
219.930,85.912,55.986,87.417
220.211,83.948,55.986,87.417
219.930,85.351,55.986,87.417
219.088,85.632,55.986,87.417
217.685,85.912,55.986,87.417
215.721,85.071,55.986,87.417
211.512,85.351,55.986,87.417
207.304,84.509,55.986,87.417
203.095,84.790,55.986,87.417
198.325,85.071,55.986,87.417
194.116,83.106,55.986,87.417
189.346,83.948,55.986,87.417
185.698,81.984,55.986,87.417
181.489,83.387,55.986,87.417
179.525,81.423,55.986,87.417
176.439,82.826,55.986,87.417
175.036,80.862,55.986,87.417
171.388,81.704,55.986,87.417
169.424,81.423,55.986,87.417
167.460,81.142,55.986,87.417
166.057,81.984,55.986,87.417
166.338,81.704,55.986,87.417
166.057,83.106,55.986,87.417
166.338,82.265,55.986,87.417
166.618,81.984,55.986,87.417
165.215,81.142,55.986,87.417
166.057,82.545,55.986,87.417
166.899,82.265,55.986,87.417
168.863,81.423,55.986,87.417
171.388,83.387,55.986,87.417
175.036,84.790,55.986,87.417
178.122,86.193,55.986,87.417
182.331,85.912,55.986,87.417
187.101,86.754,55.986,87.417
191.310,88.718,55.986,87.417
196.641,90.121,55.986,87.417
200.289,90.963,55.986,87.417
203.936,91.244,55.986,87.417
205.937,91.732,57.225,89.351
206.224,92.019,57.225,89.351
206.511,92.306,57.225,89.351
205.650,91.445,57.225,89.351
205.937,91.732,57.225,89.351
205.650,90.872,57.225,89.351
202.496,90.585,57.225,89.351
197.620,89.724,57.225,89.351
192.171,88.864,57.225,89.351
188.443,88.004,57.225,89.351
182.993,88.291,57.225,89.351
179.839,86.857,57.225,89.351
175.537,85.423,57.225,89.351
172.000,86.652,56.004,87.445
168.913,85.810,56.004,87.445
167.420,84.551,57.243,89.380
166.559,84.838,57.243,89.380
166.846,86.272,57.243,89.380
168.286,86.396,56.023,87.474
168.567,87.238,56.023,87.474
167.656,85.397,57.262,89.409
167.943,83.962,57.262,89.409
169.378,85.397,57.262,89.409
170.813,85.110,57.262,89.409
173.395,86.545,57.262,89.409
176.552,86.258,57.262,89.409
180.283,88.266,57.262,89.409
185.162,89.127,57.262,89.409
189.467,89.988,57.262,89.409
192.623,91.423,57.262,89.409
195.780,91.710,57.262,89.409
197.789,92.571,57.262,89.409
199.798,92.284,57.262,89.409
200.659,93.719,57.262,89.409
202.094,92.858,57.262,89.409
202.955,94.293,57.262,89.409
203.242,92.858,57.262,89.409
203.529,92.571,57.262,89.409
203.242,91.136,57.262,89.409
203.529,91.423,57.262,89.409
203.242,89.988,57.262,89.409
202.955,90.849,57.262,89.409
203.242,90.562,57.262,89.409
203.529,90.275,57.262,89.409
203.242,91.710,57.262,89.409
203.529,90.275,57.262,89.409
203.242,91.710,57.262,89.409
203.529,90.275,57.262,89.409
203.242,91.710,57.262,89.409
203.529,90.275,57.262,89.409
203.242,91.710,57.262,89.409
203.529,90.275,57.262,89.409
203.242,91.710,57.262,89.409
203.529,90.275,57.262,89.409
203.242,91.710,57.262,89.409
203.529,90.275,57.262,89.409
203.242,91.710,57.262,89.409
203.529,90.275,57.262,89.409
203.242,91.710,57.262,89.409
