561.000,311.000,22.000,51.000
556.916,311.141,22.000,51.000
553.604,312.476,22.487,52.128
550.517,312.945,22.984,53.282
545.225,313.729,23.493,54.461
540.129,315.780,24.013,55.666
536.514,316.280,24.544,56.897
532.271,316.752,24.544,56.897
528.029,315.966,24.544,56.897
526.615,315.180,24.544,56.897
520.365,314.424,24.020,55.684
517.135,315.500,24.020,55.684
514.214,315.347,24.020,55.684
509.447,315.500,24.020,55.684
505.295,315.039,24.020,55.684
503.296,315.808,24.020,55.684
500.067,315.039,24.020,55.684
496.530,315.500,24.020,55.684
495.146,315.039,24.020,55.684
490.994,315.500,24.020,55.684
485.783,316.001,24.552,56.916
483.469,316.154,24.028,55.702
479.624,315.692,24.028,55.702
476.393,317.077,24.028,55.702
474.701,316.615,24.028,55.702
472.086,316.461,24.028,55.702
468.548,316.307,24.028,55.702
467.472,315.846,24.028,55.702
464.549,317.230,24.028,55.702
461.011,316.154,24.028,55.702
458.704,315.385,24.028,55.702
453.320,314.615,24.028,55.702
451.013,314.462,24.028,55.702
449.321,314.308,24.028,55.702
447.321,313.846,24.028,55.702
445.321,313.693,24.028,55.702
443.629,313.231,24.028,55.702
440.091,312.770,24.028,55.702
437.476,314.462,24.028,55.702
435.805,314.314,23.516,54.514
430.837,315.970,23.516,54.514
427.074,316.723,23.516,54.514
425.418,316.271,23.516,54.514
422.859,315.820,23.516,54.514
419.772,316.546,23.014,53.352
418.446,317.283,23.014,53.352
415.352,319.198,23.014,53.352
412.615,321.329,22.524,52.214
410.493,322.303,22.043,51.100
405.836,323.008,22.043,51.100
401.744,324.278,22.043,51.100
399.627,325.266,22.043,51.100
394.970,325.689,22.043,51.100
392.571,328.371,22.043,51.100
390.172,328.794,22.043,51.100
387.209,330.628,22.043,51.100
382.834,330.205,22.043,51.100
380.718,329.782,22.043,51.100
377.190,331.052,22.043,51.100
372.815,331.757,22.043,51.100
369.789,331.046,22.531,52.231
365.607,330.324,22.531,52.231
361.424,331.046,22.531,52.231
358.106,330.036,22.531,52.231
353.923,331.623,22.531,52.231
350.029,332.921,22.531,52.231
347.289,332.200,22.531,52.231
343.683,332.055,22.531,52.231
340.291,331.328,23.030,53.387
336.900,330.886,23.030,53.387
332.919,329.264,23.030,53.387
328.939,330.001,23.030,53.387
327.022,329.559,23.030,53.387
322.747,331.180,23.030,53.387
318.471,331.328,23.030,53.387
315.375,331.475,23.030,53.387
311.395,331.623,23.030,53.387
308.299,330.886,23.030,53.387
306.382,329.559,23.030,53.387
303.286,329.411,23.030,53.387
299.896,328.674,23.030,53.387
298.569,329.706,23.030,53.387
295.178,329.264,23.030,53.387
291.492,328.527,23.030,53.387
289.870,327.790,23.030,53.387
287.069,327.052,23.030,53.387
284.268,326.020,23.030,53.387
282.352,324.988,23.030,53.387
279.845,323.956,23.030,53.387
277.044,324.399,23.030,53.387
274.833,324.841,23.030,53.387
272.621,325.578,23.030,53.387
270.115,325.726,23.030,53.387
267.314,326.758,23.030,53.387
263.038,328.084,23.030,53.387
257.584,328.232,23.030,53.387
255.962,328.379,23.030,53.387
253.456,328.822,23.030,53.387
249.770,327.790,23.030,53.387
248.148,328.822,23.030,53.387
244.463,328.084,23.030,53.387
241.072,327.347,23.030,53.387
238.271,327.790,23.030,53.387
234.880,327.052,23.030,53.387
230.015,326.020,23.030,53.387
227.213,325.873,23.030,53.387
223.823,324.841,23.030,53.387
221.021,324.988,23.030,53.387
218.220,325.431,23.030,53.387
215.714,326.463,23.030,53.387
212.323,327.200,23.030,53.387
209.522,327.347,23.030,53.387
206.426,328.084,23.030,53.387
202.445,327.053,23.030,53.387
199.644,326.315,23.030,53.387
196.254,327.642,23.030,53.387
190.799,328.084,23.030,53.387
188.882,327.053,23.030,53.387
185.786,326.315,23.030,53.387
182.395,325.578,23.030,53.387
179.889,325.136,23.030,53.387
177.088,323.809,23.030,53.387
173.697,322.777,23.030,53.387
171.780,324.399,23.030,53.387
169.274,323.662,23.030,53.387
162.748,324.754,23.539,54.568
159.885,324.603,23.539,54.568
156.118,325.356,23.539,54.568
152.953,324.904,23.539,54.568
150.693,325.658,23.539,54.568
148.433,324.603,23.539,54.568
145.268,324.452,23.539,54.568
143.008,325.206,23.539,54.568
139.777,325.384,24.060,55.775
137.467,324.922,24.060,55.775
135.156,325.692,24.060,55.775
132.230,324.305,24.060,55.775
126.839,323.227,24.060,55.775
124.815,322.451,24.592,57.009
115.559,321.003,25.136,58.270
111.537,321.164,25.136,58.270
109.766,321.003,25.136,58.270
107.996,320.199,25.136,58.270
104.617,320.360,25.136,58.270
102.203,320.842,25.136,58.270
99.146,319.394,25.136,58.270
96.732,318.268,25.136,58.270
95.284,320.681,25.136,58.270
92.549,320.199,25.136,58.270
89.169,320.681,25.136,58.270
86.756,320.199,25.136,58.270
83.055,321.003,25.136,58.270
76.779,319.555,25.136,58.270
75.652,318.429,25.136,58.270
73.284,317.344,24.600,57.028
70.922,317.501,24.600,57.028
69.514,317.958,24.076,55.812
68.127,318.420,24.076,55.812
67.356,317.649,24.076,55.812
67.167,318.393,23.562,54.622
64.905,319.147,23.562,54.622
64.138,320.166,23.060,53.457
64.877,320.609,23.060,53.457
62.072,319.280,23.060,53.457
60.153,317.656,23.060,53.457
57.938,316.918,23.060,53.457
56.019,316.475,23.060,53.457
53.805,316.623,23.060,53.457
51.591,317.361,23.060,53.457
49.671,317.804,23.060,53.457
48.343,318.247,23.060,53.457
49.081,318.394,23.060,53.457
47.162,318.837,23.060,53.457
45.538,320.461,23.060,53.457
44.505,320.904,23.060,53.457
42.259,321.385,23.570,54.639
43.315,322.743,23.570,54.639
42.259,320.177,23.570,54.639
41.806,317.612,23.570,54.639
40.750,316.858,23.570,54.639
41.504,317.009,23.570,54.639
40.750,316.858,23.570,54.639
39.995,317.009,23.570,54.639
41.265,318.900,23.067,53.474
41.412,318.457,23.067,53.474
40.969,317.719,23.067,53.474
40.231,317.276,23.067,53.474
40.969,316.833,23.067,53.474
40.231,318.162,23.067,53.474
40.969,318.605,23.067,53.474
40.231,318.457,23.067,53.474
39.788,318.605,23.067,53.474
39.640,319.048,23.067,53.474
39.788,319.786,23.067,53.474
39.345,319.343,23.067,53.474
40.379,318.900,23.067,53.474
39.640,319.343,23.067,53.474
39.493,319.196,23.067,53.474
39.345,320.229,23.067,53.474
41.265,320.672,23.067,53.474
40.243,319.621,23.578,54.657
40.998,319.772,23.578,54.657
40.545,320.225,23.578,54.657
41.067,318.211,24.099,55.867
39.370,319.291,24.099,55.867
38.624,319.793,24.633,57.103
40.043,317.743,24.633,57.103
37.643,318.584,25.178,58.366
38.772,317.133,25.178,58.366
37.643,317.939,25.178,58.366
38.449,318.101,25.178,58.366
37.321,318.906,25.178,58.366
38.127,317.133,25.178,58.366
36.999,318.584,25.178,58.366
37.805,316.811,25.178,58.366
38.611,318.262,25.178,58.366
37.160,319.390,25.178,58.366
38.827,316.750,24.641,57.121
37.722,317.539,24.641,57.121
37.286,317.725,25.186,58.385
38.092,316.919,25.186,58.385
37.609,317.080,25.186,58.385
39.060,317.564,25.186,58.385
37.931,316.435,25.186,58.385
39.060,317.241,25.186,58.385
38.254,317.080,25.186,58.385
39.705,318.531,25.186,58.385
39.221,316.113,25.186,58.385
38.106,316.638,25.743,59.677
38.930,317.462,25.743,59.677
37.776,315.979,25.743,59.677
38.271,316.803,25.743,59.677
39.095,316.967,25.743,59.677
37.941,317.791,25.743,59.677
39.010,315.727,25.194,58.404
38.526,317.824,25.194,58.404
38.687,320.243,25.194,58.404
39.111,317.291,24.657,57.159
39.585,318.080,24.657,57.159
39.148,318.266,25.202,58.423
39.310,315.524,25.202,58.423
39.794,316.653,25.202,58.423
38.987,316.814,25.202,58.423
39.471,315.685,25.202,58.423
38.342,316.169,25.202,58.423
39.794,315.685,25.202,58.423
38.664,315.524,25.202,58.423
39.148,315.685,25.202,58.423
39.632,315.524,25.202,58.423
38.826,315.040,25.202,58.423
39.955,315.524,25.202,58.423
39.471,315.685,25.202,58.423
38.987,315.846,25.202,58.423
39.148,315.040,25.202,58.423
38.342,313.588,25.202,58.423
40.116,314.717,25.202,58.423
38.019,313.910,25.202,58.423
38.242,312.092,25.760,59.716
35.769,310.608,25.760,59.716
37.253,312.752,25.760,59.716
38.077,310.938,25.760,59.716
36.263,309.783,25.760,59.716
37.748,310.938,25.760,59.716
35.934,309.783,25.760,59.716
37.088,310.938,25.760,59.716
37.253,310.113,25.760,59.716
36.797,310.650,26.330,61.037
37.640,310.819,26.330,61.037
36.797,310.650,26.330,61.037
37.977,311.493,26.330,61.037
38.145,310.987,26.330,61.037
38.651,310.482,26.330,61.037
37.134,311.325,26.330,61.037
38.988,312.167,26.330,61.037
37.471,311.325,26.330,61.037
38.314,313.179,26.330,61.037
38.897,313.378,26.912,62.388
39.758,314.584,26.912,62.388
40.964,314.756,26.912,62.388
39.758,314.239,26.912,62.388
41.309,313.722,26.912,62.388
39.069,313.550,26.912,62.388
39.931,313.378,26.912,62.388
39.069,314.239,26.912,62.388
40.186,316.731,26.338,61.057
39.343,317.237,26.338,61.057
37.489,318.754,26.338,61.057
39.006,320.609,26.338,61.057
37.499,320.773,25.777,59.755
38.985,320.938,25.777,59.755
37.169,320.113,25.777,59.755
39.315,320.938,25.777,59.755
37.499,320.113,25.777,59.755
39.206,321.863,25.227,58.481
38.074,320.774,24.689,57.234
37.283,321.881,24.689,57.234
38.918,321.425,24.163,56.013
37.526,322.507,24.163,56.013
36.752,321.425,24.163,56.013
36.598,322.507,24.163,56.013
36.443,321.425,24.163,56.013
35.669,322.817,24.163,56.013
36.133,321.425,24.163,56.013
35.979,321.889,24.163,56.013
34.277,319.878,24.163,56.013
33.813,320.032,24.163,56.013
32.423,319.252,24.697,57.253
31.001,316.815,25.244,58.519
29.547,313.744,25.244,58.519
29.770,312.929,25.802,59.814
27.943,311.753,26.373,61.137
26.775,310.552,26.957,62.490
28.328,311.069,26.957,62.490
25.740,311.242,26.957,62.490
23.830,310.371,27.553,63.873
2.487,357.466,27.553,63.873
1.606,358.701,27.553,63.873
2.135,357.819,27.553,63.873
2.598,358.670,26.965,62.511
3.718,358.505,26.390,61.178
3.836,359.971,25.828,59.873
4.909,361.088,25.277,58.596
4.086,361.245,24.738,57.347
5.195,361.086,24.738,57.347
3.453,360.928,24.738,57.347
3.611,360.136,24.738,57.347
4.086,360.611,24.738,57.347
4.562,360.770,24.738,57.347
3.770,361.245,24.738,57.347
3.611,360.136,24.738,57.347
4.403,360.295,24.738,57.347
3.611,360.453,24.738,57.347
3.770,359.978,24.738,57.347
3.611,359.820,24.738,57.347
3.136,360.928,24.738,57.347
2.978,359.820,24.738,57.347
3.453,361.245,24.738,57.347
2.978,360.136,24.738,57.347
3.770,360.611,24.738,57.347
4.562,361.086,24.738,57.347
3.453,360.295,24.738,57.347
3.928,360.453,24.738,57.347
4.403,360.295,24.738,57.347
3.928,361.086,24.738,57.347
4.403,360.295,24.738,57.347
3.611,361.086,24.738,57.347
4.086,360.611,24.738,57.347
