176.000,75.000,47.000,102.000
174.559,77.594,47.000,102.000
173.117,80.765,47.000,102.000
171.099,83.360,47.000,102.000
170.235,85.954,47.000,102.000
170.523,87.972,47.000,102.000
171.964,91.143,47.000,102.000
169.351,89.117,48.040,104.257
166.679,86.436,49.103,106.563
162.074,81.195,50.189,108.921
156.226,75.346,50.189,108.921
152.224,74.423,50.189,108.921
149.453,74.115,50.189,108.921
146.067,74.423,50.189,108.921
141.450,69.805,50.189,108.921
138.679,67.035,50.189,108.921
137.140,64.880,50.189,108.921
135.601,62.109,50.189,108.921
132.831,58.108,50.189,108.921
131.291,56.569,50.189,108.921
132.215,57.492,50.189,108.921
131.291,57.800,50.189,108.921
132.215,62.417,50.189,108.921
131.291,65.188,50.189,108.921
130.368,69.189,50.189,108.921
132.523,73.191,50.189,108.921
132.215,72.883,50.189,108.921
132.523,68.882,50.189,108.921
132.831,64.264,50.189,108.921
133.138,57.184,50.189,108.921
134.678,46.410,50.189,108.921
134.370,43.640,50.189,108.921
136.525,41.485,50.189,108.921
135.601,37.483,50.189,108.921
140.218,34.713,50.189,108.921
141.758,35.636,50.189,108.921
143.297,35.944,50.189,108.921
143.605,38.099,50.189,108.921
142.681,42.101,50.189,108.921
144.220,46.102,50.189,108.921
143.912,50.720,50.189,108.921
142.373,54.722,50.189,108.921
141.450,66.727,50.189,108.921
140.526,72.576,50.189,108.921
139.603,75.346,50.189,108.921
136.832,75.038,50.189,108.921
134.062,72.268,50.189,108.921
131.291,68.266,50.189,108.921
129.137,64.880,50.189,108.921
126.982,63.341,50.189,108.921
123.596,65.496,50.189,108.921
120.825,67.650,50.189,108.921
119.902,68.574,50.189,108.921
118.978,70.729,50.189,108.921
119.902,70.421,50.189,108.921
120.210,69.497,50.189,108.921
122.364,68.574,50.189,108.921
124.519,67.035,50.189,108.921
129.137,68.574,50.189,108.921
131.907,67.650,50.189,108.921
132.949,66.126,51.300,111.331
136.625,64.568,52.435,113.794
143.052,56.970,53.595,116.312
147.982,52.039,53.595,116.312
150.459,47.683,54.780,118.885
153.483,46.003,54.780,118.885
156.507,42.307,54.780,118.885
157.515,43.315,54.780,118.885
157.257,40.257,55.993,121.516
158.974,40.600,55.993,121.516
162.752,42.317,55.993,121.516
163.914,38.479,57.231,124.204
165.669,37.426,57.231,124.204
168.126,36.373,57.231,124.204
171.286,39.532,57.231,124.204
173.041,39.181,57.231,124.204
173.392,43.042,57.231,124.204
175.147,46.903,57.231,124.204
174.796,53.573,57.231,124.204
176.551,57.434,57.231,124.204
176.200,59.891,57.231,124.204
175.147,58.838,57.231,124.204
173.392,52.871,57.231,124.204
174.445,48.308,57.231,124.204
176.200,48.659,57.231,124.204
177.955,46.201,57.231,124.204
179.008,46.552,57.231,124.204
177.253,43.393,57.231,124.204
176.200,41.638,57.231,124.204
175.849,39.181,57.231,124.204
172.690,36.724,57.231,124.204
173.041,37.075,57.231,124.204
172.690,37.426,57.231,124.204
174.445,36.373,57.231,124.204
171.286,38.128,57.231,124.204
170.232,37.777,57.231,124.204
171.988,38.128,57.231,124.204
171.719,37.846,58.498,126.952
172.077,43.946,58.498,126.952
170.284,47.175,58.498,126.952
169.207,47.534,58.498,126.952
168.848,50.763,58.498,126.952
167.054,53.274,58.498,126.952
165.261,51.480,58.498,126.952
162.749,50.404,58.498,126.952
159.520,47.893,58.498,126.952
151.268,41.076,58.498,126.952
145.886,36.411,58.498,126.952
142.657,33.900,58.498,126.952
140.863,32.106,58.498,126.952
136.199,30.312,58.498,126.952
135.122,32.106,58.498,126.952
134.046,33.900,58.498,126.952
133.687,37.129,58.498,126.952
133.329,42.511,58.498,126.952
134.405,50.045,58.498,126.952
135.481,56.145,58.498,126.952
137.275,59.374,58.498,126.952
136.916,52.557,58.498,126.952
137.275,43.587,58.498,126.952
137.634,35.335,58.498,126.952
137.993,26.365,58.498,126.952
141.222,18.113,58.498,126.952
140.145,12.731,58.498,126.952
141.939,7.350,58.498,126.952
142.298,6.273,58.498,126.952
144.092,8.067,58.498,126.952
144.451,9.861,58.498,126.952
143.374,13.090,58.498,126.952
143.016,17.037,58.498,126.952
144.092,30.312,58.498,126.952
142.298,35.694,58.498,126.952
141.222,41.076,58.498,126.952
142.298,45.022,58.498,126.952
140.504,59.015,58.498,126.952
136.558,62.244,58.498,126.952
136.199,57.580,58.498,126.952
137.993,55.786,58.498,126.952
138.351,51.839,58.498,126.952
139.428,50.763,58.498,126.952
139.787,51.839,58.498,126.952
140.863,51.480,58.498,126.952
142.077,51.937,59.792,129.761
143.177,53.037,59.792,129.761
145.011,54.871,59.792,129.761
147.578,53.037,59.792,129.761
152.345,54.138,59.792,129.761
152.712,52.304,59.792,129.761
153.812,51.937,59.792,129.761
155.646,50.837,59.792,129.761
158.946,48.270,59.792,129.761
160.780,50.104,59.792,129.761
161.880,49.003,59.792,129.761
162.360,47.948,61.115,132.632
165.962,40.648,62.467,135.566
168.053,36.366,63.849,138.566
170.795,33.624,63.849,138.566
173.536,32.449,63.849,138.566
174.711,28.925,63.849,138.566
176.669,32.449,63.849,138.566
176.369,28.072,65.262,141.632
178.370,26.071,65.262,141.632
180.372,24.870,65.262,141.632
181.572,25.271,65.262,141.632
181.973,26.471,65.262,141.632
181.572,27.672,65.262,141.632
183.574,32.876,65.262,141.632
182.373,36.478,65.262,141.632
181.973,42.482,65.262,141.632
180.772,47.686,65.262,141.632
179.571,48.887,65.262,141.632
178.370,49.287,65.262,141.632
177.169,45.685,65.262,141.632
176.769,39.680,65.262,141.632
178.771,36.078,65.262,141.632
179.171,37.279,65.262,141.632
177.169,35.277,65.262,141.632
176.769,37.279,65.262,141.632
174.801,30.313,66.706,144.765
172.756,31.541,66.706,144.765
172.347,30.313,66.706,144.765
173.574,30.722,66.706,144.765
172.347,27.859,66.706,144.765
174.392,26.631,66.706,144.765
174.801,26.222,66.706,144.765
172.756,27.449,66.706,144.765
175.620,28.677,66.706,144.765
175.210,29.904,66.706,144.765
174.801,32.768,66.706,144.765
175.118,38.649,65.283,141.678
173.917,43.855,65.283,141.678
173.517,46.657,65.283,141.678
172.315,47.859,65.283,141.678
170.313,45.857,65.283,141.678
165.909,41.452,65.283,141.678
162.305,38.649,65.283,141.678
158.702,35.046,65.283,141.678
153.496,29.840,65.283,141.678
145.889,24.635,65.283,141.678
141.484,24.235,65.283,141.678
139.482,24.635,65.283,141.678
137.480,26.637,65.283,141.678
134.677,31.843,65.283,141.678
134.216,37.598,63.891,138.657
133.824,43.476,63.891,138.657
134.999,49.354,63.891,138.657
136.959,53.665,63.891,138.657
138.918,49.354,63.891,138.657
140.877,41.125,63.891,138.657
143.447,36.183,62.528,135.700
145.365,21.226,62.528,135.700
147.282,15.473,62.528,135.700
146.899,11.255,62.528,135.700
146.515,7.036,62.528,135.700
149.967,7.420,62.528,135.700
150.350,7.036,62.528,135.700
152.268,8.954,62.528,135.700
151.117,11.638,62.528,135.700
149.967,19.692,62.528,135.700
148.049,26.211,62.528,135.700
146.132,32.731,62.528,135.700
144.981,38.484,62.528,135.700
140.763,45.770,62.528,135.700
136.544,50.756,62.528,135.700
136.160,55.742,62.528,135.700
