129.000,80.000,64.000,78.000
120.471,77.110,65.416,79.726
112.766,73.971,65.416,79.726
106.203,69.119,65.416,79.726
100.210,63.697,65.416,79.726
94.788,58.846,65.416,79.726
93.362,58.561,65.416,79.726
91.364,59.417,65.416,79.726
91.079,64.839,65.416,79.726
89.652,71.973,65.416,79.726
87.084,76.824,65.416,79.726
83.945,79.963,65.416,79.726
78.523,81.961,65.416,79.726
71.389,80.534,65.416,79.726
65.396,78.536,65.416,79.726
59.974,74.827,65.416,79.726
60.830,71.117,65.416,79.726
59.974,66.836,65.416,79.726
63.113,66.551,65.416,79.726
67.393,66.266,65.416,79.726
71.674,69.975,65.416,79.726
74.242,73.685,65.416,79.726
76.240,76.253,65.416,79.726
79.949,77.110,65.416,79.726
84.230,80.249,65.416,79.726
89.603,79.723,64.021,78.026
93.792,77.210,64.021,78.026
98.540,72.462,64.021,78.026
103.288,64.363,64.021,78.026
111.387,57.940,64.021,78.026
121.720,53.750,64.021,78.026
128.702,54.030,64.021,78.026
134.567,58.219,64.021,78.026
136.522,61.849,64.021,78.026
139.036,64.922,64.021,78.026
140.991,65.759,64.021,78.026
142.946,67.714,64.021,78.026
143.783,67.994,64.021,78.026
141.829,66.039,64.021,78.026
143.728,64.306,65.437,79.752
142.301,62.308,65.437,79.752
140.303,60.310,65.437,79.752
142.244,59.724,66.885,81.516
139.035,62.350,66.885,81.516
141.077,63.225,66.885,81.516
138.451,65.267,66.885,81.516
138.159,65.559,66.885,81.516
138.451,65.851,66.885,81.516
138.159,64.976,66.885,81.516
140.785,64.100,66.885,81.516
143.411,60.307,66.885,81.516
146.037,55.931,66.885,81.516
150.997,52.138,66.885,81.516
154.207,51.262,66.885,81.516
156.249,56.806,66.885,81.516
155.374,63.517,66.885,81.516
153.332,70.228,66.885,81.516
154.207,74.604,66.885,81.516
152.164,77.230,66.885,81.516
148.371,72.854,66.885,81.516
149.928,67.817,65.459,79.778
153.640,62.963,65.459,79.778
158.495,59.250,65.459,79.778
162.778,59.536,65.459,79.778
163.635,63.248,65.459,79.778
162.957,67.126,64.063,78.077
159.599,69.844,62.697,76.412
154.205,71.977,61.360,74.782
148.583,71.710,61.360,74.782
142.272,71.733,60.051,73.188
133.627,67.804,60.051,73.188
129.174,63.874,60.051,73.188
126.816,58.373,60.051,73.188
131.244,56.376,58.771,71.627
133.038,59.709,58.771,71.627
131.757,60.991,58.771,71.627
132.526,64.323,58.771,71.627
131.757,66.631,58.771,71.627
130.653,68.136,57.517,70.099
128.395,69.390,57.517,70.099
125.635,70.143,57.517,70.099
123.588,67.263,56.291,68.604
126.781,63.089,56.291,68.604
129.973,62.352,56.291,68.604
133.656,60.142,56.291,68.604
143.233,65.299,56.291,68.604
148.390,68.000,56.291,68.604
153.546,68.736,56.291,68.604
162.141,66.035,56.291,68.604
166.806,64.316,56.291,68.604
169.999,61.124,56.291,68.604
171.718,61.370,56.291,68.604
174.448,60.444,55.090,67.141
173.414,57.222,53.916,65.710
175.531,53.695,53.916,65.710
176.236,51.107,53.916,65.710
173.649,50.872,53.916,65.710
172.943,52.519,53.916,65.710
176.001,59.810,53.916,65.710
174.082,67.084,52.766,64.308
170.169,71.458,52.766,64.308
166.256,74.450,52.766,64.308
160.962,73.760,52.766,64.308
156.866,71.117,51.641,62.937
155.739,67.288,51.641,62.937
160.019,62.107,51.641,62.937
162.497,60.980,51.641,62.937
164.074,64.359,51.641,62.937
162.948,67.288,51.641,62.937
164.975,71.568,51.641,62.937
166.102,74.497,51.641,62.937
167.304,75.819,50.539,61.595
167.965,79.126,50.539,61.595
169.141,80.845,49.462,60.281
171.083,80.198,49.462,60.281
172.162,76.961,49.462,60.281
169.789,72.862,49.462,60.281
172.594,70.920,49.462,60.281
176.241,74.682,48.407,58.996
176.553,79.586,47.374,57.738
173.040,82.685,47.374,57.738
170.159,84.695,46.364,56.506
166.316,84.898,46.364,56.506
163.886,84.136,45.375,55.301
162.501,83.542,45.375,55.301
160.123,80.888,44.408,54.122
157.795,78.664,43.461,52.968
153.325,76.854,42.534,51.838
150.913,75.926,42.534,51.838
148.130,72.400,42.534,51.838
147.202,64.793,42.534,51.838
146.046,63.736,41.627,50.733
143.685,67.913,41.627,50.733
144.956,71.000,41.627,50.733
145.138,72.997,41.627,50.733
142.777,76.447,41.627,50.733
140.417,79.898,41.627,50.733
139.509,80.079,41.627,50.733
137.874,80.624,41.627,50.733
141.688,79.716,41.627,50.733
148.407,79.534,41.627,50.733
154.762,81.895,41.627,50.733
162.207,80.987,41.627,50.733
165.294,80.079,41.627,50.733
168.381,79.898,41.627,50.733
170.742,82.258,41.627,50.733
169.471,84.619,41.627,50.733
171.105,85.164,41.627,50.733
173.829,80.987,41.627,50.733
171.468,79.353,41.627,50.733
170.337,79.369,40.739,49.651
166.250,76.703,40.739,49.651
159.674,72.616,40.739,49.651
161.273,67.817,40.739,49.651
159.163,66.346,41.641,50.749
160.399,68.235,42.562,51.872
159.470,70.648,42.562,51.872
158.171,72.319,42.562,51.872
162.441,73.248,42.562,51.872
165.226,73.805,42.562,51.872
167.640,74.733,42.562,51.872
168.940,76.033,42.562,51.872
169.497,76.961,42.562,51.872
167.826,75.661,42.562,51.872
167.269,75.847,42.562,51.872
165.969,76.033,42.562,51.872
163.555,77.332,42.562,51.872
160.399,75.290,42.562,51.872
157.242,74.362,42.562,51.872
155.200,74.176,42.562,51.872
151.301,73.619,42.562,51.872
146.659,74.176,42.562,51.872
143.874,75.476,42.562,51.872
140.514,73.939,43.504,53.020
139.186,75.267,43.504,53.020
136.719,71.661,43.504,53.020
137.288,72.231,43.504,53.020
137.857,69.004,43.504,53.020
139.936,70.190,44.466,54.193
142.069,72.712,44.466,54.193
144.203,74.457,44.466,54.193
146.725,73.100,44.466,54.193
147.307,74.845,44.466,54.193
145.561,75.039,44.466,54.193
142.651,75.621,44.466,54.193
141.681,73.488,44.466,54.193
142.716,72.757,43.518,53.037
143.666,72.567,43.518,53.037
144.235,71.618,43.518,53.037
145.944,71.428,43.518,53.037
144.235,69.340,43.518,53.037
146.703,66.872,43.518,53.037
149.171,64.404,43.518,53.037
149.740,62.316,43.518,53.037
142.702,60.868,42.590,51.906
142.517,59.568,42.590,51.906
142.433,62.807,41.682,50.799
137.160,62.989,41.682,50.799
135.524,66.444,41.682,50.799
132.797,65.898,41.682,50.799
135.524,65.717,41.682,50.799
137.160,63.716,41.682,50.799
143.524,62.807,41.682,50.799
146.615,58.262,41.682,50.799
150.070,55.898,41.682,50.799
155.707,56.443,41.682,50.799
159.207,57.957,42.604,51.923
161.623,59.629,42.604,51.923
165.526,59.815,42.604,51.923
168.686,58.886,42.604,51.923
168.128,54.611,42.604,51.923
170.173,51.452,42.604,51.923
172.960,49.779,42.604,51.923
176.491,49.222,42.604,51.923
173.704,53.124,42.604,51.923
172.774,58.886,42.604,51.923
169.987,63.160,42.604,51.923
162.738,67.063,42.604,51.923
155.862,69.479,42.604,51.923
149.357,70.409,42.604,51.923
141.366,68.364,42.604,51.923
140.316,67.597,43.546,53.072
137.466,65.507,43.546,53.072
135.377,61.138,43.546,53.072
137.846,61.328,43.546,53.072
139.936,63.798,43.546,53.072
142.785,64.368,43.546,53.072
146.775,66.457,43.546,53.072
149.624,69.687,43.546,53.072
151.704,72.450,44.510,54.246
156.170,75.362,44.510,54.246
159.102,77.381,45.495,55.447
162.079,75.198,45.495,55.447
163.017,69.025,46.501,56.673
163.555,64.820,47.530,57.927
163.245,63.104,48.582,59.209
165.152,63.740,48.582,59.209
167.907,66.919,48.582,59.209
166.000,66.283,48.582,59.209
167.059,65.223,48.582,59.209
164.728,62.044,48.582,59.209
161.772,57.212,49.656,60.519
160.689,52.663,49.656,60.519
159.606,48.980,49.656,60.519
156.790,42.265,49.656,60.519
153.319,44.517,50.755,61.858
149.555,48.724,50.755,61.858
145.348,50.717,50.755,61.858
142.027,50.938,50.755,61.858
140.920,51.602,50.755,61.858
140.699,50.938,50.755,61.858
138.263,52.931,50.755,61.858
135.828,53.152,50.755,61.858
135.163,52.488,50.755,61.858
136.270,50.495,50.755,61.858
138.706,52.045,50.755,61.858
141.141,54.924,50.755,61.858
142.248,59.130,50.755,61.858
142.027,64.223,50.755,61.858
142.691,67.987,50.755,61.858
143.798,70.865,50.755,61.858
140.477,69.758,50.755,61.858
142.470,64.223,50.755,61.858
145.348,55.588,50.755,61.858
149.112,50.053,50.755,61.858
152.433,52.931,50.755,61.858
153.983,56.695,50.755,61.858
153.762,60.902,50.755,61.858
152.212,64.223,50.755,61.858
150.219,66.658,50.755,61.858
148.669,67.323,50.755,61.858
148.448,69.315,50.755,61.858
148.669,66.880,50.755,61.858
151.548,66.658,50.755,61.858
151.769,67.323,50.755,61.858
146.677,65.773,50.755,61.858
142.027,66.437,50.755,61.858
139.149,68.430,50.755,61.858
134.056,67.765,50.755,61.858
128.964,66.215,50.755,61.858
124.314,65.108,50.755,61.858
118.779,64.001,50.755,61.858
115.015,63.780,50.755,61.858
117.893,62.230,50.755,61.858
119.886,60.237,50.755,61.858
121.879,56.031,50.755,61.858
125.200,55.809,50.755,61.858
128.078,59.573,50.755,61.858
131.399,64.666,50.755,61.858
134.721,70.201,50.755,61.858
140.699,72.194,50.755,61.858
148.448,69.315,50.755,61.858
152.212,65.551,50.755,61.858
155.976,61.344,50.755,61.858
159.740,58.023,50.755,61.858
162.175,54.702,50.755,61.858
163.725,53.152,50.755,61.858
164.832,54.702,50.755,61.858
163.725,54.924,50.755,61.858
163.947,56.916,50.755,61.858
163.725,59.352,50.755,61.858
159.961,61.787,50.755,61.858
157.301,62.233,49.673,60.539
157.518,63.317,49.673,60.539
152.409,61.665,48.613,59.248
152.196,60.181,48.613,59.248
151.136,57.848,48.613,59.248
152.621,58.908,48.613,59.248
150.712,59.544,48.613,59.248
151.772,61.029,48.613,59.248
150.712,61.665,48.613,59.248
153.893,63.149,48.613,59.248
157.074,63.362,48.613,59.248
157.286,63.998,48.613,59.248
154.953,64.210,48.613,59.248
158.134,65.694,48.613,59.248
156.226,68.451,48.613,59.248
151.772,72.905,48.613,59.248
151.136,76.934,48.613,59.248
153.045,80.115,48.613,59.248
152.409,84.144,48.613,59.248
149.228,86.477,48.613,59.248
146.047,84.568,48.613,59.248
146.683,82.235,48.613,59.248
147.319,79.903,48.613,59.248
144.138,77.570,48.613,59.248
147.319,74.813,48.613,59.248
150.086,73.605,47.577,57.984
152.784,72.983,47.577,57.984
155.897,74.435,47.577,57.984
159.010,75.473,47.577,57.984
161.708,76.096,47.577,57.984
164.821,75.473,47.577,57.984
165.859,74.435,47.577,57.984
165.236,70.492,47.577,57.984
165.944,68.910,46.562,56.748
162.897,66.269,46.562,56.748
160.065,63.938,45.569,55.538
156.288,65.727,45.569,55.538
150.126,68.709,45.569,55.538
146.747,71.690,45.569,55.538
142.174,73.480,45.569,55.538
139.193,75.269,45.569,55.538
134.223,76.263,45.569,55.538
128.061,76.461,45.569,55.538
128.259,76.660,45.569,55.538
124.482,74.076,45.569,55.538
124.681,70.299,45.569,55.538
127.663,68.112,45.569,55.538
130.247,70.299,45.569,55.538
131.639,73.678,45.569,55.538
135.765,78.294,44.597,54.353
140.629,83.547,44.597,54.353
145.492,86.854,44.597,54.353
152.302,87.049,44.597,54.353
155.965,85.191,43.646,53.194
163.220,83.372,42.716,52.060
171.040,80.874,41.805,50.950
174.140,82.515,41.805,50.950
177.574,85.695,40.913,49.863
180.608,88.729,40.913,49.863
181.500,91.763,40.913,49.863
178.823,93.370,40.913,49.863
175.789,92.477,40.913,49.863
171.327,90.514,40.913,49.863
169.007,88.194,40.913,49.863
167.551,87.521,40.041,48.800
164.232,88.744,40.041,48.800
163.009,87.871,40.041,48.800
164.582,87.696,40.041,48.800
161.961,87.871,40.041,48.800
160.389,89.443,40.041,48.800
158.119,89.268,40.041,48.800
155.848,89.443,40.041,48.800
153.927,88.569,40.041,48.800
152.704,89.093,40.041,48.800
151.132,88.919,40.041,48.800
152.355,87.347,40.041,48.800
153.927,84.727,40.041,48.800
155.499,84.203,40.041,48.800
157.420,82.980,40.041,48.800
163.883,85.600,40.041,48.800
169.298,87.871,40.041,48.800
173.315,91.539,40.041,48.800
175.935,94.508,40.041,48.800
178.206,95.731,40.041,48.800
179.428,95.207,40.041,48.800
181.699,93.285,40.041,48.800
181.175,90.316,40.041,48.800
181.000,88.395,40.041,48.800
181.175,86.823,40.041,48.800
180.302,86.648,40.041,48.800
183.271,85.425,40.041,48.800
183.795,82.106,40.041,48.800
186.765,78.788,40.041,48.800
190.433,80.010,40.041,48.800
193.053,81.932,40.041,48.800
194.275,83.155,40.041,48.800
195.498,67.260,40.041,48.800
193.063,66.938,39.187,47.759
190.499,66.425,39.187,47.759
188.276,65.912,39.187,47.759
185.029,64.032,39.187,47.759
180.755,62.835,39.187,47.759
175.076,61.532,38.351,46.741
171.007,61.536,39.200,47.775
168.442,63.759,39.200,47.775
166.717,63.444,38.364,46.756
166.119,65.531,39.213,47.790
166.290,63.308,39.213,47.790
163.040,60.058,39.213,47.790
159.790,56.808,39.213,47.790
160.646,52.189,39.213,47.790
159.448,49.965,39.213,47.790
156.882,48.084,39.213,47.790
162.869,47.570,39.213,47.790
166.119,49.110,39.213,47.790
169.712,50.649,39.213,47.790
183.909,78.532,39.213,47.790
184.008,79.955,40.080,48.848
186.980,80.829,40.080,48.848
189.253,80.655,40.080,48.848
188.029,80.480,40.080,48.848
185.057,79.256,40.080,48.848
182.085,76.633,40.080,48.848
182.959,74.710,40.080,48.848
179.987,75.934,40.080,48.848
175.371,77.389,40.967,49.928
173.991,80.359,41.873,51.033
171.822,84.154,42.800,52.162
169.395,85.461,42.800,52.162
164.354,82.660,42.800,52.162
158.192,80.606,42.800,52.162
156.139,78.553,42.800,52.162
152.965,76.499,42.800,52.162
150.911,75.192,42.800,52.162
149.604,74.632,42.800,52.162
146.430,74.818,42.800,52.162
144.750,75.379,42.800,52.162
144.936,78.179,42.800,52.162
146.617,78.739,42.800,52.162
149.791,78.179,42.800,52.162
154.085,77.992,42.800,52.162
159.499,78.553,42.800,52.162
163.794,77.619,42.800,52.162
168.461,76.312,42.800,52.162
170.888,76.872,42.800,52.162
174.062,75.192,42.800,52.162
176.863,76.125,42.800,52.162
177.796,78.926,42.800,52.162
176.863,82.100,42.800,52.162
176.676,86.021,42.800,52.162
174.622,88.821,42.800,52.162
172.569,90.875,42.800,52.162
170.515,91.809,42.800,52.162
168.461,91.622,42.800,52.162
164.167,88.074,42.800,52.162
162.487,84.154,42.800,52.162
159.313,82.473,42.800,52.162
156.139,82.287,42.800,52.162
150.724,85.834,42.800,52.162
148.670,87.514,42.800,52.162
147.737,87.328,42.800,52.162
146.430,86.021,42.800,52.162
144.376,85.834,42.800,52.162
143.443,84.900,42.800,52.162
141.762,84.340,42.800,52.162
139.709,83.780,42.800,52.162
137.655,82.473,42.800,52.162
135.228,81.540,42.800,52.162
132.054,80.233,42.800,52.162
