141.000,73.000,27.000,34.000
141.599,72.640,27.000,34.000
141.240,72.041,27.000,34.000
141.360,72.640,27.000,34.000
141.719,72.041,27.000,34.000
142.319,72.640,27.000,34.000
142.199,72.041,27.000,34.000
142.558,72.401,27.000,34.000
143.158,72.760,27.000,34.000
143.278,72.161,27.000,34.000
144.357,72.281,27.000,34.000
144.477,72.640,27.000,34.000
145.076,71.801,27.000,34.000
145.196,71.921,27.000,34.000
146.035,72.041,27.000,34.000
146.607,71.540,27.597,34.752
146.975,72.398,27.597,34.752
148.077,72.276,27.597,34.752
149.180,72.153,27.597,34.752
150.283,72.031,27.597,34.752
152.139,72.536,28.208,35.521
150.917,71.233,28.832,36.307
153.094,71.362,28.832,36.307
155.014,71.490,28.832,36.307
156.678,71.618,28.832,36.307
158.589,71.141,28.217,35.533
160.702,72.124,27.615,34.775
161.560,71.756,27.615,34.775
162.909,71.388,27.615,34.775
164.503,72.001,27.615,34.775
166.342,71.633,27.615,34.775
166.464,71.265,27.615,34.775
167.813,71.878,27.615,34.775
169.162,71.511,27.615,34.775
170.511,71.878,27.615,34.775
171.124,71.511,27.615,34.775
172.473,72.124,27.615,34.775
172.840,71.756,27.615,34.775
173.944,71.143,27.615,34.775
175.047,71.511,27.615,34.775
176.151,71.633,27.615,34.775
175.783,70.775,27.615,34.775
176.151,70.652,27.615,34.775
176.764,70.530,27.615,34.775
175.906,71.388,27.615,34.775
176.274,71.265,27.615,34.775
175.170,71.143,27.615,34.775
175.783,71.265,27.615,34.775
174.680,71.143,27.615,34.775
173.821,71.265,27.615,34.775
171.982,71.388,27.615,34.775
172.105,71.511,27.615,34.775
170.756,71.633,27.615,34.775
169.162,70.530,27.615,34.775
167.813,71.388,27.615,34.775
165.974,71.511,27.615,34.775
164.380,71.633,27.615,34.775
161.805,70.530,27.615,34.775
160.456,71.633,27.615,34.775
158.372,70.775,27.615,34.775
154.571,71.143,27.615,34.775
154.448,71.511,27.615,34.775
152.609,72.124,27.615,34.775
150.279,71.511,27.615,34.775
147.950,72.369,27.615,34.775
146.356,72.246,27.615,34.775
144.271,72.369,27.615,34.775
142.677,72.737,27.615,34.775
141.329,71.878,27.615,34.775
139.489,72.246,27.615,34.775
136.669,72.369,27.615,34.775
136.302,72.246,27.615,34.775
134.217,72.369,27.615,34.775
132.133,72.491,27.615,34.775
131.029,72.859,27.615,34.775
129.190,72.491,27.615,34.775
127.596,73.595,27.615,34.775
125.266,73.718,27.615,34.775
123.182,72.859,27.615,34.775
122.569,73.227,27.615,34.775
119.749,73.840,27.615,34.775
119.871,73.472,27.615,34.775
118.523,74.331,27.615,34.775
117.174,74.208,27.615,34.775
117.542,74.331,27.615,34.775
115.948,74.453,27.615,34.775
116.561,74.576,27.615,34.775
114.967,75.189,27.615,34.775
115.825,74.576,27.615,34.775
114.476,75.679,27.615,34.775
113.863,75.066,27.615,34.775
114.967,74.944,27.615,34.775
114.354,75.557,27.615,34.775
115.475,75.573,27.027,34.033
115.835,75.213,27.027,34.033
117.396,75.923,26.450,33.308
116.809,75.336,26.450,33.308
118.109,76.483,25.886,32.597
119.161,76.055,25.334,31.902
120.624,75.637,24.794,31.222
121.394,76.848,24.794,31.222
120.844,76.958,24.794,31.222
122.055,75.967,24.794,31.222
122.825,76.297,24.794,31.222
122.715,77.068,24.794,31.222
123.486,76.517,24.794,31.222
124.036,77.508,24.794,31.222
125.247,77.178,24.794,31.222
125.357,77.068,24.794,31.222
126.568,77.618,24.794,31.222
128.880,77.948,24.794,31.222
129.871,76.958,24.794,31.222
131.082,77.288,24.794,31.222
132.513,78.058,24.794,31.222
133.724,77.288,24.794,31.222
134.715,77.838,24.794,31.222
136.146,77.728,24.794,31.222
136.696,77.398,24.794,31.222
138.568,76.848,24.794,31.222
139.550,77.530,25.342,31.913
141.012,76.742,25.342,31.913
141.800,76.855,25.342,31.913
142.588,76.967,25.342,31.913
142.925,77.305,25.342,31.913
144.163,76.742,25.342,31.913
145.176,77.080,25.342,31.913
145.738,76.292,25.342,31.913
145.108,76.523,25.903,32.619
145.913,76.868,25.903,32.619
147.178,76.293,25.903,32.619
147.983,76.638,25.903,32.619
148.788,76.983,25.903,32.619
147.905,76.503,26.476,33.340
149.668,76.385,26.476,33.340
150.726,76.503,26.476,33.340
152.019,76.620,26.476,33.340
153.312,76.973,26.476,33.340
152.960,76.385,26.476,33.340
154.958,77.208,26.476,33.340
155.781,77.091,26.476,33.340
156.839,77.208,26.476,33.340
156.486,77.326,26.476,33.340
156.369,77.443,26.476,33.340
156.486,77.796,26.476,33.340
156.604,78.619,26.476,33.340
156.722,78.501,26.476,33.340
156.604,79.089,26.476,33.340
156.251,78.972,26.476,33.340
157.309,79.559,26.476,33.340
156.016,80.852,26.476,33.340
156.134,80.970,26.476,33.340
156.251,81.087,26.476,33.340
156.604,81.910,26.476,33.340
155.781,82.263,26.476,33.340
156.134,83.086,26.476,33.340
156.016,82.968,26.476,33.340
156.604,84.026,26.476,33.340
155.781,84.849,26.476,33.340
156.369,85.672,26.476,33.340
155.546,86.965,26.476,33.340
156.839,87.788,26.476,33.340
156.251,88.611,26.476,33.340
157.780,88.964,26.476,33.340
156.722,88.141,26.476,33.340
156.369,88.964,26.476,33.340
155.781,88.611,26.476,33.340
157.309,89.904,26.476,33.340
156.251,88.846,26.476,33.340
157.544,89.199,26.476,33.340
156.016,88.846,26.476,33.340
155.899,88.258,26.476,33.340
156.016,89.081,26.476,33.340
155.664,88.023,26.476,33.340
155.076,87.671,26.476,33.340
155.428,88.494,26.476,33.340
154.606,87.436,26.476,33.340
153.783,86.848,26.476,33.340
152.960,85.790,26.476,33.340
152.372,85.672,26.476,33.340
151.079,85.084,26.476,33.340
152.137,83.791,26.476,33.340
151.079,84.614,26.476,33.340
149.688,83.148,27.062,34.078
148.607,82.066,27.062,34.078
147.766,80.985,27.062,34.078
148.367,80.624,27.062,34.078
148.967,80.504,27.062,34.078
147.886,80.144,27.062,34.078
148.246,79.062,27.062,34.078
148.847,78.702,27.062,34.078
147.526,78.582,27.062,34.078
147.886,78.702,27.062,34.078
148.246,78.582,27.062,34.078
148.367,78.221,27.062,34.078
148.487,77.861,27.062,34.078
146.925,78.462,27.062,34.078
148.006,77.621,27.062,34.078
147.886,77.741,27.062,34.078
148.246,77.380,27.062,34.078
148.607,77.020,27.062,34.078
147.285,76.419,27.062,34.078
148.108,76.665,27.661,34.832
148.722,75.560,27.661,34.832
147.014,75.812,28.273,35.603
148.395,74.933,28.273,35.603
147.014,75.059,28.273,35.603
148.395,74.933,28.273,35.603
147.014,75.059,28.273,35.603
148.395,74.682,28.273,35.603
146.512,75.812,28.273,35.603
145.382,74.933,28.273,35.603
146.261,75.059,28.273,35.603
145.382,75.435,28.273,35.603
143.750,76.063,28.273,35.603
143.123,75.435,28.273,35.603
141.993,76.063,28.273,35.603
140.612,75.435,28.273,35.603
138.729,76.063,28.273,35.603
136.595,75.435,28.273,35.603
134.461,75.561,28.273,35.603
128.310,76.690,28.273,35.603
128.938,76.565,28.273,35.603
125.799,76.439,28.273,35.603
122.912,76.314,28.273,35.603
120.276,76.188,28.273,35.603
117.891,76.565,28.273,35.603
115.255,76.942,28.273,35.603
113.121,76.565,28.273,35.603
111.238,77.444,28.273,35.603
109.606,77.067,28.273,35.603
107.472,75.937,28.273,35.603
106.091,75.812,28.273,35.603
104.866,75.809,28.898,36.390
103.712,75.167,28.898,36.390
102.557,75.295,28.898,36.390
101.659,74.910,28.898,36.390
102.537,75.440,29.538,37.196
101.094,75.046,29.538,37.196
100.439,74.653,29.538,37.196
101.094,75.833,29.538,37.196
99.389,76.489,29.538,37.196
100.307,75.833,29.538,37.196
99.652,76.751,29.538,37.196
100.307,76.620,29.538,37.196
99.652,77.013,29.538,37.196
100.307,76.620,29.538,37.196
99.652,77.800,29.538,37.196
100.570,78.194,29.538,37.196
100.701,78.063,29.538,37.196
101.094,78.456,29.538,37.196
101.226,80.423,29.538,37.196
101.357,80.292,29.538,37.196
102.012,81.210,29.538,37.196
101.619,81.604,29.538,37.196
102.275,82.522,29.538,37.196
100.946,82.286,28.908,36.402
100.818,83.185,28.908,36.402
99.663,82.800,28.908,36.402
98.251,82.415,28.908,36.402
97.198,82.432,28.291,35.626
95.314,83.060,28.291,35.626
94.526,83.076,27.688,34.866
92.928,82.708,27.688,34.866
91.576,82.093,27.688,34.866
89.732,82.708,27.688,34.866
87.888,81.847,27.688,34.866
86.044,81.970,27.688,34.866
83.954,81.847,27.688,34.866
81.618,81.724,27.688,34.866
79.036,81.601,27.688,34.866
73.750,81.970,27.688,34.866
73.381,82.339,27.688,34.866
70.554,82.462,27.688,34.866
67.726,82.830,27.688,34.866
64.899,81.970,27.688,34.866
61.825,82.093,27.688,34.866
58.260,82.216,27.688,34.866
54.695,82.339,27.688,34.866
51.867,82.216,27.688,34.866
49.040,82.093,27.688,34.866
43.508,81.970,27.688,34.866
42.647,82.093,27.688,34.866
40.557,81.970,27.688,34.866
38.222,81.847,27.688,34.866
35.640,81.724,27.688,34.866
33.796,81.847,27.688,34.866
31.706,81.970,27.688,34.866
29.862,82.339,27.688,34.866
28.018,82.708,27.688,34.866
26.174,82.093,27.688,34.866
22.117,82.953,27.688,34.866
23.223,82.339,27.688,34.866
20.642,82.953,27.688,34.866
19.044,82.339,27.688,34.866
17.937,82.708,27.688,34.866
16.585,81.847,27.688,34.866
15.340,82.100,27.098,34.123
14.738,81.980,27.098,34.123
13.415,81.619,27.098,34.123
13.535,82.461,27.098,34.123
11.730,81.619,27.098,34.123
11.851,81.980,27.098,34.123
11.249,81.138,27.098,34.123
11.851,81.258,27.098,34.123
10.527,81.138,27.098,34.123
10.407,81.017,27.098,34.123
11.490,80.656,27.098,34.123
10.166,81.499,27.098,34.123
11.249,81.138,27.098,34.123
11.369,81.017,27.098,34.123
11.971,80.656,27.098,34.123
10.888,81.258,27.098,34.123
11.730,80.656,27.098,34.123
10.888,81.258,27.098,34.123
12.212,80.656,27.098,34.123
12.813,81.258,27.098,34.123
12.212,80.897,27.098,34.123
13.776,81.739,27.098,34.123
14.137,81.619,27.098,34.123
15.460,81.980,27.098,34.123
17.265,81.860,27.098,34.123
18.588,83.183,27.098,34.123
19.912,82.822,27.098,34.123
21.716,84.386,27.098,34.123
24.002,84.988,27.098,34.123
26.770,85.830,27.098,34.123
29.537,87.875,27.098,34.123
32.785,89.680,27.098,34.123
36.996,91.485,27.098,34.123
40.004,93.530,27.098,34.123
47.103,98.704,27.098,34.123
48.186,98.583,27.098,34.123
50.712,101.110,27.098,34.123
53.479,103.396,27.098,34.123
56.487,106.163,27.098,34.123
59.495,108.690,27.098,34.123
62.262,111.698,27.098,34.123
66.473,114.224,27.098,34.123
68.037,116.029,27.098,34.123
70.805,118.074,27.098,34.123
75.497,121.563,27.098,34.123
75.376,122.646,27.098,34.123
77.405,124.286,26.520,33.395
79.171,126.052,26.520,33.395
81.879,127.347,26.520,33.395
83.646,128.878,26.520,33.395
85.412,129.466,26.520,33.395
86.707,131.233,26.520,33.395
88.473,132.057,26.520,33.395
89.768,132.646,26.520,33.395
92.477,134.647,26.520,33.395
92.830,134.530,26.520,33.395
94.361,135.354,26.520,33.395
95.656,135.001,26.520,33.395
97.187,135.354,26.520,33.395
98.953,136.414,26.520,33.395
100.248,136.767,26.520,33.395
101.308,137.591,26.520,33.395
102.603,138.180,26.520,33.395
104.134,138.298,26.520,33.395
106.842,139.828,26.520,33.395
107.431,139.004,26.520,33.395
108.255,139.122,26.520,33.395
109.079,139.240,26.520,33.395
110.610,138.886,26.520,33.395
111.199,137.827,26.520,33.395
112.258,136.767,26.520,33.395
111.670,136.414,26.520,33.395
112.729,134.883,26.520,33.395
113.318,133.117,26.520,33.395
114.124,131.159,27.106,34.134
114.485,130.076,27.106,34.134
113.643,129.233,27.106,34.134
114.717,127.982,27.706,34.889
115.824,127.121,27.706,34.889
116.685,126.506,27.706,34.889
117.546,125.890,27.706,34.889
118.388,124.611,28.319,35.661
118.514,123.731,28.319,35.661
119.636,122.162,28.946,36.450
120.792,121.006,28.946,36.450
121.178,120.363,28.946,36.450
121.791,119.027,29.586,37.257
122.448,118.632,29.586,37.257
122.802,117.811,30.241,38.081
123.742,117.677,30.241,38.081
122.432,116.002,30.910,38.923
123.393,116.414,30.910,38.923
122.432,115.179,30.910,38.923
123.372,114.321,31.594,39.785
122.109,113.339,31.594,39.785
123.372,113.199,31.594,39.785
122.390,112.778,31.594,39.785
123.372,112.357,31.594,39.785
123.792,111.656,31.594,39.785
125.055,111.235,31.594,39.785
126.037,110.253,31.594,39.785
127.019,109.832,31.594,39.785
128.281,111.656,31.594,39.785
129.242,109.615,32.293,40.665
132.253,108.037,32.293,40.665
133.543,110.188,32.293,40.665
135.120,108.324,32.293,40.665
137.558,106.747,32.293,40.665
140.528,105.937,31.604,39.798
145.439,107.761,31.604,39.798
147.544,105.376,31.604,39.798
150.491,103.271,31.604,39.798
155.963,102.850,31.604,39.798
161.436,104.113,31.604,39.798
167.048,101.697,30.930,38.949
166.086,100.461,30.930,38.949
168.421,98.401,30.930,38.949
171.030,96.341,30.930,38.949
173.914,95.654,30.930,38.949
176.524,96.615,30.930,38.949
178.309,94.830,30.930,38.949
180.094,95.791,30.930,38.949
181.605,94.281,30.930,38.949
182.841,93.320,30.930,38.949
184.077,92.633,30.930,38.949
182.566,93.594,30.930,38.949
183.822,92.289,30.270,38.118
184.534,93.861,29.625,37.306
183.087,91.888,29.625,37.306
184.008,92.283,29.625,37.306
182.035,91.625,29.625,37.306
180.588,92.283,29.625,37.306
181.245,91.099,29.625,37.306
179.009,91.756,29.625,37.306
175.984,91.099,29.625,37.306
174.274,90.178,29.625,37.306
173.353,90.573,29.625,37.306
172.433,90.967,29.625,37.306
171.512,89.783,29.625,37.306
170.591,90.967,29.625,37.306
171.512,89.783,29.625,37.306
169.802,90.704,29.625,37.306
170.723,90.047,29.625,37.306
169.539,88.600,29.625,37.306
171.512,88.205,29.625,37.306
172.696,88.337,29.625,37.306
171.775,87.416,29.625,37.306
173.222,87.021,29.625,37.306
174.406,85.574,29.625,37.306
176.116,86.232,29.625,37.306
177.826,84.785,29.625,37.306
183.218,85.969,29.625,37.306
184.928,83.733,29.625,37.306
187.428,84.390,29.625,37.306
192.821,82.154,29.625,37.306
194.794,82.812,29.625,37.306
196.767,82.417,29.625,37.306
199.003,81.497,29.625,37.306
204.133,82.681,29.625,37.306
206.106,81.760,29.625,37.306
208.323,81.270,28.993,36.510
210.742,82.528,28.375,35.731
212.623,83.516,27.770,34.969
214.702,82.344,27.178,34.224
219.408,83.430,27.178,34.224
220.253,82.827,27.178,34.224
221.580,82.706,27.178,34.224
222.907,81.861,27.178,34.224
225.200,80.775,27.178,34.224
227.734,79.931,27.178,34.224
230.027,78.845,27.178,34.224
234.250,80.896,27.178,34.224
236.302,79.327,27.178,34.224
238.353,78.483,27.178,34.224
242.818,77.155,27.178,34.224
242.214,76.552,27.178,34.224
244.024,75.948,27.178,34.224
245.593,74.380,27.178,34.224
246.679,73.776,27.178,34.224
248.006,73.414,27.178,34.224
249.334,72.570,27.178,34.224
250.420,72.208,27.178,34.224
249.817,71.604,27.178,34.224
250.661,72.449,27.178,34.224
250.058,72.328,27.178,34.224
250.661,72.208,27.178,34.224
249.575,72.328,27.178,34.224
248.489,72.932,27.178,34.224
247.644,72.570,27.178,34.224
246.558,73.656,27.178,34.224
245.231,74.018,27.178,34.224
244.386,73.656,27.178,34.224
243.300,74.983,27.178,34.224
241.973,74.862,27.178,34.224
239.439,76.673,27.178,34.224
238.353,76.552,27.178,34.224
237.750,77.155,27.178,34.224
235.940,77.035,27.178,34.224
234.371,77.638,27.178,34.224
233.285,78.724,27.178,34.224
231.716,79.327,27.178,34.224
229.665,78.965,27.178,34.224
227.855,79.086,27.178,34.224
226.286,79.689,27.178,34.224
223.752,81.017,27.178,34.224
222.666,80.172,27.178,34.224
220.856,81.017,27.178,34.224
219.287,80.655,27.178,34.224
218.442,81.741,27.178,34.224
216.150,81.620,27.178,34.224
214.581,81.499,27.178,34.224
212.288,81.861,27.178,34.224
211.202,82.223,27.178,34.224
209.392,81.379,27.178,34.224
207.341,81.499,27.178,34.224
206.979,81.620,27.178,34.224
205.651,81.741,27.178,34.224
204.324,81.620,27.178,34.224
204.686,81.017,27.178,34.224
203.117,80.655,27.178,34.224
202.997,81.258,27.178,34.224
202.152,80.172,27.178,34.224
202.755,80.293,27.178,34.224
201.911,79.931,27.178,34.224
202.514,78.845,27.178,34.224
201.428,80.172,27.178,34.224
202.514,78.845,27.178,34.224
201.911,79.689,27.178,34.224
203.479,79.086,27.178,34.224
202.876,78.241,27.178,34.224
203.962,78.603,27.178,34.224
205.066,78.852,26.598,33.494
205.893,78.261,26.598,33.494
206.247,78.852,26.598,33.494
207.074,77.789,26.598,33.494
207.664,77.907,26.598,33.494
208.062,77.695,26.031,32.780
209.102,78.042,26.031,32.780
209.680,78.389,26.031,32.780
209.564,77.811,26.031,32.780
210.142,78.157,26.031,32.780
