139.000,112.000,51.000,36.000
139.512,114.901,51.000,36.000
139.341,116.436,51.000,36.000
139.512,118.313,51.000,36.000
139.682,119.507,51.000,36.000
139.512,119.337,51.000,36.000
139.341,120.872,51.000,36.000
138.829,120.702,51.000,36.000
139.000,120.531,51.000,36.000
139.171,120.360,51.000,36.000
138.659,121.214,51.000,36.000
138.829,121.043,51.000,36.000
137.635,120.531,51.000,36.000
137.123,120.019,51.000,36.000
136.611,120.190,51.000,36.000
136.782,120.019,51.000,36.000
136.953,119.507,51.000,36.000
137.123,118.313,51.000,36.000
136.270,118.484,51.000,36.000
136.441,117.972,51.000,36.000
136.611,117.119,51.000,36.000
136.782,116.607,51.000,36.000
136.953,115.412,51.000,36.000
137.464,115.583,51.000,36.000
136.953,114.389,51.000,36.000
137.806,114.218,51.000,36.000
137.976,113.706,51.000,36.000
138.147,112.853,51.000,36.000
137.976,112.341,51.000,36.000
139.171,112.171,51.000,36.000
139.341,111.317,51.000,36.000
139.853,110.806,51.000,36.000
141.047,110.294,51.000,36.000
140.877,110.464,51.000,36.000
141.730,110.635,51.000,36.000
142.242,109.782,51.000,36.000
143.095,109.611,51.000,36.000
145.313,108.758,51.000,36.000
147.531,107.905,51.000,36.000
149.749,108.076,51.000,36.000
152.991,108.246,51.000,36.000
156.574,108.417,51.000,36.000
159.133,108.929,51.000,36.000
161.693,109.099,51.000,36.000
164.593,110.635,51.000,36.000
167.153,111.147,51.000,36.000
168.688,113.024,51.000,36.000
170.565,113.536,51.000,36.000
172.101,112.341,51.000,36.000
173.636,112.171,51.000,36.000
176.196,110.294,51.000,36.000
178.073,108.417,51.000,36.000
180.291,106.881,51.000,36.000
182.509,105.346,51.000,36.000
184.386,104.834,51.000,36.000
184.556,103.298,51.000,36.000
185.409,102.445,51.000,36.000
186.262,101.592,51.000,36.000
187.116,100.398,51.000,36.000
187.627,101.592,51.000,36.000
189.163,101.080,51.000,36.000
188.992,102.616,51.000,36.000
190.869,102.445,51.000,36.000
191.040,103.981,51.000,36.000
190.528,103.810,51.000,36.000
191.040,104.322,51.000,36.000
189.846,105.175,51.000,36.000
190.357,105.004,51.000,36.000
190.187,105.175,51.000,36.000
190.016,105.346,51.000,36.000
189.504,105.516,51.000,36.000
190.016,104.663,51.000,36.000
189.163,104.834,51.000,36.000
188.651,104.663,51.000,36.000
188.481,104.493,51.000,36.000
187.286,105.346,51.000,36.000
186.092,105.175,51.000,36.000
185.239,105.004,51.000,36.000
184.727,104.834,51.000,36.000
184.215,104.322,51.000,36.000
183.021,104.493,51.000,36.000
181.826,104.322,51.000,36.000
181.656,103.810,51.000,36.000
180.120,102.957,51.000,36.000
178.584,103.128,51.000,36.000
178.073,103.298,51.000,36.000
176.196,103.128,51.000,36.000
175.343,102.616,51.000,36.000
174.490,101.080,51.000,36.000
173.295,101.251,51.000,36.000
172.101,102.104,51.000,36.000
171.248,102.616,51.000,36.000
171.077,102.445,51.000,36.000
170.565,103.639,51.000,36.000
170.736,103.128,51.000,36.000
170.906,104.322,51.000,36.000
171.077,105.516,51.000,36.000
170.565,105.687,51.000,36.000
171.760,106.881,51.000,36.000
171.930,107.393,51.000,36.000
171.760,107.564,51.000,36.000
171.248,106.369,51.000,36.000
170.053,106.199,51.000,36.000
169.200,105.346,51.000,36.000
168.006,105.175,51.000,36.000
166.811,104.663,51.000,36.000
166.982,104.493,51.000,36.000
166.129,105.687,51.000,36.000
164.935,104.834,51.000,36.000
166.129,105.346,51.000,36.000
164.935,106.199,51.000,36.000
166.129,106.369,51.000,36.000
164.935,107.223,51.000,36.000
166.129,107.393,51.000,36.000
164.593,106.881,51.000,36.000
164.764,105.687,51.000,36.000
164.593,104.834,51.000,36.000
164.423,104.322,51.000,36.000
164.252,104.493,51.000,36.000
164.082,103.981,51.000,36.000
163.911,102.445,51.000,36.000
165.105,101.933,51.000,36.000
163.911,100.398,51.000,36.000
165.105,99.545,51.000,36.000
163.911,96.985,51.000,36.000
164.423,96.473,51.000,36.000
163.570,95.620,51.000,36.000
163.399,93.402,51.000,36.000
163.228,93.232,51.000,36.000
163.399,92.037,51.000,36.000
163.911,90.502,51.000,36.000
164.764,89.307,51.000,36.000
164.935,89.137,51.000,36.000
165.105,87.942,51.000,36.000
164.252,87.089,51.000,36.000
165.105,86.236,51.000,36.000
164.935,85.724,51.000,36.000
166.470,84.530,51.000,36.000
165.617,83.677,51.000,36.000
166.129,83.165,51.000,36.000
165.958,82.653,51.000,36.000
167.153,81.800,51.000,36.000
166.641,81.288,51.000,36.000
167.494,81.117,51.000,36.000
167.323,80.264,51.000,36.000
167.153,80.435,51.000,36.000
166.982,79.923,51.000,36.000
166.949,78.994,52.128,36.797
166.426,79.517,52.128,36.797
167.298,78.296,52.128,36.797
165.816,77.708,53.282,37.611
166.351,76.817,53.282,37.611
165.460,76.282,53.282,37.611
165.995,76.460,53.282,37.611
165.460,75.569,53.282,37.611
166.708,75.034,53.282,37.611
166.886,74.143,53.282,37.611
165.995,75.034,53.282,37.611
167.070,73.694,54.461,38.443
167.981,73.876,54.461,38.443
167.434,74.422,54.461,38.443
167.252,73.147,54.461,38.443
168.163,74.787,54.461,38.443
167.981,73.511,54.461,38.443
167.798,73.329,54.461,38.443
167.981,72.418,54.461,38.443
167.798,73.329,54.461,38.443
167.981,72.418,54.461,38.443
167.798,73.329,54.461,38.443
167.981,72.418,54.461,38.443
167.798,73.329,54.461,38.443
166.251,75.361,55.666,39.293
167.554,77.037,55.666,39.293
167.368,76.106,55.666,39.293
167.182,76.665,55.666,39.293
166.996,77.224,55.666,39.293
166.065,79.645,55.666,39.293
165.878,80.576,55.666,39.293
165.692,81.134,55.666,39.293
165.506,81.321,55.666,39.293
166.437,81.134,55.666,39.293
166.623,83.183,55.666,39.293
166.810,84.114,55.666,39.293
165.878,85.045,55.666,39.293
166.065,86.349,55.666,39.293
166.623,88.025,55.666,39.293
167.182,88.956,55.666,39.293
167.368,90.260,55.666,39.293
167.554,91.936,55.666,39.293
168.113,92.867,55.666,39.293
167.927,94.171,55.666,39.293
167.741,95.847,55.666,39.293
167.927,97.895,55.666,39.293
168.486,98.081,55.666,39.293
169.044,99.385,55.666,39.293
168.858,100.316,55.666,39.293
169.044,100.875,55.666,39.293
169.231,101.061,55.666,39.293
169.417,101.992,55.666,39.293
169.603,102.923,55.666,39.293
170.162,103.482,55.666,39.293
169.603,105.158,55.666,39.293
170.162,105.717,55.666,39.293
169.603,107.393,55.666,39.293
170.534,108.324,55.666,39.293
170.348,109.628,55.666,39.293
170.534,110.931,55.666,39.293
171.093,110.745,55.666,39.293
170.534,112.794,55.666,39.293
171.465,113.725,55.666,39.293
169.883,113.097,56.897,40.163
170.454,115.191,56.897,40.163
169.883,116.143,56.897,40.163
170.454,117.475,56.897,40.163
169.883,117.665,56.897,40.163
170.454,119.379,56.897,40.163
169.503,121.853,56.897,40.163
169.693,122.424,56.897,40.163
170.264,124.137,56.897,40.163
169.693,126.612,56.897,40.163
170.264,127.183,56.897,40.163
169.693,129.277,56.897,40.163
170.645,130.229,56.897,40.163
170.454,130.800,56.897,40.163
170.264,130.609,56.897,40.163
169.693,131.180,56.897,40.163
170.264,132.893,56.897,40.163
169.312,132.322,56.897,40.163
169.883,134.036,56.897,40.163
170.454,133.465,56.897,40.163
169.503,133.274,56.897,40.163
170.074,135.368,56.897,40.163
169.122,134.797,56.897,40.163
169.693,134.226,56.897,40.163
170.264,135.558,56.897,40.163
169.693,134.607,56.897,40.163
170.264,134.036,56.897,40.163
169.312,134.607,56.897,40.163
169.883,133.655,56.897,40.163
170.074,132.703,56.897,40.163
168.741,131.371,56.897,40.163
169.312,130.800,56.897,40.163
167.980,128.706,56.897,40.163
168.932,126.612,56.897,40.163
168.361,124.137,56.897,40.163
167.409,122.424,56.897,40.163
167.599,119.950,56.897,40.163
167.409,118.236,56.897,40.163
167.219,117.285,56.897,40.163
167.409,115.952,56.897,40.163
167.599,114.620,56.897,40.163
168.170,113.287,56.897,40.163
167.980,113.097,56.897,40.163
168.932,112.526,56.897,40.163
168.361,111.574,56.897,40.163
167.409,111.003,56.897,40.163
167.219,110.813,56.897,40.163
165.505,109.861,56.897,40.163
165.696,109.290,56.897,40.163
163.983,109.100,56.897,40.163
163.792,108.528,56.897,40.163
162.840,106.815,56.897,40.163
162.269,105.864,56.897,40.163
161.698,104.912,56.897,40.163
163.031,103.960,56.897,40.163
163.602,102.628,56.897,40.163
164.173,101.295,56.897,40.163
163.602,100.343,56.897,40.163
164.173,99.392,56.897,40.163
163.221,98.440,56.897,40.163
164.173,96.727,56.897,40.163
163.983,96.156,56.897,40.163
165.315,96.727,56.897,40.163
165.125,95.775,56.897,40.163
165.878,95.923,58.156,41.051
166.072,96.118,58.156,41.051
167.045,95.145,58.156,41.051
167.240,95.729,58.156,41.051
167.434,95.534,58.156,41.051
167.629,95.339,58.156,41.051
168.602,94.756,58.156,41.051
169.185,95.729,58.156,41.051
169.380,95.145,58.156,41.051
169.964,94.561,58.156,41.051
168.991,95.145,58.156,41.051
169.185,94.172,58.156,41.051
169.769,94.756,58.156,41.051
169.185,95.339,58.156,41.051
169.769,94.367,58.156,41.051
169.185,94.561,58.156,41.051
169.769,95.145,58.156,41.051
168.796,94.172,58.156,41.051
169.380,94.756,58.156,41.051
169.964,95.729,58.156,41.051
168.602,95.923,58.156,41.051
168.407,96.118,58.156,41.051
168.991,95.145,58.156,41.051
168.018,96.118,58.156,41.051
168.212,96.312,58.156,41.051
168.018,96.507,58.156,41.051
167.823,97.090,58.156,41.051
167.240,96.118,58.156,41.051
168.602,96.701,58.156,41.051
167.240,96.896,58.156,41.051
168.602,97.090,58.156,41.051
167.629,95.729,58.156,41.051
168.602,96.701,58.156,41.051
168.018,95.729,58.156,41.051
168.991,96.312,58.156,41.051
168.796,94.950,58.156,41.051
169.380,95.923,58.156,41.051
169.964,95.339,58.156,41.051
169.380,94.367,58.156,41.051
170.353,94.950,58.156,41.051
169.769,95.145,58.156,41.051
169.185,94.172,58.156,41.051
169.769,94.756,58.156,41.051
168.796,94.950,58.156,41.051
169.380,95.145,58.156,41.051
170.353,94.172,58.156,41.051
170.547,94.367,58.156,41.051
169.964,94.172,58.156,41.051
171.325,93.977,58.156,41.051
172.298,93.394,58.156,41.051
172.882,93.588,58.156,41.051
173.077,93.394,58.156,41.051
174.049,92.810,58.156,41.051
174.633,93.394,58.156,41.051
173.660,92.421,58.156,41.051
174.633,92.616,58.156,41.051
174.438,92.810,58.156,41.051
174.633,93.005,58.156,41.051
175.217,92.032,58.156,41.051
176.190,92.226,58.156,41.051
176.384,92.810,58.156,41.051
176.968,93.394,58.156,41.051
177.162,93.199,58.156,41.051
177.746,93.394,58.156,41.051
177.551,93.588,58.156,41.051
178.135,93.783,58.156,41.051
178.719,93.977,58.156,41.051
178.135,93.005,58.156,41.051
178.719,92.810,58.156,41.051
178.135,93.783,58.156,41.051
178.330,93.977,58.156,41.051
178.135,93.005,58.156,41.051
177.551,93.588,58.156,41.051
176.579,94.172,58.156,41.051
176.773,93.977,58.156,41.051
176.968,94.561,58.156,41.051
177.162,95.534,58.156,41.051
177.746,95.729,58.156,41.051
177.162,96.312,58.156,41.051
177.746,95.729,58.156,41.051
177.162,96.312,58.156,41.051
178.135,95.729,58.156,41.051
177.941,96.701,58.156,41.051
178.135,96.507,58.156,41.051
179.108,96.312,58.156,41.051
179.692,95.729,58.156,41.051
179.886,96.312,58.156,41.051
180.470,95.339,58.156,41.051
180.275,95.145,58.156,41.051
181.248,94.950,58.156,41.051
181.832,95.923,58.156,41.051
181.637,95.339,58.156,41.051
181.443,95.145,58.156,41.051
182.026,94.561,58.156,41.051
182.999,95.145,58.156,41.051
183.583,94.561,58.156,41.051
183.388,95.145,58.156,41.051
184.750,94.172,58.156,41.051
184.167,93.977,58.156,41.051
184.750,93.783,58.156,41.051
184.945,94.756,58.156,41.051
185.529,94.561,58.156,41.051
185.723,94.756,58.156,41.051
186.307,95.339,58.156,41.051
186.891,94.756,58.156,41.051
186.696,95.729,58.156,41.051
186.891,95.534,58.156,41.051
187.474,95.729,58.156,41.051
187.280,95.923,58.156,41.051
188.252,96.507,58.156,41.051
188.447,95.923,58.156,41.051
187.863,96.896,58.156,41.051
188.836,96.701,58.156,41.051
189.031,96.896,58.156,41.051
189.614,97.480,58.156,41.051
189.031,96.896,58.156,41.051
189.614,97.480,58.156,41.051
189.420,97.285,58.156,41.051
190.393,97.090,58.156,41.051
190.587,96.896,58.156,41.051
190.004,97.869,58.156,41.051
190.976,97.674,58.156,41.051
191.171,97.869,58.156,41.051
191.365,98.452,58.156,41.051
191.560,97.869,58.156,41.051
190.587,98.063,58.156,41.051
190.782,97.480,58.156,41.051
191.365,97.674,58.156,41.051
191.949,98.258,58.156,41.051
191.755,97.674,58.156,41.051
191.560,98.647,58.156,41.051
191.365,98.452,58.156,41.051
192.338,97.869,58.156,41.051
192.144,98.842,58.156,41.051
191.949,98.647,58.156,41.051
191.365,98.452,58.156,41.051
191.949,98.258,58.156,41.051
191.365,97.674,58.156,41.051
192.338,98.258,58.156,41.051
192.533,97.674,58.156,41.051
191.560,98.258,58.156,41.051
191.755,98.063,58.156,41.051
191.949,97.869,58.156,41.051
191.755,98.842,58.156,41.051
191.949,98.647,58.156,41.051
192.144,98.063,58.156,41.051
192.727,97.480,58.156,41.051
192.144,98.063,58.156,41.051
192.727,97.480,58.156,41.051
192.144,97.674,58.156,41.051
193.117,97.480,58.156,41.051
192.922,97.285,58.156,41.051
192.727,97.090,58.156,41.051
192.533,96.896,58.156,41.051
192.727,98.258,58.156,41.051
192.922,97.285,58.156,41.051
193.506,97.480,58.156,41.051
192.922,98.063,58.156,41.051
194.284,97.480,58.156,41.051
195.257,98.452,58.156,41.051
195.840,98.258,58.156,41.051
195.257,98.063,58.156,41.051
195.451,98.258,58.156,41.051
194.089,98.063,58.156,41.051
194.673,97.869,58.156,41.051
192.922,98.063,58.156,41.051
192.727,97.090,58.156,41.051
191.365,96.507,58.156,41.051
191.171,97.090,58.156,41.051
189.809,96.118,58.156,41.051
188.447,96.312,58.156,41.051
187.474,96.507,58.156,41.051
186.501,96.701,58.156,41.051
185.918,96.896,58.156,41.051
185.723,97.480,58.156,41.051
185.139,96.896,58.156,41.051
184.945,97.480,58.156,41.051
183.972,96.896,58.156,41.051
183.778,97.869,58.156,41.051
183.194,97.285,58.156,41.051
182.999,96.701,58.156,41.051
182.026,97.674,58.156,41.051
182.221,97.480,58.156,41.051
182.026,96.896,58.156,41.051
181.443,97.869,58.156,41.051
180.859,97.674,58.156,41.051
181.054,97.869,58.156,41.051
180.859,98.063,58.156,41.051
180.664,97.090,58.156,41.051
180.470,96.896,58.156,41.051
180.664,98.258,58.156,41.051
180.859,97.674,58.156,41.051
181.443,98.258,58.156,41.051
181.248,97.674,58.156,41.051
182.610,98.647,58.156,41.051
182.416,98.452,58.156,41.051
183.778,98.647,58.156,41.051
183.583,98.452,58.156,41.051
184.167,98.647,58.156,41.051
185.529,99.231,58.156,41.051
186.112,98.647,58.156,41.051
187.085,99.620,58.156,41.051
187.669,99.425,58.156,41.051
187.863,99.231,58.156,41.051
188.447,99.425,58.156,41.051
188.642,99.620,58.156,41.051
189.614,99.814,58.156,41.051
190.198,100.398,58.156,41.051
191.560,99.814,58.156,41.051
192.144,100.398,58.156,41.051
193.895,99.814,58.156,41.051
194.868,100.398,58.156,41.051
195.840,99.814,58.156,41.051
196.813,100.009,58.156,41.051
197.786,99.425,58.156,41.051
199.148,99.620,58.156,41.051
200.510,99.425,58.156,41.051
201.094,99.231,58.156,41.051
202.845,98.647,58.156,41.051
204.207,98.842,58.156,41.051
205.569,99.036,58.156,41.051
205.374,98.063,58.156,41.051
207.125,98.258,58.156,41.051
207.320,98.842,58.156,41.051
207.903,99.425,58.156,41.051
206.541,98.842,58.156,41.051
205.958,99.814,58.156,41.051
206.152,99.620,58.156,41.051
204.790,99.425,58.156,41.051
203.039,99.231,58.156,41.051
201.677,99.036,58.156,41.051
199.926,98.452,58.156,41.051
198.564,98.647,58.156,41.051
196.424,98.452,58.156,41.051
194.673,98.258,58.156,41.051
193.700,97.674,58.156,41.051
191.949,97.869,58.156,41.051
190.976,97.674,58.156,41.051
190.004,97.090,58.156,41.051
189.031,96.118,58.156,41.051
188.058,95.923,58.156,41.051
187.474,96.507,58.156,41.051
186.501,95.534,58.156,41.051
186.307,95.729,58.156,41.051
186.891,95.534,58.156,41.051
186.307,95.339,58.156,41.051
186.891,95.145,58.156,41.051
185.918,95.339,58.156,41.051
186.112,95.534,58.156,41.051
185.918,95.339,58.156,41.051
184.945,95.145,58.156,41.051
184.750,94.172,58.156,41.051
183.778,93.588,58.156,41.051
183.194,93.394,58.156,41.051
183.388,92.032,58.156,41.051
183.194,90.281,58.156,41.051
182.610,89.308,58.156,41.051
182.026,87.946,58.156,41.051
182.610,87.362,58.156,41.051
181.637,86.000,58.156,41.051
181.832,85.028,58.156,41.051
182.026,84.833,58.156,41.051
182.221,85.417,58.156,41.051
182.416,84.833,58.156,41.051
182.610,85.028,58.156,41.051
181.637,84.055,58.156,41.051
182.221,83.471,58.156,41.051
182.805,83.277,58.156,41.051
182.221,82.693,58.156,41.051
183.194,82.887,58.156,41.051
182.999,82.304,58.156,41.051
182.416,80.942,58.156,41.051
183.388,81.915,58.156,41.051
183.194,81.331,58.156,41.051
182.999,80.747,58.156,41.051
183.194,82.109,58.156,41.051
182.999,81.136,58.156,41.051
183.194,82.498,58.156,41.051
183.388,84.249,58.156,41.051
183.583,85.611,58.156,41.051
182.610,86.973,58.156,41.051
182.416,88.724,58.156,41.051
183.388,90.086,58.156,41.051
182.805,90.670,58.156,41.051
181.832,92.810,58.156,41.051
181.637,94.561,58.156,41.051
181.054,95.923,58.156,41.051
181.248,98.063,58.156,41.051
181.054,99.036,58.156,41.051
180.470,100.787,58.156,41.051
179.886,103.316,58.156,41.051
180.470,104.289,58.156,41.051
179.497,105.651,58.156,41.051
179.303,107.791,58.156,41.051
180.275,109.542,58.156,41.051
179.303,110.904,58.156,41.051
178.719,113.434,58.156,41.051
177.746,115.574,58.156,41.051
177.162,118.492,58.156,41.051
176.317,120.259,59.443,41.960
174.925,122.049,59.443,41.960
173.649,123.854,60.758,42.888
172.632,125.683,60.758,42.888
172.022,127.106,60.758,42.888
171.413,128.529,60.758,42.888
170.803,129.952,60.758,42.888
169.380,129.342,60.758,42.888
168.770,130.358,60.758,42.888
166.941,129.342,60.758,42.888
166.737,128.732,60.758,42.888
166.128,127.309,60.758,42.888
165.518,127.106,60.758,42.888
165.315,126.090,60.758,42.888
163.892,125.480,60.758,42.888
162.469,124.870,60.758,42.888
162.672,123.854,60.758,42.888
162.062,123.244,60.758,42.888
162.672,122.634,60.758,42.888
162.062,121.211,60.758,42.888
162.672,121.415,60.758,42.888
163.282,122.838,60.758,42.888
164.705,124.260,60.758,42.888
163.688,125.277,60.758,42.888
164.298,123.854,60.758,42.888
164.095,121.211,60.758,42.888
162.266,118.569,60.758,42.888
160.030,115.520,60.758,42.888
156.574,114.097,60.758,42.888
153.525,113.081,60.758,42.888
152.102,114.504,60.758,42.888
151.492,116.333,60.758,42.888
151.875,116.491,62.102,43.837
152.914,118.361,62.102,43.837
154.783,119.400,62.102,43.837
156.238,120.439,62.102,43.837
158.108,121.478,62.102,43.837
157.900,120.439,62.102,43.837
158.108,119.400,62.102,43.837
157.484,117.530,62.102,43.837
156.030,115.245,62.102,43.837
156.238,112.544,62.102,43.837
154.783,110.258,62.102,43.837
152.914,108.804,62.102,43.837
151.875,107.350,62.102,43.837
151.251,107.142,62.102,43.837
151.044,106.519,62.102,43.837
150.005,106.311,62.102,43.837
149.382,106.519,62.102,43.837
149.589,107.557,62.102,43.837
148.135,107.350,62.102,43.837
146.801,105.356,63.476,44.807
145.739,104.294,63.476,44.807
145.102,102.807,63.476,44.807
144.890,100.896,63.476,44.807
143.828,99.410,63.476,44.807
143.616,98.773,63.476,44.807
144.253,98.135,63.476,44.807
146.164,99.197,63.476,44.807
146.801,100.259,63.476,44.807
145.438,100.865,64.881,45.798
143.594,100.133,66.316,46.811
143.816,99.911,66.316,46.811
144.038,100.133,66.316,46.811
141.693,98.004,67.783,47.847
141.013,96.870,67.783,47.847
140.333,95.283,67.783,47.847
138.292,93.242,67.783,47.847
138.065,92.108,67.783,47.847
139.199,91.881,67.783,47.847
138.972,93.922,67.783,47.847
141.013,96.417,67.783,47.847
141.693,98.458,67.783,47.847
140.559,100.499,67.783,47.847
139.879,101.179,67.783,47.847
141.013,100.952,67.783,47.847
141.693,102.086,67.783,47.847
139.652,100.952,67.783,47.847
139.879,102.993,67.783,47.847
138.745,100.952,67.783,47.847
138.065,98.911,67.783,47.847
136.931,97.324,67.783,47.847
136.704,96.643,67.783,47.847
137.838,98.231,67.783,47.847
138.972,98.004,67.783,47.847
141.013,100.045,67.783,47.847
143.507,101.179,67.783,47.847
145.548,100.952,67.783,47.847
146.682,102.993,67.783,47.847
146.002,103.220,67.783,47.847
145.322,102.539,67.783,47.847
142.827,101.406,67.783,47.847
141.693,99.818,67.783,47.847
139.652,99.591,67.783,47.847
137.611,99.365,67.783,47.847
134.210,100.952,67.783,47.847
132.169,103.447,67.783,47.847
130.128,105.034,67.783,47.847
130.355,107.075,67.783,47.847
131.252,106.310,69.283,48.906
132.874,107.006,69.283,48.906
132.179,107.701,69.283,48.906
131.484,107.469,69.283,48.906
129.861,107.237,69.283,48.906
129.166,106.542,69.283,48.906
131.252,105.383,69.283,48.906
133.801,104.688,69.283,48.906
135.888,104.456,69.283,48.906
137.046,104.688,69.283,48.906
139.133,105.383,69.283,48.906
140.755,104.688,69.283,48.906
143.768,104.920,69.283,48.906
146.318,105.151,69.283,48.906
147.013,104.456,69.283,48.906
145.391,104.224,69.283,48.906
141.017,102.962,70.816,49.988
138.885,102.251,70.816,49.988
135.331,103.436,70.816,49.988
132.251,105.568,70.816,49.988
130.593,106.752,70.816,49.988
131.304,108.885,70.816,49.988
132.014,110.543,70.816,49.988
131.777,110.306,70.816,49.988
130.119,111.965,70.816,49.988
127.987,112.202,70.816,49.988
127.276,113.386,70.816,49.988
124.670,114.571,70.816,49.988
125.381,113.386,70.816,49.988
126.091,114.097,70.816,49.988
127.750,112.912,70.816,49.988
127.987,111.728,70.816,49.988
128.224,110.543,70.816,49.988
126.091,109.359,70.816,49.988
124.571,107.085,72.383,51.094
121.423,105.390,72.383,51.094
118.275,103.695,72.383,51.094
114.158,101.031,72.383,51.094
109.072,99.336,72.383,51.094
103.987,98.125,72.383,51.094
98.902,96.914,72.383,51.094
95.269,95.703,72.383,51.094
94.059,94.493,72.383,51.094
94.301,93.766,72.383,51.094
95.512,93.524,72.383,51.094
96.238,93.282,72.383,51.094
95.027,94.008,72.383,51.094
93.332,93.282,72.383,51.094
92.606,94.008,72.383,51.094
92.364,93.282,72.383,51.094
93.090,93.524,72.383,51.094
93.816,92.313,72.383,51.094
94.059,93.524,72.383,51.094
94.301,93.282,72.383,51.094
94.543,94.977,72.383,51.094
94.785,94.251,72.383,51.094
94.059,94.493,72.383,51.094
90.911,93.282,72.383,51.094
87.762,94.493,72.383,51.094
84.614,93.282,72.383,51.094
80.498,93.524,72.383,51.094
74.928,91.829,72.383,51.094
70.327,91.587,72.383,51.094
70.085,91.345,72.383,51.094
71.296,93.040,72.383,51.094
75.412,94.251,72.383,51.094
84.372,96.914,72.383,51.094
93.816,99.578,72.383,51.094
99.386,101.273,72.383,51.094
103.503,103.937,72.383,51.094
103.261,103.210,72.383,51.094
100.113,103.453,72.383,51.094
95.996,103.210,72.383,51.094
93.332,101.515,72.383,51.094
93.574,99.820,72.383,51.094
94.301,100.062,72.383,51.094
95.512,101.273,72.383,51.094
98.175,102.968,72.383,51.094
101.323,102.726,72.383,51.094
104.471,102.968,72.383,51.094
107.135,103.695,72.383,51.094
109.799,102.968,72.383,51.094
112.767,102.152,73.984,52.224
115.800,103.372,75.621,53.380
121.113,104.131,75.621,53.380
126.932,104.890,75.621,53.380
130.221,104.637,75.621,53.380
131.992,105.396,75.621,53.380
131.739,104.131,75.621,53.380
130.980,103.878,75.621,53.380
131.739,103.119,75.621,53.380
133.510,102.866,75.621,53.380
138.185,100.438,77.294,54.561
145.684,100.696,77.294,54.561
154.735,101.472,77.294,54.561
161.717,101.731,77.294,54.561
166.113,103.024,77.294,54.561
169.475,104.317,77.294,54.561
173.354,104.575,77.294,54.561
177.750,106.385,77.294,54.561
182.146,106.127,77.294,54.561
186.542,108.454,77.294,54.561
191.455,108.713,77.294,54.561
195.851,110.006,77.294,54.561
200.247,110.781,77.294,54.561
202.343,109.373,79.004,55.768
206.836,109.109,79.004,55.768
210.801,108.316,79.004,55.768
214.766,108.051,79.004,55.768
218.202,107.258,79.004,55.768
219.247,106.367,80.752,57.002
222.219,106.097,80.752,57.002
224.650,106.367,80.752,57.002
226.542,106.637,80.752,57.002
227.352,107.448,80.752,57.002
227.082,107.178,80.752,57.002
228.433,106.367,80.752,57.002
227.082,106.637,80.752,57.002
227.892,106.367,80.752,57.002
226.158,105.456,82.539,58.263
226.434,104.628,82.539,58.263
225.606,105.456,82.539,58.263
225.330,106.285,82.539,58.263
223.397,107.666,82.539,58.263
220.359,106.285,82.539,58.263
215.665,106.561,82.539,58.263
211.523,104.628,82.539,58.263
207.933,103.247,82.539,58.263
206.000,102.419,82.539,58.263
205.724,101.591,82.539,58.263
206.000,103.523,82.539,58.263
206.276,105.456,82.539,58.263
203.239,106.837,82.539,58.263
199.097,106.561,82.539,58.263
195.507,105.733,82.539,58.263
189.708,104.904,82.539,58.263
183.909,104.076,82.539,58.263
177.558,103.247,82.539,58.263
171.759,101.867,82.539,58.263
167.617,101.038,82.539,58.263
163.475,101.314,82.539,58.263
159.885,101.038,82.539,58.263
156.848,100.210,82.539,58.263
152.154,100.486,82.539,58.263
148.012,99.658,82.539,58.263
143.869,98.829,82.539,58.263
140.280,98.553,82.539,58.263
136.690,98.277,82.539,58.263
134.205,100.210,82.539,58.263
131.167,99.381,82.539,58.263
128.682,98.553,82.539,58.263
125.644,99.934,82.539,58.263
123.711,100.762,82.539,58.263
122.331,101.590,82.539,58.263
119.846,102.971,82.539,58.263
119.017,104.904,82.539,58.263
117.636,105.733,82.539,58.263
114.599,106.009,82.539,58.263
112.666,106.285,82.539,58.263
110.733,105.456,82.539,58.263
109.352,103.523,82.539,58.263
106.867,102.695,82.539,58.263
104.934,103.523,82.539,58.263
103.554,103.800,82.539,58.263
102.173,104.076,82.539,58.263
103.001,103.247,82.539,58.263
103.277,101.867,82.539,58.263
103.554,100.486,82.539,58.263
104.382,100.210,82.539,58.263
105.210,102.143,82.539,58.263
106.039,104.628,82.539,58.263
106.315,108.218,82.539,58.263
105.487,112.912,82.539,58.263
105.210,115.950,82.539,58.263
104.934,117.883,82.539,58.263
104.106,117.606,82.539,58.263
103.277,116.226,82.539,58.263
101.897,112.636,82.539,58.263
101.843,105.975,84.365,59.552
102.690,100.048,84.365,59.552
103.537,94.685,84.365,59.552
103.254,90.452,84.365,59.552
104.666,86.782,84.365,59.552
105.512,84.242,84.365,59.552
108.053,84.524,84.365,59.552
111.722,87.065,84.365,59.552
114.262,91.298,84.365,59.552
115.673,96.661,84.365,59.552
114.262,103.153,84.365,59.552
113.980,109.080,84.365,59.552
112.569,113.314,84.365,59.552
111.722,114.160,84.365,59.552
111.440,112.749,84.365,59.552
111.157,110.209,84.365,59.552
109.346,106.915,86.232,60.869
107.494,102.949,88.139,62.216
107.199,99.705,88.139,62.216
106.904,95.872,88.139,62.216
108.378,91.449,88.139,62.216
108.083,87.026,88.139,62.216
108.378,83.192,88.139,62.216
109.853,81.718,88.139,62.216
111.917,84.372,88.139,62.216
113.981,87.615,88.139,62.216
115.455,93.808,88.139,62.216
119.289,99.410,88.139,62.216
121.942,103.244,88.139,62.216
122.827,103.539,88.139,62.216
124.891,102.654,88.139,62.216
125.186,100.000,88.139,62.216
123.905,95.335,90.090,63.593
125.412,92.019,90.090,63.593
124.508,88.704,90.090,63.593
123.199,84.561,92.083,65.000
121.221,81.604,94.120,66.438
119.647,80.030,94.120,66.438
119.962,78.456,94.120,66.438
117.940,76.087,96.203,67.908
118.906,74.478,96.203,67.908
118.584,72.225,96.203,67.908
118.262,69.972,96.203,67.908
119.228,69.006,96.203,67.908
119.549,71.259,96.203,67.908
120.515,74.156,96.203,67.908
121.481,78.340,96.203,67.908
121.159,85.099,96.203,67.908
123.412,92.501,96.203,67.908
124.377,98.617,96.203,67.908
125.986,100.869,96.203,67.908
123.734,101.191,96.203,67.908
121.668,98.103,98.331,69.410
120.681,95.800,98.331,69.410
121.010,92.839,98.331,69.410
121.996,88.563,98.331,69.410
121.933,83.358,100.507,70.946
121.867,79.433,102.730,72.516
122.211,76.340,102.730,72.516
123.929,72.559,102.730,72.516
123.586,70.841,102.730,72.516
125.304,71.872,102.730,72.516
124.961,74.965,102.730,72.516
123.929,81.495,102.730,72.516
122.436,90.321,105.003,74.120
121.383,104.724,105.003,74.120
121.031,114.911,105.003,74.120
119.977,120.883,105.003,74.120
121.031,120.532,105.003,74.120
118.572,116.668,105.003,74.120
114.859,109.652,107.326,75.760
111.064,100.245,109.701,77.436
111.431,91.804,109.701,77.436
112.532,83.363,109.701,77.436
113.633,77.124,109.701,77.436
114.734,72.353,109.701,77.436
113.633,70.518,109.701,77.436
114.734,72.353,109.701,77.436
111.431,77.124,109.701,77.436
108.314,83.502,112.128,79.149
103.571,93.135,114.609,80.900
100.314,103.776,117.145,82.690
99.138,113.574,117.145,82.690
97.962,119.452,117.145,82.690
96.787,119.061,117.145,82.690
96.395,114.750,117.145,82.690
93.066,103.670,119.737,84.520
91.864,94.456,119.737,84.520
91.463,84.442,119.737,84.520
90.262,76.831,119.737,84.520
89.060,70.822,119.737,84.520
84.826,67.809,122.386,86.390
83.598,72.313,122.386,86.390
82.370,79.273,122.386,86.390
79.741,88.938,125.093,88.301
79.323,100.237,125.093,88.301
79.741,109.026,125.093,88.301
77.055,111.957,127.861,90.255
75.771,108.962,127.861,90.255
73.026,100.419,130.690,92.252
74.337,90.363,130.690,92.252
74.775,79.432,130.690,92.252
76.961,68.502,130.690,92.252
78.272,59.320,130.690,92.252
77.835,53.636,130.690,92.252
76.523,49.701,130.690,92.252
75.212,48.389,130.690,92.252
73.900,50.575,130.690,92.252
73.463,57.134,130.690,92.252
71.277,67.190,130.690,92.252
69.091,78.995,130.690,92.252
66.284,88.408,133.582,94.293
64.943,99.580,133.582,94.293
63.603,107.178,133.582,94.293
61.661,108.453,136.537,96.379
60.291,102.515,136.537,96.379
58.920,94.749,136.537,96.379
61.204,86.070,136.537,96.379
62.575,75.564,136.537,96.379
62.118,65.058,136.537,96.379
63.488,57.292,136.537,96.379
63.945,52.268,136.537,96.379
63.488,49.984,136.537,96.379
63.031,52.268,136.537,96.379
63.488,60.033,136.537,96.379
61.504,69.867,139.558,98.512
59.476,82.825,142.646,100.691
57.089,96.665,142.646,100.691
54.703,109.550,142.646,100.691
51.640,119.824,145.802,102.919
47.497,121.216,149.028,105.196
46.998,114.734,149.028,105.196
47.497,105.261,149.028,105.196
49.990,92.797,149.028,105.196
53.480,79.335,149.028,105.196
56.970,69.862,149.028,105.196
58.465,61.386,149.028,105.196
60.958,55.902,149.028,105.196
58.792,52.152,152.325,107.523
60.321,56.738,152.325,107.523
60.831,64.382,152.325,107.523
60.321,76.103,152.325,107.523
57.050,88.132,155.695,109.902
57.571,102.196,155.695,109.902
54.227,113.410,159.140,112.334
50.810,117.138,162.661,114.819
50.265,112.240,162.661,114.819
49.721,101.901,162.661,114.819
49.616,86.516,166.260,117.360
54.622,71.498,166.260,117.360
56.290,57.592,166.260,117.360
56.847,47.024,166.260,117.360
58.515,39.793,166.260,117.360
57.959,35.899,166.260,117.360
56.290,38.680,166.260,117.360
56.847,45.911,166.260,117.360
55.178,56.480,166.260,117.360
54.622,69.273,166.260,117.360
51.840,83.179,166.260,117.360
50.172,93.747,166.260,117.360
45.447,95.334,169.938,119.956
44.879,90.217,169.938,119.956
43.173,80.552,169.938,119.956
44.879,68.613,169.938,119.956
47.721,54.400,169.938,119.956
49.427,42.460,169.938,119.956
52.269,32.795,169.938,119.956
52.838,25.404,169.938,119.956
53.407,23.699,169.938,119.956
53.975,24.267,169.938,119.956
52.269,31.658,169.938,119.956
52.838,41.323,169.938,119.956
51.132,55.537,169.938,119.956
51.701,70.887,169.938,119.956
48.051,86.666,173.698,122.610
44.321,99.176,177.541,125.323
40.508,104.568,181.469,128.096
42.330,101.533,181.469,128.096
41.723,92.426,181.469,128.096
44.758,79.677,181.469,128.096
46.580,66.928,181.469,128.096
47.187,56.607,181.469,128.096
49.008,47.500,181.469,128.096
48.401,43.250,181.469,128.096
49.008,42.643,181.469,128.096
50.829,49.321,181.469,128.096
50.222,58.428,181.469,128.096
52.044,71.177,181.469,128.096
48.146,82.988,185.484,130.930
46.285,92.296,185.484,130.930
44.423,92.916,185.484,130.930
42.561,87.332,185.484,130.930
43.182,78.023,185.484,130.930
46.285,68.715,185.484,130.930
46.905,58.166,185.484,130.930
47.526,50.099,185.484,130.930
48.146,45.755,185.484,130.930
48.767,43.894,185.484,130.930
49.387,50.719,185.484,130.930
47.526,62.510,185.484,130.930
45.664,81.747,185.484,130.930
43.803,97.260,185.484,130.930
40.700,105.327,185.484,130.930
40.079,99.742,185.484,130.930
41.941,89.193,185.484,130.930
43.803,77.403,185.484,130.930
46.905,65.613,185.484,130.930
53.070,52.056,181.529,128.138
60.274,42.300,177.658,125.405
63.245,32.196,177.658,125.405
66.858,29.523,173.869,122.731
70.394,31.392,170.161,120.114
70.964,35.377,170.161,120.114
72.671,45.055,170.161,120.114
73.241,54.733,170.161,120.114
73.810,63.272,170.161,120.114
76.656,67.257,170.161,120.114
79.019,67.989,166.532,117.552
83.480,63.335,162.981,115.045
84.025,55.157,162.981,115.045
85.661,44.797,162.981,115.045
91.078,37.089,159.505,112.592
96.379,29.546,156.104,110.191
99.554,27.197,152.775,107.841
103.131,26.686,152.775,107.841
106.238,34.240,149.517,105.541
108.315,46.455,146.329,103.291
107.825,58.693,146.329,103.291
109.294,72.890,146.329,103.291
107.825,86.108,146.329,103.291
106.356,96.388,146.329,103.291
105.867,96.878,146.329,103.291
106.356,90.514,146.329,103.291
109.783,79.254,146.329,103.291
114.646,69.503,143.208,101.088
117.042,55.609,143.208,101.088
121.354,43.631,143.208,101.088
125.190,35.935,140.154,98.932
128.040,32.018,137.165,96.823
128.499,29.724,137.165,96.823
129.876,32.018,137.165,96.823
130.335,38.902,137.165,96.823
129.876,50.374,137.165,96.823
133.088,64.600,137.165,96.823
134.465,78.825,137.165,96.823
136.759,92.133,137.165,96.823
137.218,101.770,137.165,96.823
139.123,102.360,134.240,94.758
137.775,94.725,134.240,94.758
136.428,83.498,134.240,94.758
139.158,70.223,131.377,92.737
140.477,56.598,131.377,92.737
143.553,44.731,131.377,92.737
146.225,37.670,128.576,90.759
145.795,31.218,128.576,90.759
146.225,29.067,128.576,90.759
146.655,30.358,128.576,90.759
146.225,35.950,128.576,90.759
144.074,44.983,128.576,90.759
147.518,57.974,125.834,88.824
147.097,71.867,125.834,88.824
147.518,83.233,125.834,88.824
147.939,92.916,125.834,88.824
147.518,98.388,125.834,88.824
148.454,96.495,123.150,86.930
146.394,91.139,123.150,86.930
145.158,81.663,123.150,86.930
148.457,73.456,120.524,85.076
147.247,64.182,120.524,85.076
148.457,55.715,120.524,85.076
148.054,48.054,120.524,85.076
146.844,43.618,120.524,85.076
146.441,41.602,120.524,85.076
148.115,46.007,117.954,83.262
145.352,50.348,117.954,83.262
149.273,58.462,115.439,81.486
147.342,67.345,115.439,81.486
148.500,75.455,115.439,81.486
147.342,83.566,115.439,81.486
147.728,88.586,115.439,81.486
147.342,87.428,115.439,81.486
144.638,83.179,115.439,81.486
144.252,77.386,115.439,81.486
145.855,71.927,112.977,79.748
148.881,65.856,110.568,78.048
147.771,59.567,110.568,78.048
148.141,55.498,110.568,78.048
149.251,55.128,110.568,78.048
150.073,59.882,108.210,76.383
153.670,68.024,105.902,74.754
152.607,76.173,105.902,74.754
152.961,85.739,105.902,74.754
152.607,95.305,105.902,74.754
152.253,102.746,105.902,74.754
151.190,105.226,105.902,74.754
151.544,101.328,105.902,74.754
155.747,95.637,103.644,73.160
155.400,88.356,103.644,73.160
160.850,83.454,101.433,71.600
162.547,77.006,101.433,71.600
165.601,71.916,101.433,71.600
168.972,70.390,99.270,70.073
168.640,68.730,99.270,70.073
169.636,70.390,99.270,70.073
170.374,75.939,97.153,68.579
172.977,82.622,95.082,67.116
174.297,89.164,93.054,65.685
176.190,96.765,91.070,64.284
175.885,101.945,91.070,64.284
176.562,102.924,89.127,62.913
175.668,99.644,89.127,62.913
175.370,92.786,89.127,62.913
175.668,86.524,89.127,62.913
176.905,81.734,87.227,61.572
178.679,77.609,85.367,60.259
179.865,75.774,83.546,58.974
179.585,74.936,83.546,58.974
179.865,77.451,83.546,58.974
182.641,83.199,81.765,57.716
183.777,88.296,80.021,56.485
184.580,93.918,80.021,56.485
183.777,98.469,80.021,56.485
183.509,99.808,80.021,56.485
182.556,97.572,78.314,55.281
182.294,93.642,78.314,55.281
180.984,89.188,78.314,55.281
179.674,86.306,78.314,55.281
180.257,84.622,76.644,54.102
177.949,83.340,76.644,54.102
177.530,86.636,75.010,52.948
175.186,87.442,73.410,51.819
173.365,90.125,71.845,50.714
170.240,91.327,71.845,50.714
169.519,94.452,71.845,50.714
172.833,97.541,70.313,49.632
177.891,101.018,68.813,48.574
182.726,102.169,68.813,48.574
188.941,103.320,68.813,48.574
195.157,104.010,68.813,48.574
201.373,104.701,68.813,48.574
206.668,105.852,68.813,48.574
211.042,105.622,68.813,48.574
216.880,109.025,67.346,47.538
222.158,111.052,65.910,46.524
218.455,110.766,67.368,47.554
208.122,110.941,68.858,48.606
207.600,111.120,70.382,49.681
208.306,110.885,70.382,49.681
208.260,110.580,71.939,50.780
204.218,110.767,73.531,51.904
215.672,110.135,71.963,50.797
214.950,109.413,71.963,50.797
212.783,109.653,71.963,50.797
211.926,109.035,70.428,49.714
208.863,107.857,70.428,49.714
204.858,107.621,70.428,49.714
201.748,108.378,68.926,48.654
197.367,107.225,68.926,48.654
192.985,106.072,68.926,48.654
189.053,105.480,67.456,47.616
183.862,103.900,67.456,47.616
179.123,101.418,67.456,47.616
175.738,99.838,67.456,47.616
172.353,98.258,67.456,47.616
168.939,98.113,66.018,46.601
166.450,97.546,64.610,45.607
164.847,96.574,63.232,44.634
164.094,96.438,61.884,43.683
161.817,95.403,61.884,43.683
161.878,96.467,60.564,42.751
161.547,97.118,59.272,41.839
161.988,96.991,58.008,40.947
161.794,97.961,58.008,40.947
161.212,98.155,58.008,40.947
161.406,97.573,58.008,40.947
161.463,98.197,56.771,40.074
161.273,99.146,56.771,40.074
161.463,99.336,56.771,40.074
162.033,99.906,56.771,40.074
163.362,99.716,56.771,40.074
163.552,100.666,56.771,40.074
164.502,101.236,56.771,40.074
165.452,102.565,56.771,40.074
166.781,102.375,56.771,40.074
168.870,104.465,56.771,40.074
170.200,104.654,56.771,40.074
171.149,106.364,56.771,40.074
172.479,108.833,56.771,40.074
174.568,110.542,56.771,40.074
176.657,112.252,56.771,40.074
179.127,114.341,56.771,40.074
180.836,115.670,56.771,40.074
182.925,116.620,56.771,40.074
184.634,118.709,56.771,40.074
186.344,120.419,56.771,40.074
188.053,122.508,56.771,40.074
189.763,121.938,56.771,40.074
191.092,124.027,56.771,40.074
193.941,125.737,56.771,40.074
195.828,127.812,55.561,39.219
196.757,129.113,55.561,39.219
198.430,128.927,55.561,39.219
200.993,130.957,54.376,38.383
202.631,131.139,54.376,38.383
203.176,130.230,54.376,38.383
205.685,129.762,53.216,37.564
207.287,128.160,53.216,37.564
210.085,128.732,52.081,36.763
211.654,127.512,52.081,36.763
214.056,127.401,50.971,35.979
214.568,126.889,50.971,35.979
216.919,126.451,49.884,35.212
217.754,126.284,49.884,35.212
217.921,126.785,49.884,35.212
220.544,128.286,48.820,34.461
222.796,128.496,47.779,33.726
221.997,129.295,47.779,33.726
224.201,129.809,46.760,33.007
223.644,132.121,45.763,32.303
225.460,132.613,44.787,31.614
226.949,133.961,43.832,30.940
226.509,133.815,43.832,30.940
229.379,133.720,42.897,30.280
228.374,132.716,42.897,30.280
227.944,131.998,42.897,30.280
229.369,131.630,41.982,29.635
228.948,131.208,41.982,29.635
230.493,129.944,41.982,29.635
232.430,129.042,41.087,29.003
232.017,127.255,41.087,29.003
231.605,125.468,41.087,29.003
232.842,124.231,41.087,29.003
232.705,123.543,41.087,29.003
232.842,123.406,41.087,29.003
232.980,122.994,41.087,29.003
232.017,123.956,41.087,29.003
233.648,124.397,40.211,28.384
233.244,124.801,40.211,28.384
232.033,125.743,40.211,28.384
231.092,125.877,40.211,28.384
230.419,125.205,40.211,28.384
230.554,126.146,40.211,28.384
231.495,126.550,40.211,28.384
232.975,127.761,40.211,28.384
235.090,127.934,39.353,27.779
235.748,127.539,39.353,27.779
236.406,128.460,39.353,27.779
234.695,128.065,39.353,27.779
232.456,127.407,39.353,27.779
228.902,127.539,39.353,27.779
224.820,127.407,39.353,27.779
222.319,127.012,39.353,27.779
218.501,126.354,39.353,27.779
215.473,126.485,39.353,27.779
212.708,126.090,39.353,27.779
210.470,125.695,39.353,27.779
208.231,125.300,39.353,27.779
206.520,126.222,39.353,27.779
205.598,125.827,39.353,27.779
204.940,125.432,39.353,27.779
203.755,126.354,39.353,27.779
204.150,125.695,39.353,27.779
203.492,125.300,39.353,27.779
204.150,126.485,39.353,27.779
205.204,126.401,38.514,27.186
205.333,127.303,38.514,27.186
205.720,126.916,38.514,27.186
206.879,126.530,38.514,27.186
206.493,125.885,38.514,27.186
207.910,126.014,38.514,27.186
207.523,125.370,38.514,27.186
208.683,125.241,38.514,27.186
209.327,125.370,38.514,27.186
210.487,126.530,38.514,27.186
212.420,127.174,38.514,27.186
213.579,129.880,38.514,27.186
214.481,132.328,38.514,27.186
214.868,135.291,38.514,27.186
214.224,137.997,38.514,27.186
214.352,139.930,38.514,27.186
213.966,141.605,38.514,27.186
213.064,142.765,38.514,27.186
212.677,143.667,38.514,27.186
213.322,143.538,38.514,27.186
213.966,143.409,38.514,27.186
215.126,143.280,38.514,27.186
216.543,144.182,38.514,27.186
218.218,144.053,38.514,27.186
219.378,144.182,38.514,27.186
220.795,144.826,38.514,27.186
221.697,144.440,38.514,27.186
223.372,143.796,38.514,27.186
224.274,143.667,38.514,27.186
225.434,143.280,38.514,27.186
227.109,145.213,38.514,27.186
228.784,146.888,38.514,27.186
229.686,149.852,38.514,27.186
230.330,155.134,38.514,27.186
227.882,163.767,38.514,27.186
223.372,176.266,38.514,27.186
