123.000,87.000,132.000,176.000
122.395,85.186,132.000,176.000
124.210,84.581,132.000,176.000
123.605,85.186,132.000,176.000
125.419,85.790,132.000,176.000
127.233,86.395,132.000,176.000
129.048,85.790,132.000,176.000
130.862,87.605,132.000,176.000
132.676,87.000,132.000,176.000
134.490,85.186,132.000,176.000
136.305,85.790,132.000,176.000
136.909,86.395,132.000,176.000
138.724,85.790,132.000,176.000
140.538,85.186,132.000,176.000
141.143,84.581,132.000,176.000
141.747,86.395,132.000,176.000
143.562,84.581,132.000,176.000
144.166,86.395,132.000,176.000
144.771,83.371,132.000,176.000
145.376,83.976,132.000,176.000
143.562,85.790,132.000,176.000
144.166,83.976,132.000,176.000
141.143,84.581,132.000,176.000
140.538,82.767,132.000,176.000
137.514,83.371,132.000,176.000
134.490,82.767,132.000,176.000
131.467,83.371,132.000,176.000
130.862,81.557,132.000,176.000
129.048,82.162,132.000,176.000
127.233,81.557,132.000,176.000
126.629,83.371,132.000,176.000
127.233,81.557,132.000,176.000
126.629,83.371,132.000,176.000
127.233,82.767,132.000,176.000
127.838,84.581,132.000,176.000
129.652,83.976,132.000,176.000
130.257,85.790,132.000,176.000
130.862,85.186,132.000,176.000
132.676,84.581,132.000,176.000
132.071,86.395,132.000,176.000
131.467,85.790,132.000,176.000
133.281,86.395,132.000,176.000
132.676,85.790,132.000,176.000
133.281,86.395,132.000,176.000
133.886,85.790,132.000,176.000
135.700,86.395,132.000,176.000
135.095,85.790,132.000,176.000
134.490,86.395,132.000,176.000
136.305,84.581,132.000,176.000
136.909,86.395,132.000,176.000
137.514,84.581,132.000,176.000
139.328,85.186,132.000,176.000
139.933,83.371,132.000,176.000
141.747,85.186,132.000,176.000
142.352,83.371,132.000,176.000
141.747,83.976,132.000,176.000
143.562,84.581,132.000,176.000
142.957,82.767,132.000,176.000
143.562,84.581,132.000,176.000
144.166,82.767,132.000,176.000
142.352,84.581,132.000,176.000
142.957,82.767,132.000,176.000
142.352,84.581,132.000,176.000
140.538,82.767,132.000,176.000
139.933,84.581,132.000,176.000
139.328,83.976,132.000,176.000
137.514,84.581,132.000,176.000
136.909,83.976,132.000,176.000
137.514,83.371,132.000,176.000
136.909,83.976,132.000,176.000
136.305,84.581,132.000,176.000
135.700,82.767,132.000,176.000
137.514,83.371,132.000,176.000
136.909,82.767,132.000,176.000
137.514,82.162,132.000,176.000
136.909,81.557,132.000,176.000
138.724,82.162,132.000,176.000
138.119,81.557,132.000,176.000
137.514,83.371,132.000,176.000
138.119,82.767,132.000,176.000
138.724,84.581,132.000,176.000
139.328,83.976,132.000,176.000
139.933,85.790,132.000,176.000
141.747,86.395,132.000,176.000
142.352,85.790,132.000,176.000
142.957,87.605,132.000,176.000
143.562,88.210,132.000,176.000
144.166,87.605,132.000,176.000
143.562,89.419,132.000,176.000
145.376,87.605,132.000,176.000
145.981,89.419,132.000,176.000
147.795,88.814,132.000,176.000
148.400,90.629,132.000,176.000
147.795,90.024,132.000,176.000
145.707,88.704,134.921,179.894
146.325,89.322,134.921,179.894
146.943,89.940,134.921,179.894
147.562,88.086,134.921,179.894
146.943,89.940,134.921,179.894
146.325,88.086,134.921,179.894
145.707,88.704,134.921,179.894
146.325,86.850,134.921,179.894
145.707,87.468,134.921,179.894
146.325,86.850,134.921,179.894
146.943,86.232,134.921,179.894
147.562,86.850,134.921,179.894
148.180,84.995,134.921,179.894
147.562,85.614,134.921,179.894
149.416,83.759,134.921,179.894
150.034,84.377,134.921,179.894
151.888,83.759,134.921,179.894
152.507,83.141,134.921,179.894
154.361,82.523,134.921,179.894
156.215,83.141,134.921,179.894
158.070,81.287,134.921,179.894
159.924,81.905,134.921,179.894
164.251,80.050,134.921,179.894
167.477,81.373,132.043,176.058
170.502,80.768,132.043,176.058
174.825,82.062,129.227,172.303
177.785,81.470,129.227,172.303
181.930,79.694,129.227,172.303
186.074,79.102,129.227,172.303
189.034,79.694,129.227,172.303
193.179,76.734,129.227,172.303
198.507,76.142,129.227,172.303
202.651,75.549,129.227,172.303
207.980,73.773,129.227,172.303
212.124,73.181,129.227,172.303
216.268,71.405,129.227,172.303
221.597,69.629,129.227,172.303
226.925,70.221,129.227,172.303
231.024,66.472,132.087,176.115
235.260,64.657,132.087,176.115
239.496,64.052,132.087,176.115
242.522,65.867,132.087,176.115
246.758,65.262,132.087,176.115
249.784,64.657,132.087,176.115
254.020,66.472,132.087,176.115
257.045,67.077,132.087,176.115
261.281,67.683,132.087,176.115
265.517,68.288,132.087,176.115
268.543,68.893,132.087,176.115
272.779,70.708,132.087,176.115
277.015,71.313,132.087,176.115
281.251,71.919,132.087,176.115
286.697,73.734,132.087,176.115
292.144,74.339,132.087,176.115
297.590,76.155,132.087,176.115
304.247,75.549,132.087,176.115
309.693,77.365,132.087,176.115
317.560,76.760,132.087,176.115
325.427,77.365,132.087,176.115
332.083,75.549,132.087,176.115
339.950,76.155,132.087,176.115
347.817,74.339,132.087,176.115
354.474,74.944,132.087,176.115
362.341,73.129,132.087,176.115
368.997,73.734,132.087,176.115
374.444,73.129,132.087,176.115
379.890,71.313,132.087,176.115
386.547,70.708,132.087,176.115
393.203,71.313,132.087,176.115
396.229,70.708,132.087,176.115
400.465,71.313,132.087,176.115
405.911,70.708,132.087,176.115
410.147,71.313,132.087,176.115
410.753,69.498,132.087,176.115
414.989,71.313,132.087,176.115
415.594,70.708,132.087,176.115
418.619,72.524,132.087,176.115
420.435,74.339,132.087,176.115
421.040,76.155,132.087,176.115
422.855,77.970,132.087,176.115
424.671,79.785,132.087,176.115
425.276,81.601,132.087,176.115
425.881,82.206,132.087,176.115
425.276,82.811,132.087,176.115
423.461,83.416,132.087,176.115
424.066,84.022,132.087,176.115
421.040,83.416,132.087,176.115
420.435,85.232,132.087,176.115
417.409,84.627,132.087,176.115
415.594,85.232,132.087,176.115
413.778,84.627,132.087,176.115
410.753,85.232,132.087,176.115
410.147,84.627,132.087,176.115
407.122,84.022,132.087,176.115
406.517,83.416,132.087,176.115
405.911,84.022,132.087,176.115
404.096,83.416,132.087,176.115
401.070,84.022,132.087,176.115
399.255,83.416,132.087,176.115
399.860,84.022,132.087,176.115
396.834,84.627,132.087,176.115
396.229,86.442,132.087,176.115
395.624,85.837,132.087,176.115
395.019,87.652,132.087,176.115
393.203,88.258,132.087,176.115
393.809,88.863,132.087,176.115
393.203,90.678,132.087,176.115
391.388,93.704,132.087,176.115
389.573,96.730,132.087,176.115
385.336,99.755,132.087,176.115
382.311,103.991,132.087,176.115
376.864,108.227,132.087,176.115
371.418,108.833,132.087,176.115
365.972,110.648,132.087,176.115
365.367,108.833,132.087,176.115
361.131,113.069,132.087,176.115
358.105,114.884,132.087,176.115
370.813,137.274,132.087,176.115
370.472,144.402,129.270,172.360
363.957,137.887,129.270,172.360
359.811,138.479,129.270,172.360
356.850,137.887,129.270,172.360
355.073,140.848,129.270,172.360
353.297,142.625,129.270,172.360
353.889,143.217,129.270,172.360
353.297,144.994,129.270,172.360
351.520,146.771,129.270,172.360
352.112,147.363,129.270,172.360
351.520,149.140,129.270,172.360
352.112,150.916,129.270,172.360
351.520,152.693,129.270,172.360
352.112,154.470,129.270,172.360
351.520,156.247,129.270,172.360
353.297,159.208,129.270,172.360
353.889,160.985,129.270,172.360
353.297,162.761,129.270,172.360
355.073,163.354,129.270,172.360
354.481,165.130,129.270,172.360
355.073,166.907,129.270,172.360
355.666,166.315,129.270,172.360
356.258,168.092,129.270,172.360
355.924,168.217,126.513,168.684
356.503,169.956,126.513,168.684
355.924,168.217,126.513,168.684
355.344,169.956,126.513,168.684
354.764,169.376,126.513,168.684
353.026,171.115,126.513,168.684
353.605,169.376,126.513,168.684
351.866,171.115,126.513,168.684
351.287,170.535,126.513,168.684
349.548,169.956,126.513,168.684
348.968,168.217,126.513,168.684
348.389,168.796,126.513,168.684
346.650,165.898,126.513,168.684
346.070,164.160,126.513,168.684
345.491,163.580,126.513,168.684
344.911,163.000,126.513,168.684
343.172,160.102,126.513,168.684
342.593,160.682,126.513,168.684
342.013,157.784,126.513,168.684
340.274,157.204,126.513,168.684
338.535,157.784,126.513,168.684
336.796,156.045,126.513,168.684
333.898,156.625,126.513,168.684
331.000,156.045,126.513,168.684
328.102,156.625,126.513,168.684
325.204,157.204,126.513,168.684
322.306,156.625,126.513,168.684
317.900,157.765,129.312,172.416
313.753,157.173,129.312,172.416
310.791,160.135,129.312,172.416
306.643,160.728,129.312,172.416
303.681,161.320,129.312,172.416
299.534,163.097,129.312,172.416
295.030,163.034,132.173,176.231
292.003,164.851,132.173,176.231
288.975,165.456,132.173,176.231
284.736,164.851,132.173,176.231
281.708,165.456,132.173,176.231
277.470,163.639,132.173,176.231
273.231,164.245,132.173,176.231
267.371,160.411,135.098,180.130
263.038,158.554,135.098,180.130
257.468,159.173,135.098,180.130
250.660,156.078,135.098,180.130
245.089,155.459,135.098,180.130
240.757,153.602,135.098,180.130
236.424,151.745,135.098,180.130
233.329,149.889,135.098,180.130
228.997,149.270,135.098,180.130
224.291,142.782,138.087,184.115
219.863,142.149,138.087,184.115
216.700,137.721,138.087,184.115
213.537,135.823,138.087,184.115
210.373,133.925,138.087,184.115
207.210,130.762,138.087,184.115
204.047,128.864,138.087,184.115
202.149,126.966,138.087,184.115
198.986,123.803,138.087,184.115
197.088,123.170,138.087,184.115
196.455,120.007,138.087,184.115
194.558,119.374,138.087,184.115
193.925,117.477,138.087,184.115
192.027,116.844,138.087,184.115
188.864,117.477,138.087,184.115
188.231,115.579,138.087,184.115
186.333,116.211,138.087,184.115
184.435,115.579,138.087,184.115
182.537,114.946,138.087,184.115
180.640,113.048,138.087,184.115
178.742,113.681,138.087,184.115
176.844,113.048,138.087,184.115
174.946,111.150,138.087,184.115
173.048,111.783,138.087,184.115
171.150,109.885,138.087,184.115
169.252,109.252,138.087,184.115
167.354,107.354,138.087,184.115
165.456,106.722,138.087,184.115
163.558,106.089,138.087,184.115
162.926,104.191,138.087,184.115
162.293,103.559,138.087,184.115
160.395,102.926,138.087,184.115
158.497,102.293,138.087,184.115
157.865,100.395,138.087,184.115
157.232,99.763,138.087,184.115
154.069,99.130,138.087,184.115
152.171,97.232,138.087,184.115
151.538,96.600,138.087,184.115
150.906,95.967,138.087,184.115
151.538,95.334,138.087,184.115
150.906,94.702,138.087,184.115
150.273,94.069,138.087,184.115
149.640,92.171,138.087,184.115
150.273,90.273,138.087,184.115
149.640,88.375,138.087,184.115
149.008,86.478,138.087,184.115
148.375,85.845,138.087,184.115
147.743,85.212,138.087,184.115
148.375,83.314,138.087,184.115
147.743,85.212,138.087,184.115
147.110,84.580,138.087,184.115
146.477,86.478,138.087,184.115
145.845,87.110,138.087,184.115
145.212,87.743,138.087,184.115
145.845,89.641,138.087,184.115
146.477,90.273,138.087,184.115
145.845,89.641,138.087,184.115
147.743,92.804,138.087,184.115
148.375,93.437,138.087,184.115
150.273,91.539,138.087,184.115
152.171,93.437,138.087,184.115
151.538,94.069,138.087,184.115
153.436,93.437,138.087,184.115
155.334,96.600,138.087,184.115
155.967,97.232,138.087,184.115
157.721,95.852,141.142,188.189
160.856,95.783,144.265,192.353
161.517,95.122,144.265,192.353
163.500,97.105,144.265,192.353
165.482,97.766,144.265,192.353
166.143,98.426,144.265,192.353
169.448,99.087,144.265,192.353
168.787,101.070,144.265,192.353
169.448,100.409,144.265,192.353
170.109,99.748,144.265,192.353
170.770,99.087,144.265,192.353
167.465,102.392,144.265,192.353
168.126,101.731,144.265,192.353
167.465,102.392,144.265,192.353
164.161,101.731,144.265,192.353
167.465,99.748,144.265,192.353
169.448,99.087,144.265,192.353
171.431,102.392,144.265,192.353
172.092,99.087,144.265,192.353
172.753,97.105,144.265,192.353
172.092,93.800,144.265,192.353
172.753,94.461,144.265,192.353
171.843,91.647,147.456,196.608
171.167,90.972,147.456,196.608
171.843,87.594,147.456,196.608
171.167,89.621,147.456,196.608
171.843,86.243,147.456,196.608
172.518,85.567,147.456,196.608
171.843,86.243,147.456,196.608
173.869,85.567,147.456,196.608
174.545,86.243,147.456,196.608
175.220,85.567,147.456,196.608
178.598,86.243,147.456,196.608
180.822,86.386,144.312,192.416
182.998,89.075,141.234,188.312
182.351,89.722,141.234,188.312
184.292,91.663,141.234,188.312
185.174,94.294,138.222,184.297
185.807,96.194,138.222,184.297
186.440,95.561,138.222,184.297
185.807,96.194,138.222,184.297
187.707,96.827,138.222,184.297
187.074,96.194,138.222,184.297
188.974,98.094,138.222,184.297
188.340,97.461,138.222,184.297
188.974,98.094,138.222,184.297
188.340,98.727,138.222,184.297
188.974,98.094,138.222,184.297
188.340,99.994,138.222,184.297
190.240,98.094,138.222,184.297
188.340,99.994,138.222,184.297
188.974,99.360,138.222,184.297
188.340,99.994,138.222,184.297
188.974,100.627,138.222,184.297
187.074,99.994,138.222,184.297
187.707,100.627,138.222,184.297
188.340,98.727,138.222,184.297
188.974,100.627,138.222,184.297
189.837,101.982,135.275,180.366
190.457,102.601,135.275,180.366
191.076,100.742,135.275,180.366
190.457,101.362,135.275,180.366
191.076,100.742,135.275,180.366
190.457,101.362,135.275,180.366
192.316,99.503,135.275,180.366
191.696,100.122,135.275,180.366
192.316,100.742,135.275,180.366
192.936,98.883,135.275,180.366
192.316,99.503,135.275,180.366
192.936,98.883,135.275,180.366
192.316,99.503,135.275,180.366
192.936,98.883,135.275,180.366
192.316,99.503,135.275,180.366
192.936,98.883,135.275,180.366
192.316,99.503,135.275,180.366
192.936,100.122,135.275,180.366
192.316,100.742,135.275,180.366
192.936,100.122,135.275,180.366
192.316,100.742,135.275,180.366
191.696,101.362,135.275,180.366
193.555,100.742,135.275,180.366
192.936,102.601,135.275,180.366
192.316,101.982,135.275,180.366
192.936,103.841,135.275,180.366
192.316,101.982,135.275,180.366
192.936,103.841,135.275,180.366
193.555,101.982,135.275,180.366
192.936,105.080,135.275,180.366
193.555,103.221,135.275,180.366
194.175,105.080,135.275,180.366
193.555,104.461,135.275,180.366
194.401,105.787,132.390,176.520
195.007,105.180,132.390,176.520
194.401,107.000,132.390,176.520
195.007,105.180,132.390,176.520
194.401,107.000,132.390,176.520
195.007,106.393,132.390,176.520
194.401,108.213,132.390,176.520
195.007,107.606,132.390,176.520
194.401,109.426,132.390,176.520
196.220,107.606,132.390,176.520
195.614,109.426,132.390,176.520
196.220,108.819,132.390,176.520
195.614,108.213,132.390,176.520
196.220,108.819,132.390,176.520
195.614,109.426,132.390,176.520
196.220,110.032,132.390,176.520
195.614,109.426,132.390,176.520
196.220,111.245,132.390,176.520
195.614,109.426,132.390,176.520
196.220,111.245,132.390,176.520
195.614,110.639,132.390,176.520
196.220,111.245,132.390,176.520
195.614,111.852,132.390,176.520
197.433,110.032,132.390,176.520
196.827,111.852,132.390,176.520
196.220,110.032,132.390,176.520
196.827,111.852,132.390,176.520
196.220,110.032,132.390,176.520
196.827,111.852,132.390,176.520
197.433,110.032,132.390,176.520
198.040,111.852,132.390,176.520
197.433,110.032,132.390,176.520
199.253,111.852,132.390,176.520
199.859,111.245,132.390,176.520
200.466,111.852,132.390,176.520
202.285,112.458,132.390,176.520
202.892,113.065,132.390,176.520
203.499,113.672,132.390,176.520
204.105,114.278,132.390,176.520
203.499,112.458,132.390,176.520
204.105,114.278,132.390,176.520
204.712,112.458,132.390,176.520
206.531,113.065,132.390,176.520
207.138,112.458,132.390,176.520
207.744,113.065,132.390,176.520
210.777,112.458,132.390,176.520
212.597,114.278,132.390,176.520
214.416,112.458,132.390,176.520
216.236,114.278,132.390,176.520
218.055,113.672,132.390,176.520
221.088,115.491,132.390,176.520
224.121,114.885,132.390,176.520
225.940,115.491,132.390,176.520
227.760,116.098,132.390,176.520
230.793,114.278,132.390,176.520
233.825,116.098,132.390,176.520
234.432,115.491,132.390,176.520
237.465,116.098,132.390,176.520
239.284,115.491,132.390,176.520
241.104,116.098,132.390,176.520
241.710,116.704,132.390,176.520
243.530,117.311,132.390,176.520
245.350,116.704,132.390,176.520
245.956,118.524,132.390,176.520
247.776,116.704,132.390,176.520
250.808,117.311,132.390,176.520
251.415,116.704,132.390,176.520
253.235,117.311,132.390,176.520
255.054,115.491,132.390,176.520
256.874,116.098,132.390,176.520
257.480,115.491,132.390,176.520
259.300,114.885,132.390,176.520
261.120,113.065,132.390,176.520
262.939,112.458,132.390,176.520
264.759,111.852,132.390,176.520
267.791,108.819,132.390,176.520
269.611,109.426,132.390,176.520
270.218,110.032,132.390,176.520
272.037,108.213,132.390,176.520
273.857,107.606,132.390,176.520
275.676,108.213,132.390,176.520
278.709,105.180,132.390,176.520
280.529,107.000,132.390,176.520
282.348,103.967,132.390,176.520
284.168,104.573,132.390,176.520
285.988,102.754,132.390,176.520
289.020,100.934,132.390,176.520
292.053,99.115,132.390,176.520
293.873,98.508,132.390,176.520
296.905,97.902,132.390,176.520
298.725,94.869,132.390,176.520
301.758,95.475,132.390,176.520
304.790,94.869,132.390,176.520
306.610,93.049,132.390,176.520
308.429,93.656,132.390,176.520
310.249,93.049,132.390,176.520
310.856,92.443,132.390,176.520
312.675,91.836,132.390,176.520
315.708,91.230,132.390,176.520
315.101,90.623,132.390,176.520
315.708,91.230,132.390,176.520
316.314,91.836,132.390,176.520
312.962,89.254,135.319,180.426
312.342,91.114,135.319,180.426
310.202,89.761,138.313,184.417
306.699,91.008,141.373,188.498
304.756,91.656,141.373,188.498
301.518,94.894,141.373,188.498
297.938,96.169,144.501,192.668
294.279,97.472,147.698,196.931
290.896,98.149,147.698,196.931
287.512,98.825,147.698,196.931
284.129,100.855,147.698,196.931
280.745,102.885,147.698,196.931
277.005,101.409,150.966,201.288
274.930,103.484,150.966,201.288
271.108,106.280,154.306,205.742
263.331,108.401,154.306,205.742
260.891,112.726,157.720,210.294
255.833,114.894,157.720,210.294
250.775,118.507,157.720,210.294
247.162,120.674,157.720,210.294
242.104,119.952,157.720,210.294
239.936,119.229,157.720,210.294
237.768,117.062,157.720,210.294
235.600,109.113,157.720,210.294
233.433,99.719,157.720,210.294
229.820,90.326,157.720,210.294
226.207,79.487,157.720,210.294
222.594,67.203,157.720,210.294
220.426,53.474,157.720,210.294
218.258,39.745,157.720,210.294
216.090,27.461,157.720,210.294
213.923,15.177,157.720,210.294
211.755,5.783,157.720,210.294
208.142,-0.720,157.720,210.294
205.974,-4.333,157.720,210.294
206.697,-5.056,157.720,210.294
203.084,-8.668,157.720,210.294
199.471,-9.391,157.720,210.294
197.303,-7.223,157.720,210.294
195.135,-3.610,157.720,210.294
194.413,-1.443,157.720,210.294
192.245,2.170,157.720,210.294
190.077,5.783,157.720,210.294
187.910,10.841,157.720,210.294
184.297,13.009,157.720,210.294
180.684,15.177,157.720,210.294
183.062,19.509,154.357,205.809
180.940,21.630,154.357,205.809
184.631,23.143,151.065,201.420
181.171,27.988,151.065,201.420
179.094,24.527,151.065,201.420
177.018,30.756,151.065,201.420
174.942,30.064,151.065,201.420
174.250,29.372,151.065,201.420
170.789,32.832,151.065,201.420
168.713,32.140,151.065,201.420
165.252,34.216,151.065,201.420
161.792,36.293,151.065,201.420
159.716,38.369,151.065,201.420
157.639,41.830,151.065,201.420
154.179,45.290,151.065,201.420
150.718,48.750,151.065,201.420
147.258,53.595,151.065,201.420
150.870,56.410,147.844,197.125
150.488,60.470,144.691,192.921
149.825,59.807,144.691,192.921
147.836,64.448,144.691,192.921
150.018,63.310,141.605,188.807
148.072,66.554,141.605,188.807
148.720,68.500,141.605,188.807
146.774,71.744,141.605,188.807
146.125,74.988,141.605,188.807
142.539,73.572,144.738,192.984
137.498,76.253,147.941,197.254
135.159,77.587,151.214,201.618
133.080,81.051,151.214,201.618
132.388,84.515,151.214,201.618
130.309,86.593,151.214,201.618
129.616,88.671,151.214,201.618
127.538,90.750,151.214,201.618
128.022,89.238,154.559,206.079
131.562,89.946,154.559,206.079
129.438,92.070,154.559,206.079
135.811,91.362,154.559,206.079
139.351,93.487,154.559,206.079
141.476,91.362,154.559,206.079
143.600,94.903,154.559,206.079
141.155,93.358,157.979,210.639
141.660,90.277,161.474,215.299
146.839,95.455,161.474,215.299
142.750,89.236,165.047,220.063
141.709,89.155,168.699,224.931
18.761,-16.774,172.431,229.908
17.971,-19.144,172.431,229.908
20.341,-19.934,172.431,229.908
17.971,-20.724,172.431,229.908
23.501,-23.094,172.431,229.908
19.134,-26.457,176.246,234.995
24.787,-28.879,176.246,234.995
18.648,-27.290,180.146,240.194
24.425,-31.417,180.146,240.194
18.151,-26.368,184.131,245.508
24.056,-32.273,184.131,245.508
17.643,-27.112,188.205,250.940
21.823,-23.626,192.369,256.492
13.891,-33.320,192.369,256.492
21.821,-22.442,196.625,262.167
24.319,-13.192,200.976,267.968
28.783,-5.648,205.422,273.896
35.298,2.062,209.967,279.956
23.993,-8.021,214.613,286.150
32.840,-2.006,219.361,292.481
37.712,-4.198,224.214,298.953
44.824,-4.308,229.175,305.567
30.306,-10.957,234.246,312.328
44.416,-8.845,239.428,319.238
24.696,-18.067,244.726,326.301
32.458,-15.860,250.140,333.520
38.014,-23.117,255.675,340.900
29.109,-23.242,261.331,348.442
37.398,-23.370,267.113,356.151
30.634,-23.501,273.023,364.031
36.698,-23.635,279.064,372.085
26.978,-26.425,285.238,380.318
36.025,-21.141,291.549,388.732
25.871,-29.599,298.000,397.333
29.657,-21.246,304.593,406.124
27.735,-35.874,311.332,415.109
25.771,-24.188,318.220,424.294
23.763,-33.419,325.261,433.681
24.803,-33.579,332.457,443.276
29.372,-41.194,332.457,443.276
27.275,-31.876,339.813,453.084
28.361,-44.964,347.331,463.108
29.472,-41.832,355.016,473.355
27.232,-38.631,362.871,483.828
28.392,-45.709,370.899,494.532
29.578,-42.365,379.105,505.474
34.788,-54.522,379.105,505.474
36.000,-43.896,387.493,516.657
40.923,-51.454,396.066,528.088
42.189,-59.178,404.829,539.772
47.332,-59.377,413.786,551.715
48.655,-67.447,422.941,563.922
50.007,-67.654,432.299,576.398
47.280,-84.305,441.863,589.151
52.893,-80.321,451.639,602.186
58.631,-84.836,461.632,615.509
55.718,-98.228,471.846,629.128
52.741,-98.459,482.285,643.047
54.283,-98.695,492.956,657.274
51.173,-98.937,503.862,671.817
53.481,-96.629,503.862,671.817
59.882,-87.296,515.010,686.681
52.804,-103.812,515.010,686.681
59.882,-87.296,515.010,686.681
71.321,-92.444,526.405,701.873
78.008,-92.702,538.052,717.402
79.728,-108.311,549.956,733.275
86.715,-103.353,562.124,749.499
89.290,-126.531,562.124,749.499
85.743,-116.118,574.561,766.081
82.118,-116.400,587.273,783.031
83.996,-116.688,600.266,800.355
74.502,-111.276,613.547,818.063
70.631,-134.907,627.122,836.163
60.713,-129.253,640.997,854.663
57.776,-143.937,640.997,854.663
53.732,-138.157,655.179,873.572
43.370,-150.935,669.675,892.900
40.302,-135.595,669.675,892.900
43.370,-150.935,669.675,892.900
13.680,-157.630,684.492,912.656
15.868,-144.951,699.636,932.848
-1.848,-171.899,715.116,953.487
1.428,-168.622,715.116,953.487
-1.848,-152.241,715.116,953.487
1.428,-162.070,715.116,953.487
4.704,-152.241,715.116,953.487
7.981,-142.412,715.116,953.487
3.469,-163.158,730.938,974.583
14.490,-149.538,715.350,953.800
11.213,-146.261,715.350,953.800
14.490,-162.648,715.350,953.800
11.213,-152.816,715.350,953.800
7.935,-175.757,715.350,953.800
10.223,-169.307,731.177,974.903
-6.527,-186.057,731.177,974.903
-3.177,-176.007,731.177,974.903
-6.527,-186.057,731.177,974.903
-3.177,-162.608,731.177,974.903
-13.226,-179.357,731.177,974.903
-3.177,-176.007,731.177,974.903
-13.226,-186.057,731.177,974.903
-9.876,-162.608,731.177,974.903
0.173,-179.357,731.177,974.903
-8.174,-152.818,715.585,954.113
-4.896,-169.210,715.585,954.113
4.939,-165.932,715.585,954.113
-6.378,-159.480,731.417,975.223
-3.027,-162.831,731.417,975.223
-6.378,-166.182,731.417,975.223
-3.027,-156.129,731.417,975.223
-6.378,-159.480,731.417,975.223
3.675,-169.533,731.417,975.223
0.324,-166.182,731.417,975.223
3.675,-176.234,731.417,975.223
8.244,-162.606,715.819,954.426
11.523,-165.886,715.819,954.426
1.685,-169.165,715.819,954.426
-1.595,-172.445,715.819,954.426
-4.874,-182.283,715.819,954.426
-1.595,-165.886,715.819,954.426
-4.874,-182.283,715.819,954.426
-1.595,-165.886,715.819,954.426
-4.874,-175.724,715.819,954.426
-1.595,-159.327,715.819,954.426
-11.433,-169.165,715.819,954.426
-1.595,-159.327,715.819,954.426
-4.874,-175.724,715.819,954.426
-1.595,-159.327,715.819,954.426
-4.874,-169.165,715.819,954.426
-1.595,-159.327,715.819,954.426
-11.433,-169.165,715.819,954.426
-1.595,-159.327,715.819,954.426
-4.874,-175.724,715.819,954.426
-1.595,-159.327,715.819,954.426
-4.874,-175.724,715.819,954.426
-1.595,-159.327,715.819,954.426
-4.874,-175.724,715.819,954.426
-1.595,-159.327,715.819,954.426
-4.874,-175.724,715.819,954.426
-1.595,-159.327,715.819,954.426
-4.874,-169.165,715.819,954.426
-1.595,-165.886,715.819,954.426
-4.874,-175.724,715.819,954.426
-1.595,-159.327,715.819,954.426
-4.874,-175.724,715.819,954.426
-1.595,-159.327,715.819,954.426
-4.874,-169.165,715.819,954.426
4.964,-172.445,715.819,954.426
1.685,-169.165,715.819,954.426
-1.595,-172.445,715.819,954.426
-4.874,-169.165,715.819,954.426
18.563,-174.793,700.554,934.072
8.934,-152.326,700.554,934.072
5.725,-161.955,700.554,934.072
1.305,-155.639,716.054,954.739
4.585,-172.041,716.054,954.739
1.305,-168.761,716.054,954.739
-1.976,-172.041,716.054,954.739
-11.817,-162.200,716.054,954.739
5.304,-155.182,700.784,934.379
0.882,-175.511,716.289,955.052
-2.400,-165.666,716.289,955.052
-5.681,-182.074,716.289,955.052
-2.400,-152.540,716.289,955.052
0.882,-168.948,716.289,955.052
-2.400,-159.103,716.289,955.052
0.882,-175.511,716.289,955.052
4.164,-165.666,716.289,955.052
7.445,-182.074,716.289,955.052
4.164,-159.103,716.289,955.052
7.445,-168.948,716.289,955.052
4.164,-172.230,716.289,955.052
8.638,-165.209,701.014,934.685
10.880,-152.225,716.524,955.365
-5.534,-162.073,716.524,955.365
4.314,-158.790,716.524,955.365
2.462,-164.424,701.243,934.991
4.704,-151.435,716.758,955.678
1.420,-167.854,716.758,955.678
-1.863,-177.705,716.758,955.678
-5.147,-161.286,716.758,955.678
-1.863,-164.570,716.758,955.678
-5.147,-174.421,716.758,955.678
-1.863,-158.002,716.758,955.678
1.420,-174.421,716.758,955.678
-1.863,-158.002,716.758,955.678
-3.716,-163.638,701.473,935.298
12.353,-153.996,701.473,935.298
9.139,-163.638,701.473,935.298
12.353,-153.996,701.473,935.298
2.711,-163.638,701.473,935.298
4.954,-150.644,716.993,955.992
1.669,-167.069,716.993,955.992
-1.616,-183.493,716.993,955.992
-4.900,-160.499,716.993,955.992
12.243,-172.469,701.703,935.605
9.028,-149.965,701.703,935.605
12.243,-166.039,701.703,935.605
9.028,-175.683,701.703,935.605
18.673,-153.180,701.703,935.605
2.599,-162.824,701.703,935.605
5.813,-166.039,701.703,935.605
2.599,-156.394,701.703,935.605
-0.616,-159.609,701.703,935.605
-11.714,-166.624,717.229,956.305
-1.856,-169.910,717.229,956.305
1.430,-173.196,717.229,956.305
-1.856,-176.482,717.229,956.305
-3.710,-175.787,701.933,935.911
13.073,-150.309,686.965,915.953
9.926,-159.751,686.965,915.953
19.368,-162.898,686.965,915.953
9.926,-166.046,686.965,915.953
5.591,-153.321,702.164,936.218
8.808,-175.840,702.164,936.218
4.378,-162.834,717.699,956.932
1.090,-192.427,717.699,956.932
-8.774,-169.410,717.699,956.932
-5.486,-185.850,717.699,956.932
-8.774,-175.986,717.699,956.932
1.090,-179.274,717.699,956.932
-2.198,-182.562,717.699,956.932
-12.062,-166.122,717.699,956.932
-8.774,-189.138,717.699,956.932
1.090,-166.122,717.699,956.932
-8.774,-195.715,717.699,956.932
1.090,-159.546,717.699,956.932
-23.906,-194.011,733.578,978.104
0.112,-173.864,717.934,957.246
-9.755,-190.310,717.934,957.246
-7.460,-183.837,733.819,978.425
-17.546,-193.923,733.819,978.425
-7.460,-204.009,733.819,978.425
-17.546,-187.199,733.819,978.425
-6.481,-205.930,718.170,957.560
-3.191,-176.318,718.170,957.560
1.296,-194.650,702.855,937.140
4.516,-172.109,702.855,937.140
-6.600,-199.180,718.405,957.874
2.526,-179.044,734.300,979.067
-14.295,-209.322,734.300,979.067
-4.966,-181.759,750.546,1000.729
-15.282,-212.706,750.546,1000.729
-25.598,-195.513,750.546,1000.729
-8.405,-219.583,750.546,1000.729
-3.716,-198.970,734.541,979.388
13.110,-195.605,734.541,979.388
17.698,-207.867,718.876,958.502
20.992,-191.400,718.876,958.502
25.483,-203.401,703.546,938.062
36.091,-171.651,688.543,918.057
32.936,-200.042,688.543,918.057
36.091,-171.651,688.543,918.057
32.936,-187.424,688.543,918.057
36.091,-190.579,688.543,918.057
25.201,-177.825,703.777,938.369
15.528,-181.049,703.777,938.369
18.753,-203.619,703.777,938.369
21.977,-168.152,703.777,938.369
5.855,-171.376,703.777,938.369
2.631,-168.152,703.777,938.369
-0.593,-164.928,703.777,938.369
-3.818,-135.909,703.777,938.369
-0.593,-164.928,703.777,938.369
-10.266,-135.909,703.777,938.369
5.855,-164.928,703.777,938.369
21.977,-161.703,703.777,938.369
18.753,-152.030,703.777,938.369
21.977,-148.806,703.777,938.369
12.304,-164.928,703.777,938.369
15.528,-187.498,703.777,938.369
11.088,-181.152,719.348,959.131
7.792,-210.813,719.348,959.131
24.992,-222.822,704.008,938.677
8.865,-193.794,704.008,938.677
38.133,-205.546,688.994,918.660
28.664,-177.137,688.994,918.660
39.052,-176.469,674.301,899.069
25.399,-146.040,659.922,879.896
23.693,-168.713,645.849,861.132
8.899,-153.918,645.849,861.132
5.940,-150.959,645.849,861.132
4.270,-144.629,632.076,842.768
-10.209,-130.150,632.076,842.768
-7.313,-144.629,632.076,842.768
-27.584,-141.733,632.076,842.768
-13.105,-156.213,632.076,842.768
-25.903,-150.018,618.597,824.796
-6.065,-158.520,618.597,824.796
-29.517,-146.994,605.405,807.207
-15.041,-130.367,592.494,789.993
-27.038,-135.025,579.859,773.146
-33.658,-113.978,567.494,756.658
-15.078,-118.440,555.392,740.522
-41.038,-98.282,543.548,724.731
-23.242,-116.957,531.956,709.276
-38.711,-97.649,520.612,694.150
-30.861,-106.340,509.510,679.347
-27.678,-96.846,498.645,664.860
-42.179,-91.959,488.011,650.681
-30.510,-91.486,477.604,636.805
-31.745,-82.587,467.419,623.225
-32.953,-78.006,457.451,609.935
-30.857,-71.718,457.451,609.935
-19.920,-75.315,447.696,596.928
-21.077,-74.881,438.149,584.198
-18.340,-74.456,428.805,571.740
-15.661,-77.828,419.661,559.548
-17.584,-79.750,419.661,559.548
-18.669,-68.225,410.711,547.615
-30.612,-67.826,401.953,535.937
-31.651,-56.787,393.381,524.508
-37.058,-51.380,393.381,524.508
-46.069,-56.787,393.381,524.508
-51.476,-44.171,393.381,524.508
-45.544,-47.264,384.992,513.323
-56.740,-43.491,376.782,502.376
-51.058,-39.798,368.747,491.663
-52.748,-41.487,368.747,491.663
-57.816,-36.419,368.747,491.663
-55.512,-39.319,360.883,481.178
-53.258,-32.594,353.187,470.917
-55.486,-32.767,361.002,481.336
-63.756,-31.114,361.002,481.336
-55.486,-29.460,361.002,481.336
-73.679,-24.498,361.002,481.336
-55.366,-28.107,368.989,491.985
-62.837,-40.784,361.120,481.493
-67.801,-32.512,361.120,481.493
-49.602,-34.166,361.120,481.493
-60.103,-33.816,353.419,471.225
-61.722,-28.959,353.419,471.225
-50.388,-30.578,353.419,471.225
-61.722,-32.197,353.419,471.225
-50.388,-30.578,353.419,471.225
-58.484,-35.436,353.419,471.225
-56.865,-33.816,353.419,471.225
-58.484,-38.674,353.419,471.225
-53.626,-37.055,353.419,471.225
-58.484,-38.674,353.419,471.225
-50.388,-46.770,353.419,471.225
-58.484,-41.912,353.419,471.225
-47.150,-46.770,353.419,471.225
-52.007,-48.389,353.419,471.225
-56.865,-43.531,353.419,471.225
-48.769,-54.866,353.419,471.225
-55.925,-45.159,345.882,461.176
-44.833,-56.252,345.882,461.176
-55.925,-51.498,345.882,461.176
-44.833,-62.590,345.882,461.176
-53.591,-59.472,353.535,471.380
-58.450,-61.091,353.535,471.380
-53.591,-59.472,353.535,471.380
-61.690,-64.331,353.535,471.380
-50.352,-72.429,353.535,471.380
-60.632,-62.720,345.996,461.328
-46.366,-73.816,345.996,461.328
-54.292,-65.890,345.996,461.328
-59.047,-67.475,345.996,461.328
-57.462,-62.720,345.996,461.328
-65.388,-70.645,345.996,461.328
-54.292,-69.060,345.996,461.328
-59.047,-70.645,345.996,461.328
-51.121,-69.060,345.996,461.328
372.116,-92.838,345.996,461.328
365.110,-80.279,338.617,451.490
366.661,-91.139,338.617,451.490
368.776,-81.839,331.396,441.862
367.258,-83.357,331.396,441.862
368.776,-90.949,331.396,441.862
370.847,-75.993,324.329,432.439
367.144,-75.679,317.412,423.217
371.506,-82.950,317.412,423.217
367.144,-72.771,317.412,423.217
374.415,-80.042,317.412,423.217
370.052,-72.771,317.412,423.217
368.050,-84.996,324.435,432.580
369.536,-80.537,324.435,432.580
368.050,-87.969,324.435,432.580
369.536,-83.510,324.435,432.580
368.050,-84.996,324.435,432.580
369.536,-86.482,324.435,432.580
365.077,-84.996,324.435,432.580
363.030,-97.492,331.613,442.151
362.173,-85.456,324.542,432.722
363.210,-94.871,331.722,442.296
358.651,-87.272,331.722,442.296
359.712,-100.049,339.061,452.082
354.349,-100.215,346.563,462.084
349.586,-95.451,346.563,462.084
354.812,-104.298,339.173,452.230
353.258,-96.528,339.173,452.230
357.919,-94.974,339.173,452.230
357.043,-97.641,331.940,442.586
358.563,-93.079,331.940,442.586
360.084,-97.641,331.940,442.586
354.834,-104.115,339.284,452.379
359.497,-99.452,339.284,452.379
354.834,-101.006,339.284,452.379
359.497,-111.887,339.284,452.379
364.161,-101.006,339.284,452.379
369.277,-106.670,332.049,442.731
370.798,-96.021,332.049,442.731
372.872,-101.565,324.968,433.290
374.361,-100.076,324.968,433.290
372.872,-104.542,324.968,433.290
380.642,-107.097,318.038,424.050
382.629,-92.745,311.255,415.007
386.907,-102.727,311.255,415.007
382.629,-92.745,311.255,415.007
389.759,-91.319,311.255,415.007
388.954,-93.766,304.618,406.157
390.350,-89.579,304.618,406.157
388.954,-90.975,304.618,406.157
384.767,-92.371,304.618,406.157
383.372,-90.975,304.618,406.157
390.350,-95.162,304.618,406.157
380.581,-93.766,304.618,406.157
387.864,-90.781,298.122,397.495
383.767,-89.415,298.122,397.495
382.401,-88.049,298.122,397.495
383.767,-89.415,298.122,397.495
382.401,-93.512,298.122,397.495
381.035,-97.610,298.122,397.495
380.264,-92.055,291.764,389.019
378.928,-82.698,291.764,389.019
382.938,-86.708,291.764,389.019
386.948,-88.045,291.764,389.019
380.264,-86.708,291.764,389.019
381.197,-95.172,298.219,397.626
370.811,-92.483,304.817,406.423
377.793,-91.087,304.817,406.423
364.279,-102.827,311.562,415.415
371.416,-95.690,311.562,415.415
361.424,-99.972,311.562,415.415
366.122,-102.422,304.917,406.557
364.725,-89.849,304.917,406.557
360.534,-96.834,304.917,406.557
355.712,-99.882,311.664,415.552
362.634,-94.109,318.559,424.746
358.255,-104.326,318.559,424.746
348.039,-108.704,318.559,424.746
358.143,-96.747,325.607,434.143
343.707,-115.479,332.811,443.749
351.665,-106.338,325.714,434.286
341.219,-101.861,325.714,434.286
348.680,-106.338,325.714,434.286
341.219,-110.815,325.714,434.286
351.665,-100.369,325.714,434.286
341.219,-116.784,325.714,434.286
339.727,-103.354,325.714,434.286
331.479,-118.995,332.921,443.894
329.954,-105.268,332.921,443.894
334.529,-118.995,332.921,443.894
339.105,-108.319,332.921,443.894
337.580,-122.046,332.921,443.894
326.903,-114.420,332.921,443.894
340.630,-103.743,332.921,443.894
333.004,-111.369,332.921,443.894
327.739,-111.532,340.286,453.715
332.870,-117.213,333.030,444.040
316.086,-106.533,333.030,444.040
326.767,-123.316,333.030,444.040
308.836,-110.816,340.398,453.864
335.347,-106.137,340.398,453.864
320.256,-122.484,347.929,463.906
328.226,-114.514,347.929,463.906
322.723,-111.377,355.627,474.170
311.318,-126.040,355.627,474.170
325.982,-114.635,355.627,474.170
317.835,-113.006,355.627,474.170
309.689,-121.153,355.627,474.170
304.801,-126.040,355.627,474.170
322.842,-109.311,363.496,484.661
311.185,-127.630,363.496,484.661
306.189,-115.972,363.496,484.661
337.352,-99.569,355.744,474.325
324.962,-89.597,363.615,484.820
309.969,-104.590,363.615,484.820
305.818,-107.449,355.861,474.481
342.612,-97.676,348.272,464.362
320.181,-106.565,340.845,454.460
387.328,213.554,340.845,454.460
392.013,221.362,340.845,454.460
394.142,227.713,333.576,444.768
399.172,230.982,326.462,435.283
394.685,229.486,326.462,435.283
396.180,230.982,326.462,435.283
403.986,231.298,319.501,426.001
399.595,232.762,319.501,426.001
401.058,231.298,319.501,426.001
402.522,229.835,319.501,426.001
407.340,230.144,312.687,416.916
403.042,228.712,312.687,416.916
401.610,224.414,312.687,416.916
403.042,222.982,312.687,416.916
404.475,224.414,312.687,416.916
403.042,222.982,312.687,416.916
404.475,218.684,312.687,416.916
403.042,231.577,312.687,416.916
395.124,219.533,319.605,426.140
396.588,220.998,319.605,426.140
392.196,222.462,319.605,426.140
381.064,216.229,326.677,435.569
375.898,216.068,333.904,445.206
374.368,211.479,333.904,445.206
365.913,217.664,341.292,455.056
361.222,209.846,341.292,455.056
362.313,209.679,348.843,465.124
351.126,217.670,348.843,465.124
