118.000,57.000,82.000,98.000
117.646,55.230,82.000,98.000
118.000,53.460,82.000,98.000
116.938,53.106,82.000,98.000
117.292,52.752,82.000,98.000
116.938,53.106,82.000,98.000
118.000,52.044,82.000,98.000
117.646,52.398,82.000,98.000
119.416,52.752,82.000,98.000
119.062,52.398,82.000,98.000
119.416,52.044,82.000,98.000
119.770,51.690,82.000,98.000
119.416,52.044,82.000,98.000
119.062,50.274,82.000,98.000
118.000,51.336,82.000,98.000
117.646,50.274,82.000,98.000
118.000,50.628,82.000,98.000
116.230,50.274,82.000,98.000
116.584,49.920,82.000,98.000
116.230,49.566,82.000,98.000
115.876,48.504,82.000,98.000
115.522,48.858,82.000,98.000
114.460,49.212,82.000,98.000
114.106,48.858,82.000,98.000
113.752,50.628,82.000,98.000
113.398,51.690,82.000,98.000
113.044,52.044,82.000,98.000
112.690,51.690,82.000,98.000
112.336,52.752,82.000,98.000
111.982,53.814,82.000,98.000
111.628,54.168,82.000,98.000
110.567,52.398,82.000,98.000
109.505,52.752,82.000,98.000
108.443,53.106,82.000,98.000
107.381,52.044,82.000,98.000
106.319,50.982,82.000,98.000
105.257,52.752,82.000,98.000
104.195,51.690,82.000,98.000
103.841,52.752,82.000,98.000
104.195,52.398,82.000,98.000
103.133,52.752,82.000,98.000
102.779,53.106,82.000,98.000
102.425,52.752,82.000,98.000
101.363,53.814,82.000,98.000
100.301,52.752,82.000,98.000
99.947,53.106,82.000,98.000
99.593,52.044,82.000,98.000
97.823,51.690,82.000,98.000
98.177,52.044,82.000,98.000
97.115,51.690,82.000,98.000
97.469,52.752,82.000,98.000
99.947,51.690,82.000,98.000
101.717,51.336,82.000,98.000
101.363,50.982,82.000,98.000
101.717,52.044,82.000,98.000
102.071,50.982,82.000,98.000
102.425,51.336,82.000,98.000
102.071,50.274,82.000,98.000
101.717,49.212,82.000,98.000
103.487,48.150,82.000,98.000
103.133,47.796,82.000,98.000
104.195,49.566,82.000,98.000
107.381,49.920,82.000,98.000
111.275,49.566,82.000,98.000
114.460,47.796,82.000,98.000
117.646,48.150,82.000,98.000
119.416,46.381,82.000,98.000
119.770,44.611,82.000,98.000
120.832,44.965,82.000,98.000
122.602,44.611,82.000,98.000
122.956,44.965,82.000,98.000
124.726,46.735,82.000,98.000
125.788,47.089,82.000,98.000
125.434,46.735,82.000,98.000
125.788,49.212,82.000,98.000
125.434,48.150,82.000,98.000
124.372,49.212,82.000,98.000
124.018,49.566,82.000,98.000
122.248,49.212,82.000,98.000
122.602,48.150,82.000,98.000
121.540,47.796,82.000,98.000
121.186,48.858,82.000,98.000
120.124,47.089,82.000,98.000
120.657,47.110,80.251,95.910
120.311,45.378,80.251,95.910
119.964,46.417,80.251,95.910
118.232,45.378,80.251,95.910
119.271,48.496,80.251,95.910
118.925,50.228,80.251,95.910
118.579,49.881,80.251,95.910
118.925,52.306,80.251,95.910
118.579,51.960,80.251,95.910
118.925,52.999,80.251,95.910
118.579,51.960,80.251,95.910
118.925,51.614,80.251,95.910
118.579,50.574,80.251,95.910
118.925,50.921,80.251,95.910
117.886,49.881,80.251,95.910
116.846,50.228,80.251,95.910
118.579,51.267,80.251,95.910
118.232,50.228,80.251,95.910
117.886,49.881,80.251,95.910
118.232,50.228,80.251,95.910
119.271,49.188,80.251,95.910
119.618,49.535,80.251,95.910
121.350,50.574,80.251,95.910
122.389,49.535,80.251,95.910
123.429,49.881,80.251,95.910
122.389,50.228,80.251,95.910
123.429,49.189,80.251,95.910
121.696,49.535,80.251,95.910
123.429,51.267,80.251,95.910
122.389,49.535,80.251,95.910
123.429,50.574,80.251,95.910
122.389,50.228,80.251,95.910
122.736,49.189,80.251,95.910
122.389,50.228,80.251,95.910
121.350,49.189,80.251,95.910
121.696,48.842,80.251,95.910
119.964,49.881,80.251,95.910
119.618,49.535,80.251,95.910
120.657,49.881,80.251,95.910
120.311,50.921,80.251,95.910
119.964,50.574,80.251,95.910
119.618,50.228,80.251,95.910
120.657,49.188,80.251,95.910
120.311,48.842,80.251,95.910
119.964,49.188,80.251,95.910
118.925,48.149,80.251,95.910
119.271,47.803,80.251,95.910
120.311,48.842,80.251,95.910
120.657,48.496,80.251,95.910
121.004,47.456,80.251,95.910
119.964,47.803,80.251,95.910
121.004,48.842,80.251,95.910
120.657,48.496,80.251,95.910
121.696,48.149,80.251,95.910
122.043,47.110,80.251,95.910
121.004,48.149,80.251,95.910
121.350,47.110,80.251,95.910
122.389,48.149,80.251,95.910
120.657,46.417,80.251,95.910
123.082,48.842,80.251,95.910
120.657,47.110,80.251,95.910
122.389,47.456,80.251,95.910
120.657,47.110,80.251,95.910
121.696,46.763,80.251,95.910
121.350,47.803,80.251,95.910
121.004,48.149,80.251,95.910
120.657,47.803,80.251,95.910
121.696,49.535,80.251,95.910
119.964,48.496,80.251,95.910
119.618,49.535,80.251,95.910
121.350,49.188,80.251,95.910
118.925,48.842,80.251,95.910
119.271,50.574,80.251,95.910
120.311,49.535,80.251,95.910
118.579,49.881,80.251,95.910
120.311,50.228,80.251,95.910
117.886,48.496,80.251,95.910
118.232,50.921,80.251,95.910
118.579,49.188,80.251,95.910
118.925,49.535,80.251,95.910
117.886,49.881,80.251,95.910
118.232,50.228,80.251,95.910
118.579,49.188,80.251,95.910
118.925,50.228,80.251,95.910
117.886,49.188,80.251,95.910
118.232,50.228,80.251,95.910
117.886,49.188,80.251,95.910
117.539,50.921,80.251,95.910
119.271,49.881,80.251,95.910
118.232,50.921,80.251,95.910
119.964,50.574,80.251,95.910
118.232,49.535,80.251,95.910
119.964,50.574,80.251,95.910
119.618,48.842,80.251,95.910
120.657,49.881,80.251,95.910
120.311,48.842,80.251,95.910
120.657,49.881,80.251,95.910
121.004,49.535,80.251,95.910
119.271,49.188,80.251,95.910
120.311,50.228,80.251,95.910
119.964,49.881,80.251,95.910
120.311,50.921,80.251,95.910
120.657,51.267,80.251,95.910
121.004,50.921,80.251,95.910
119.964,51.960,80.251,95.910
120.311,52.306,80.251,95.910
119.964,51.267,80.251,95.910
120.311,52.306,80.251,95.910
119.964,51.960,80.251,95.910
120.311,53.692,80.251,95.910
119.964,52.653,80.251,95.910
119.618,52.306,80.251,95.910
120.657,51.960,80.251,95.910
119.618,52.306,80.251,95.910
120.657,51.267,80.251,95.910
120.311,51.614,80.251,95.910
119.964,51.960,80.251,95.910
120.311,52.306,80.251,95.910
120.657,51.267,80.251,95.910
121.004,51.614,80.251,95.910
119.271,51.267,80.251,95.910
120.311,51.614,80.251,95.910
119.271,51.267,80.251,95.910
118.232,50.921,80.251,95.910
117.886,51.960,80.251,95.910
116.846,50.921,80.251,95.910
118.579,51.960,80.251,95.910
118.925,50.921,80.251,95.910
119.271,50.574,80.251,95.910
121.696,50.228,80.251,95.910
122.736,49.188,80.251,95.910
123.775,50.228,80.251,95.910
125.507,49.881,80.251,95.910
125.854,50.921,80.251,95.910
127.586,50.574,80.251,95.910
126.547,50.228,80.251,95.910
127.586,50.574,80.251,95.910
126.547,50.921,80.251,95.910
127.586,51.267,80.251,95.910
127.239,49.535,80.251,95.910
126.200,50.574,80.251,95.910
127.239,50.228,80.251,95.910
126.893,49.188,80.251,95.910
125.854,49.535,80.251,95.910
127.586,49.881,80.251,95.910
126.547,49.535,80.251,95.910
126.893,49.188,80.251,95.910
125.161,48.149,80.251,95.910
126.200,49.188,80.251,95.910
126.547,48.149,80.251,95.910
126.893,48.496,80.251,95.910
125.854,48.149,80.251,95.910
127.586,48.496,80.251,95.910
126.547,47.456,80.251,95.910
125.507,47.803,80.251,95.910
125.854,48.149,80.251,95.910
125.507,46.417,80.251,95.910
124.468,47.456,80.251,95.910
124.122,47.803,80.251,95.910
123.775,48.842,80.251,95.910
123.429,48.496,80.251,95.910
122.389,47.456,80.251,95.910
122.043,46.417,80.251,95.910
120.311,47.456,80.251,95.910
120.657,47.803,80.251,95.910
119.618,48.149,80.251,95.910
118.579,47.110,80.251,95.910
117.539,47.456,80.251,95.910
116.500,48.496,80.251,95.910
116.846,47.456,80.251,95.910
116.700,46.809,78.540,93.865
115.005,47.148,78.540,93.865
114.862,46.515,76.865,91.863
115.194,48.174,76.865,91.863
112.871,47.179,76.865,91.863
115.194,47.511,76.865,91.863
113.535,47.179,76.865,91.863
113.203,46.847,76.865,91.863
114.199,45.852,76.865,91.863
113.203,46.847,76.865,91.863
114.862,46.515,76.865,91.863
113.203,48.174,76.865,91.863
114.199,47.179,76.865,91.863
113.203,47.511,76.865,91.863
114.199,47.179,76.865,91.863
113.203,47.511,76.865,91.863
112.208,47.843,76.865,91.863
113.867,47.511,76.865,91.863
114.199,48.506,76.865,91.863
114.530,48.174,76.865,91.863
115.526,48.506,76.865,91.863
115.858,49.502,76.865,91.863
118.180,49.170,76.865,91.863
116.521,49.502,76.865,91.863
118.844,49.834,76.865,91.863
120.503,47.511,76.865,91.863
119.508,49.834,76.865,91.863
120.503,49.502,76.865,91.863
121.499,50.497,76.865,91.863
121.830,49.502,76.865,91.863
122.162,49.834,76.865,91.863
121.167,48.174,76.865,91.863
121.499,49.170,76.865,91.863
121.830,49.502,76.865,91.863
122.162,49.834,76.865,91.863
120.503,48.838,76.865,91.863
122.162,49.834,76.865,91.863
121.830,48.838,76.865,91.863
123.489,50.497,76.865,91.863
122.494,50.829,76.865,91.863
124.153,49.834,76.865,91.863
122.494,51.493,76.865,91.863
122.162,52.488,76.865,91.863
121.167,52.156,76.865,91.863
120.171,51.824,76.865,91.863
118.512,51.493,76.865,91.863
117.517,53.815,76.865,91.863
115.858,52.156,76.865,91.863
114.862,53.152,76.865,91.863
113.867,52.820,76.865,91.863
114.199,52.488,76.865,91.863
113.203,52.820,76.865,91.863
113.535,51.824,76.865,91.863
113.867,52.156,76.865,91.863
114.199,52.488,76.865,91.863
113.203,52.156,76.865,91.863
112.871,52.488,76.865,91.863
112.540,52.820,76.865,91.863
111.544,51.824,76.865,91.863
110.549,52.820,76.865,91.863
109.553,52.488,76.865,91.863
108.558,54.147,76.865,91.863
108.418,54.167,75.226,89.904
106.794,55.791,75.226,89.904
105.820,56.765,75.226,89.904
104.846,57.090,75.226,89.904
103.222,55.466,75.226,89.904
103.547,57.739,75.226,89.904
100.624,56.765,75.226,89.904
100.949,59.038,75.226,89.904
98.432,58.381,76.890,91.893
96.773,56.057,76.890,91.893
94.889,57.451,78.591,93.926
93.668,58.172,80.330,96.005
91.934,56.438,80.330,96.005
90.685,57.175,82.108,98.129
90.331,58.238,82.108,98.129
91.261,57.520,83.924,100.300
90.174,55.709,83.924,100.300
91.986,56.796,83.924,100.300
90.899,54.984,83.924,100.300
92.710,56.796,83.924,100.300
90.174,54.984,83.924,100.300
91.986,55.347,83.924,100.300
89.450,54.984,83.924,100.300
88.363,53.173,83.924,100.300
88.001,52.811,83.924,100.300
85.465,52.448,83.924,100.300
85.827,51.362,83.924,100.300
84.277,49.987,82.135,98.161
86.759,53.178,82.135,98.161
85.926,51.149,80.383,96.067
87.661,53.578,80.383,96.067
85.232,50.455,80.383,96.067
86.967,53.578,80.383,96.067
85.926,51.149,80.383,96.067
87.661,52.884,80.383,96.067
87.314,51.149,80.383,96.067
89.049,52.884,80.383,96.067
90.090,51.149,80.383,96.067
92.519,52.884,80.383,96.067
92.172,52.537,80.383,96.067
93.907,51.496,80.383,96.067
92.866,52.537,80.383,96.067
92.519,51.496,80.383,96.067
92.866,53.231,80.383,96.067
92.519,52.190,80.383,96.067
92.866,53.231,80.383,96.067
93.907,51.496,80.383,96.067
95.642,51.149,80.383,96.067
97.503,49.163,78.669,94.019
100.508,51.294,80.409,96.099
103.038,49.307,78.695,94.050
106.096,49.647,78.695,94.050
109.153,48.628,78.695,94.050
112.211,48.288,78.695,94.050
112.722,46.344,77.016,92.044
115.146,48.287,75.374,90.081
116.263,47.679,73.767,88.160
117.970,47.699,72.194,86.280
120.242,47.717,70.654,84.440
121.289,48.912,69.147,82.639
124.616,47.779,67.673,80.877
124.908,48.655,67.673,80.877
121.695,47.195,67.673,80.877
126.077,47.776,66.230,79.152
129.200,47.790,67.695,80.904
131.786,47.804,69.193,82.694
134.430,47.199,70.724,84.523
135.865,48.482,72.288,86.393
134.094,48.497,73.888,88.305
131.622,48.513,75.522,90.258
128.419,49.206,77.193,92.255
123.070,49.914,78.901,94.297
119.324,47.530,78.901,94.297
115.977,46.840,80.647,96.383
111.834,46.857,82.431,98.515
107.208,45.790,82.431,98.515
102.235,46.546,84.255,100.695
98.234,47.637,84.255,100.695
94.961,45.818,84.255,100.695
92.415,47.637,84.255,100.695
91.324,46.546,84.255,100.695
89.505,46.182,84.255,100.695
87.248,44.802,82.458,98.548
86.893,46.582,82.458,98.548
87.248,48.361,82.458,98.548
86.893,46.582,82.458,98.548
85.825,49.073,82.458,98.548
84.988,49.095,80.700,96.446
83.943,49.443,80.700,96.446
82.898,50.488,80.700,96.446
81.156,50.140,80.700,96.446
79.415,49.095,80.700,96.446
79.763,50.140,80.700,96.446
77.324,49.095,80.700,96.446
80.460,51.533,80.700,96.446
77.627,49.540,78.979,94.389
80.769,52.846,77.295,92.377
79.985,52.223,75.646,90.407
81.106,54.132,74.033,88.479
79.123,54.151,72.454,86.592
80.800,56.582,70.909,84.745
79.491,57.190,69.397,82.938
81.097,58.363,67.917,81.169
80.218,58.070,67.917,81.169
82.355,58.088,66.469,79.438
83.216,59.522,66.469,79.438
81.207,57.514,66.469,79.438
83.852,59.744,65.051,77.744
82.448,57.778,65.051,77.744
81.247,57.254,63.664,76.086
84.270,59.177,63.664,76.086
82.565,58.664,62.306,74.464
83.910,58.933,62.306,74.464
82.565,58.126,62.306,74.464
87.137,60.009,62.306,74.464
88.579,58.988,60.978,72.876
90.948,60.831,60.978,72.876
89.106,58.988,60.978,72.876
92.001,60.831,60.978,72.876
90.368,59.325,59.677,71.322
93.202,61.128,59.677,71.322
90.368,60.870,59.677,71.322
92.171,60.613,59.677,71.322
89.853,59.840,59.677,71.322
92.687,61.128,59.677,71.322
90.368,61.386,59.677,71.322
88.273,61.401,58.405,69.801
89.534,62.662,58.405,69.801
86.256,62.410,58.405,69.801
83.987,61.653,58.405,69.801
87.769,63.418,58.405,69.801
83.987,62.157,58.405,69.801
86.256,62.914,58.405,69.801
82.978,63.166,58.405,69.801
84.239,62.914,58.405,69.801
82.474,63.166,58.405,69.801
81.213,61.401,58.405,69.801
83.987,63.670,58.405,69.801
81.213,61.905,58.405,69.801
83.483,63.670,58.405,69.801
83.230,62.914,58.405,69.801
84.491,64.174,58.405,69.801
83.735,62.914,58.405,69.801
83.628,64.387,57.159,68.312
84.000,65.829,55.940,66.855
85.207,66.553,55.940,66.855
84.483,65.346,55.940,66.855
86.656,67.036,55.940,66.855
85.624,67.051,54.747,65.430
87.751,69.178,54.747,65.430
86.569,67.996,54.747,65.430
88.696,69.178,54.747,65.430
87.042,67.996,54.747,65.430
88.696,69.651,54.747,65.430
87.042,67.524,54.747,65.430
88.696,69.178,54.747,65.430
87.042,68.942,54.747,65.430
89.169,69.651,54.747,65.430
87.987,67.996,54.747,65.430
89.169,70.123,54.747,65.430
89.405,70.832,54.747,65.430
90.587,71.541,54.747,65.430
88.460,70.832,54.747,65.430
89.727,73.125,53.580,64.034
87.645,72.431,53.580,64.034
90.189,73.587,53.580,64.034
87.645,71.968,53.580,64.034
89.331,74.211,52.437,62.669
87.747,72.627,52.437,62.669
90.689,74.664,52.437,62.669
88.199,73.532,52.437,62.669
90.689,75.570,52.437,62.669
88.848,74.274,51.319,61.332
90.036,75.996,50.225,60.025
88.691,74.755,49.154,58.744
91.449,76.240,49.154,58.744
90.542,76.253,48.105,57.492
91.655,77.066,47.079,56.266
90.639,76.050,47.079,56.266
92.512,77.630,46.076,55.066
91.120,75.839,46.076,55.066
91.717,76.834,46.076,55.066
90.722,75.044,46.076,55.066
89.330,74.447,46.076,55.066
89.529,74.646,46.076,55.066
88.136,72.458,46.076,55.066
88.733,73.850,46.076,55.066
88.534,71.265,46.076,55.066
87.540,69.872,46.076,55.066
89.330,70.071,46.076,55.066
90.265,69.669,47.095,56.284
92.094,70.685,47.095,56.284
93.924,70.888,47.095,56.284
94.941,69.465,47.095,56.284
97.583,71.295,47.095,56.284
96.160,69.059,47.095,56.284
99.210,70.075,47.095,56.284
101.040,69.465,47.095,56.284
103.276,70.888,47.095,56.284
101.853,68.245,47.095,56.284
104.902,70.075,47.095,56.284
104.699,68.245,47.095,56.284
107.749,69.669,47.095,56.284
110.014,68.897,46.091,55.084
111.407,70.688,46.091,55.084
109.616,68.499,46.091,55.084
112.999,70.290,46.091,55.084
111.208,68.499,46.091,55.084
114.988,70.290,46.091,55.084
116.381,72.080,46.091,55.084
117.729,72.916,47.110,56.303
118.339,71.899,47.110,56.303
120.576,72.916,47.110,56.303
120.780,72.713,47.110,56.303
122.610,74.543,47.110,56.303
123.627,74.746,47.110,56.303
124.161,75.600,48.153,57.548
126.863,75.393,48.153,57.548
129.149,75.600,48.153,57.548
131.436,75.393,48.153,57.548
132.891,75.600,48.153,57.548
134.346,74.977,48.153,57.548
136.217,73.938,48.153,57.548
135.037,74.379,49.218,58.822
136.949,75.017,49.218,58.822
135.887,73.529,49.218,58.822
137.374,75.442,49.218,58.822
137.587,75.229,49.218,58.822
137.374,75.442,49.218,58.822
138.437,74.804,49.218,58.822
136.949,73.742,49.218,58.822
135.744,74.193,50.307,60.123
135.961,75.279,50.307,60.123
136.612,76.799,50.307,60.123
136.395,76.148,50.307,60.123
136.612,78.102,50.307,60.123
137.698,77.885,50.307,60.123
139.218,78.971,50.307,60.123
141.607,79.188,50.307,60.123
140.956,80.274,50.307,60.123
143.345,80.925,50.307,60.123
145.733,79.840,50.307,60.123
148.572,80.690,49.234,58.841
152.580,80.293,48.184,57.586
157.780,79.669,48.184,57.586
159.652,81.125,48.184,57.586
156.948,83.829,48.184,57.586
155.492,86.117,48.184,57.586
153.204,87.989,48.184,57.586
150.728,89.294,49.250,58.860
148.815,91.633,49.250,58.860
150.728,90.995,49.250,58.860
148.815,93.759,49.250,58.860
146.726,95.534,50.340,60.162
149.117,96.621,50.340,60.162
148.465,98.577,50.340,60.162
149.117,100.098,50.340,60.162
153.633,104.300,49.266,58.879
155.547,108.766,49.266,58.879
157.036,107.278,49.266,58.879
155.122,104.513,49.266,58.879
152.782,102.173,49.266,58.879
151.719,99.409,49.266,58.879
150.655,96.644,49.266,58.879
150.017,93.454,49.266,58.879
153.618,91.417,48.216,57.624
151.744,89.543,48.216,57.624
151.952,88.919,48.216,57.624
153.470,90.536,47.188,56.395
156.525,90.941,46.181,55.192
157.522,89.945,46.181,55.192
157.721,91.340,46.181,55.192
155.716,93.274,45.197,54.015
156.010,95.166,44.233,52.863
154.825,95.914,43.289,51.736
154.746,97.726,42.366,50.633
154.563,98.275,42.366,50.633
154.380,98.458,42.366,50.633
155.295,97.178,42.366,50.633
156.628,98.951,41.463,49.553
156.898,98.617,40.579,48.496
157.073,99.493,40.579,48.496
157.598,98.968,40.579,48.496
158.124,99.143,40.579,48.496
159.401,100.504,39.713,47.462
157.858,100.675,39.713,47.462
157.686,101.533,39.713,47.462
156.143,102.047,39.713,47.462
155.629,103.933,39.713,47.462
154.429,105.133,39.713,47.462
153.572,105.990,39.713,47.462
153.400,105.818,39.713,47.462
153.229,104.961,39.713,47.462
154.086,104.790,39.713,47.462
155.629,103.933,39.713,47.462
155.800,103.076,39.713,47.462
155.629,102.561,39.713,47.462
156.143,101.361,39.713,47.462
155.629,101.875,39.713,47.462
154.772,102.733,39.713,47.462
154.600,103.247,39.713,47.462
154.086,104.104,39.713,47.462
155.286,103.590,39.713,47.462
154.429,102.733,39.713,47.462
154.258,102.561,39.713,47.462
154.429,102.390,39.713,47.462
153.572,103.247,39.713,47.462
154.086,104.447,39.713,47.462
155.997,103.796,38.866,46.450
154.822,103.964,38.866,46.450
154.990,104.132,38.866,46.450
155.829,103.629,38.866,46.450
157.052,104.609,38.038,45.459
157.873,103.131,38.038,45.459
157.709,104.609,38.038,45.459
158.530,103.131,38.038,45.459
158.694,103.624,38.038,45.459
159.843,101.818,38.038,45.459
160.336,102.639,38.038,45.459
159.187,101.818,38.038,45.459
160.299,100.804,38.879,46.465
160.467,101.307,38.879,46.465
160.211,99.574,39.739,47.493
158.881,99.583,40.619,48.544
158.706,98.005,40.619,48.544
156.256,96.922,41.517,49.618
154.123,95.815,42.436,50.716
154.306,94.533,42.436,50.716
151.746,95.682,43.375,51.838
151.184,96.993,43.375,51.838
149.873,99.053,43.375,51.838
148.422,100.228,44.334,52.985
148.231,101.567,44.334,52.985
147.657,102.524,44.334,52.985
146.571,103.328,45.315,54.157
145.055,104.555,46.318,55.355
145.254,105.555,46.318,55.355
145.454,104.955,46.318,55.355
144.855,104.355,46.318,55.355
146.254,106.555,46.318,55.355
146.054,108.354,46.318,55.355
145.454,109.354,46.318,55.355
146.054,109.554,46.318,55.355
145.854,110.954,46.318,55.355
148.854,109.954,46.318,55.355
148.254,110.954,46.318,55.355
146.289,111.379,47.343,56.580
145.676,110.357,47.343,56.580
147.107,109.744,47.343,56.580
145.676,110.765,47.343,56.580
143.668,110.352,48.390,57.832
145.966,108.889,48.390,57.832
144.504,109.516,48.390,57.832
143.459,108.889,48.390,57.832
141.407,108.900,49.461,59.112
145.021,108.913,48.406,57.851
143.558,108.704,48.406,57.851
142.514,108.077,48.406,57.851
146.051,107.284,47.374,56.617
145.028,108.306,47.374,56.617
144.006,106.875,47.374,56.617
145.846,105.852,47.374,56.617
144.824,106.466,47.374,56.617
144.210,106.261,47.374,56.617
146.051,105.648,47.374,56.617
145.437,106.261,47.374,56.617
145.745,105.879,46.363,55.410
146.346,105.279,46.363,55.410
146.146,106.280,46.363,55.410
145.945,106.080,46.363,55.410
145.745,106.280,46.363,55.410
145.545,106.080,46.363,55.410
144.945,105.879,46.363,55.410
145.945,105.279,46.363,55.410
146.146,105.879,46.363,55.410
146.061,105.891,45.375,54.228
147.041,105.304,45.375,54.228
146.845,106.283,45.375,54.228
147.140,105.162,44.407,53.072
150.015,104.971,44.407,53.072
149.057,104.779,44.407,53.072
150.454,105.899,43.460,51.940
150.375,104.825,42.533,50.832
149.457,105.009,42.533,50.832
148.539,104.091,42.533,50.832
145.973,104.100,43.474,51.957
149.914,102.786,43.474,51.957
152.729,102.798,42.547,50.849
151.443,103.349,42.547,50.849
150.525,103.165,42.547,50.849
152.545,102.614,42.547,50.849
150.741,102.623,43.489,51.974
149.802,102.811,43.489,51.974
149.239,102.623,43.489,51.974
152.055,101.685,43.489,51.974
150.211,103.252,44.451,53.124
148.484,103.444,44.451,53.124
147.524,104.020,44.451,53.124
147.332,103.444,44.451,53.124
149.443,103.252,44.451,53.124
148.100,103.828,44.451,53.124
146.757,105.171,44.451,53.124
149.635,103.444,44.451,53.124
148.292,103.636,44.451,53.124
146.948,104.979,44.451,53.124
149.827,103.252,44.451,53.124
148.100,103.060,44.451,53.124
146.757,105.171,44.451,53.124
150.745,105.552,43.503,51.991
150.181,104.614,43.503,51.991
149.242,104.050,43.503,51.991
148.679,106.116,43.503,51.991
149.242,105.552,43.503,51.991
148.303,106.116,43.503,51.991
147.364,106.679,43.503,51.991
146.425,106.491,43.503,51.991
148.116,108.182,43.503,51.991
146.801,107.618,43.503,51.991
146.613,106.304,43.503,51.991
149.792,105.953,42.575,50.882
149.006,105.964,41.667,49.797
148.826,107.223,41.667,49.797
148.646,105.964,41.667,49.797
148.467,107.223,41.667,49.797
147.927,105.964,41.667,49.797
146.906,106.720,42.589,50.899
149.296,106.903,42.589,50.899
148.009,107.087,42.589,50.899
146.584,106.333,43.531,52.025
145.908,105.173,44.494,53.176
144.818,105.183,45.479,54.353
146.585,104.201,45.479,54.353
145.996,104.790,45.479,54.353
145.799,103.808,45.479,54.353
145.603,104.005,45.479,54.353
144.896,103.607,46.485,55.555
144.696,102.202,46.485,55.555
143.557,102.212,47.514,56.785
145.813,100.777,47.514,56.785
145.608,100.161,47.514,56.785
146.633,99.956,47.514,56.785
148.069,98.520,47.514,56.785
149.169,98.928,46.500,55.574
150.574,98.326,46.500,55.574
151.176,97.724,46.500,55.574
150.975,97.523,46.500,55.574
151.176,96.519,46.500,55.574
151.778,95.917,46.500,55.574
151.578,94.913,46.500,55.574
152.180,94.311,46.500,55.574
151.979,92.906,46.500,55.574
151.778,93.107,46.500,55.574
152.081,92.345,45.509,54.389
151.884,90.577,45.509,54.389
151.295,90.381,45.509,54.389
151.098,90.184,45.509,54.389
150.902,91.166,45.509,54.389
150.313,90.970,45.509,54.389
149.605,90.980,46.516,55.592
150.208,90.779,46.516,55.592
149.605,90.578,46.516,55.592
149.299,90.588,47.545,56.822
149.504,90.383,47.545,56.822
150.120,90.178,47.545,56.822
150.325,89.972,47.545,56.822
149.710,90.588,47.545,56.822
150.325,91.204,47.545,56.822
149.710,90.588,47.545,56.822
150.325,92.025,47.545,56.822
149.299,91.409,47.545,56.822
149.094,92.435,47.545,56.822
149.299,92.230,47.545,56.822
148.273,92.025,47.545,56.822
147.247,91.820,47.545,56.822
147.041,92.025,47.545,56.822
147.657,92.230,47.545,56.822
146.220,92.846,47.545,56.822
147.247,91.820,47.545,56.822
146.220,92.846,47.545,56.822
147.247,92.230,47.545,56.822
146.220,93.667,47.545,56.822
146.836,92.641,47.545,56.822
146.220,92.846,47.545,56.822
145.907,92.856,48.597,58.079
145.698,93.066,48.597,58.079
145.068,93.276,48.597,58.079
145.278,93.905,48.597,58.079
144.229,93.276,48.597,58.079
144.019,94.324,48.597,58.079
145.953,93.528,47.560,56.840
145.337,94.555,47.560,56.840
144.721,94.350,47.560,56.840
144.516,94.144,47.560,56.840
144.310,93.528,47.560,56.840
143.695,94.555,47.560,56.840
143.489,94.350,47.560,56.840
143.284,94.144,47.560,56.840
