118.000,69.000,114.000,162.000
117.459,66.294,114.000,162.000
116.918,66.835,114.000,162.000
116.376,65.211,114.000,162.000
116.918,65.753,114.000,162.000
116.376,64.129,114.000,162.000
116.918,65.753,114.000,162.000
116.376,63.046,114.000,162.000
116.918,64.670,114.000,162.000
116.376,64.129,114.000,162.000
115.835,65.753,114.000,162.000
115.294,66.294,114.000,162.000
114.753,67.918,114.000,162.000
113.129,67.376,114.000,162.000
111.505,69.000,114.000,162.000
109.881,69.541,114.000,162.000
108.258,70.083,114.000,162.000
105.551,71.706,114.000,162.000
102.845,72.247,114.000,162.000
100.139,73.871,114.000,162.000
97.433,72.247,114.000,162.000
94.726,72.789,114.000,162.000
92.020,69.000,114.000,162.000
89.314,67.376,114.000,162.000
88.773,64.670,114.000,162.000
87.149,64.129,114.000,162.000
86.608,64.670,114.000,162.000
86.066,61.964,114.000,162.000
87.690,61.423,114.000,162.000
86.066,60.881,114.000,162.000
86.608,57.093,114.000,162.000
86.066,55.469,114.000,162.000
86.608,54.928,114.000,162.000
86.066,54.386,114.000,162.000
86.608,54.928,114.000,162.000
88.345,54.046,111.569,158.545
87.815,56.695,111.569,158.545
89.404,54.046,111.569,158.545
89.934,55.636,111.569,158.545
92.655,54.773,109.190,155.164
93.174,56.329,109.190,155.164
96.836,54.485,106.861,151.855
99.373,57.022,106.861,151.855
100.895,55.500,106.861,151.855
103.432,57.022,106.861,151.855
104.954,54.485,106.861,151.855
108.505,56.007,106.861,151.855
111.042,54.485,106.861,151.855
113.579,56.007,106.861,151.855
115.101,54.485,106.861,151.855
116.623,56.007,106.861,151.855
119.160,54.485,106.861,151.855
121.697,57.022,106.861,151.855
123.219,56.515,106.861,151.855
124.741,58.037,106.861,151.855
127.278,58.544,106.861,151.855
127.785,60.066,106.861,151.855
129.307,60.574,106.861,151.855
129.814,61.081,106.861,151.855
131.336,63.618,106.861,151.855
130.829,65.140,106.861,151.855
132.351,67.677,106.861,151.855
131.844,70.213,106.861,151.855
133.366,72.750,106.861,151.855
132.859,73.257,106.861,151.855
134.381,75.794,106.861,151.855
133.873,75.287,106.861,151.855
135.395,77.824,106.861,151.855
134.888,77.316,106.861,151.855
136.410,80.868,106.861,151.855
136.917,78.331,106.861,151.855
137.425,80.868,106.861,151.855
137.932,78.331,106.861,151.855
138.439,79.853,106.861,151.855
137.932,77.316,106.861,151.855
136.224,78.268,109.225,155.215
136.742,77.750,109.225,155.215
136.224,76.194,109.225,155.215
135.705,77.750,109.225,155.215
134.149,75.157,109.225,155.215
132.593,75.675,109.225,155.215
131.038,71.008,109.225,155.215
131.556,68.415,109.225,155.215
131.038,65.822,109.225,155.215
131.556,64.267,109.225,155.215
132.075,69.971,109.225,155.215
132.593,72.564,109.225,155.215
133.112,75.157,109.225,155.215
132.593,74.638,109.225,155.215
131.038,76.194,109.225,155.215
128.445,74.638,109.225,155.215
127.926,75.157,109.225,155.215
128.591,74.313,106.896,151.905
127.068,76.850,106.896,151.905
124.531,75.328,106.896,151.905
125.038,76.850,106.896,151.905
124.711,76.024,104.617,148.666
123.221,77.514,104.617,148.666
123.717,79.004,104.617,148.666
122.227,77.514,104.617,148.666
121.730,79.004,104.617,148.666
120.240,78.508,104.617,148.666
120.737,78.011,104.617,148.666
119.247,77.514,104.617,148.666
119.744,77.017,104.617,148.666
118.254,75.527,104.617,148.666
119.744,77.017,104.617,148.666
118.254,76.521,104.617,148.666
118.750,77.017,104.617,148.666
118.254,76.521,104.617,148.666
118.750,78.011,104.617,148.666
118.254,77.514,104.617,148.666
118.750,78.011,104.617,148.666
118.254,77.514,104.617,148.666
119.744,79.004,104.617,148.666
118.254,78.508,104.617,148.666
119.744,79.998,104.617,148.666
118.254,79.501,104.617,148.666
119.744,79.998,104.617,148.666
118.254,79.501,104.617,148.666
118.750,79.998,104.617,148.666
117.260,78.508,104.617,148.666
119.744,79.998,104.617,148.666
118.254,80.494,104.617,148.666
117.757,79.004,104.617,148.666
117.260,78.508,104.617,148.666
118.750,79.998,104.617,148.666
117.260,78.508,104.617,148.666
117.757,79.004,104.617,148.666
117.260,79.501,104.617,148.666
117.757,79.998,104.617,148.666
117.260,79.501,104.617,148.666
117.757,79.998,104.617,148.666
117.260,79.501,104.617,148.666
117.757,78.011,104.617,148.666
117.260,78.508,104.617,148.666
117.757,78.011,104.617,148.666
117.260,78.508,104.617,148.666
118.750,78.011,104.617,148.666
116.047,77.912,106.931,151.955
114.524,74.358,106.931,151.955
115.032,75.881,106.931,151.955
114.524,73.343,106.931,151.955
111.985,71.820,106.931,151.955
111.478,71.312,106.931,151.955
109.955,72.835,106.931,151.955
109.447,74.358,106.931,151.955
108.939,77.912,106.931,151.955
109.447,75.374,106.931,151.955
107.924,77.912,106.931,151.955
108.432,75.374,106.931,151.955
106.909,77.912,106.931,151.955
107.416,75.374,106.931,151.955
105.707,75.273,109.297,155.317
105.188,74.754,109.297,155.317
104.669,73.197,109.297,155.317
104.150,75.792,109.297,155.317
104.669,73.197,109.297,155.317
104.150,74.754,109.297,155.317
104.669,73.197,109.297,155.317
103.112,74.754,109.297,155.317
103.631,73.197,109.297,155.317
103.112,74.754,109.297,155.317
103.631,73.197,109.297,155.317
103.112,75.792,109.297,155.317
104.669,73.197,109.297,155.317
104.150,75.792,109.297,155.317
104.669,74.235,109.297,155.317
105.188,73.716,109.297,155.317
105.707,71.122,109.297,155.317
105.188,72.678,109.297,155.317
105.707,69.046,109.297,155.317
104.150,69.565,109.297,155.317
104.669,68.008,109.297,155.317
104.150,67.489,109.297,155.317
102.593,69.046,109.297,155.317
101.036,70.603,109.297,155.317
100.517,71.122,109.297,155.317
97.923,74.754,109.297,155.317
98.442,75.273,109.297,155.317
96.885,76.830,109.297,155.317
96.366,79.424,109.297,155.317
95.847,80.981,109.297,155.317
96.366,80.462,109.297,155.317
95.847,83.057,109.297,155.317
95.328,83.576,109.297,155.317
95.847,84.095,109.297,155.317
95.328,85.651,109.297,155.317
96.885,83.057,109.297,155.317
95.328,85.651,109.297,155.317
96.994,83.806,106.966,152.005
97.502,86.346,106.966,152.005
95.978,87.869,106.966,152.005
98.517,84.314,106.966,152.005
96.994,87.869,106.966,152.005
98.517,84.314,106.966,152.005
96.994,87.869,106.966,152.005
98.517,85.330,106.966,152.005
96.994,87.869,106.966,152.005
98.517,85.330,106.966,152.005
96.994,88.885,106.966,152.005
98.517,85.330,106.966,152.005
96.994,88.885,106.966,152.005
98.517,85.330,106.966,152.005
96.994,88.885,106.966,152.005
98.517,85.330,106.966,152.005
95.978,89.901,106.966,152.005
97.502,86.346,106.966,152.005
95.978,89.901,106.966,152.005
97.502,88.377,106.966,152.005
94.962,91.932,106.966,152.005
97.502,89.393,106.966,152.005
94.962,93.963,106.966,152.005
97.502,91.424,106.966,152.005
95.978,94.979,106.966,152.005
97.502,92.440,106.966,152.005
95.978,94.979,106.966,152.005
97.502,92.440,106.966,152.005
95.978,92.948,106.966,152.005
97.502,89.393,106.966,152.005
96.994,90.916,106.966,152.005
98.517,84.314,106.966,152.005
98.009,81.775,106.966,152.005
99.533,76.188,106.966,152.005
100.041,72.634,106.966,152.005
101.564,67.047,106.966,152.005
103.088,62.476,106.966,152.005
104.612,58.921,106.966,152.005
105.119,56.382,106.966,152.005
105.627,53.843,106.966,152.005
107.151,52.319,106.966,152.005
106.643,51.811,106.966,152.005
108.167,50.288,106.966,152.005
107.510,52.295,109.333,155.368
106.991,49.699,109.333,155.368
107.510,50.218,109.333,155.368
105.953,52.814,109.333,155.368
106.472,52.295,109.333,155.368
104.915,53.852,109.333,155.368
105.434,54.371,109.333,155.368
105.953,54.890,109.333,155.368
106.472,56.447,109.333,155.368
105.953,54.890,109.333,155.368
107.510,57.486,109.333,155.368
108.029,56.966,109.333,155.368
108.548,58.524,109.333,155.368
109.067,58.005,109.333,155.368
110.625,60.600,109.333,155.368
110.106,60.081,109.333,155.368
111.663,62.676,109.333,155.368
111.144,61.119,109.333,155.368
111.663,63.715,109.333,155.368
112.182,63.196,109.333,155.368
112.701,65.791,109.333,155.368
112.182,66.310,109.333,155.368
112.701,67.867,109.333,155.368
112.182,68.386,109.333,155.368
112.701,67.867,109.333,155.368
112.182,69.425,109.333,155.368
111.663,69.944,109.333,155.368
111.144,71.501,109.333,155.368
111.663,72.020,109.333,155.368
111.144,73.577,109.333,155.368
111.663,73.058,109.333,155.368
111.144,74.616,109.333,155.368
110.625,73.058,109.333,155.368
110.106,75.654,109.333,155.368
110.625,74.096,109.333,155.368
110.106,75.654,109.333,155.368
110.625,74.096,109.333,155.368
110.106,74.616,109.333,155.368
110.625,70.982,109.333,155.368
110.106,72.539,109.333,155.368
109.586,68.906,109.333,155.368
109.067,68.386,109.333,155.368
108.548,67.867,109.333,155.368
106.991,70.463,109.333,155.368
107.510,67.867,109.333,155.368
104.915,70.463,109.333,155.368
105.434,68.906,109.333,155.368
103.876,70.463,109.333,155.368
103.357,69.944,109.333,155.368
101.800,71.501,109.333,155.368
102.319,69.944,109.333,155.368
101.800,71.501,109.333,155.368
101.281,70.982,109.333,155.368
100.762,72.539,109.333,155.368
100.243,70.982,109.333,155.368
99.724,73.577,109.333,155.368
98.166,70.982,109.333,155.368
97.647,73.577,109.333,155.368
97.128,70.982,109.333,155.368
97.647,73.577,109.333,155.368
97.128,72.020,109.333,155.368
97.647,74.616,109.333,155.368
97.128,72.020,109.333,155.368
97.647,74.616,109.333,155.368
97.128,72.020,109.333,155.368
97.647,73.577,109.333,155.368
97.128,73.058,109.333,155.368
96.609,73.577,109.333,155.368
96.090,73.058,109.333,155.368
96.609,74.616,109.333,155.368
96.090,73.058,109.333,155.368
96.609,74.616,109.333,155.368
96.090,74.096,109.333,155.368
95.571,75.654,109.333,155.368
96.090,73.058,109.333,155.368
96.609,74.616,109.333,155.368
96.090,72.020,109.333,155.368
96.609,73.577,109.333,155.368
96.090,70.982,109.333,155.368
96.609,73.577,109.333,155.368
97.128,70.982,109.333,155.368
97.647,73.577,109.333,155.368
97.128,72.020,109.333,155.368
97.647,72.539,109.333,155.368
97.128,72.020,109.333,155.368
97.647,72.539,109.333,155.368
98.166,69.944,109.333,155.368
98.686,72.539,109.333,155.368
99.205,72.020,109.333,155.368
99.724,75.654,109.333,155.368
99.205,77.211,109.333,155.368
99.724,77.730,109.333,155.368
99.205,77.211,109.333,155.368
98.686,77.730,109.333,155.368
98.166,75.135,109.333,155.368
97.647,77.730,109.333,155.368
97.128,75.135,109.333,155.368
96.609,76.692,109.333,155.368
95.052,75.135,109.333,155.368
94.533,77.730,109.333,155.368
94.014,75.135,109.333,155.368
93.495,76.692,109.333,155.368
91.937,75.135,109.333,155.368
91.418,76.692,109.333,155.368
90.899,75.135,109.333,155.368
90.380,76.692,109.333,155.368
89.861,75.135,109.333,155.368
89.342,76.692,109.333,155.368
86.747,76.173,109.333,155.368
85.189,78.768,109.333,155.368
83.632,77.211,109.333,155.368
81.037,79.806,109.333,155.368
79.479,78.249,109.333,155.368
76.884,77.730,109.333,155.368
75.327,74.096,109.333,155.368
75.846,75.654,109.333,155.368
75.327,73.058,109.333,155.368
76.884,74.616,109.333,155.368
76.365,73.058,109.333,155.368
75.846,72.539,109.333,155.368
76.365,73.058,109.333,155.368
76.884,75.654,109.333,155.368
77.403,76.173,109.333,155.368
77.922,78.768,109.333,155.368
77.403,77.211,109.333,155.368
76.884,79.806,109.333,155.368
77.403,77.211,109.333,155.368
76.884,79.806,109.333,155.368
76.365,76.173,109.333,155.368
75.846,78.768,109.333,155.368
76.365,76.173,109.333,155.368
74.807,75.654,109.333,155.368
76.365,76.173,109.333,155.368
76.884,76.692,109.333,155.368
77.403,75.135,109.333,155.368
77.922,76.692,109.333,155.368
78.441,75.135,109.333,155.368
79.998,76.692,109.333,155.368
79.479,74.096,109.333,155.368
81.037,75.654,109.333,155.368
82.594,75.135,109.333,155.368
83.113,75.654,109.333,155.368
83.632,74.096,109.333,155.368
84.151,75.654,109.333,155.368
85.708,74.096,109.333,155.368
85.189,75.654,109.333,155.368
86.746,74.096,109.333,155.368
87.266,75.654,109.333,155.368
87.785,73.058,109.333,155.368
88.304,72.539,109.333,155.368
88.823,70.982,109.333,155.368
89.342,70.463,109.333,155.368
88.823,67.867,109.333,155.368
90.380,70.463,109.333,155.368
89.861,67.867,109.333,155.368
91.418,69.425,109.333,155.368
90.899,67.867,109.333,155.368
91.418,67.348,109.333,155.368
91.937,66.829,109.333,155.368
93.495,68.386,109.333,155.368
92.976,66.829,109.333,155.368
94.533,68.386,109.333,155.368
94.014,66.829,109.333,155.368
94.533,68.386,109.333,155.368
94.014,65.791,109.333,155.368
95.571,69.425,109.333,155.368
95.052,65.791,109.333,155.368
95.571,68.386,109.333,155.368
96.090,67.867,109.333,155.368
97.647,68.386,109.333,155.368
97.128,64.753,109.333,155.368
97.647,67.348,109.333,155.368
98.166,65.791,109.333,155.368
98.686,66.310,109.333,155.368
97.128,62.676,109.333,155.368
97.647,63.196,109.333,155.368
96.090,64.753,109.333,155.368
96.609,67.348,109.333,155.368
96.090,68.906,109.333,155.368
96.609,69.425,109.333,155.368
95.052,69.944,109.333,155.368
95.571,70.463,109.333,155.368
95.052,69.944,109.333,155.368
95.571,72.539,109.333,155.368
94.014,70.982,109.333,155.368
94.533,74.616,109.333,155.368
94.014,74.096,109.333,155.368
94.533,77.730,109.333,155.368
94.014,78.249,109.333,155.368
93.495,80.845,109.333,155.368
92.976,81.364,109.333,155.368
93.495,80.845,109.333,155.368
92.976,82.402,109.333,155.368
93.495,80.845,109.333,155.368
92.976,82.402,109.333,155.368
93.495,79.806,109.333,155.368
92.976,82.402,109.333,155.368
93.495,79.806,109.333,155.368
92.976,82.402,109.333,155.368
93.495,80.845,109.333,155.368
92.976,83.440,109.333,155.368
93.495,80.845,109.333,155.368
94.014,82.402,109.333,155.368
94.533,78.768,109.333,155.368
95.052,79.287,109.333,155.368
95.571,77.730,109.333,155.368
95.052,77.211,109.333,155.368
94.533,75.654,109.333,155.368
94.014,74.096,109.333,155.368
94.533,73.577,109.333,155.368
94.014,73.058,109.333,155.368
94.533,71.501,109.333,155.368
91.937,74.096,109.333,155.368
91.418,74.616,109.333,155.368
88.823,75.135,109.333,155.368
88.304,76.692,109.333,155.368
88.823,77.211,109.333,155.368
87.266,78.768,109.333,155.368
87.785,80.326,109.333,155.368
87.266,77.730,109.333,155.368
86.746,81.364,109.333,155.368
87.412,81.519,107.001,152.055
86.904,84.059,107.001,152.055
87.412,85.584,107.001,152.055
88.063,82.798,104.720,148.812
86.572,87.273,104.720,148.812
87.069,86.775,104.720,148.812
86.572,87.273,104.720,148.812
87.069,87.770,104.720,148.812
86.572,86.278,104.720,148.812
86.074,89.759,104.720,148.812
85.577,89.261,104.720,148.812
86.074,90.753,104.720,148.812
85.577,89.261,104.720,148.812
86.074,90.753,104.720,148.812
85.753,88.027,102.486,145.639
86.240,90.460,102.486,145.639
85.753,91.919,102.486,145.639
86.240,90.460,102.486,145.639
85.753,91.919,102.486,145.639
86.240,91.433,102.486,145.639
85.753,93.866,102.486,145.639
85.267,90.460,102.486,145.639
84.780,92.892,102.486,145.639
86.240,89.486,102.486,145.639
85.753,92.892,102.486,145.639
85.267,89.486,102.486,145.639
84.780,91.919,102.486,145.639
86.240,88.513,102.486,145.639
85.753,90.946,102.486,145.639
85.267,89.486,102.486,145.639
84.780,91.919,102.486,145.639
85.267,91.433,102.486,145.639
85.753,91.919,102.486,145.639
85.267,91.433,102.486,145.639
84.780,92.892,102.486,145.639
86.240,90.460,102.486,145.639
85.753,92.892,102.486,145.639
85.267,91.433,102.486,145.639
84.780,92.892,102.486,145.639
86.240,89.486,102.486,145.639
85.753,92.892,102.486,145.639
85.267,90.460,102.486,145.639
84.780,92.892,102.486,145.639
86.240,89.486,102.486,145.639
85.753,92.892,102.486,145.639
85.267,90.460,102.486,145.639
84.780,91.919,102.486,145.639
85.267,90.460,102.486,145.639
84.780,93.866,102.486,145.639
86.240,90.460,102.486,145.639
85.753,94.839,102.486,145.639
85.267,93.379,102.486,145.639
84.780,94.839,102.486,145.639
86.240,92.406,102.486,145.639
85.753,94.839,102.486,145.639
86.240,93.379,102.486,145.639
86.726,95.812,102.486,145.639
86.412,94.082,100.301,142.533
86.888,97.415,100.301,142.533
87.365,94.082,100.301,142.533
85.936,99.320,100.301,142.533
88.317,95.987,100.301,142.533
86.888,99.320,100.301,142.533
87.365,99.796,100.301,142.533
86.888,100.273,100.301,142.533
88.317,95.034,100.301,142.533
87.841,97.415,100.301,142.533
88.213,92.380,102.520,145.686
88.700,96.761,102.520,145.686
89.187,95.301,102.520,145.686
89.674,96.761,102.520,145.686
90.160,92.380,102.520,145.686
89.674,97.734,102.520,145.686
90.160,95.301,102.520,145.686
90.647,96.761,102.520,145.686
92.107,92.380,102.520,145.686
92.594,97.734,102.520,145.686
91.134,100.168,102.520,145.686
92.594,94.814,102.520,145.686
92.975,96.737,104.788,148.910
90.736,94.009,102.554,145.734
91.117,97.954,104.823,148.958
92.539,90.626,107.142,152.254
91.013,95.204,107.142,152.254
88.723,99.279,104.857,149.007
89.221,92.807,104.857,149.007
88.723,97.288,104.857,149.007
89.221,94.799,104.857,149.007
88.577,95.733,107.177,152.304
90.031,91.408,109.548,155.674
87.690,96.577,107.212,152.354
88.199,90.978,107.212,152.354
87.690,95.559,107.212,152.354
87.361,93.750,104.926,149.105
89.819,93.651,107.247,152.404
87.273,96.197,107.247,152.404
87.782,93.651,107.247,152.404
85.236,99.252,107.247,152.404
86.764,93.651,107.247,152.404
85.236,98.233,107.247,152.404
86.764,92.632,107.247,152.404
85.236,98.233,107.247,152.404
86.764,93.651,107.247,152.404
84.218,99.252,107.247,152.404
85.745,93.651,107.247,152.404
84.218,98.233,107.247,152.404
86.764,92.632,107.247,152.404
85.236,98.233,107.247,152.404
86.764,93.651,107.247,152.404
85.236,99.252,107.247,152.404
85.745,94.669,107.247,152.404
85.236,99.252,107.247,152.404
86.764,93.651,107.247,152.404
85.236,99.252,107.247,152.404
86.764,95.687,107.247,152.404
85.236,101.288,107.247,152.404
86.764,97.724,107.247,152.404
84.218,101.288,107.247,152.404
86.764,96.706,107.247,152.404
85.236,100.270,107.247,152.404
87.782,95.687,107.247,152.404
86.254,100.270,107.247,152.404
86.764,96.706,107.247,152.404
87.273,98.233,107.247,152.404
87.782,94.669,107.247,152.404
87.273,97.215,107.247,152.404
88.800,91.614,107.247,152.404
88.471,88.822,104.960,149.154
91.960,84.337,104.960,149.154
98.438,78.855,104.960,149.154
98.936,77.360,104.960,149.154
101.428,78.855,104.960,149.154
100.784,82.892,107.282,152.454
101.293,81.364,107.282,152.454
99.765,83.911,107.282,152.454
100.275,87.477,107.282,152.454
99.765,89.005,107.282,152.454
100.275,90.533,107.282,152.454
98.747,90.023,107.282,152.454
99.256,92.570,107.282,152.454
99.765,90.023,107.282,152.454
98.050,90.979,109.656,155.827
99.612,90.459,109.656,155.827
99.091,88.897,109.656,155.827
99.612,90.459,109.656,155.827
100.132,89.938,109.656,155.827
100.653,91.500,109.656,155.827
100.132,89.938,109.656,155.827
101.694,91.500,109.656,155.827
101.174,90.979,109.656,155.827
100.653,92.541,109.656,155.827
101.174,90.979,109.656,155.827
101.694,92.541,109.656,155.827
102.215,90.979,109.656,155.827
101.694,92.541,109.656,155.827
102.215,90.979,109.656,155.827
101.694,92.541,109.656,155.827
103.256,89.938,109.656,155.827
102.736,91.500,109.656,155.827
103.256,86.814,109.656,155.827
102.736,85.252,109.656,155.827
102.215,82.649,109.656,155.827
100.653,81.087,109.656,155.827
101.174,78.484,109.656,155.827
100.653,76.922,109.656,155.827
100.132,76.402,109.656,155.827
100.653,75.881,109.656,155.827
99.091,76.402,109.656,155.827
101.766,74.551,107.318,152.504
102.419,77.650,105.029,149.252
102.918,76.154,105.029,149.252
105.479,76.304,102.789,146.069
104.015,78.744,102.789,146.069
104.503,76.304,102.789,146.069
104.015,77.768,102.789,146.069
104.503,76.304,102.789,146.069
103.039,78.744,102.789,146.069
104.503,75.327,102.789,146.069
103.039,78.744,102.789,146.069
105.547,76.068,100.597,142.954
104.114,78.456,100.597,142.954
103.636,77.978,100.597,142.954
106.090,77.201,98.452,139.905
104.687,78.603,98.452,139.905
105.155,79.070,98.452,139.905
104.687,77.668,98.452,139.905
104.220,79.070,98.452,139.905
104.687,77.668,98.452,139.905
104.220,79.070,98.452,139.905
103.753,77.668,98.452,139.905
105.155,78.135,98.452,139.905
103.753,79.538,98.452,139.905
105.155,77.201,98.452,139.905
103.753,78.603,98.452,139.905
105.155,78.135,98.452,139.905
103.753,78.603,98.452,139.905
105.155,78.135,98.452,139.905
104.687,76.733,98.452,139.905
106.090,78.135,98.452,139.905
104.687,77.668,98.452,139.905
106.090,77.201,98.452,139.905
104.687,77.668,98.452,139.905
106.090,77.201,98.452,139.905
104.687,77.668,98.452,139.905
105.155,78.135,98.452,139.905
104.687,77.668,98.452,139.905
106.090,77.201,98.452,139.905
104.687,77.668,98.452,139.905
107.025,77.201,98.452,139.905
105.622,77.668,98.452,139.905
106.090,78.135,98.452,139.905
105.622,77.668,98.452,139.905
107.025,77.201,98.452,139.905
105.622,77.668,98.452,139.905
107.025,78.135,98.452,139.905
105.622,77.668,98.452,139.905
106.090,80.005,98.452,139.905
104.687,78.603,98.452,139.905
104.220,80.005,98.452,139.905
102.818,80.473,98.452,139.905
100.481,80.940,98.452,139.905
100.013,84.212,98.452,139.905
98.611,82.810,98.452,139.905
98.144,86.082,98.452,139.905
95.806,85.614,98.452,139.905
94.404,88.886,98.452,139.905
91.860,90.733,100.630,143.001
90.427,88.344,100.630,143.001
87.826,90.232,102.857,146.165
86.361,86.814,102.857,146.165
83.920,84.372,102.857,146.165
82.455,83.884,102.857,146.165
80.990,80.466,102.857,146.165
80.501,79.000,102.857,146.165
80.013,80.466,102.857,146.165
80.501,79.000,102.857,146.165
80.013,83.396,102.857,146.165
80.501,81.931,102.857,146.165
80.013,84.372,102.857,146.165
79.525,82.907,102.857,146.165
79.036,82.419,102.857,146.165
80.501,85.837,102.857,146.165
79.036,85.349,102.857,146.165
80.501,88.767,102.857,146.165
80.013,90.232,102.857,146.165
77.355,90.135,105.132,149.399
78.853,92.631,105.132,149.399
77.355,91.134,105.132,149.399
75.674,89.999,107.458,152.704
76.184,89.489,107.458,152.704
75.674,86.938,107.458,152.704
78.225,89.489,107.458,152.704
75.674,85.917,107.458,152.704
78.225,88.468,107.458,152.704
75.674,84.897,107.458,152.704
78.225,86.427,107.458,152.704
75.674,83.877,107.458,152.704
78.225,86.427,107.458,152.704
75.674,82.856,107.458,152.704
78.225,85.407,107.458,152.704
76.695,84.897,107.458,152.704
78.225,86.427,107.458,152.704
76.695,83.877,107.458,152.704
78.225,86.427,107.458,152.704
75.674,82.856,107.458,152.704
78.225,85.407,107.458,152.704
76.695,82.856,107.458,152.704
78.225,85.407,107.458,152.704
76.695,82.856,107.458,152.704
79.246,85.407,107.458,152.704
77.715,82.856,107.458,152.704
80.266,85.407,107.458,152.704
78.735,81.836,107.458,152.704
82.307,84.387,107.458,152.704
80.776,81.836,107.458,152.704
83.327,84.387,107.458,152.704
83.837,81.836,107.458,152.704
86.388,84.387,107.458,152.704
86.898,80.815,107.458,152.704
89.449,83.366,107.458,152.704
90.980,81.836,107.458,152.704
91.490,82.346,107.458,152.704
94.041,80.815,107.458,152.704
94.551,81.326,107.458,152.704
96.082,78.775,107.458,152.704
97.612,80.305,107.458,152.704
99.250,78.491,105.167,149.448
101.747,81.986,105.167,149.448
100.249,78.491,105.167,149.448
102.745,82.985,105.167,149.448
100.249,77.493,105.167,149.448
102.745,80.988,105.167,149.448
100.249,75.495,105.167,149.448
103.744,78.990,105.167,149.448
101.247,73.498,105.167,149.448
102.745,74.996,105.167,149.448
101.247,71.501,105.167,149.448
103.744,73.997,105.167,149.448
102.246,71.501,105.167,149.448
103.744,71.002,105.167,149.448
103.244,71.501,105.167,149.448
102.745,69.004,105.167,149.448
103.244,71.501,105.167,149.448
103.744,68.006,105.167,149.448
103.244,69.504,105.167,149.448
102.745,67.007,105.167,149.448
103.244,69.504,105.167,149.448
104.742,71.001,105.167,149.448
102.025,66.758,107.494,152.754
99.247,68.775,109.872,156.134
99.769,65.123,109.872,156.134
98.204,62.515,109.872,156.134
98.726,63.037,109.872,156.134
98.204,62.515,109.872,156.134
98.726,61.993,109.872,156.134
97.161,61.472,109.872,156.134
97.682,59.907,109.872,156.134
97.161,61.472,109.872,156.134
97.682,58.863,109.872,156.134
96.117,59.385,109.872,156.134
96.639,58.863,109.872,156.134
95.074,55.212,109.872,156.134
94.552,54.690,109.872,156.134
95.221,53.841,107.529,152.804
95.732,56.394,107.529,152.804
94.200,59.967,107.529,152.804
93.690,60.478,107.529,152.804
93.179,65.073,107.529,152.804
93.690,67.625,107.529,152.804
93.179,68.136,107.529,152.804
94.711,68.646,107.529,152.804
94.200,67.115,107.529,152.804
94.711,69.667,107.529,152.804
94.200,67.115,107.529,152.804
95.732,68.646,107.529,152.804
95.221,67.115,107.529,152.804
95.732,68.646,107.529,152.804
95.221,66.094,107.529,152.804
96.753,69.667,107.529,152.804
96.242,67.115,107.529,152.804
95.732,69.667,107.529,152.804
97.263,68.136,107.529,152.804
97.774,70.688,107.529,152.804
98.284,69.157,107.529,152.804
98.795,71.709,107.529,152.804
100.326,69.157,107.529,152.804
100.837,71.709,107.529,152.804
102.368,69.157,107.529,152.804
102.879,71.709,107.529,152.804
104.411,69.157,107.529,152.804
104.921,70.688,107.529,152.804
105.432,69.157,107.529,152.804
105.942,70.688,107.529,152.804
106.453,68.136,107.529,152.804
106.963,71.709,107.529,152.804
107.474,69.157,107.529,152.804
107.984,72.730,107.529,152.804
109.516,70.178,107.529,152.804
110.026,73.751,107.529,152.804
111.558,70.178,107.529,152.804
113.090,70.688,107.529,152.804
114.621,68.136,107.529,152.804
116.153,66.604,107.529,152.804
119.726,66.094,107.529,152.804
121.258,64.562,107.529,152.804
122.789,65.073,107.529,152.804
125.342,62.520,107.529,152.804
126.874,64.052,107.529,152.804
128.405,61.499,107.529,152.804
128.916,64.052,107.529,152.804
131.468,61.499,107.529,152.804
131.979,64.052,107.529,152.804
133.510,61.499,107.529,152.804
134.021,63.030,107.529,152.804
135.553,63.541,107.529,152.804
135.042,65.073,107.529,152.804
137.595,61.499,107.529,152.804
137.084,64.051,107.529,152.804
138.616,63.541,107.529,152.804
139.126,65.073,107.529,152.804
139.637,63.541,107.529,152.804
140.147,66.094,107.529,152.804
140.658,63.541,107.529,152.804
140.147,65.073,107.529,152.804
140.658,63.541,107.529,152.804
140.147,65.073,107.529,152.804
140.658,63.541,107.529,152.804
140.147,66.094,107.529,152.804
140.658,63.541,107.529,152.804
141.168,65.073,107.529,152.804
140.658,64.562,107.529,152.804
140.147,66.094,107.529,152.804
140.658,64.562,107.529,152.804
140.147,66.094,107.529,152.804
140.658,64.562,107.529,152.804
140.147,66.094,107.529,152.804
140.658,64.562,107.529,152.804
140.147,65.073,107.529,152.804
137.369,67.090,109.908,156.185
136.847,64.481,109.908,156.185
136.325,65.003,109.908,156.185
135.803,64.481,109.908,156.185
134.238,62.915,109.908,156.185
133.716,63.437,109.908,156.185
132.151,65.003,109.908,156.185
131.814,62.141,107.564,152.854
130.282,65.716,107.564,152.854
128.749,63.163,107.564,152.854
128.239,64.695,107.564,152.854
126.707,63.163,107.564,152.854
126.196,64.695,107.564,152.854
123.417,65.653,109.944,156.236
125.092,61.784,107.599,152.904
124.581,63.317,107.599,152.904
121.801,64.276,109.980,156.287
120.234,61.665,109.980,156.287
119.712,63.231,109.980,156.287
119.190,61.665,109.980,156.287
117.623,62.187,109.980,156.287
116.057,62.709,109.980,156.287
113.446,62.187,109.980,156.287
112.924,59.576,109.980,156.287
110.313,58.010,109.980,156.287
106.658,55.399,109.980,156.287
106.136,54.877,109.980,156.287
104.569,53.310,109.980,156.287
104.047,55.921,109.980,156.287
103.525,56.443,109.980,156.287
105.092,60.098,109.980,156.287
104.569,61.665,109.980,156.287
106.136,65.320,109.980,156.287
105.614,66.886,109.980,156.287
106.136,69.497,109.980,156.287
106.658,72.108,109.980,156.287
106.136,71.586,109.980,156.287
105.614,74.197,109.980,156.287
106.136,71.586,109.980,156.287
105.614,74.197,109.980,156.287
