405.000,256.000,122.000,148.000
406.593,254.407,122.000,148.000
408.185,252.815,122.000,148.000
410.840,250.160,122.000,148.000
414.556,244.321,122.000,148.000
418.272,241.666,122.000,148.000
420.926,237.950,122.000,148.000
422.519,232.110,122.000,148.000
420.926,226.271,122.000,148.000
415.087,221.493,122.000,148.000
407.124,217.777,122.000,148.000
398.099,210.875,122.000,148.000
392.259,200.788,122.000,148.000
385.357,191.764,122.000,148.000
374.209,185.924,122.000,148.000
364.122,184.331,122.000,148.000
355.097,181.677,122.000,148.000
347.134,180.084,122.000,148.000
339.171,181.677,122.000,148.000
334.393,183.269,122.000,148.000
330.677,182.739,122.000,148.000
324.837,184.331,122.000,148.000
321.121,183.800,122.000,148.000
317.405,183.269,122.000,148.000
311.565,181.677,122.000,148.000
304.664,180.084,122.000,148.000
298.824,176.368,122.000,148.000
291.923,171.590,122.000,148.000
281.836,166.812,122.000,148.000
273.873,160.972,122.000,148.000
269.095,155.133,122.000,148.000
266.440,142.923,122.000,148.000
266.971,130.712,122.000,148.000
268.564,119.564,122.000,148.000
271.218,107.354,122.000,148.000
279.171,97.163,119.398,144.844
284.886,87.291,119.398,144.844
289.562,78.459,119.398,144.844
296.317,67.548,119.398,144.844
303.071,58.715,119.398,144.844
307.747,55.079,119.398,144.844
308.519,56.122,116.852,141.755
307.315,59.104,114.360,138.732
305.822,63.583,114.360,138.732
302.338,66.071,114.360,138.732
298.855,70.550,114.360,138.732
295.371,75.028,114.360,138.732
289.897,80.502,114.360,138.732
285.419,84.981,114.360,138.732
278.949,89.460,114.360,138.732
272.480,92.943,114.360,138.732
265.545,97.780,111.921,135.774
259.214,101.189,111.921,135.774
254.831,103.624,111.921,135.774
254.344,108.007,111.921,135.774
252.883,109.469,111.921,135.774
253.370,109.956,111.921,135.774
251.909,110.443,111.921,135.774
250.448,108.981,111.921,135.774
248.987,108.494,111.921,135.774
249.474,109.956,111.921,135.774
248.013,111.417,111.921,135.774
247.526,110.930,111.921,135.774
245.090,110.443,111.921,135.774
245.578,108.007,111.921,135.774
248.987,104.598,111.921,135.774
251.422,101.189,111.921,135.774
251.909,98.754,111.921,135.774
252.396,97.293,111.921,135.774
251.909,93.884,111.921,135.774
252.396,92.423,111.921,135.774
251.909,89.988,111.921,135.774
253.370,89.501,111.921,135.774
252.883,88.039,111.921,135.774
253.370,88.526,111.921,135.774
253.857,87.065,111.921,135.774
255.318,88.526,111.921,135.774
255.805,86.091,111.921,135.774
257.266,87.552,111.921,135.774
258.727,86.091,111.921,135.774
260.188,87.552,111.921,135.774
262.623,86.091,111.921,135.774
267.007,87.552,111.921,135.774
271.390,86.091,111.921,135.774
277.721,87.552,111.921,135.774
284.052,86.091,111.921,135.774
289.410,87.552,111.921,135.774
294.767,87.065,111.921,135.774
300.124,86.578,111.921,135.774
304.507,84.143,111.921,135.774
307.916,80.734,111.921,135.774
311.326,79.273,111.921,135.774
313.761,74.890,111.921,135.774
315.222,72.455,111.921,135.774
315.709,70.020,111.921,135.774
316.196,68.558,111.921,135.774
316.683,68.071,111.921,135.774
320.092,69.533,111.921,135.774
322.527,70.020,111.921,135.774
323.988,74.403,111.921,135.774
326.423,76.838,111.921,135.774
322.040,81.221,111.921,135.774
319.605,85.604,111.921,135.774
318.144,92.910,111.921,135.774
314.735,100.215,111.921,135.774
308.403,108.494,111.921,135.774
300.124,120.670,111.921,135.774
293.793,134.794,111.921,135.774
289.410,144.047,111.921,135.774
283.078,153.301,111.921,135.774
276.747,162.554,111.921,135.774
272.364,170.833,111.921,135.774
267.006,180.087,111.921,135.774
259.701,189.340,111.921,135.774
251.422,197.620,111.921,135.774
244.116,205.899,111.921,135.774
235.837,213.204,111.921,135.774
229.506,219.536,111.921,135.774
223.174,225.867,111.921,135.774
219.765,232.198,111.921,135.774
217.330,236.581,111.921,135.774
214.895,239.991,111.921,135.774
216.356,240.478,111.921,135.774
219.765,238.043,111.921,135.774
227.071,239.504,111.921,135.774
229.369,237.496,114.398,138.778
232.854,238.990,114.398,138.778
238.330,241.479,114.398,138.778
245.797,240.981,114.398,138.778
255.255,244.465,114.398,138.778
265.709,247.950,114.398,138.778
274.171,252.430,114.398,138.778
282.634,254.919,114.398,138.778
292.092,258.404,114.398,138.778
301.550,258.902,114.398,138.778
309.017,256.413,114.398,138.778
314.466,248.163,116.929,141.848
322.098,241.549,116.929,141.848
327.695,236.969,116.929,141.848
329.221,231.373,116.929,141.848
326.677,223.740,116.929,141.848
323.115,218.143,116.929,141.848
320.571,212.547,116.929,141.848
309.886,207.967,116.929,141.848
296.451,203.759,119.516,144.986
285.530,201.158,119.516,144.986
274.608,197.518,119.516,144.986
261.607,193.877,119.516,144.986
245.484,191.277,119.516,144.986
230.402,187.636,119.516,144.986
218.441,186.076,119.516,144.986
206.479,180.355,119.516,144.986
189.317,175.675,119.516,144.986
176.315,172.034,119.516,144.986
166.434,167.354,119.516,144.986
165.914,160.593,119.516,144.986
168.514,153.832,119.516,144.986
170.074,148.111,119.516,144.986
169.554,144.471,119.516,144.986
171.114,143.951,119.516,144.986
174.755,142.390,119.516,144.986
178.395,138.750,119.516,144.986
183.076,136.149,119.516,144.986
187.757,132.509,119.516,144.986
191.397,129.909,119.516,144.986
192.957,129.389,119.516,144.986
193.477,126.788,119.516,144.986
195.038,126.268,119.516,144.986
196.598,125.748,119.516,144.986
198.158,126.268,119.516,144.986
198.678,126.788,119.516,144.986
204.399,129.389,119.516,144.986
212.200,134.069,119.516,144.986
216.881,139.790,119.516,144.986
221.561,144.471,119.516,144.986
228.322,148.111,119.516,144.986
235.083,149.671,119.516,144.986
240.869,149.713,116.967,141.895
245.550,149.755,114.473,138.869
247.045,148.260,114.473,138.869
248.745,144.460,112.032,135.907
246.308,139.097,112.032,135.907
242.895,132.760,112.032,135.907
243.620,127.161,109.642,133.009
242.189,119.050,109.642,133.009
242.666,108.076,109.642,133.009
244.097,96.149,109.642,133.009
244.574,85.175,109.642,133.009
242.189,74.202,109.642,133.009
240.757,63.228,109.642,133.009
242.189,53.209,109.642,133.009
242.666,44.144,109.642,133.009
249.822,37.942,109.642,133.009
262.704,32.694,109.642,133.009
276.540,34.125,109.642,133.009
290.376,39.373,109.642,133.009
303.258,45.575,109.642,133.009
316.140,51.778,109.642,133.009
329.022,58.934,109.642,133.009
339.995,65.137,109.642,133.009
350.015,71.339,109.642,133.009
360.034,76.587,109.642,133.009
369.021,83.064,107.304,130.172
374.157,89.134,107.304,130.172
379.293,96.138,107.304,130.172
383.495,103.142,107.304,130.172
382.389,110.381,105.016,127.396
381.932,118.149,105.016,127.396
377.820,125.918,105.016,127.396
369.137,132.772,105.016,127.396
359.541,139.627,105.016,127.396
349.944,142.826,105.016,127.396
340.348,145.111,105.016,127.396
333.099,149.552,102.777,124.680
325.496,150.000,102.777,124.680
316.999,152.236,102.777,124.680
308.501,153.577,102.777,124.680
297.320,157.603,102.777,124.680
286.140,160.733,102.777,124.680
274.959,162.969,102.777,124.680
265.567,163.416,102.777,124.680
254.386,162.075,102.777,124.680
244.100,164.311,102.777,124.680
237.006,168.658,100.585,122.021
226.064,173.472,100.585,122.021
214.058,180.258,98.440,119.419
202.492,187.540,98.440,119.419
194.354,193.965,98.440,119.419
185.358,200.391,98.440,119.419
176.363,207.673,98.440,119.419
165.654,215.811,98.440,119.419
154.945,222.237,98.440,119.419
145.092,227.806,98.440,119.419
138.667,229.947,98.440,119.419
133.098,230.376,98.440,119.419
128.386,229.947,98.440,119.419
124.531,231.232,98.440,119.419
122.389,229.947,98.440,119.419
121.961,226.092,98.440,119.419
123.246,222.237,98.440,119.419
126.245,219.238,98.440,119.419
129.243,217.953,98.440,119.419
132.242,217.525,98.440,119.419
136.097,217.097,98.440,119.419
142.522,218.382,98.440,119.419
149.804,217.097,98.440,119.419
154.516,219.238,98.440,119.419
158.316,218.362,100.618,122.061
164.008,217.924,100.618,122.061
167.948,221.864,100.618,122.061
169.262,224.929,100.618,122.061
170.575,228.870,100.618,122.061
171.734,230.699,102.844,124.762
170.132,231.641,105.119,127.522
167.545,232.603,107.445,130.343
165.871,232.616,109.822,133.227
165.152,229.655,112.252,136.175
165.431,230.682,114.736,139.188
162.607,227.589,117.274,142.267
163.118,227.078,117.274,142.267
163.628,225.547,117.274,142.267
166.180,228.099,117.274,142.267
164.353,222.819,119.869,145.415
168.004,222.297,119.869,145.415
168.302,217.983,122.521,148.632
168.606,213.573,125.232,151.921
172.420,210.848,125.232,151.921
172.965,205.944,125.232,151.921
173.510,202.129,125.232,151.921
176.082,195.360,128.003,155.282
177.556,188.441,130.835,158.717
180.402,182.179,130.835,158.717
180.727,173.925,133.729,162.229
181.309,168.688,133.729,162.229
187.710,162.287,133.729,162.229
195.275,157.050,133.729,162.229
202.840,151.813,133.729,162.229
206.794,148.207,136.688,165.818
212.147,146.422,136.688,165.818
218.690,145.828,136.688,165.818
221.664,144.043,136.688,165.818
225.828,143.448,136.688,165.818
229.991,142.854,136.688,165.818
231.776,144.638,136.688,165.818
229.991,144.043,136.688,165.818
230.586,144.638,136.688,165.818
232.370,139.285,136.688,165.818
234.155,141.069,136.688,165.818
233.560,140.474,136.688,165.818
235.344,141.069,136.688,165.818
234.750,141.664,136.688,165.818
236.534,142.259,136.688,165.818
235.939,140.474,136.688,165.818
231.776,142.259,136.688,165.818
226.422,141.664,136.688,165.818
221.069,143.448,136.688,165.818
218.095,140.474,136.688,165.818
219.880,142.259,136.688,165.818
220.475,145.233,136.688,165.818
219.880,149.396,136.688,165.818
218.095,154.749,136.688,165.818
221.069,160.103,136.688,165.818
221.664,164.266,136.688,165.818
224.638,167.240,136.688,165.818
229.991,169.024,136.688,165.818
231.776,174.378,136.688,165.818
233.560,178.541,136.688,165.818
236.368,181.027,139.712,169.487
238.191,182.850,139.712,169.487
237.277,180.345,142.803,173.237
237.631,177.784,145.963,177.070
237.993,176.484,149.192,180.988
237.016,173.808,152.493,184.992
236.018,171.073,155.867,189.085
235.340,166.325,155.867,189.085
240.087,161.577,155.867,189.085
247.511,157.375,159.316,193.268
253.660,158.833,162.841,197.544
257.203,159.541,162.841,197.544
260.548,159.562,166.444,201.915
268.475,156.577,170.126,206.383
276.578,159.670,173.890,210.949
280.362,167.993,173.890,210.949
280.793,172.725,177.737,215.616
281.566,179.686,177.737,215.616
285.434,183.553,177.737,215.616
282.665,181.970,181.670,220.386
278.712,182.761,181.670,220.386
270.961,184.424,185.689,225.263
266.921,186.848,185.689,225.263
262.881,187.656,185.689,225.263
259.989,186.002,189.798,230.246
257.511,183.524,189.798,230.246
259.989,184.350,189.798,230.246
259.163,180.221,189.798,230.246
261.640,176.091,189.798,230.246
264.118,170.310,189.798,230.246
268.248,164.529,189.798,230.246
269.073,158.747,189.798,230.246
269.899,154.618,189.798,230.246
272.377,148.837,189.798,230.246
273.203,143.055,189.798,230.246
272.839,138.346,185.750,225.336
269.366,133.737,181.789,220.531
260.664,128.200,181.789,220.531
255.127,122.662,181.789,220.531
251.171,117.125,181.789,220.531
253.545,111.588,181.789,220.531
259.295,108.602,177.912,215.828
261.938,107.172,174.118,211.226
267.446,110.155,170.405,206.721
272.837,113.074,166.771,202.313
275.014,115.251,166.771,202.313
277.191,118.879,166.771,202.313
275.014,123.959,166.771,202.313
278.891,132.412,163.215,197.998
276.760,140.224,163.215,197.998
273.209,148.036,163.215,197.998
268.237,153.008,163.215,197.998
261.845,159.400,163.215,197.998
249.771,167.213,163.215,197.998
230.595,170.764,163.215,197.998
208.578,168.633,163.215,197.998
193.205,171.429,159.734,193.776
182.179,172.825,156.328,189.644
174.011,174.191,152.994,185.599
162.693,172.194,152.994,185.599
150.044,168.865,152.994,185.599
145.900,166.352,149.731,181.641
142.642,161.792,149.731,181.641
136.778,158.534,149.731,181.641
130.914,155.276,149.731,181.641
133.139,154.073,146.538,177.768
129.951,149.609,146.538,177.768
122.936,143.870,146.538,177.768
117.197,136.856,146.538,177.768
116.560,131.117,146.538,177.768
112.096,125.378,146.538,177.768
114.009,123.465,146.538,177.768
113.371,122.828,146.538,177.768
114.009,119.639,146.538,177.768
112.096,113.900,146.538,177.768
115.284,109.437,146.538,177.768
117.197,104.973,146.538,177.768
122.936,99.234,146.538,177.768
127.269,100.576,149.781,181.701
137.046,97.317,149.781,181.701
149.429,103.183,149.781,181.701
156.599,107.745,149.781,181.701
166.375,113.611,149.781,181.701
176.152,116.870,149.781,181.701
184.625,120.129,149.781,181.701
191.794,118.173,149.781,181.701
197.660,120.129,149.781,181.701
204.830,119.477,149.781,181.701
211.999,116.218,149.781,181.701
217.865,114.263,149.781,181.701
226.338,114.914,149.781,181.701
234.811,118.173,149.781,181.701
241.980,116.218,149.781,181.701
251.757,118.173,149.781,181.701
262.837,117.521,149.781,181.701
273.917,120.780,149.781,181.701
283.693,118.825,149.781,181.701
294.773,120.780,149.781,181.701
307.157,117.521,149.781,181.701
315.643,112.130,153.094,185.721
336.758,113.532,156.482,189.830
366.038,106.041,156.482,189.830
401.749,110.300,159.944,194.030
412.189,105.428,159.944,194.030
409.697,106.892,163.483,198.323
416.100,104.758,163.483,198.323
411.120,108.314,163.483,198.323
410.409,107.603,163.483,198.323
408.275,104.046,163.483,198.323
406.140,107.603,163.483,198.323
402.583,104.046,163.483,198.323
397.604,107.603,163.483,198.323
391.804,106.289,159.996,194.094
385.538,111.163,159.996,194.094
377.880,106.289,159.996,194.094
368.829,111.163,159.996,194.094
361.171,109.074,159.996,194.094
354.905,112.555,159.996,194.094
349.229,111.270,156.584,189.955
339.009,116.039,156.584,189.955
330.151,115.358,156.584,189.955
327.223,123.294,153.245,185.904
319.888,123.961,153.245,185.904
317.023,127.871,149.977,181.939
317.993,134.214,146.779,178.060
313.522,138.685,146.779,178.060
309.051,140.601,146.779,178.060
304.580,143.795,146.779,178.060
298.832,140.601,146.779,178.060
294.361,145.072,146.779,178.060
285.448,137.139,150.026,181.999
280.878,132.569,150.026,181.999
276.308,135.833,150.026,181.999
273.044,129.958,150.026,181.999
269.780,126.693,150.026,181.999
266.516,123.429,150.026,181.999
263.252,120.165,150.026,181.999
261.293,114.289,150.026,181.999
259.335,117.554,150.026,181.999
258.682,110.372,150.026,181.999
256.723,117.554,150.026,181.999
254.386,120.281,153.346,186.026
253.719,114.276,153.346,186.026
258.390,120.281,153.346,186.026
256.001,121.685,156.738,190.142
260.776,118.275,156.738,190.142
264.186,128.506,156.738,190.142
267.596,134.644,156.738,190.142
266.570,130.418,160.206,194.349
264.074,124.651,163.751,198.649
266.212,132.489,163.751,198.649
272.625,123.226,163.751,198.649
276.188,122.514,163.751,198.649
278.325,128.927,163.751,198.649
277.253,121.554,167.374,203.044
275.068,126.652,167.374,203.044
269.970,121.554,167.374,203.044
267.785,131.022,167.374,203.044
266.689,123.487,171.077,207.536
259.989,133.164,171.077,207.536
251.145,123.917,174.862,212.128
245.819,135.331,174.862,212.128
239.937,122.721,178.731,216.821
166.145,75.943,182.685,221.618
155.811,76.738,182.685,221.618
145.477,69.583,182.685,221.618
7.207,54.324,178.789,216.892
0.205,51.990,178.789,216.892
-5.241,55.880,178.789,216.892
-2.907,51.990,178.789,216.892
-5.241,54.324,178.789,216.892
-1.351,55.102,178.789,216.892
0.983,55.880,178.789,216.892
3.317,58.213,178.789,216.892
2.146,56.621,182.745,221.691
9.460,56.686,178.848,216.963
14.908,62.133,178.848,216.963
16.967,58.926,182.805,221.764
10.818,57.298,186.850,226.670
18.136,54.859,186.850,226.670
10.164,54.882,190.984,231.685
17.643,49.064,190.984,231.685
6.046,47.364,195.209,236.811
-0.520,43.863,199.528,242.051
2.085,42.994,199.528,242.051
-0.520,42.126,199.528,242.051
-1.388,44.731,199.528,242.051
-0.098,48.149,195.273,236.889
-3.749,58.046,191.109,231.837
-7.322,64.525,187.033,226.893
-10.819,69.298,183.045,222.055
-11.170,73.969,179.141,217.319
-14.519,77.037,175.321,212.685
-11.915,81.511,171.582,208.149
-15.123,83.011,167.923,203.710
-18.776,89.587,167.923,203.710
-20.968,91.779,167.923,203.710
-20.238,93.972,167.923,203.710
-22.430,97.625,167.923,203.710
-21.699,96.894,167.923,203.710
-22.022,98.362,164.342,199.366
-21.306,99.077,164.342,199.366
-22.022,99.793,164.342,199.366
-23.716,99.850,160.838,195.115
-25.815,101.950,160.838,195.115
-26.124,99.308,157.408,190.954
-25.106,103.325,154.051,186.882
-25.402,100.795,150.766,182.896
-24.426,103.377,147.551,178.996
-25.947,104.667,144.404,175.179
-27.833,105.296,144.404,175.179
-24.476,105.346,141.325,171.443
-25.933,105.396,138.311,167.787
-25.038,107.765,135.361,164.209
-23.271,109.532,135.361,164.209
-23.860,110.121,135.361,164.209
-24.449,110.711,135.361,164.209
-25.038,112.478,135.361,164.209
-20.915,115.423,135.361,164.209
-21.504,116.012,135.361,164.209
-19.737,116.601,135.361,164.209
-17.970,117.190,135.361,164.209
-17.381,114.245,135.361,164.209
-17.970,117.190,135.361,164.209
-15.959,113.831,132.475,160.707
-16.535,116.713,132.475,160.707
-14.567,113.426,129.650,157.280
-15.131,117.375,129.650,157.280
-14.293,115.246,126.885,153.926
-14.845,118.007,126.885,153.926
-14.024,115.923,124.179,150.643
-15.645,117.544,124.179,150.643
-16.185,113.761,124.179,150.643
-15.645,113.221,124.179,150.643
-17.266,109.438,124.179,150.643
-17.806,111.059,124.179,150.643
-18.347,108.358,124.179,150.643
-20.281,109.494,126.927,153.976
-22.258,109.510,129.735,157.383
-21.936,106.012,132.605,160.865
-22.513,104.281,132.605,160.865
-20.987,105.495,135.539,164.424
-22.756,102.546,135.539,164.424
-23.346,103.135,135.539,164.424
-23.936,104.905,135.539,164.424
-24.526,101.956,135.539,164.424
-22.756,103.725,135.539,164.424
-24.526,100.776,135.539,164.424
-23.936,102.546,135.539,164.424
-26.885,97.237,135.539,164.424
130.590,-16.593,135.539,164.424
122.923,-17.183,135.539,164.424
122.333,-17.772,135.539,164.424
122.923,-17.183,135.539,164.424
123.799,-17.135,132.649,160.918
120.913,-15.403,132.649,160.918
122.884,-14.244,129.820,157.486
123.724,-9.842,127.051,154.128
125.382,-8.183,127.051,154.128
125.935,-7.631,127.051,154.128
128.699,-5.972,127.051,154.128
130.358,-4.313,127.051,154.128
130.911,-3.761,127.051,154.128
132.570,-3.208,127.051,154.128
132.017,-3.761,127.051,154.128
131.464,-3.208,127.051,154.128
132.017,-3.761,127.051,154.128
133.904,-1.584,124.342,150.841
133.363,0.039,124.342,150.841
132.822,1.662,124.342,150.841
132.281,2.203,124.342,150.841
136.214,6.419,121.690,147.624
135.685,8.008,121.690,147.624
135.155,9.596,121.690,147.624
135.685,12.244,121.690,147.624
135.155,12.773,121.690,147.624
134.626,12.244,121.690,147.624
135.155,13.833,121.690,147.624
133.567,12.244,121.690,147.624
133.333,13.308,119.095,144.476
133.851,13.826,119.095,144.476
133.333,12.271,119.095,144.476
134.888,13.826,119.095,144.476
133.333,12.271,119.095,144.476
133.851,13.826,119.095,144.476
132.297,12.271,119.095,144.476
132.815,13.826,119.095,144.476
131.260,12.271,119.095,144.476
131.778,13.826,119.095,144.476
130.224,12.271,119.095,144.476
130.742,13.826,119.095,144.476
130.224,11.235,119.095,144.476
130.742,12.789,119.095,144.476
129.187,13.308,119.095,144.476
127.632,15.899,119.095,144.476
127.114,16.417,119.095,144.476
127.632,17.972,119.095,144.476
135.406,20.563,119.095,144.476
148.362,23.154,119.095,144.476
158.209,24.709,119.095,144.476
167.019,27.300,119.095,144.476
176.865,28.855,119.095,144.476
187.748,31.446,119.095,144.476
199.668,34.037,119.095,144.476
211.587,35.592,119.095,144.476
219.361,38.183,119.095,144.476
225.061,37.665,119.095,144.476
230.762,40.256,119.095,144.476
234.390,37.665,119.095,144.476
235.944,34.037,119.095,144.476
240.609,26.264,119.095,144.476
241.979,20.902,121.730,147.673
247.806,22.491,121.730,147.673
255.752,23.020,121.730,147.673
266.876,19.312,121.730,147.673
281.178,19.842,121.730,147.673
301.836,17.194,121.730,147.673
316.138,20.902,121.730,147.673
329.381,25.669,121.730,147.673
343.683,34.674,121.730,147.673
354.807,43.679,121.730,147.673
365.930,49.506,121.730,147.673
374.935,55.332,121.730,147.673
385.000,56.922,121.730,147.673
396.124,59.570,121.730,147.673
404.069,62.219,121.730,147.673
401.421,55.332,121.730,147.673
407.219,30.067,124.424,150.940
412.021,13.231,127.176,154.280
417.002,1.609,127.176,154.280
408.701,-8.905,127.176,154.280
405.934,-16.100,127.176,154.280
414.235,-22.187,127.176,154.280
423.643,-19.420,127.176,154.280
429.730,-22.187,127.176,154.280
438.084,-22.171,129.990,157.693
449.962,-20.474,129.990,157.693
462.972,-22.171,129.990,157.693
475.982,-20.474,129.990,157.693
500.305,-22.171,129.990,157.693
524.044,-18.854,127.218,154.330
540.098,-21.622,127.218,154.330
566.117,-17.747,127.218,154.330
586.600,-19.408,127.218,154.330
597.118,-23.283,127.218,154.330
600.993,-24.944,127.218,154.330
607.151,-28.100,124.505,151.039
612.134,-31.190,121.850,147.818
619.055,-33.191,119.252,144.666
615.825,-33.149,116.708,141.581
616.333,-30.610,116.708,141.581
620.025,-27.631,114.220,138.562
620.764,-26.633,111.784,135.607
619.305,-24.201,111.784,135.607
616.873,-22.742,111.784,135.607
613.113,-21.718,114.257,138.607
608.238,-21.704,116.785,141.674
606.713,-19.163,116.785,141.674
610.271,-21.704,116.785,141.674
609.763,-22.213,116.785,141.674
613.320,-23.737,116.785,141.674
613.096,-24.676,114.295,138.652
614.588,-22.189,114.295,138.652
609.711,-22.175,116.823,141.720
605.782,-20.051,119.408,144.856
601.765,-20.036,122.050,148.061
599.864,-20.021,124.750,151.336
596.795,-22.258,127.510,154.685
592.506,-23.394,130.332,158.107
598.744,128.031,130.332,158.107
605.054,137.917,127.552,154.736
610.158,137.961,124.832,151.436
615.154,133.817,122.170,148.206
619.019,129.761,119.565,145.046
621.798,119.773,117.015,141.953
618.919,109.222,119.604,145.093
623.603,101.415,119.604,145.093
621.001,94.650,119.604,145.093
624.784,89.675,117.053,141.999
627.331,82.035,117.053,141.999
622.337,65.139,119.643,145.141
626.122,51.131,117.092,142.046
555.178,47.243,114.595,139.017
559.764,43.438,112.151,136.052
558.300,45.878,112.151,136.052
560.907,52.503,109.759,133.151
562.538,61.749,107.419,130.311
560.530,69.896,105.128,127.532
560.328,76.988,102.886,124.813
559.880,80.122,102.886,124.813
567.491,83.256,102.886,124.813
570.625,86.390,102.886,124.813
573.759,88.629,102.886,124.813
577.014,91.254,100.692,122.151
566.936,92.569,100.692,122.151
554.229,93.007,100.692,122.151
546.781,89.940,100.692,122.151
544.053,87.441,98.545,119.546
625.957,83.582,98.545,119.546
619.973,84.484,100.725,122.191
