310.000,102.000,39.000,50.000
308.077,101.126,39.000,50.000
306.503,100.601,39.000,50.000
305.279,98.678,39.000,50.000
304.055,97.454,39.000,50.000
302.481,96.929,39.000,50.000
301.607,95.705,39.000,50.000
300.732,94.131,39.000,50.000
298.809,92.557,39.000,50.000
297.935,91.683,39.000,50.000
297.060,90.809,39.000,50.000
295.137,89.934,39.000,50.000
294.262,89.060,39.000,50.000
293.738,88.885,39.000,50.000
292.864,87.312,39.000,50.000
292.339,86.437,39.000,50.000
291.115,86.962,39.000,50.000
289.891,84.689,39.000,50.000
289.716,83.465,39.000,50.000
289.191,84.339,39.000,50.000
287.618,83.465,39.000,50.000
287.093,82.940,39.000,50.000
285.519,82.415,39.000,50.000
284.995,83.639,39.000,50.000
284.120,82.415,39.000,50.000
282.896,83.290,39.000,50.000
281.672,82.415,39.000,50.000
279.749,82.940,39.000,50.000
278.525,82.415,39.000,50.000
276.601,82.940,39.000,50.000
275.377,81.366,39.000,50.000
273.104,81.541,39.000,50.000
270.481,80.317,39.000,50.000
269.607,81.541,39.000,50.000
268.033,80.667,39.000,50.000
265.410,80.492,39.000,50.000
264.536,81.366,39.000,50.000
262.962,81.541,39.000,50.000
261.738,81.017,39.000,50.000
260.514,82.590,39.000,50.000
258.591,82.415,39.000,50.000
256.667,83.989,39.000,50.000
255.793,83.465,39.000,50.000
254.219,85.038,39.000,50.000
252.645,84.863,39.000,50.000
251.421,85.388,39.000,50.000
249.848,86.262,39.000,50.000
249.673,85.038,39.000,50.000
248.798,85.213,39.000,50.000
248.973,85.738,39.000,50.000
249.848,84.164,39.000,50.000
249.673,83.639,39.000,50.000
251.246,81.366,39.000,50.000
252.820,79.443,39.000,50.000
254.394,78.219,39.000,50.000
257.017,75.246,39.000,50.000
258.940,72.973,39.000,50.000
262.962,69.650,39.000,50.000
266.984,65.629,39.000,50.000
269.957,63.705,39.000,50.000
273.279,61.082,39.000,50.000
275.552,58.809,39.000,50.000
279.924,56.186,39.000,50.000
284.645,54.263,39.000,50.000
286.918,53.738,39.000,50.000
290.590,51.465,39.000,50.000
292.514,50.940,39.000,50.000
295.137,49.366,39.000,50.000
298.109,48.492,39.000,50.000
300.033,48.317,39.000,50.000
302.656,46.743,39.000,50.000
305.978,44.470,39.000,50.000
308.251,44.645,39.000,50.000
310.175,42.022,39.000,50.000
312.798,41.148,39.000,50.000
315.421,41.323,39.000,50.000
316.295,39.749,39.000,50.000
316.820,38.175,39.000,50.000
318.393,36.951,39.000,50.000
318.568,35.028,39.000,50.000
320.142,34.153,39.000,50.000
319.967,32.929,39.000,50.000
321.541,32.055,39.000,50.000
322.415,29.782,39.000,50.000
321.191,27.858,39.000,50.000
320.667,27.684,39.000,50.000
321.541,26.809,39.000,50.000
320.317,26.285,39.000,50.000
319.443,27.159,39.000,50.000
319.268,27.334,39.000,50.000
318.743,28.208,39.000,50.000
318.568,28.733,39.000,50.000
318.044,27.858,39.000,50.000
316.820,29.082,39.000,50.000
317.694,29.957,39.000,50.000
315.770,30.481,39.000,50.000
314.896,31.006,39.000,50.000
314.372,31.181,39.000,50.000
312.596,33.905,38.168,48.934
311.741,35.103,38.168,48.934
312.939,36.643,38.168,48.934
310.714,36.472,38.168,48.934
311.616,38.148,37.354,47.890
314.798,36.641,37.354,47.890
315.635,38.483,37.354,47.890
314.463,38.986,37.354,47.890
315.991,39.658,36.558,46.869
313.860,40.477,36.558,46.869
312.713,39.986,36.558,46.869
313.533,39.822,36.558,46.869
315.336,39.002,36.558,46.869
315.101,37.293,37.367,47.906
316.944,38.131,37.367,47.906
352.295,22.885,37.367,47.906
350.117,24.058,37.367,47.906
348.093,23.115,36.570,46.884
343.010,25.247,36.570,46.884
340.551,26.067,36.570,46.884
337.763,27.214,36.570,46.884
328.002,34.011,37.379,47.922
325.676,36.089,38.206,48.982
326.875,36.945,38.206,48.982
327.732,39.172,38.206,48.982
330.285,42.171,37.391,47.937
331.794,43.680,37.391,47.937
332.633,45.524,37.391,47.937
332.465,46.697,37.391,47.937
332.056,47.693,36.594,46.915
332.548,48.186,36.594,46.915
331.728,49.662,36.594,46.915
330.579,49.170,36.594,46.915
329.759,51.303,36.594,46.915
327.954,52.452,36.594,46.915
329.102,53.600,36.594,46.915
325.985,52.780,36.594,46.915
325.821,53.928,36.594,46.915
323.884,53.579,37.403,47.953
322.252,52.179,38.231,49.014
319.873,52.526,39.077,50.098
316.351,50.336,39.941,51.207
316.466,48.469,40.825,52.340
312.786,46.940,41.728,53.498
260.497,13.155,42.652,54.681
252.656,11.817,42.652,54.681
250.170,12.390,42.652,54.681
247.684,11.817,42.652,54.681
244.268,12.215,41.742,53.515
241.086,13.151,41.742,53.515
239.547,11.738,40.852,52.374
237.532,13.386,40.852,52.374
234.785,12.104,40.852,52.374
232.038,12.287,40.852,52.374
230.023,13.203,40.852,52.374
228.374,12.653,40.852,52.374
225.627,13.936,40.852,52.374
222.879,13.752,40.852,52.374
220.864,15.035,40.852,52.374
217.384,14.485,40.852,52.374
215.370,16.133,40.852,52.374
213.355,15.584,40.852,52.374
211.706,17.232,40.852,52.374
208.959,18.515,40.852,52.374
206.944,19.064,40.852,52.374
205.295,19.980,40.852,52.374
204.013,20.529,40.852,52.374
201.998,22.178,40.852,52.374
199.984,24.193,40.852,52.374
198.702,25.841,40.852,52.374
197.419,26.757,40.852,52.374
196.137,28.039,40.852,52.374
193.756,29.688,40.852,52.374
192.354,30.819,41.756,53.533
191.043,31.380,41.756,53.533
191.231,32.691,41.756,53.533
189.546,33.627,41.756,53.533
191.254,36.544,40.865,52.391
189.972,37.826,40.865,52.391
192.371,38.577,41.769,53.550
190.937,39.734,42.694,54.735
194.191,42.222,42.694,54.735
196.680,43.945,42.694,54.735
195.723,45.668,42.694,54.735
197.063,47.008,42.694,54.735
197.186,47.792,43.638,55.946
197.773,49.945,43.638,55.946
195.621,50.923,43.638,55.946
197.777,52.537,44.604,57.184
196.661,51.282,45.590,58.449
198.066,52.544,46.599,59.743
199.110,54.424,46.599,59.743
197.511,53.113,47.630,61.064
196.870,55.462,47.630,61.064
195.679,54.565,48.684,62.415
196.725,57.272,49.761,63.796
195.018,54.946,50.862,65.208
197.526,62.015,50.862,65.208
200.039,65.316,51.987,66.651
199.222,65.788,53.138,68.125
199.376,66.764,54.313,69.632
200.544,69.279,55.515,71.173
199.155,70.815,56.743,72.748
198.263,70.275,57.999,74.357
197.891,71.341,59.282,76.002
198.063,74.636,60.594,77.684
197.923,77.821,59.301,76.027
198.812,81.451,58.037,74.406
198.177,82.495,56.799,72.819
198.046,85.972,55.588,71.266
198.879,87.933,54.402,69.747
198.147,89.640,54.402,69.747
198.022,89.679,53.242,68.259
196.351,94.214,53.242,68.259
196.688,97.473,52.107,66.804
193.651,99.576,52.107,66.804
191.081,102.613,52.107,66.804
189.446,105.650,52.107,66.804
189.212,108.687,52.107,66.804
188.044,112.192,52.107,66.804
184.317,115.573,53.260,68.282
181.993,117.543,54.438,69.792
179.112,119.557,55.643,71.337
176.579,123.924,54.456,69.815
174.101,126.787,53.295,68.326
170.994,128.937,53.295,68.326
169.029,131.278,52.158,66.869
165.053,134.786,52.158,66.869
163.130,137.978,51.046,65.443
160.806,141.103,49.957,64.048
157.669,145.888,48.892,62.682
155.696,149.176,48.892,62.682
154.316,151.323,47.849,61.345
151.956,154.541,47.849,61.345
149.596,158.618,47.849,61.345
148.094,161.836,47.849,61.345
146.592,165.054,47.849,61.345
144.662,168.701,47.849,61.345
143.019,170.471,48.908,62.703
141.484,172.006,48.908,62.703
139.511,174.418,48.908,62.703
140.607,179.461,48.908,62.703
138.474,182.180,49.990,64.090
136.456,185.542,49.990,64.090
134.887,189.353,49.990,64.090
131.776,195.853,51.096,65.508
132.464,198.373,51.096,65.508
129.027,201.351,51.096,65.508
125.591,203.871,51.096,65.508
123.071,205.933,51.096,65.508
120.551,207.536,51.096,65.508
116.420,209.902,52.227,66.957
113.170,210.862,53.382,68.439
111.494,213.494,53.382,68.439
108.383,216.127,53.382,68.439
105.750,218.281,53.382,68.439
102.639,221.393,53.382,68.439
99.527,222.590,53.382,68.439
95.458,224.265,53.382,68.439
91.868,224.983,53.382,68.439
84.448,227.137,53.382,68.439
80.858,227.855,53.382,68.439
74.875,230.488,53.382,68.439
72.445,233.755,52.244,66.979
68.260,237.856,51.130,65.551
65.933,240.102,50.039,64.153
62.119,241.224,50.039,64.153
57.856,241.448,50.039,64.153
54.281,242.781,48.972,62.785
50.548,242.122,48.972,62.785
46.203,242.580,47.928,61.446
42.779,242.199,46.906,60.136
37.400,242.638,45.905,58.853
35.707,244.257,44.926,57.598
30.944,244.677,43.968,56.370
28.183,244.328,43.031,55.168
24.517,245.679,43.031,55.168
21.623,243.943,43.031,55.168
17.957,242.592,43.031,55.168
15.449,241.241,43.031,55.168
12.169,241.048,43.031,55.168
9.661,240.470,43.031,55.168
7.153,238.733,43.031,55.168
2.330,238.154,43.031,55.168
0.207,239.119,43.031,55.168
-2.301,237.769,43.031,55.168
-3.265,236.032,43.031,55.168
-5.002,235.839,43.031,55.168
-4.809,234.875,43.031,55.168
-6.159,233.524,43.031,55.168
-6.630,233.182,42.113,53.991
-7.574,232.238,42.113,53.991
-7.763,230.917,42.113,53.991
-8.707,231.483,42.113,53.991
-8.440,230.057,41.215,52.840
-10.103,229.872,41.215,52.840
-10.911,229.189,40.336,51.713
-10.306,228.520,39.476,50.610
-10.056,229.571,38.634,49.531
-11.147,228.931,37.810,48.475
-11.887,228.631,37.004,47.441
-12.612,229.616,36.215,46.429
-13.948,228.390,35.443,45.439
-15.867,227.802,34.687,44.470
-14.448,227.826,33.947,43.522
-10.419,230.491,33.223,42.594
-6.762,229.079,32.515,41.685
-3.701,229.516,32.515,41.685
-2.089,230.663,31.821,40.796
4.902,204.554,31.821,40.796
36.148,166.459,31.821,40.796
42.283,168.600,31.821,40.796
44.708,171.025,31.821,40.796
46.563,174.021,31.821,40.796
52.412,177.303,31.821,40.796
54.838,178.872,31.821,40.796
58.119,180.442,31.821,40.796
60.545,183.152,31.821,40.796
64.047,189.226,31.143,39.926
66.142,190.482,31.143,39.926
68.236,192.856,31.143,39.926
70.889,192.716,31.143,39.926
74.317,194.353,30.478,39.075
77.186,193.124,30.478,39.075
78.960,194.199,29.828,38.242
78.291,195.402,29.828,38.242
79.770,196.197,29.192,37.426
81.733,196.590,29.192,37.426
81.602,197.506,29.192,37.426
81.733,198.684,29.192,37.426
82.387,199.338,29.192,37.426
81.995,201.302,29.192,37.426
81.079,207.192,29.192,37.426
79.901,208.631,29.192,37.426
78.627,207.267,29.838,38.254
76.620,206.330,29.838,38.254
74.881,205.929,29.838,38.254
72.191,204.534,30.498,39.101
70.140,205.765,30.498,39.101
69.016,206.841,29.848,38.267
67.008,204.833,29.848,38.267
65.536,206.841,29.848,38.267
63.261,205.636,29.848,38.267
60.986,207.376,29.848,38.267
57.821,206.623,29.212,37.451
56.119,208.588,29.212,37.451
53.630,209.505,29.212,37.451
51.666,210.421,29.212,37.451
49.701,211.600,29.212,37.451
47.998,210.945,29.212,37.451
46.416,212.986,28.589,36.652
43.468,211.832,28.589,36.652
41.545,213.755,28.589,36.652
39.879,213.370,28.589,36.652
37.568,214.162,29.221,37.463
36.127,213.507,29.221,37.463
34.686,212.327,29.221,37.463
33.506,212.983,29.221,37.463
32.327,211.279,29.221,37.463
29.734,212.563,28.598,36.664
27.938,214.313,27.988,35.882
26.809,213.184,27.988,35.882
25.178,214.564,27.988,35.882
24.299,213.686,27.988,35.882
