245.000,64.000,12.000,13.000
245.443,64.443,12.000,13.000
245.886,63.803,12.000,13.000
245.443,64.246,12.000,13.000
246.279,63.606,12.000,13.000
246.525,64.049,12.000,13.000
245.689,63.311,12.000,13.000
245.836,63.656,12.000,13.000
246.082,63.902,12.000,13.000
246.525,64.148,12.000,13.000
245.886,63.410,12.000,13.000
246.328,63.754,12.000,13.000
246.870,64.098,12.000,13.000
246.624,63.360,12.000,13.000
246.673,63.803,12.000,13.000
246.722,64.246,12.000,13.000
246.673,63.606,12.000,13.000
246.427,64.049,12.000,13.000
246.870,63.508,12.000,13.000
246.132,63.951,12.000,13.000
246.279,64.394,12.000,13.000
246.329,63.754,12.000,13.000
246.181,64.295,12.000,13.000
245.738,63.852,12.000,13.000
244.902,64.590,12.000,13.000
244.360,64.246,12.000,13.000
244.114,63.902,12.000,13.000
243.278,64.640,12.000,13.000
242.441,64.394,12.000,13.000
241.900,64.148,12.000,13.000
240.572,64.000,12.000,13.000
239.145,63.951,12.000,13.000
238.505,64.984,12.000,13.000
236.882,65.328,12.000,13.000
235.947,64.787,12.000,13.000
234.717,65.525,12.000,13.000
232.995,65.378,12.000,13.000
231.863,65.230,12.000,13.000
229.944,65.181,12.000,13.000
228.419,65.230,12.000,13.000
227.189,65.181,12.000,13.000
224.975,64.935,12.000,13.000
222.859,65.476,12.000,13.000
220.841,64.640,12.000,13.000
218.923,64.295,12.000,13.000
217.102,63.557,12.000,13.000
215.675,63.508,12.000,13.000
213.461,62.967,12.000,13.000
212.428,63.213,12.000,13.000
210.509,62.278,12.000,13.000
208.000,62.130,12.000,13.000
206.573,61.884,12.000,13.000
204.359,62.721,12.000,13.000
203.522,62.868,12.000,13.000
201.013,63.213,12.000,13.000
199.783,62.770,12.000,13.000
197.765,63.508,12.000,13.000
195.945,63.262,12.000,13.000
194.420,63.213,12.000,13.000
193.091,63.065,12.000,13.000
190.975,62.721,12.000,13.000
189.155,63.262,12.000,13.000
187.728,62.524,12.000,13.000
185.514,62.573,12.000,13.000
183.595,62.229,12.000,13.000
181.873,61.687,12.000,13.000
180.446,62.032,12.000,13.000
179.314,61.195,12.000,13.000
177.494,61.245,12.000,13.000
175.772,61.392,12.000,13.000
172.933,61.504,12.266,13.288
170.771,61.051,12.266,13.288
170.017,62.007,12.266,13.288
167.251,62.459,12.266,13.288
165.591,62.007,12.266,13.288
164.132,62.862,12.266,13.288
161.869,62.811,12.266,13.288
159.908,62.660,12.266,13.288
158.572,62.670,12.537,13.582
156.876,63.030,12.537,13.582
155.694,62.053,12.537,13.582
153.997,61.488,12.537,13.582
153.123,61.642,12.537,13.582
152.250,61.076,12.537,13.582
150.450,60.203,12.537,13.582
149.988,59.946,12.537,13.582
150.142,59.791,12.537,13.582
149.885,59.637,12.537,13.582
149.373,60.500,12.814,13.882
148.900,61.078,12.814,13.882
149.478,60.920,12.814,13.882
149.110,61.078,12.814,13.882
149.163,61.551,12.814,13.882
149.741,62.129,12.814,13.882
150.417,61.594,13.098,14.189
150.996,61.715,13.388,14.503
150.502,61.221,13.388,14.503
151.325,61.825,13.388,14.503
151.600,61.112,13.388,14.503
151.964,61.464,13.684,14.824
152.133,61.071,13.684,14.824
152.413,60.454,13.684,14.824
151.796,60.847,13.684,14.824
152.525,60.005,13.684,14.824
152.357,60.173,13.684,14.824
152.413,60.454,13.684,14.824
152.582,60.847,13.684,14.824
152.862,60.117,13.684,14.824
153.143,60.734,13.684,14.824
153.648,60.342,13.684,14.824
153.255,61.183,13.684,14.824
152.974,61.688,13.684,14.824
153.928,61.856,13.684,14.824
154.209,62.474,13.684,14.824
153.591,63.540,13.684,14.824
154.080,64.249,13.987,15.152
153.985,64.617,14.296,15.487
154.864,64.910,14.296,15.487
155.158,64.499,14.296,15.487
155.920,65.261,14.296,15.487
155.944,64.786,14.612,15.830
155.764,65.205,14.612,15.830
155.167,64.222,14.936,16.180
155.229,64.896,14.936,16.180
155.381,64.145,15.266,16.538
154.498,63.378,15.604,16.904
154.050,62.674,15.604,16.904
154.498,61.586,15.604,16.904
153.538,60.754,15.604,16.904
152.834,60.307,15.604,16.904
152.386,60.243,15.604,16.904
151.299,59.795,15.604,16.904
150.467,59.219,15.604,16.904
150.019,59.667,15.604,16.904
149.116,59.281,15.949,17.278
148.266,59.738,15.949,17.278
147.809,59.019,15.949,17.278
148.005,59.608,15.949,17.278
147.678,59.281,15.949,17.278
147.089,60.262,15.949,17.278
146.370,60.458,15.949,17.278
146.435,59.608,15.949,17.278
146.370,59.281,15.949,17.278
146.174,59.869,15.949,17.278
145.978,58.888,15.949,17.278
146.566,58.169,15.949,17.278
145.585,57.580,15.949,17.278
144.735,56.600,15.949,17.278
143.885,56.142,15.949,17.278
143.296,56.730,15.949,17.278
141.792,56.142,15.949,17.278
140.942,56.861,15.949,17.278
139.884,56.466,16.302,17.660
138.480,57.202,16.302,17.660
136.542,57.001,16.302,17.660
135.004,56.934,16.302,17.660
133.467,57.001,16.302,17.660
130.859,57.707,16.663,18.051
129.151,57.092,16.663,18.051
127.717,57.571,16.663,18.051
125.462,57.092,16.663,18.051
123.481,57.707,16.663,18.051
121.909,57.092,16.663,18.051
120.611,57.434,16.663,18.051
118.767,57.092,16.663,18.051
117.469,56.068,16.663,18.051
115.897,55.179,16.663,18.051
114.872,54.428,16.663,18.051
113.438,53.813,16.663,18.051
111.730,52.788,16.663,18.051
110.432,52.173,16.663,18.051
108.724,52.652,16.663,18.051
107.562,51.900,16.663,18.051
106.127,52.515,16.663,18.051
105.239,51.900,16.663,18.051
103.668,52.652,16.663,18.051
102.916,52.173,16.663,18.051
102.438,53.062,16.663,18.051
101.413,52.993,16.663,18.051
100.798,53.198,16.663,18.051
100.402,53.495,17.031,18.450
99.561,52.494,17.408,18.859
98.919,53.279,17.408,18.859
98.208,51.959,17.793,19.276
98.427,51.303,17.793,19.276
97.397,51.771,18.187,19.702
97.472,50.652,18.187,19.702
95.757,50.130,18.187,19.702
95.085,50.801,18.187,19.702
94.265,50.279,18.187,19.702
93.445,51.100,18.187,19.702
91.928,51.578,18.589,20.138
90.938,50.740,18.589,20.138
89.071,51.545,19.001,20.584
87.903,51.623,19.001,20.584
86.422,52.168,19.001,20.584
85.098,52.246,19.001,20.584
83.306,52.947,19.001,20.584
81.075,53.447,19.421,21.039
79.722,53.845,19.421,21.039
77.731,52.810,19.421,21.039
76.059,52.571,19.421,21.039
74.274,52.090,19.851,21.505
73.053,51.358,19.851,21.505
73.297,49.811,19.851,21.505
72.149,48.813,20.290,21.981
71.400,49.229,20.290,21.981
71.483,48.148,20.290,21.981
71.733,47.732,20.290,21.981
72.149,48.481,20.290,21.981
71.899,47.898,20.290,21.981
72.624,48.259,20.739,22.467
73.730,48.514,20.739,22.467
74.118,48.001,21.198,22.964
75.248,48.783,21.198,22.964
76.378,48.349,21.198,22.964
77.855,48.957,21.198,22.964
78.811,48.001,21.198,22.964
79.941,47.393,21.198,22.964
81.071,47.480,21.198,22.964
82.027,47.393,21.198,22.964
82.636,46.611,21.198,22.964
83.032,46.086,21.667,23.472
83.654,46.530,21.667,23.472
83.388,45.553,21.667,23.472
83.977,46.307,22.146,23.991
84.015,46.136,22.636,24.522
84.665,45.486,22.636,24.522
85.871,46.322,22.636,24.522
85.910,45.184,23.137,25.065
86.384,46.417,23.137,25.065
87.238,47.271,23.137,25.065
87.333,46.986,23.137,25.065
87.428,47.460,23.137,25.065
87.712,47.745,23.137,25.065
87.358,46.779,23.649,25.619
87.067,46.488,23.649,25.619
88.328,45.615,23.649,25.619
87.843,45.712,23.649,25.619
89.103,45.421,23.649,25.619
89.546,44.233,24.172,26.186
89.843,43.737,24.172,26.186
90.537,44.431,24.172,26.186
90.636,43.142,24.172,26.186
91.330,42.250,24.172,26.186
91.231,41.755,24.172,26.186
91.528,42.052,24.172,26.186
92.420,40.764,24.172,26.186
92.916,41.656,24.172,26.186
92.751,40.852,24.707,26.766
94.068,40.548,24.707,26.766
95.587,41.865,24.707,26.766
97.101,41.043,25.253,27.358
98.003,41.493,25.812,27.963
100.014,42.868,25.812,27.963
102.254,42.449,26.383,28.582
105.175,43.207,26.383,28.582
108.096,44.613,26.383,28.582
110.385,44.633,26.967,29.214
113.592,44.965,26.967,29.214
116.135,45.739,26.967,29.214
120.226,45.407,26.967,29.214
123.432,44.855,26.967,29.214
127.302,44.302,26.967,29.214
129.845,44.191,26.967,29.214
132.167,42.975,26.967,29.214
134.710,41.759,26.967,29.214
136.590,40.542,26.967,29.214
138.028,39.768,26.967,29.214
139.686,39.215,26.967,29.214
140.902,39.326,26.967,29.214
142.340,38.773,26.967,29.214
143.998,37.999,26.967,29.214
145.436,38.331,26.967,29.214
147.316,38.884,26.967,29.214
148.974,38.773,26.967,29.214
150.854,39.326,26.967,29.214
152.955,40.321,26.967,29.214
155.940,40.874,26.967,29.214
158.510,41.124,27.563,29.860
162.309,41.615,28.173,30.521
165.197,42.654,28.173,30.521
169.080,43.395,28.797,31.196
171.824,44.888,29.434,31.887
176.772,45.250,29.434,31.887
181.329,45.774,30.085,32.592
183.940,45.797,30.751,33.313
188.857,45.923,30.751,33.313
192.766,46.554,30.751,33.313
197.179,44.914,30.751,33.313
200.583,45.797,30.751,33.313
204.996,44.158,30.751,33.313
206.887,44.788,30.751,33.313
209.556,42.981,31.431,34.050
212.520,41.821,31.431,34.050
214.969,43.239,31.431,34.050
218.448,41.821,31.431,34.050
220.381,43.239,31.431,34.050
223.088,42.337,31.431,34.050
226.567,43.496,31.431,34.050
229.016,44.399,31.431,34.050
231.743,45.225,32.126,34.804
235.300,44.303,32.126,34.804
238.593,45.752,32.126,34.804
241.096,46.938,32.126,34.804
244.389,47.860,32.126,34.804
247.946,47.201,32.126,34.804
250.712,46.279,32.126,34.804
253.215,46.938,32.126,34.804
256.508,46.806,32.126,34.804
258.755,46.034,31.441,34.061
262.197,44.782,30.771,33.335
264.592,45.502,30.115,32.624
267.185,44.391,30.115,32.624
269.767,45.334,29.472,31.928
272.761,44.859,28.844,31.248
275.008,45.924,28.844,31.248
277.728,46.515,28.844,31.248
279.975,46.397,28.844,31.248
282.458,46.988,28.844,31.248
285.178,48.052,28.844,31.248
287.189,48.171,28.844,31.248
288.963,47.579,28.844,31.248
290.264,46.515,28.844,31.248
291.565,45.451,28.844,31.248
292.866,44.623,28.844,31.248
293.221,43.795,28.844,31.248
294.522,43.440,28.844,31.248
295.586,41.903,28.844,31.248
295.231,41.311,28.844,31.248
296.532,41.193,28.844,31.248
297.360,39.655,28.844,31.248
297.715,38.118,28.844,31.248
297.596,37.054,28.844,31.248
298.424,36.226,28.844,31.248
299.962,36.344,28.844,31.248
300.790,36.462,28.844,31.248
301.617,36.581,28.844,31.248
302.682,37.881,28.844,31.248
304.456,39.892,28.844,31.248
306.939,41.666,28.844,31.248
308.950,42.730,28.844,31.248
311.434,43.322,28.844,31.248
315.100,44.150,28.844,31.248
317.347,42.849,28.844,31.248
320.067,41.784,28.844,31.248
322.078,40.720,28.844,31.248
323.844,39.024,29.482,31.939
324.647,37.542,30.134,32.646
325.980,36.028,30.801,33.368
326.557,33.955,31.483,34.106
325.539,32.105,32.179,34.861
325.671,31.709,32.179,34.861
324.083,30.639,32.891,35.632
323.299,29.545,33.619,36.420
321.783,30.234,33.619,36.420
319.838,30.260,34.363,37.226
317.850,30.287,35.123,38.050
316.415,30.912,35.900,38.892
313.727,31.245,36.694,39.752
310.043,30.962,37.506,40.632
307.121,32.653,37.506,40.632
304.199,34.345,37.506,40.632
301.585,35.421,37.506,40.632
297.820,35.770,38.336,41.531
294.519,34.355,38.336,41.531
291.532,35.770,38.336,41.531
288.546,34.041,38.336,41.531
285.675,33.418,39.184,42.449
283.408,31.115,40.051,43.389
281.274,29.965,40.051,43.389
278.810,28.816,40.051,43.389
276.019,28.652,40.051,43.389
273.701,29.364,40.937,44.349
270.636,28.003,41.843,45.330
267.147,28.747,42.769,46.333
264.166,29.624,42.769,46.333
260.236,28.202,43.715,47.358
256.963,28.236,44.682,48.406
253.849,28.053,44.682,48.406
250.734,27.503,44.682,48.406
248.353,28.053,44.682,48.406
246.148,26.947,45.671,49.477
243.894,25.428,46.681,50.571
241.405,26.003,46.681,50.571
239.102,24.450,47.714,51.690
236.559,25.820,47.714,51.690
233.798,25.451,48.770,52.834
231.198,25.251,48.770,52.834
228.599,26.251,48.770,52.834
226.192,26.704,49.849,54.003
223.732,27.166,50.952,55.198
221.434,28.211,50.952,55.198
221.087,28.684,52.079,56.419
219.592,27.189,52.079,56.419
219.806,27.830,52.079,56.419
219.451,26.098,53.231,57.667
219.233,25.443,53.231,57.667
220.229,23.220,54.409,58.943
220.453,22.105,54.409,58.943
219.337,20.543,54.409,58.943
220.006,19.874,54.409,58.943
221.122,18.312,54.409,58.943
220.453,15.858,54.409,58.943
219.783,14.297,54.409,58.943
221.345,11.843,54.409,58.943
220.676,10.281,54.409,58.943
222.237,8.719,54.409,58.943
223.799,8.943,54.409,58.943
222.444,7.636,53.249,57.686
222.225,8.727,53.249,57.686
221.570,8.946,53.249,57.686
218.732,9.601,53.249,57.686
215.894,10.256,53.249,57.686
212.182,10.911,53.249,57.686
208.034,12.439,53.249,57.686
203.012,13.531,53.249,57.686
197.117,15.496,53.249,57.686
189.912,17.024,53.249,57.686
181.397,18.989,53.249,57.686
171.573,20.517,53.249,57.686
161.311,22.046,53.249,57.686
150.613,24.011,53.249,57.686
138.604,25.976,53.249,57.686
127.177,27.643,52.113,56.456
115.425,27.857,52.113,56.456
104.955,27.216,52.113,56.456
95.007,27.612,51.002,55.252
85.597,25.730,51.002,55.252
77.876,25.714,49.914,54.074
71.123,25.100,49.914,54.074
63.960,23.667,49.914,54.074
59.662,24.281,49.914,54.074
55.262,23.872,48.850,52.921
51.056,25.674,48.850,52.921
47.651,25.073,48.850,52.921
44.246,24.873,48.850,52.921
41.642,26.275,48.850,52.921
40.240,24.873,48.850,52.921
38.438,25.474,48.850,52.921
38.237,23.671,48.850,52.921
36.835,22.670,48.850,52.921
37.436,20.867,48.850,52.921
36.034,19.065,48.850,52.921
37.036,16.861,48.850,52.921
36.435,15.459,48.850,52.921
35.033,13.256,48.850,52.921
35.634,11.854,48.850,52.921
34.232,10.852,48.850,52.921
32.829,9.450,48.850,52.921
31.999,8.663,47.808,51.792
31.019,7.291,47.808,51.792
29.255,7.487,47.808,51.792
27.098,7.683,47.808,51.792
24.550,7.487,47.808,51.792
22.002,8.859,47.808,51.792
17.885,7.879,47.808,51.792
13.377,7.683,47.808,51.792
8.476,6.703,47.808,51.792
2.007,5.331,47.808,51.792
