125.000,86.000,15.000,16.000
126.647,85.573,15.000,16.000
128.051,84.292,15.000,16.000
129.332,84.109,15.000,16.000
130.858,83.071,15.000,16.000
132.749,82.156,15.000,16.000
133.786,82.583,15.000,16.000
135.068,81.912,15.000,16.000
136.227,82.583,15.000,16.000
138.606,82.644,15.000,16.000
140.986,83.071,15.000,16.000
143.366,83.620,15.000,16.000
144.647,83.193,15.000,16.000
146.416,83.986,15.000,16.000
147.332,83.559,15.000,16.000
148.369,82.888,15.000,16.000
149.528,82.461,15.000,16.000
150.810,82.400,15.000,16.000
152.457,81.363,15.000,16.000
153.372,80.204,15.000,16.000
154.165,78.922,15.000,16.000
155.203,77.763,15.000,16.000
156.362,76.482,15.000,16.000
157.887,76.176,15.000,16.000
159.413,75.139,15.000,16.000
160.070,74.392,15.332,16.354
159.509,74.455,15.332,16.354
160.444,74.767,15.332,16.354
161.629,74.954,15.332,16.354
163.063,74.767,15.332,16.354
163.749,74.330,15.332,16.354
165.309,73.519,15.332,16.354
165.745,72.958,15.332,16.354
165.899,73.101,15.671,16.716
165.453,72.909,15.671,16.716
166.027,72.463,15.671,16.716
166.473,73.164,15.671,16.716
167.939,72.208,15.671,16.716
168.385,73.419,15.671,16.716
168.449,74.886,15.671,16.716
168.768,75.842,15.671,16.716
169.469,74.631,15.671,16.716
170.297,77.754,15.671,16.716
170.106,77.945,15.671,16.716
176.480,70.552,16.018,17.086
178.347,66.903,15.676,16.721
170.886,78.062,15.676,16.721
172.863,79.529,15.676,16.721
171.862,77.556,15.342,16.365
168.390,82.619,15.681,16.727
164.882,97.609,15.681,16.727
174.437,79.754,16.028,17.097
175.285,78.385,16.028,17.097
176.132,79.102,16.028,17.097
177.623,78.719,15.687,16.732
178.325,79.676,15.687,16.732
178.771,80.250,15.687,16.732
179.728,81.463,15.687,16.732
180.430,82.803,15.687,16.732
180.749,83.249,15.687,16.732
181.569,84.057,16.034,17.102
182.136,85.289,16.388,17.481
183.136,85.622,16.388,17.481
184.402,86.622,16.388,17.481
184.202,86.689,16.388,17.481
186.002,86.356,16.388,17.481
187.402,85.756,16.388,17.481
188.269,85.023,16.388,17.481
187.269,84.956,16.388,17.481
200.801,100.222,16.388,17.481
218.600,99.222,16.388,17.481
217.797,99.651,16.751,17.868
217.456,98.629,16.751,17.868
217.115,97.879,16.751,17.868
218.137,97.266,16.751,17.868
221.557,78.193,17.122,18.263
225.249,76.591,17.122,18.263
225.875,73.179,17.122,18.263
226.502,70.184,17.122,18.263
225.179,71.925,17.122,18.263
217.114,74.830,17.500,18.667
211.824,74.107,17.888,19.080
191.470,70.499,18.283,19.502
187.231,70.870,18.283,19.502
186.797,71.503,18.688,19.934
185.353,72.340,18.688,19.934
183.757,73.480,18.688,19.934
182.160,74.620,18.688,19.934
178.892,75.000,18.688,19.934
176.991,75.988,18.688,19.934
175.243,76.977,18.688,19.934
171.974,77.509,18.688,19.934
170.378,78.345,18.688,19.934
166.957,78.269,18.688,19.934
165.057,78.041,18.688,19.934
163.764,77.509,18.688,19.934
162.624,77.585,18.688,19.934
161.484,76.141,18.688,19.934
160.496,75.912,18.688,19.934
159.811,75.076,18.688,19.934
159.583,74.544,18.688,19.934
158.747,73.708,18.688,19.934
157.303,73.936,18.688,19.934
157.075,73.404,18.688,19.934
157.303,73.784,18.688,19.934
155.859,72.796,18.688,19.934
155.478,72.416,18.688,19.934
154.338,73.252,18.688,19.934
153.198,73.328,18.688,19.934
151.906,74.316,18.688,19.934
151.070,75.000,18.688,19.934
149.929,75.532,18.688,19.934
148.485,76.825,18.688,19.934
146.737,77.509,18.688,19.934
144.532,79.105,18.688,19.934
142.328,80.093,18.688,19.934
140.427,82.146,18.688,19.934
138.527,84.502,18.688,19.934
136.778,87.467,18.688,19.934
135.334,90.432,18.688,19.934
132.978,93.852,18.688,19.934
131.837,97.273,18.688,19.934
130.089,101.606,18.688,19.934
129.101,105.027,18.688,19.934
128.026,109.144,19.101,20.375
126.283,112.869,19.524,20.825
124.933,115.013,19.524,20.825
124.219,117.634,19.524,20.825
123.345,118.984,19.524,20.825
121.836,120.810,19.524,20.825
121.121,122.160,19.524,20.825
120.334,123.071,19.108,20.381
119.564,123.663,18.700,19.947
118.957,122.483,18.301,19.521
117.543,119.729,18.301,19.521
116.873,116.527,18.301,19.521
114.894,110.673,18.706,19.953
113.345,105.637,19.120,20.395
112.084,99.682,19.543,20.846
111.291,94.915,19.976,21.307
110.072,88.821,19.976,21.307
109.267,85.211,19.550,20.853
112.686,83.064,19.550,20.853
112.925,81.394,19.550,20.853
114.118,80.360,19.550,20.853
115.788,77.259,19.550,20.853
117.617,76.066,19.550,20.853
105.291,69.147,19.550,20.853
104.098,68.273,19.550,20.853
103.541,68.034,19.550,20.853
102.030,67.637,19.550,20.853
101.156,67.080,19.550,20.853
99.645,67.318,19.550,20.853
97.657,67.080,19.550,20.853
96.146,66.682,19.550,20.853
94.953,66.285,19.550,20.853
92.806,67.000,19.550,20.853
89.386,58.969,19.550,20.853
81.037,64.774,19.550,20.853
95.425,66.912,19.133,20.408
95.658,65.434,19.133,20.408
93.713,66.134,19.133,20.408
94.066,66.958,19.556,20.860
94.263,67.470,19.989,21.321
95.319,65.925,19.989,21.321
95.858,66.280,20.431,21.793
96.752,67.160,20.883,22.275
99.077,68.059,21.345,22.768
100.553,68.798,21.817,23.272
103.534,68.633,22.300,23.787
104.699,67.146,22.793,24.313
106.467,67.358,23.298,24.851
108.078,66.126,23.298,24.851
109.492,64.770,23.813,25.401
111.526,65.060,23.813,25.401
113.947,65.351,23.813,25.401
117.338,64.866,23.813,25.401
119.565,66.707,23.813,25.401
123.343,68.547,23.813,25.401
126.540,70.775,23.813,25.401
129.543,74.359,23.813,25.401
132.796,77.797,24.340,25.963
136.262,82.252,24.340,25.963
138.143,85.519,24.340,25.963
139.825,90.060,24.878,26.537
141.546,94.411,24.878,26.537
145.695,96.739,24.878,26.537
142.962,100.686,24.878,26.537
149.302,108.056,25.429,27.124
150.630,111.298,25.991,27.724
151.549,113.733,26.567,28.338
158.811,105.390,26.000,27.733
159.802,105.380,25.446,27.142
159.375,105.570,24.903,26.563
160.324,105.560,24.372,25.997
149.666,120.187,24.911,26.572
149.075,119.157,25.462,27.160
147.936,114.703,25.462,27.160
145.827,110.212,26.026,27.761
142.545,104.389,26.026,27.761
137.993,98.779,26.026,27.761
134.500,92.109,26.026,27.761
129.948,86.498,26.026,27.761
126.878,81.946,26.026,27.761
121.902,76.547,26.026,27.761
120.241,68.578,25.471,27.169
116.197,70.535,26.034,27.770
114.608,68.523,26.034,27.770
112.173,66.722,26.034,27.770
111.008,64.710,26.034,27.770
109.207,63.122,26.034,27.770
107.619,63.016,26.034,27.770
105.819,62.275,26.034,27.770
104.865,62.380,26.034,27.770
103.701,61.851,26.034,27.770
102.747,60.686,26.034,27.770
102.006,59.521,26.034,27.770
101.477,60.051,26.034,27.770
100.947,58.674,26.034,27.770
99.147,57.509,26.034,27.770
97.558,58.674,26.034,27.770
95.335,57.509,26.034,27.770
93.958,59.098,26.034,27.770
91.946,60.262,26.034,27.770
89.934,62.063,26.034,27.770
87.710,64.710,26.034,27.770
85.698,67.358,26.034,27.770
83.262,71.700,26.034,27.770
80.826,74.771,26.034,27.770
76.253,78.968,26.610,28.384
73.114,82.107,26.610,28.384
71.058,84.597,26.610,28.384
68.352,87.086,26.610,28.384
63.914,91.091,26.610,28.384
61.857,93.581,26.610,28.384
59.151,96.287,26.610,28.384
57.311,98.993,26.610,28.384
55.781,99.016,27.199,29.012
46.820,76.557,27.199,29.012
45.945,74.973,27.801,29.654
15.751,98.382,27.801,29.654
13.541,97.499,27.208,29.022
12.102,97.609,27.208,29.022
14.206,98.452,26.628,28.403
12.450,99.599,27.217,29.031
42.817,89.974,27.819,29.673
48.966,86.476,28.434,30.330
53.812,80.740,29.063,31.001
54.104,74.633,29.706,31.687
55.154,69.643,30.364,32.388
56.513,63.591,30.364,32.388
57.624,59.021,30.364,32.388
59.723,55.972,31.036,33.105
62.392,52.855,31.722,33.837
64.586,51.436,31.722,33.837
66.243,51.999,32.424,34.586
66.842,51.479,33.141,35.351
66.438,51.614,33.141,35.351
65.764,52.827,33.141,35.351
64.550,52.153,33.141,35.351
61.247,53.860,33.875,36.133
57.584,54.175,34.624,36.932
51.794,54.790,35.390,37.750
47.669,56.314,36.173,38.585
41.342,57.932,36.173,38.585
34.682,59.490,36.974,39.438
29.118,61.445,36.974,39.438
25.598,64.040,36.185,38.597
21.035,65.070,36.185,38.597
18.039,63.269,36.986,39.451
-7.387,57.402,36.986,39.451
-8.741,56.348,36.986,39.451
-7.688,54.694,36.986,39.451
-7.004,53.165,37.804,40.324
-7.773,51.165,37.804,40.324
-7.619,49.781,37.804,40.324
-6.235,50.550,37.804,40.324
-7.619,48.244,37.804,40.324
-6.543,47.167,37.804,40.324
-9.157,45.476,37.804,40.324
-8.778,44.870,38.640,41.216
-10.192,44.713,38.640,41.216
-8.463,46.756,38.640,41.216
