253.000,66.000,23.000,28.000
252.098,67.304,23.000,28.000
248.989,68.407,23.000,28.000
246.883,69.309,23.000,28.000
243.374,69.810,23.000,28.000
239.864,69.108,23.000,28.000
238.761,69.810,23.000,28.000
237.057,69.309,23.000,28.000
234.750,69.810,23.000,28.000
233.647,68.507,23.000,28.000
232.544,67.203,23.000,28.000
232.645,67.304,23.000,28.000
232.544,66.201,23.000,28.000
232.043,65.499,23.000,28.000
230.739,66.000,23.000,28.000
230.639,65.298,23.000,28.000
230.739,65.799,23.000,28.000
231.040,64.897,23.000,28.000
230.539,64.997,23.000,28.000
231.040,65.098,23.000,28.000
230.138,65.198,23.000,28.000
230.038,64.897,23.000,28.000
229.737,64.195,23.000,28.000
230.038,63.694,23.000,28.000
228.132,62.190,23.000,28.000
227.029,61.087,23.000,28.000
225.325,60.184,23.000,28.000
223.510,58.938,23.509,28.619
221.972,57.811,23.509,28.619
220.640,57.093,23.509,28.619
218.998,57.521,24.029,29.253
216.588,56.788,24.029,29.253
214.598,57.102,24.029,29.253
212.398,58.045,24.029,29.253
211.036,58.150,24.029,29.253
209.674,59.302,24.029,29.253
208.941,59.616,24.029,29.253
207.479,58.967,24.561,29.900
205.873,60.573,24.561,29.900
204.053,60.466,24.561,29.900
202.447,59.930,24.561,29.900
200.198,59.395,24.561,29.900
197.735,57.575,24.561,29.900
195.273,56.397,24.561,29.900
194.095,55.005,24.561,29.900
193.131,53.827,24.561,29.900
192.810,51.792,24.561,29.900
192.060,50.186,24.561,29.900
191.739,48.580,24.561,29.900
190.245,47.916,25.104,30.561
190.535,48.146,25.659,31.238
191.064,46.523,26.227,31.929
189.806,47.095,26.227,31.929
190.821,47.335,26.807,32.635
189.191,48.065,27.401,33.357
190.266,48.902,27.401,33.357
190.830,49.400,28.007,34.095
191.660,50.163,28.626,34.850
190.437,50.166,29.260,35.621
190.775,51.228,29.907,36.409
191.662,52.042,30.569,37.214
192.292,51.216,31.245,38.038
191.066,49.990,31.245,38.038
192.564,50.399,31.245,38.038
191.338,49.173,31.245,38.038
192.837,48.219,31.245,38.038
191.338,46.721,31.245,38.038
192.837,47.402,31.245,38.038
190.654,45.709,31.937,38.879
188.711,43.690,32.643,39.739
186.136,43.989,33.365,40.619
183.503,43.690,34.104,41.517
180.812,41.843,34.858,42.436
178.836,42.602,34.858,42.436
176.860,43.666,34.858,42.436
174.885,43.818,34.858,42.436
172.909,42.754,34.858,42.436
171.104,44.335,35.629,43.375
169.260,42.082,36.418,44.335
168.149,42.241,36.418,44.335
166.085,41.447,36.418,44.335
163.703,39.383,36.418,44.335
161.321,37.637,36.418,44.335
159.107,37.640,37.223,45.315
157.179,37.307,38.047,46.318
155.210,36.967,38.889,47.343
152.667,37.815,38.889,47.343
148.767,38.323,38.889,47.343
142.833,39.849,38.889,47.343
137.302,40.205,39.749,48.390
132.276,42.111,39.749,48.390
127.597,44.364,39.749,48.390
123.265,46.963,39.749,48.390
117.546,48.870,39.749,48.390
112.521,50.429,39.749,48.390
106.109,52.336,39.749,48.390
100.737,53.549,39.749,48.390
93.285,54.415,39.749,48.390
87.220,54.935,39.749,48.390
81.848,55.801,39.749,48.390
77.515,57.015,39.749,48.390
74.431,56.027,38.902,47.358
73.048,55.715,38.072,46.348
69.774,57.969,37.260,45.360
67.510,59.549,36.465,44.393
64.171,60.661,36.465,44.393
64.012,63.046,36.465,44.393
62.900,65.113,36.465,44.393
62.105,66.226,36.465,44.393
62.900,67.656,36.465,44.393
61.012,68.650,37.272,45.375
59.874,70.437,37.272,45.375
60.305,72.127,38.097,46.379
62.124,73.854,38.940,47.405
75.255,76.324,39.801,48.454
77.511,77.538,39.801,48.454
79.420,77.018,39.801,48.454
85.280,78.462,40.682,49.526
100.471,81.411,41.582,50.622
104.337,81.791,42.502,51.742
103.290,79.488,43.442,52.886
108.025,80.814,43.442,52.886
110.866,79.110,43.442,52.886
112.571,79.299,43.442,52.886
113.518,78.352,43.442,52.886
114.843,79.678,43.442,52.886
115.790,77.594,43.442,52.886
117.874,78.920,43.442,52.886
119.578,79.867,43.442,52.886
120.904,80.814,43.442,52.886
120.715,77.594,43.442,52.886
122.002,69.739,44.404,54.057
119.302,66.932,45.386,55.253
120.647,64.473,46.390,56.475
119.505,61.540,47.417,57.724
118.766,59.829,48.466,59.002
118.449,56.765,49.538,60.307
116.781,52.289,50.634,61.641
115.991,48.171,51.754,63.005
116.589,44.899,52.899,64.399
114.975,42.362,52.899,64.399
112.236,44.282,54.070,65.824
109.437,40.863,55.266,67.280
106.787,43.032,55.266,67.280
106.064,41.345,55.266,67.280
103.413,43.996,55.266,67.280
101.245,42.791,55.266,67.280
97.149,44.960,55.266,67.280
93.053,42.791,55.266,67.280
85.102,45.923,55.266,67.280
81.488,43.755,55.266,67.280
75.464,46.887,55.266,67.280
70.886,44.719,55.266,67.280
65.826,46.887,55.266,67.280
63.176,44.237,55.266,67.280
62.140,45.186,54.087,65.846
62.847,42.121,54.087,65.846
65.912,41.885,54.087,65.846
69.450,42.592,54.087,65.846
72.043,42.357,54.087,65.846
75.580,41.649,54.087,65.846
79.589,42.357,54.087,65.846
84.069,41.178,54.087,65.846
87.607,42.357,54.087,65.846
93.030,40.706,54.087,65.846
97.510,42.828,54.087,65.846
102.934,40.706,54.087,65.846
108.357,39.999,54.087,65.846
112.838,40.234,54.087,65.846
120.148,38.584,54.087,65.846
123.685,40.234,54.087,65.846
127.693,42.357,54.087,65.846
127.134,42.831,52.934,64.441
130.145,43.296,51.805,63.067
133.527,42.445,50.700,61.722
136.837,41.612,49.619,60.406
139.660,43.298,48.561,59.118
142.014,43.724,47.525,57.857
145.117,44.940,46.512,56.623
148.154,46.131,45.520,55.416
151.131,47.520,45.520,55.416
154.103,49.450,44.549,54.234
156.263,51.338,43.599,53.077
158.743,53.187,42.670,51.946
160.453,52.485,41.760,50.838
162.456,53.760,41.760,50.838
164.458,52.121,41.760,50.838
167.185,51.084,40.869,49.754
170.214,49.480,40.869,49.754
173.243,48.233,40.869,49.754
176.272,45.917,40.869,49.754
179.301,43.244,40.869,49.754
182.330,41.284,40.869,49.754
185.002,38.612,40.869,49.754
188.388,37.008,40.869,49.754
190.704,35.048,40.869,49.754
193.377,34.870,40.869,49.754
196.049,35.761,40.869,49.754
199.078,36.652,40.869,49.754
201.029,38.505,41.773,50.854
203.761,41.236,41.773,50.854
206.493,43.968,41.773,50.854
209.953,47.793,41.773,50.854
212.685,50.889,41.773,50.854
215.781,53.985,41.773,50.854
219.241,55.988,41.773,50.854
222.702,57.263,41.773,50.854
224.705,55.988,41.773,50.854
226.708,58.355,41.773,50.854
228.347,57.445,41.773,50.854
229.986,58.355,41.773,50.854
229.076,57.081,41.773,50.854
229.346,58.501,40.882,49.770
228.098,58.679,40.882,49.770
228.019,59.381,40.011,48.709
227.495,60.253,40.011,48.709
228.090,62.622,39.157,47.670
228.602,64.842,39.157,47.670
229.456,66.037,39.157,47.670
229.626,68.256,39.157,47.670
230.139,69.792,39.157,47.670
228.944,71.329,39.157,47.670
228.090,72.865,39.157,47.670
227.578,72.012,39.157,47.670
227.407,72.182,39.157,47.670
225.529,70.646,39.157,47.670
223.310,69.451,39.157,47.670
220.408,67.573,39.157,47.670
216.823,65.695,39.157,47.670
213.579,63.476,39.157,47.670
209.653,62.964,39.157,47.670
206.068,61.427,39.157,47.670
201.459,61.939,39.157,47.670
197.191,62.110,39.157,47.670
192.581,63.305,39.157,47.670
189.338,65.524,39.157,47.670
185.753,68.085,39.157,47.670
182.509,70.304,39.157,47.670
178.924,72.865,39.157,47.670
173.974,74.743,39.157,47.670
170.389,76.279,39.157,47.670
167.145,77.474,39.157,47.670
163.560,78.669,39.157,47.670
161.341,77.133,39.157,47.670
158.780,77.304,39.157,47.670
157.585,76.109,39.157,47.670
158.825,74.807,38.322,46.653
160.663,74.306,38.322,46.653
163.169,72.802,38.322,46.653
167.012,72.301,38.322,46.653
170.854,71.466,38.322,46.653
174.323,71.158,37.505,45.658
176.448,72.629,37.505,45.658
178.901,72.466,37.505,45.658
181.980,74.056,36.705,44.685
185.302,75.921,35.923,43.732
188.278,77.017,35.923,43.732
191.253,78.113,35.923,43.732
194.542,79.523,35.923,43.732
198.397,81.046,35.157,42.799
204.829,81.650,34.407,41.887
208.521,82.819,33.673,40.993
215.531,83.964,32.955,40.119
221.560,82.868,32.252,39.264
228.450,83.009,32.252,39.264
234.079,83.834,31.564,38.426
240.119,83.315,30.891,37.607
242.655,84.106,30.233,36.805
245.159,84.238,30.233,36.805
248.191,84.369,30.233,36.805
250.959,85.028,30.233,36.805
253.200,85.951,30.233,36.805
255.440,85.819,30.233,36.805
256.652,87.101,29.588,36.020
258.071,86.714,29.588,36.020
292.512,101.032,29.588,36.020
293.415,101.161,29.588,36.020
293.028,100.258,29.588,36.020
293.468,99.275,28.957,35.252
292.438,98.555,28.339,34.500
291.669,97.852,27.735,33.764
290.682,96.696,27.144,33.044
289.144,95.158,27.144,33.044
287.722,94.028,26.565,32.340
286.778,94.931,25.998,31.650
286.072,93.629,25.444,30.975
286.236,93.639,24.901,30.314
286.128,95.050,24.901,30.314
285.151,94.725,24.901,30.314
283.739,95.702,24.901,30.314
281.677,94.507,24.901,30.314
279.614,93.313,24.901,30.314
277.551,92.119,24.901,30.314
276.357,92.879,24.901,30.314
276.031,93.205,24.901,30.314
274.837,93.530,24.901,30.314
273.426,94.290,24.901,30.314
272.666,93.965,24.901,30.314
271.906,92.988,24.901,30.314
273.752,92.228,24.901,30.314
275.163,91.685,24.901,30.314
274.403,92.879,24.901,30.314
276.031,91.902,24.901,30.314
277.443,90.925,24.901,30.314
279.071,90.599,24.901,30.314
279.614,91.142,24.901,30.314
279.676,89.342,25.452,30.985
281.785,88.788,25.452,30.985
283.893,87.345,25.452,30.985
286.196,86.499,24.909,30.324
287.613,85.880,24.378,29.678
287.566,85.275,23.858,29.045
288.502,85.379,23.858,29.045
288.190,85.899,23.858,29.045
287.670,86.003,23.858,29.045
286.734,84.859,23.858,29.045
286.630,85.587,23.858,29.045
285.902,85.275,23.858,29.045
285.590,84.339,23.858,29.045
284.446,84.443,23.858,29.045
284.342,83.715,23.858,29.045
283.197,84.027,23.858,29.045
281.845,82.674,23.858,29.045
280.077,83.194,23.858,29.045
278.933,82.466,23.858,29.045
277.373,82.570,23.858,29.045
