294.000,135.000,44.000,171.000
294.404,136.213,44.000,171.000
294.809,135.809,44.000,171.000
295.213,137.022,44.000,171.000
296.426,136.617,44.000,171.000
297.639,137.022,44.000,171.000
297.235,136.617,44.000,171.000
298.448,137.022,44.000,171.000
298.852,136.617,44.000,171.000
297.639,138.639,44.000,171.000
297.235,137.426,44.000,171.000
296.022,137.830,44.000,171.000
294.000,139.043,44.000,171.000
291.978,137.022,44.000,171.000
289.957,137.426,44.000,171.000
287.935,138.639,44.000,171.000
285.913,137.426,44.000,171.000
283.891,137.830,44.000,171.000
282.678,139.043,44.000,171.000
279.848,138.639,44.000,171.000
279.444,139.852,44.000,171.000
278.230,141.065,44.000,171.000
276.209,139.852,44.000,171.000
275.804,141.065,44.000,171.000
274.591,141.470,44.000,171.000
274.996,142.683,44.000,171.000
274.591,143.896,44.000,171.000
273.378,144.300,44.000,171.000
273.783,144.704,44.000,171.000
272.570,145.109,44.000,171.000
269.739,147.130,44.000,171.000
269.335,148.343,44.000,171.000
268.930,149.557,44.000,171.000
267.717,150.770,44.000,171.000
265.696,151.174,44.000,171.000
264.483,149.961,44.000,171.000
262.461,151.174,44.000,171.000
261.761,151.828,43.062,167.353
260.574,153.015,43.062,167.353
257.804,154.202,43.062,167.353
257.408,153.015,43.062,167.353
256.723,155.944,42.143,163.785
256.799,158.064,41.245,160.292
255.662,159.201,41.245,160.292
256.799,158.822,41.245,160.292
256.873,162.357,40.365,156.873
257.986,161.986,40.365,156.873
259.099,162.357,40.365,156.873
260.212,159.019,40.365,156.873
258.855,162.479,39.504,153.528
260.325,162.367,38.662,150.254
257.838,164.143,38.662,150.254
258.904,160.946,38.662,150.254
258.549,159.880,38.662,150.254
256.773,158.103,38.662,150.254
254.996,159.169,38.662,150.254
256.062,159.524,38.662,150.254
254.286,157.748,38.662,150.254
254.641,157.393,38.662,150.254
253.575,157.037,38.662,150.254
254.990,150.583,39.517,153.578
254.627,148.767,39.517,153.578
256.074,142.170,40.392,156.976
253.702,143.130,41.285,160.449
253.322,144.268,41.285,160.449
252.943,146.165,41.285,160.449
253.322,143.509,41.285,160.449
250.666,146.924,41.285,160.449
250.287,144.268,41.285,160.449
252.943,146.924,41.285,160.449
251.046,143.509,41.285,160.449
252.943,143.888,41.285,160.449
252.563,139.715,41.285,160.449
252.184,141.612,41.285,160.449
252.563,139.715,41.285,160.449
251.425,140.094,41.285,160.449
251.805,139.715,41.285,160.449
252.184,139.336,41.285,160.449
252.563,138.956,41.285,160.449
253.702,137.818,41.285,160.449
254.081,138.197,41.285,160.449
255.219,139.336,41.285,160.449
255.599,138.197,41.285,160.449
254.460,140.094,41.285,160.449
254.081,138.956,41.285,160.449
253.702,139.336,41.285,160.449
254.840,138.956,41.285,160.449
255.219,137.059,41.285,160.449
256.357,136.680,41.285,160.449
257.496,137.059,41.285,160.449
257.116,135.162,41.285,160.449
259.013,134.783,41.285,160.449
259.393,132.886,41.285,160.449
259.013,132.506,41.285,160.449
261.669,133.645,41.285,160.449
261.290,134.024,41.285,160.449
263.945,133.645,41.285,160.449
265.084,134.024,41.285,160.449
267.739,132.886,41.285,160.449
269.636,132.506,41.285,160.449
271.533,134.403,41.285,160.449
271.154,133.265,41.285,160.449
274.154,133.879,40.405,157.028
274.525,134.250,40.405,157.028
278.610,135.364,40.405,157.028
275.268,137.221,40.405,157.028
267.502,166.688,41.299,160.502
272.163,172.393,42.213,164.053
276.124,166.151,43.146,167.683
282.864,172.892,43.146,167.683
289.380,168.157,44.101,171.393
296.270,172.615,44.101,171.393
307.212,173.021,44.101,171.393
314.913,175.047,44.101,171.393
325.855,176.263,44.101,171.393
335.177,179.100,44.101,171.393
341.256,176.263,44.101,171.393
349.767,175.047,44.101,171.393
356.096,175.703,43.161,167.738
363.055,176.344,42.240,164.161
369.866,179.965,41.339,160.660
374.335,176.186,40.458,157.234
380.142,178.221,39.595,153.881
282.989,148.020,39.595,153.881
282.359,147.907,38.751,150.599
284.488,149.170,37.924,147.388
283.443,150.215,37.924,147.388
283.791,150.564,37.924,147.388
284.140,153.003,37.924,147.388
283.094,153.352,37.924,147.388
283.443,151.609,37.924,147.388
283.791,151.958,37.924,147.388
284.837,154.397,37.924,147.388
283.094,151.958,37.924,147.388
281.352,154.397,37.924,147.388
281.003,155.443,37.924,147.388
280.655,155.791,37.924,147.388
280.306,156.140,37.924,147.388
278.564,153.700,37.924,147.388
279.609,154.746,37.924,147.388
279.261,155.791,37.924,147.388
277.518,154.746,37.924,147.388
278.183,157.093,38.763,150.649
277.115,151.749,38.763,150.649
278.896,154.955,38.763,150.649
277.115,149.612,38.763,150.649
278.183,152.818,38.763,150.649
279.252,149.612,38.763,150.649
278.896,153.530,38.763,150.649
280.677,156.024,38.763,150.649
281.745,153.530,38.763,150.649
283.527,157.449,38.763,150.649
284.946,157.630,39.621,153.982
286.038,156.538,39.621,153.982
287.130,157.630,39.621,153.982
286.766,155.810,39.621,153.982
286.402,158.359,39.621,153.982
284.075,157.033,40.498,157.389
282.469,153.361,41.394,160.871
281.328,154.502,41.394,160.871
276.528,153.117,42.310,164.430
276.917,154.284,42.310,164.430
274.973,154.673,42.310,164.430
273.029,156.617,42.310,164.430
274.195,158.561,42.310,164.430
274.584,160.505,42.310,164.430
275.751,162.449,42.310,164.430
276.140,162.838,42.310,164.430
276.528,163.227,42.310,164.430
280.028,162.838,42.310,164.430
281.972,163.227,42.310,164.430
283.916,162.060,42.310,164.430
283.527,162.449,42.310,164.430
285.471,162.060,42.310,164.430
286.638,160.894,42.310,164.430
286.249,161.282,42.310,164.430
286.638,160.894,42.310,164.430
287.026,159.727,42.310,164.430
286.638,160.116,42.310,164.430
287.804,156.617,42.310,164.430
288.970,158.561,42.310,164.430
289.359,158.950,42.310,164.430
291.303,157.006,42.310,164.430
291.692,158.950,42.310,164.430
293.636,158.561,42.310,164.430
294.025,159.727,42.310,164.430
295.191,160.894,42.310,164.430
295.580,159.727,42.310,164.430
296.747,161.671,42.310,164.430
297.913,161.282,42.310,164.430
298.302,160.116,42.310,164.430
298.691,161.282,42.310,164.430
299.080,164.004,42.310,164.430
299.468,165.948,42.310,164.430
299.080,167.115,42.310,164.430
297.136,168.281,42.310,164.430
296.747,167.892,42.310,164.430
294.803,167.503,42.310,164.430
294.414,166.337,42.310,164.430
294.803,165.171,42.310,164.430
295.191,162.449,42.310,164.430
295.580,161.282,42.310,164.430
296.747,160.116,42.310,164.430
299.468,159.727,42.310,164.430
300.635,160.116,42.310,164.430
303.357,161.282,42.310,164.430
306.078,161.671,42.310,164.430
308.434,161.062,43.246,168.068
311.216,159.075,43.246,168.068
315.587,160.268,43.246,168.068
321.549,160.665,43.246,168.068
325.125,160.268,43.246,168.068
325.523,160.665,43.246,168.068
325.125,161.062,43.246,168.068
324.728,160.665,43.246,168.068
322.741,161.062,43.246,168.068
321.549,159.870,43.246,168.068
318.767,160.268,43.246,168.068
315.985,159.870,43.246,168.068
313.203,161.062,43.246,168.068
316.780,160.665,43.246,168.068
317.177,159.473,43.246,168.068
319.164,159.075,43.246,168.068
321.946,157.883,43.246,168.068
319.164,159.075,43.246,168.068
319.562,158.678,43.246,168.068
317.574,159.870,43.246,168.068
317.972,161.857,43.246,168.068
319.164,162.255,43.246,168.068
318.767,160.268,43.246,168.068
319.164,162.255,43.246,168.068
320.356,161.857,43.246,168.068
321.549,162.255,43.246,168.068
321.946,161.062,43.246,168.068
324.728,161.460,43.246,168.068
326.715,161.857,43.246,168.068
329.497,163.050,43.246,168.068
331.484,163.447,43.246,168.068
333.471,163.844,43.246,168.068
335.458,165.037,43.246,168.068
337.445,164.639,43.246,168.068
339.432,165.831,43.246,168.068
341.419,168.613,43.246,168.068
344.201,168.216,43.246,168.068
346.983,168.613,43.246,168.068
349.765,169.806,43.246,168.068
350.957,169.408,43.246,168.068
352.944,169.011,43.246,168.068
354.136,167.818,43.246,168.068
354.070,165.547,44.202,171.787
356.914,165.953,44.202,171.787
355.695,163.922,44.202,171.787
360.163,165.141,44.202,171.787
363.007,166.359,44.202,171.787
365.850,166.766,44.202,171.787
368.694,164.735,44.202,171.787
371.537,165.953,44.202,171.787
373.568,166.359,44.202,171.787
376.412,166.766,44.202,171.787
380.068,166.359,44.202,171.787
382.911,167.578,44.202,171.787
384.942,167.172,44.202,171.787
386.973,167.578,44.202,171.787
389.817,168.797,44.202,171.787
391.035,165.953,44.202,171.787
392.254,167.172,44.202,171.787
393.472,165.141,44.202,171.787
393.879,166.359,44.202,171.787
395.910,167.578,44.202,171.787
396.316,168.797,44.202,171.787
397.535,169.203,44.202,171.787
397.941,170.421,44.202,171.787
398.347,172.452,44.202,171.787
400.378,173.671,44.202,171.787
402.409,174.077,44.202,171.787
404.440,174.484,44.202,171.787
406.471,174.077,44.202,171.787
409.315,172.859,44.202,171.787
412.970,172.452,44.202,171.787
416.626,172.046,44.202,171.787
419.470,170.828,44.202,171.787
422.313,170.421,44.202,171.787
424.344,170.828,44.202,171.787
427.188,168.797,44.202,171.787
429.219,168.390,44.202,171.787
430.437,167.984,44.202,171.787
431.656,165.141,44.202,171.787
433.687,164.735,44.202,171.787
435.305,164.098,45.180,175.587
436.098,164.310,46.180,179.472
436.908,164.526,47.202,183.443
436.474,162.357,47.202,183.443
436.908,165.393,47.202,183.443
433.871,161.490,47.202,183.443
434.699,160.810,48.246,187.502
430.709,160.367,48.246,187.502
429.379,161.697,48.246,187.502
426.275,163.027,48.246,187.502
425.832,163.471,48.246,187.502
420.955,164.801,48.246,187.502
418.738,163.470,48.246,187.502
412.974,163.027,48.246,187.502
409.871,161.697,48.246,187.502
405.880,160.367,48.246,187.502
403.663,160.810,48.246,187.502
399.673,158.593,48.246,187.502
400.117,160.810,48.246,187.502
398.786,160.367,48.246,187.502
396.570,159.924,48.246,187.502
396.126,159.480,48.246,187.502
396.570,159.924,48.246,187.502
395.239,156.820,48.246,187.502
396.570,158.150,48.246,187.502
396.126,156.820,48.246,187.502
397.456,155.490,48.246,187.502
396.126,155.933,48.246,187.502
397.456,154.603,48.246,187.502
398.786,156.820,48.246,187.502
398.343,154.603,48.246,187.502
400.560,156.820,48.246,187.502
398.343,155.490,48.246,187.502
400.560,156.820,48.246,187.502
399.230,157.263,48.246,187.502
401.447,158.593,48.246,187.502
403.213,156.979,49.314,191.650
400.316,152.508,50.405,195.891
399.853,152.971,50.405,195.891
400.737,147.440,51.520,200.225
397.423,147.914,51.520,200.225
398.844,141.759,51.520,200.225
398.370,145.073,51.520,200.225
399.790,145.547,51.520,200.225
399.317,143.179,51.520,200.225
399.790,142.706,51.520,200.225
403.105,144.126,51.520,200.225
402.631,141.759,51.520,200.225
404.998,142.232,51.520,200.225
406.419,141.759,51.520,200.225
404.052,142.232,51.520,200.225
406.419,139.865,51.520,200.225
406.892,140.339,51.520,200.225
407.366,138.918,51.520,200.225
407.839,140.339,51.520,200.225
409.259,139.865,51.520,200.225
410.680,140.339,51.520,200.225
409.259,139.865,51.520,200.225
409.733,140.339,51.520,200.225
409.259,138.918,51.520,200.225
404.998,139.392,51.520,200.225
406.419,137.024,51.520,200.225
400.123,138.703,50.421,195.955
397.806,139.166,50.421,195.955
396.416,135.923,50.421,195.955
391.319,137.313,50.421,195.955
386.222,134.069,50.421,195.955
386.686,134.533,50.421,195.955
382.515,134.996,50.421,195.955
381.125,133.606,50.421,195.955
376.955,133.143,50.421,195.955
376.492,130.826,50.421,195.955
373.248,132.216,50.421,195.955
371.858,129.899,50.421,195.955
368.615,130.363,50.421,195.955
369.078,128.972,50.421,195.955
366.761,128.509,50.421,195.955
366.298,127.119,50.421,195.955
365.835,124.802,50.421,195.955
364.445,123.412,50.421,195.955
364.908,121.095,50.421,195.955
363.518,119.705,50.421,195.955
363.981,119.242,50.421,195.955
361.664,116.925,50.421,195.955
363.054,117.389,50.421,195.955
359.811,115.998,50.421,195.955
359.348,116.462,50.421,195.955
359.811,115.998,50.421,195.955
358.421,116.462,50.421,195.955
359.811,115.072,50.421,195.955
358.421,114.608,50.421,195.955
358.884,115.072,50.421,195.955
357.846,114.346,51.537,200.290
356.425,113.873,51.537,200.290
354.381,112.148,52.677,204.722
353.897,111.664,52.677,204.722
353.412,112.148,52.677,204.722
351.960,112.632,52.677,204.722
352.444,113.116,52.677,204.722
350.024,114.569,52.677,204.722
349.540,116.021,52.677,204.722
347.119,118.441,52.677,204.722
347.603,119.894,52.677,204.722
345.183,122.314,52.677,204.722
342.763,121.830,52.677,204.722
342.278,122.314,52.677,204.722
337.922,120.862,52.677,204.722
335.501,120.378,52.677,204.722
331.144,117.957,52.677,204.722
330.660,118.441,52.677,204.722
327.272,116.989,52.677,204.722
323.883,118.441,52.677,204.722
321.463,119.894,52.677,204.722
319.042,121.346,52.677,204.722
317.590,123.766,52.677,204.722
315.170,126.187,52.677,204.722
311.781,126.671,52.677,204.722
310.329,127.155,52.677,204.722
305.972,128.607,52.677,204.722
303.551,129.091,52.677,204.722
300.163,129.575,52.677,204.722
295.806,125.219,52.677,204.722
295.322,126.671,52.677,204.722
293.870,123.282,52.677,204.722
295.831,125.932,51.554,200.356
297.252,122.615,51.554,200.356
292.989,125.932,51.554,200.356
290.620,127.353,51.554,200.356
292.041,129.722,51.554,200.356
287.777,131.143,51.554,200.356
287.303,129.722,51.554,200.356
289.672,132.091,51.554,200.356
284.461,132.564,51.554,200.356
288.207,131.504,50.454,196.083
286.816,133.822,50.454,196.083
281.716,132.432,50.454,196.083
284.034,132.895,50.454,196.083
282.643,134.286,50.454,196.083
279.397,135.677,50.454,196.083
279.861,137.068,50.454,196.083
275.688,137.532,50.454,196.083
277.079,138.923,50.454,196.083
275.688,137.532,50.454,196.083
274.297,137.995,50.454,196.083
273.834,136.604,50.454,196.083
270.588,137.068,50.454,196.083
271.979,135.677,50.454,196.083
267.806,137.068,50.454,196.083
265.488,138.459,50.454,196.083
266.879,138.923,50.454,196.083
264.560,140.314,50.454,196.083
265.951,141.705,50.454,196.083
264.560,143.096,50.454,196.083
267.806,142.632,50.454,196.083
266.415,144.023,50.454,196.083
269.661,144.487,50.454,196.083
269.197,144.950,50.454,196.083
270.588,146.341,50.454,196.083
272.906,145.878,50.454,196.083
273.370,147.269,50.454,196.083
276.616,144.950,50.454,196.083
278.006,145.414,50.454,196.083
279.397,143.096,50.454,196.083
279.861,143.559,50.454,196.083
279.397,143.096,50.454,196.083
281.276,143.846,49.378,191.902
281.730,143.392,49.378,191.902
280.369,141.123,49.378,191.902
279.915,139.762,49.378,191.902
278.554,141.123,49.378,191.902
277.192,141.577,49.378,191.902
275.831,144.753,49.378,191.902
273.562,147.022,49.378,191.902
272.201,147.476,49.378,191.902
270.839,146.115,49.378,191.902
268.570,145.661,49.378,191.902
266.302,145.207,49.378,191.902
267.663,143.846,49.378,191.902
263.579,144.299,49.378,191.902
263.125,142.031,49.378,191.902
262.671,143.392,49.378,191.902
261.310,142.031,49.378,191.902
261.764,143.392,49.378,191.902
260.403,143.846,49.378,191.902
259.949,145.207,49.378,191.902
261.310,146.568,49.378,191.902
261.764,148.837,49.378,191.902
262.218,150.198,49.378,191.902
263.579,150.652,49.378,191.902
264.033,153.829,49.378,191.902
264.487,157.005,49.378,191.902
264.033,158.366,49.378,191.902
267.209,156.098,49.378,191.902
265.848,157.459,49.378,191.902
265.394,157.005,49.378,191.902
264.033,155.644,49.378,191.902
263.579,153.375,49.378,191.902
261.310,152.921,49.378,191.902
261.764,150.652,49.378,191.902
260.403,149.291,49.378,191.902
259.041,147.022,49.378,191.902
256.772,147.476,49.378,191.902
256.319,142.484,49.378,191.902
254.050,141.123,49.378,191.902
251.781,138.854,49.378,191.902
250.995,138.714,48.325,187.809
248.775,137.381,48.325,187.809
249.219,136.049,48.325,187.809
246.110,137.381,48.325,187.809
246.197,138.100,47.295,183.804
246.632,135.057,47.295,183.804
245.328,137.230,47.295,183.804
247.501,134.188,47.295,183.804
246.197,134.623,47.295,183.804
248.371,133.319,47.295,183.804
247.618,136.535,46.286,179.885
249.745,135.259,46.286,179.885
251.021,133.983,46.286,179.885
253.148,133.558,46.286,179.885
254.424,132.282,46.286,179.885
253.998,131.856,46.286,179.885
256.125,128.028,46.286,179.885
256.551,126.752,46.286,179.885
256.125,122.924,46.286,179.885
258.252,120.797,46.286,179.885
258.677,121.223,46.286,179.885
259.953,119.096,46.286,179.885
260.379,117.820,46.286,179.885
260.804,116.544,46.286,179.885
261.708,117.232,45.299,176.049
262.956,115.983,45.299,176.049
262.540,114.734,45.299,176.049
262.124,114.318,45.299,176.049
261.708,113.069,45.299,176.049
261.291,112.653,45.299,176.049
261.708,110.571,45.299,176.049
259.626,111.820,45.299,176.049
260.875,109.739,45.299,176.049
258.794,112.653,45.299,176.049
259.210,109.739,45.299,176.049
258.794,111.820,45.299,176.049
256.712,112.236,45.299,176.049
256.296,110.155,45.299,176.049
256.712,107.241,45.299,176.049
255.463,105.992,45.299,176.049
255.880,101.413,45.299,176.049
256.296,96.834,45.299,176.049
256.712,95.585,45.299,176.049
255.463,95.169,45.299,176.049
255.880,91.422,45.299,176.049
256.296,90.173,45.299,176.049
255.047,87.259,45.299,176.049
254.631,84.345,45.299,176.049
252.549,82.264,45.299,176.049
251.300,80.182,45.299,176.049
249.219,79.766,45.299,176.049
247.138,79.350,45.299,176.049
245.889,78.101,45.299,176.049
243.807,77.685,45.299,176.049
243.391,78.101,45.299,176.049
242.142,77.685,45.299,176.049
243.391,77.268,45.299,176.049
242.142,76.019,45.299,176.049
241.209,71.912,46.301,179.944
241.635,70.636,46.301,179.944
239.507,68.508,46.301,179.944
240.784,65.530,46.301,179.944
241.209,61.701,46.301,179.944
240.784,59.573,46.301,179.944
241.209,54.893,46.301,179.944
239.933,54.467,46.301,179.944
240.358,50.638,46.301,179.944
236.529,48.510,46.301,179.944
237.805,47.234,46.301,179.944
238.231,45.106,46.301,179.944
234.401,45.532,46.301,179.944
234.827,43.404,46.301,179.944
232.699,44.681,46.301,179.944
233.125,42.553,46.301,179.944
231.848,42.128,46.301,179.944
229.721,43.404,46.301,179.944
230.146,43.830,46.301,179.944
231.423,42.553,46.301,179.944
227.820,39.238,47.326,183.925
229.125,37.933,47.326,183.925
225.211,34.889,47.326,183.925
226.516,33.584,47.326,183.925
226.081,32.280,47.326,183.925
223.036,33.584,47.326,183.925
226.951,28.800,47.326,183.925
224.776,29.235,47.326,183.925
226.951,27.061,47.326,183.925
225.646,24.886,47.326,183.925
226.951,22.712,47.326,183.925
225.646,22.277,47.326,183.925
226.951,20.972,47.326,183.925
225.646,19.667,47.326,183.925
226.081,19.232,47.326,183.925
224.776,21.407,47.326,183.925
225.211,20.972,47.326,183.925
223.906,21.407,47.326,183.925
224.341,21.842,47.326,183.925
224.776,21.407,47.326,183.925
226.951,23.581,47.326,183.925
225.646,22.277,47.326,183.925
226.081,24.451,47.326,183.925
225.646,25.756,47.326,183.925
226.081,25.321,47.326,183.925
223.906,27.496,47.326,183.925
223.471,26.191,47.326,183.925
223.906,23.146,47.326,183.925
225.211,25.321,47.326,183.925
224.776,22.277,47.326,183.925
225.211,21.842,47.326,183.925
223.620,23.384,46.316,180.003
223.703,25.713,45.329,176.164
224.120,26.963,45.329,176.164
222.870,24.047,45.329,176.164
222.454,24.464,45.329,176.164
220.656,23.811,46.332,180.062
222.784,25.940,46.332,180.062
221.507,27.217,46.332,180.062
222.784,31.049,46.332,180.062
224.913,34.881,46.332,180.062
224.488,38.713,46.332,180.062
227.854,42.685,45.344,176.222
227.438,45.602,45.344,176.222
230.732,51.899,44.377,172.464
228.693,54.754,44.377,172.464
231.548,54.346,44.377,172.464
234.403,54.754,44.377,172.464
238.073,56.793,44.377,172.464
242.559,58.832,44.377,172.464
244.598,54.346,44.377,172.464
246.637,49.860,44.377,172.464
247.860,49.452,44.377,172.464
250.715,48.229,44.377,172.464
251.938,48.637,44.377,172.464
254.793,45.782,44.377,172.464
257.648,47.005,44.377,172.464
258.871,49.044,44.377,172.464
260.910,50.268,44.377,172.464
264.581,49.860,44.377,172.464
266.233,54.451,43.430,168.786
264.773,57.404,42.504,165.187
265.163,59.357,42.504,165.187
263.210,59.748,42.504,165.187
265.163,60.138,42.504,165.187
263.991,57.404,42.504,165.187
265.547,55.172,43.445,168.841
262.167,51.233,44.406,172.577
265.840,48.376,44.406,172.577
263.800,46.336,44.406,172.577
265.840,43.479,44.406,172.577
263.800,43.887,44.406,172.577
265.840,40.215,44.406,172.577
266.248,38.990,44.406,172.577
266.656,38.582,44.406,172.577
266.248,37.358,44.406,172.577
268.688,38.018,43.459,168.897
270.685,36.820,43.459,168.897
272.682,36.421,43.459,168.897
273.880,37.619,43.459,168.897
274.728,38.265,42.532,165.295
278.246,38.656,42.532,165.295
279.419,39.047,42.532,165.295
281.373,39.438,42.532,165.295
284.891,39.828,42.532,165.295
288.408,41.001,42.532,165.295
293.490,41.392,42.532,165.295
295.827,39.764,41.625,161.770
299.269,37.851,41.625,161.770
302.712,37.469,41.625,161.770
304.625,38.616,41.625,161.770
306.175,38.498,40.737,158.320
307.691,41.268,39.869,154.944
309.523,40.902,39.869,154.944
312.088,41.268,39.869,154.944
313.187,42.367,39.869,154.944
315.752,42.734,39.869,154.944
316.118,43.100,39.869,154.944
317.950,42.734,39.869,154.944
318.317,43.833,39.869,154.944
319.416,44.932,39.869,154.944
320.515,45.298,39.869,154.944
319.416,44.199,39.869,154.944
320.515,43.100,39.869,154.944
320.148,41.268,39.869,154.944
319.782,40.902,39.869,154.944
320.148,41.268,39.869,154.944
321.980,39.436,39.869,154.944
320.881,39.070,39.869,154.944
321.980,38.704,39.869,154.944
322.347,38.337,39.869,154.944
322.713,37.971,39.869,154.944
321.614,39.803,39.869,154.944
322.713,37.971,39.869,154.944
320.881,40.535,39.869,154.944
321.980,40.902,39.869,154.944
320.881,42.001,39.869,154.944
321.248,44.566,39.869,154.944
323.080,46.398,39.869,154.944
324.179,48.962,39.869,154.944
326.011,50.794,39.869,154.944
327.843,51.893,39.869,154.944
329.674,51.527,39.869,154.944
332.239,50.428,39.869,154.944
335.842,51.020,39.018,151.640
339.787,49.228,39.018,151.640
342.297,47.435,39.018,151.640
343.725,43.897,39.882,154.995
342.626,43.531,39.882,154.995
344.086,39.154,40.764,158.424
345.959,38.780,40.764,158.424
345.896,35.861,41.666,161.929
345.833,33.673,42.588,165.512
344.659,34.847,42.588,165.512
346.615,33.673,42.588,165.512
345.738,32.248,43.530,169.174
346.502,30.791,44.493,172.917
346.093,31.200,44.493,172.917
346.502,33.244,44.493,172.917
348.947,37.847,43.544,169.229
350.568,43.123,42.616,165.620
351.400,45.266,41.707,162.088
352.953,43.670,40.818,158.632
353.750,43.553,39.947,155.249
355.585,40.984,39.947,155.249
355.952,37.680,39.947,155.249
356.319,35.844,39.947,155.249
357.421,32.540,39.947,155.249
357.788,29.236,39.947,155.249
357.727,24.853,40.831,158.684
358.443,21.151,41.734,162.195
358.827,18.466,41.734,162.195
359.977,17.316,41.734,162.195
360.709,14.328,42.658,165.783
359.017,9.647,43.601,169.451
360.613,9.851,44.566,173.200
361.842,11.079,44.566,173.200
361.774,7.888,45.552,177.032
363.867,9.144,45.552,177.032
359.454,4.146,46.560,180.949
362.047,6.139,47.590,184.953
359.251,0.010,48.643,189.045
358.804,0.457,48.643,189.045
359.251,1.798,48.643,189.045
357.016,1.351,48.643,189.045
358.357,3.586,48.643,189.045
355.228,0.457,48.643,189.045
356.569,4.480,48.643,189.045
354.640,-0.858,49.719,193.227
356.011,4.168,49.719,193.227
355.554,1.883,49.719,193.227
356.924,5.082,49.719,193.227
357.381,3.711,49.719,193.227
357.838,5.996,49.719,193.227
359.209,4.625,49.719,193.227
357.838,5.082,49.719,193.227
359.209,9.194,49.719,193.227
360.081,2.790,50.819,197.503
359.614,-1.413,50.819,197.503
359.147,5.592,50.819,197.503
355.193,0.015,51.944,201.872
356.625,2.402,51.944,201.872
358.057,-1.894,51.944,201.872
355.997,-0.660,53.093,206.339
356.485,-6.027,53.093,206.339
356.404,-3.754,54.268,210.904
357.900,-2.258,54.268,210.904
356.404,-1.759,54.268,210.904
356.321,-2.540,55.468,215.570
356.830,-3.050,55.468,215.570
357.340,-1.521,55.468,215.570
357.850,-3.050,55.468,215.570
358.360,-1.521,55.468,215.570
359.889,-2.031,55.468,215.570
360.399,-3.560,55.468,215.570
361.928,-2.031,55.468,215.570
362.438,-4.579,55.468,215.570
363.967,-5.089,55.468,215.570
362.438,-6.618,55.468,215.570
363.967,-3.050,55.468,215.570
362.102,-3.208,54.285,210.973
362.200,1.446,53.128,206.474
359.758,-0.019,53.128,206.474
361.223,1.446,53.128,206.474
355.853,1.934,53.128,206.474
360.837,-3.896,54.303,211.042
356.345,-0.403,54.303,211.042
360.837,-4.894,54.303,211.042
353.351,-0.403,54.303,211.042
359.481,-6.362,55.505,215.712
353.870,-5.852,55.505,215.712
358.887,-8.960,54.321,211.112
363.380,-13.452,54.321,211.112
341.345,-1.097,53.163,206.610
344.765,-2.563,53.163,206.610
334.501,4.820,52.029,202.204
332.752,6.515,50.919,197.892
331.039,9.978,49.834,193.671
330.246,11.602,48.771,189.541
330.335,14.919,47.731,185.499
330.421,15.629,46.713,181.543
328.850,18.806,45.717,177.672
327.313,18.675,44.742,173.883
326.601,20.133,43.788,170.175
327.456,24.663,42.854,166.546
326.774,24.541,41.940,162.994
324.621,23.678,41.046,159.518
322.513,27.197,40.170,156.117
323.297,27.794,39.314,152.787
319.886,27.682,38.475,149.529
319.956,30.980,37.655,146.340
316.688,29.539,36.852,143.220
315.449,32.045,36.066,140.165
315.514,32.581,35.297,137.176
311.826,34.357,34.544,134.251
311.889,36.706,33.807,131.388
310.752,35.412,33.087,128.586
307.881,38.248,32.381,125.844
306.393,37.951,32.381,125.844
305.304,40.153,31.690,123.160
303.266,40.444,31.690,123.160
301.227,38.988,31.690,123.160
299.189,40.444,31.690,123.160
297.150,40.153,31.690,123.160
296.276,43.357,31.690,123.160
295.211,45.512,31.015,120.534
292.646,45.797,31.015,120.534
290.080,46.652,31.015,120.534
288.655,48.647,31.015,120.534
286.660,48.362,31.015,120.534
286.945,49.787,31.015,120.534
284.950,49.502,31.015,120.534
285.805,52.637,31.015,120.534
283.810,52.352,31.015,120.534
285.235,53.207,31.015,120.534
286.090,52.352,31.015,120.534
285.235,53.207,31.015,120.534
286.090,52.922,31.015,120.534
285.805,52.637,31.015,120.534
285.520,54.632,31.015,120.534
287.247,53.003,31.701,123.201
285.208,55.625,31.701,123.201
286.664,56.499,31.701,123.201
287.538,57.373,31.701,123.201
286.082,59.995,31.701,123.201
287.538,60.869,31.701,123.201
285.499,61.743,31.701,123.201
285.556,63.899,31.025,120.574
285.271,60.763,31.025,120.574
285.327,63.422,30.363,118.002
286.458,62.798,29.716,115.486
287.277,62.525,29.716,115.486
287.550,62.252,29.716,115.486
287.823,62.525,29.716,115.486
288.096,60.613,29.716,115.486
287.823,61.433,29.716,115.486
288.096,61.706,29.716,115.486
288.369,61.979,29.716,115.486
287.550,62.252,29.716,115.486
288.915,61.433,29.716,115.486
289.735,61.706,29.716,115.486
291.646,59.248,29.716,115.486
293.012,60.613,29.716,115.486
295.469,59.794,29.716,115.486
297.927,59.521,29.716,115.486
300.385,60.340,29.716,115.486
302.842,57.883,29.716,115.486
305.300,58.156,29.716,115.486
307.212,58.975,29.716,115.486
309.669,58.702,29.716,115.486
312.127,57.883,29.716,115.486
314.585,58.702,29.716,115.486
316.496,58.429,29.716,115.486
316.769,58.156,29.716,115.486
318.135,58.975,29.716,115.486
320.046,58.702,29.716,115.486
322.267,57.141,30.373,118.041
323.663,56.304,30.373,118.041
325.617,56.025,30.373,118.041
327.013,56.304,30.373,118.041
327.850,57.141,30.373,118.041
328.687,58.537,30.373,118.041
330.641,58.816,30.373,118.041
330.920,59.095,30.373,118.041
332.589,60.084,29.725,115.524
332.643,61.053,29.091,113.060
333.980,60.251,29.091,113.060
334.782,61.588,29.091,113.060
336.118,61.320,29.091,113.060
334.964,60.347,29.735,115.562
336.877,60.620,29.735,115.562
337.150,61.440,29.735,115.562
339.063,62.260,29.735,115.562
342.616,62.533,29.735,115.562
342.889,63.353,29.735,115.562
344.255,63.079,29.735,115.562
345.075,64.446,29.735,115.562
348.289,65.941,29.101,113.097
349.091,67.813,29.101,113.097
350.691,68.762,28.480,110.685
351.999,66.406,28.480,110.685
352.784,66.144,28.480,110.685
354.349,64.550,27.873,108.325
357.856,64.470,27.279,106.015
360.322,65.842,26.697,103.754
362.261,64.820,26.128,101.542
365.086,64.746,25.570,99.376
366.731,66.391,25.570,99.376
368.846,68.036,25.570,99.376
371.430,66.391,25.570,99.376
374.485,68.506,25.570,99.376
378.010,66.861,25.570,99.376
379.868,65.882,25.025,97.257
381.938,66.572,25.025,97.257
384.008,65.882,25.025,97.257
386.269,67.584,24.491,95.183
389.645,69.609,24.491,95.183
391.671,71.635,24.491,95.183
393.697,72.760,24.491,95.183
396.623,70.735,24.491,95.183
397.519,72.250,25.033,97.289
398.669,72.480,25.033,97.289
399.360,69.950,25.033,97.289
400.970,71.560,25.033,97.289
401.409,67.859,25.587,99.441
400.233,67.623,25.587,99.441
400.468,69.269,25.587,99.441
399.941,69.877,26.153,101.641
398.904,70.498,26.732,103.890
397.334,70.113,27.323,106.189
396.079,70.867,27.323,106.189
395.325,70.616,27.323,106.189
394.572,70.867,27.323,106.189
394.321,71.620,27.323,106.189
392.563,71.871,27.323,106.189
391.308,72.122,27.323,106.189
391.559,73.880,27.323,106.189
391.308,74.131,27.323,106.189
390.554,76.391,27.323,106.189
391.810,77.144,27.323,106.189
391.057,79.404,27.323,106.189
391.810,80.659,27.323,106.189
392.563,81.915,27.323,106.189
391.810,84.175,27.323,106.189
392.827,86.033,26.741,103.924
392.876,88.325,26.171,101.708
392.635,90.009,26.171,101.708
392.876,92.173,26.171,101.708
392.154,93.376,26.171,101.708
390.952,94.578,26.171,101.708
390.711,97.224,26.171,101.708
391.914,97.945,26.171,101.708
393.116,101.072,26.171,101.708
389.990,102.755,26.171,101.708
390.711,103.958,26.171,101.708
390.952,104.679,26.171,101.708
389.268,107.325,26.171,101.708
390.471,106.122,26.171,101.708
389.749,108.287,26.171,101.708
389.709,106.413,26.750,103.958
389.463,108.134,26.750,103.958
391.676,108.380,26.750,103.958
391.921,109.609,26.750,103.958
393.151,110.346,26.750,103.958
394.380,111.084,26.750,103.958
396.100,111.821,26.750,103.958
397.821,113.542,26.750,103.958
399.291,114.414,26.179,101.741
399.532,115.135,26.179,101.741
397.366,116.338,26.179,101.741
399.532,115.135,26.179,101.741
396.996,116.256,26.758,103.992
398.225,115.518,26.758,103.992
400.438,117.240,26.758,103.992
397.241,118.469,26.758,103.992
398.471,119.699,26.758,103.992
395.766,121.912,26.758,103.992
392.569,124.125,26.758,103.992
389.373,124.863,26.758,103.992
391.586,127.076,26.758,103.992
392.815,128.797,26.758,103.992
394.045,133.469,26.758,103.992
396.750,135.682,26.758,103.992
395.850,138.924,26.188,101.775
392.721,142.053,26.188,101.775
390.555,144.700,26.188,101.775
389.833,145.422,26.188,101.775
388.630,145.181,26.188,101.775
385.020,146.385,26.188,101.775
381.410,147.107,26.188,101.775
379.244,147.829,26.188,101.775
379.485,144.700,26.188,101.775
377.319,145.422,26.188,101.775
376.116,146.144,26.188,101.775
375.394,145.422,26.188,101.775
376.116,146.625,26.188,101.775
376.838,148.310,26.188,101.775
378.522,145.181,26.188,101.775
374.431,145.422,26.188,101.775
373.228,144.700,26.188,101.775
371.543,144.941,26.188,101.775
370.821,145.181,26.188,101.775
372.987,140.609,26.188,101.775
371.784,137.962,26.188,101.775
372.025,136.277,26.188,101.775
369.859,134.592,26.188,101.775
370.318,135.714,26.767,104.027
369.767,133.287,27.359,106.328
368.160,133.937,27.965,108.681
368.931,134.194,27.965,108.681
371.244,132.909,27.965,108.681
370.987,135.222,27.965,108.681
372.272,134.965,27.965,108.681
373.557,138.819,27.965,108.681
373.814,139.076,27.965,108.681
375.099,139.333,27.965,108.681
376.384,142.160,27.965,108.681
377.941,142.291,28.583,111.085
378.442,143.515,29.216,113.543
380.321,144.320,29.216,113.543
382.201,145.126,29.216,113.543
382.713,144.148,29.862,116.055
381.341,146.069,29.862,116.055
384.360,145.246,29.862,116.055
385.183,145.520,29.862,116.055
384.568,143.952,30.523,118.623
386.849,143.513,31.198,121.247
386.802,143.064,31.888,123.930
386.753,141.389,32.594,126.672
388.251,141.688,32.594,126.672
389.748,139.591,32.594,126.672
390.942,139.122,33.315,129.475
392.472,139.429,33.315,129.475
395.840,140.959,33.315,129.475
398.595,141.878,33.315,129.475
400.739,140.959,33.315,129.475
402.593,140.480,34.052,132.339
404.784,141.419,34.052,132.339
406.680,139.630,34.806,135.267
408.618,138.466,35.576,138.260
410.252,136.831,35.576,138.260
411.555,134.962,36.363,141.319
412.193,133.052,37.167,144.446
413.900,135.443,37.167,144.446
415.261,135.617,37.990,147.642
415.610,136.664,37.990,147.642
412.655,132.496,38.830,150.908
413.011,133.566,38.830,150.908
411.227,132.496,38.830,150.908
408.206,128.975,39.689,154.247
406.382,128.610,39.689,154.247
407.079,125.769,40.567,157.660
405.215,124.650,40.567,157.660
405.153,124.067,41.465,161.148
407.058,124.448,41.465,161.148
405.915,124.067,41.465,161.148
405.534,125.210,41.465,161.148
407.439,125.591,41.465,161.148
404.009,124.448,41.465,161.148
408.963,123.304,41.465,161.148
411.630,123.686,41.465,161.148
413.148,122.298,42.382,164.713
411.201,124.246,42.382,164.713
415.985,122.828,43.320,168.358
416.745,121.378,44.279,172.082
419.211,118.208,45.258,175.890
419.626,119.456,45.258,175.890
416.715,116.544,45.258,175.890
419.626,116.128,45.258,175.890
421.706,115.712,45.258,175.890
421.290,115.297,45.258,175.890
422.947,114.645,46.260,179.781
418.271,115.921,46.260,179.781
417.846,117.196,46.260,179.781
418.271,119.322,46.260,179.781
421.246,121.447,46.260,179.781
423.372,124.423,46.260,179.781
423.797,124.848,46.260,179.781
425.072,126.123,46.260,179.781
428.898,123.148,46.260,179.781
429.324,126.123,46.260,179.781
430.599,127.399,46.260,179.781
433.575,124.423,46.260,179.781
435.700,127.399,46.260,179.781
436.125,126.123,46.260,179.781
439.101,123.148,46.260,179.781
441.227,118.471,46.260,179.781
443.352,113.795,46.260,179.781
439.753,110.483,47.283,183.759
440.188,107.441,47.283,183.759
436.277,108.745,47.283,183.759
432.366,110.918,47.283,183.759
433.196,109.336,48.329,187.825
433.640,111.556,48.329,187.825
434.084,114.665,48.329,187.825
430.324,116.734,49.398,191.980
431.686,119.004,49.398,191.980
433.955,120.366,49.398,191.980
433.170,124.601,48.345,187.886
434.502,126.822,48.345,187.886
434.058,124.601,48.345,187.886
431.837,125.934,48.345,187.886
432.281,126.378,48.345,187.886
432.725,127.711,48.345,187.886
434.495,128.859,49.415,192.043
431.316,132.038,49.415,192.043
435.010,131.327,50.508,196.292
433.617,128.077,50.508,196.292
437.795,130.398,50.508,196.292
427.123,32.396,51.625,200.635
425.700,30.024,51.625,200.635
430.543,30.266,52.768,205.074
433.938,27.841,52.768,205.074
431.513,25.417,52.768,205.074
437.470,26.670,53.935,209.611
434.992,24.192,53.935,209.611
439.452,25.679,53.935,209.611
436.683,25.525,52.785,205.141
439.584,30.050,51.659,200.767
441.507,30.818,50.558,196.485
442.901,34.070,50.558,196.485
444.784,33.926,49.479,192.295
443.420,36.200,49.479,192.295
446.603,40.292,49.479,192.295
445.815,38.398,48.424,188.195
441.614,41.691,47.392,184.181
444.662,42.127,47.392,184.181
449.108,45.060,48.440,188.256
438.898,131.592,47.407,184.242
435.849,132.899,47.407,184.242
433.670,135.077,47.407,184.242
432.363,133.770,47.407,184.242
430.769,136.995,46.396,180.313
427.785,139.127,46.396,180.313
430.769,133.584,46.396,180.313
429.490,136.568,46.396,180.313
425.653,131.878,46.396,180.313
424.374,132.305,46.396,180.313
423.947,133.584,46.396,180.313
421.816,127.188,46.396,180.313
418.612,129.522,45.407,176.467
418.194,124.097,45.407,176.467
415.273,125.349,45.407,176.467
414.856,119.090,45.407,176.467
412.770,121.176,45.407,176.467
414.022,114.083,45.407,176.467
411.935,117.003,45.407,176.467
414.022,110.744,45.407,176.467
414.439,108.658,45.407,176.467
415.691,106.572,45.407,176.467
420.599,106.442,44.438,172.704
426.190,111.039,43.491,169.021
421.977,102.949,44.453,172.761
419.366,101.462,45.437,176.583
418.948,96.869,45.437,176.583
417.696,99.792,45.437,176.583
418.113,96.034,45.437,176.583
416.861,97.287,45.437,176.583
415.608,94.364,45.437,176.583
416.026,94.781,45.437,176.583
414.773,92.694,45.437,176.583
415.190,93.111,45.437,176.583
414.773,91.858,45.437,176.583
415.190,92.276,45.437,176.583
414.773,91.858,45.437,176.583
416.026,90.606,45.437,176.583
414.773,88.518,45.437,176.583
416.861,88.100,45.437,176.583
415.608,86.848,45.437,176.583
418.531,88.100,45.437,176.583
418.948,88.518,45.437,176.583
419.366,87.265,45.437,176.583
420.619,87.683,45.437,176.583
421.871,87.265,45.437,176.583
420.619,87.683,45.437,176.583
422.706,87.265,45.437,176.583
423.124,87.683,45.437,176.583
422.706,88.936,45.437,176.583
423.124,90.188,45.437,176.583
422.706,91.441,45.437,176.583
423.124,92.694,45.437,176.583
422.706,93.946,45.437,176.583
422.289,95.199,45.437,176.583
423.541,96.452,45.437,176.583
423.959,96.869,45.437,176.583
422.706,98.122,45.437,176.583
424.794,98.539,45.437,176.583
423.541,99.792,45.437,176.583
424.794,101.880,45.437,176.583
424.376,103.967,45.437,176.583
425.629,106.890,45.437,176.583
425.212,109.813,45.437,176.583
423.959,111.901,45.437,176.583
424.041,116.601,44.468,172.817
423.632,118.644,44.468,172.817
423.224,120.687,44.468,172.817
421.180,122.731,44.468,172.817
421.589,124.774,44.468,172.817
419.546,127.634,44.468,172.817
419.955,129.678,44.468,172.817
417.911,132.538,44.468,172.817
417.503,135.399,44.468,172.817
417.911,139.076,44.468,172.817
416.685,140.302,44.468,172.817
417.911,140.711,44.468,172.817
417.503,141.120,44.468,172.817
417.911,141.528,44.468,172.817
417.503,141.937,44.468,172.817
418.729,143.163,44.468,172.817
419.955,143.572,44.468,172.817
418.729,143.980,44.468,172.817
419.955,143.572,44.468,172.817
418.729,143.163,44.468,172.817
419.955,143.572,44.468,172.817
420.363,143.980,44.468,172.817
419.955,143.572,44.468,172.817
419.546,143.163,44.468,172.817
421.589,144.389,44.468,172.817
421.180,144.797,44.468,172.817
424.041,145.206,44.468,172.817
426.084,142.346,44.468,172.817
423.224,145.206,44.468,172.817
426.084,143.980,44.468,172.817
425.676,141.120,44.468,172.817
428.536,143.980,44.468,172.817
429.762,140.302,44.468,172.817
428.536,143.163,44.468,172.817
428.945,140.302,44.468,172.817
426.901,140.711,44.468,172.817
427.310,140.302,44.468,172.817
429.353,141.528,44.468,172.817
427.310,141.937,44.468,172.817
427.719,140.711,44.468,172.817
427.310,138.668,44.468,172.817
427.719,139.894,44.468,172.817
427.310,141.120,44.468,172.817
426.084,142.346,44.468,172.817
426.493,142.754,44.468,172.817
424.450,139.894,44.468,172.817
423.224,145.206,44.468,172.817
419.546,140.711,44.468,172.817
422.406,138.668,44.468,172.817
422.815,142.346,44.468,172.817
423.224,145.206,44.468,172.817
414.642,138.259,44.468,172.817
413.416,143.572,44.468,172.817
417.094,143.163,44.468,172.817
416.685,139.485,44.468,172.817
417.094,143.163,44.468,172.817
416.685,140.302,44.468,172.817
416.277,140.711,44.468,172.817
415.051,141.120,44.468,172.817
414.642,139.076,44.468,172.817
415.051,140.302,44.468,172.817
414.642,141.528,44.468,172.817
415.051,142.754,44.468,172.817
414.642,143.163,44.468,172.817
415.868,145.206,44.468,172.817
416.277,141.528,44.468,172.817
417.503,143.572,44.468,172.817
419.546,139.894,44.468,172.817
420.772,141.937,44.468,172.817
420.363,143.163,44.468,172.817
421.589,139.485,44.468,172.817
420.094,143.297,43.519,169.132
421.294,142.897,43.519,169.132
422.143,145.857,42.591,165.525
423.317,146.248,42.591,165.525
424.492,145.857,42.591,165.525
424.883,145.466,42.591,165.525
424.492,144.291,42.591,165.525
424.426,142.866,43.534,169.188
421.870,142.240,44.497,172.931
422.278,142.649,44.497,172.931
419.416,142.240,44.497,172.931
419.825,144.285,44.497,172.931
416.363,141.099,45.481,176.757
417.617,142.353,45.481,176.757
416.363,138.591,45.481,176.757
413.437,137.337,45.481,176.757
412.183,136.919,45.481,176.757
412.114,136.265,46.488,180.668
413.395,140.110,46.488,180.668
410.665,135.895,47.516,184.665
407.608,134.585,47.516,184.665
406.298,136.768,47.516,184.665
407.608,133.711,47.516,184.665
408.442,134.840,48.567,188.751
403.737,128.584,49.642,192.927
404.193,129.040,49.642,192.927
399.384,123.593,50.740,197.195
399.307,120.928,51.863,201.558
405.503,123.311,51.863,201.558
404.073,118.068,51.863,201.558
408.938,119.300,53.010,206.018
411.374,119.787,53.010,206.018
413.810,114.428,53.010,206.018
407.477,116.864,53.010,206.018
409.913,113.454,53.010,206.018
408.451,113.941,53.010,206.018
408.938,114.428,53.010,206.018
404.554,112.967,53.010,206.018
400.170,114.428,53.010,206.018
402.606,109.070,53.010,206.018
397.247,111.505,53.010,206.018
397.734,110.044,53.010,206.018
391.401,107.608,53.010,206.018
387.991,105.172,53.010,206.018
386.530,102.737,53.010,206.018
386.042,108.095,53.010,206.018
387.504,105.660,53.010,206.018
383.120,108.095,53.010,206.018
380.684,109.557,53.010,206.018
377.274,110.044,53.010,206.018
373.864,110.531,53.010,206.018
370.454,112.967,53.010,206.018
369.966,115.403,53.010,206.018
366.556,111.993,53.010,206.018
365.095,113.454,53.010,206.018
362.659,110.044,53.010,206.018
360.223,110.531,53.010,206.018
358.762,109.070,53.010,206.018
357.301,110.531,53.010,206.018
358.762,111.993,53.010,206.018
356.659,113.251,54.183,210.576
358.153,109.766,54.183,210.576
356.659,115.243,54.183,210.576
360.145,116.737,54.183,210.576
359.647,121.218,54.183,210.576
366.120,116.737,54.183,210.576
365.622,122.214,54.183,210.576
371.479,121.100,53.028,206.085
372.941,124.511,53.028,206.085
373.428,124.024,53.028,206.085
376.839,123.537,53.028,206.085
377.327,125.973,53.028,206.085
382.119,129.580,51.897,201.690
380.689,131.010,51.897,201.690
378.304,133.395,51.897,201.690
379.735,135.779,51.897,201.690
376.396,138.164,51.897,201.690
376.873,140.549,51.897,201.690
375.443,141.979,51.897,201.690
377.827,140.549,51.897,201.690
375.443,143.887,51.897,201.690
379.735,143.410,51.897,201.690
380.212,144.841,51.897,201.690
384.504,146.272,51.897,201.690
384.027,148.656,51.897,201.690
386.412,150.087,51.897,201.690
386.889,153.425,51.897,201.690
389.740,156.955,50.790,197.389
388.340,159.289,50.790,197.389
389.740,162.556,50.790,197.389
391.141,166.757,50.790,197.389
392.541,168.157,50.790,197.389
392.074,169.557,50.790,197.389
392.541,169.090,50.790,197.389
391.141,167.690,50.790,197.389
390.674,167.223,50.790,197.389
392.074,165.823,50.790,197.389
392.541,165.357,50.790,197.389
391.141,165.823,50.790,197.389
391.607,165.357,50.790,197.389
392.074,167.690,50.790,197.389
393.474,169.090,50.790,197.389
393.566,170.745,49.707,193.180
393.109,170.289,49.707,193.180
393.566,170.745,49.707,193.180
393.109,171.202,49.707,193.180
392.652,169.832,49.707,193.180
394.023,170.288,49.707,193.180
392.652,169.832,49.707,193.180
392.196,168.461,49.707,193.180
391.739,165.264,49.707,193.180
390.368,163.893,49.707,193.180
390.825,161.609,49.707,193.180
387.628,157.498,49.707,193.180
388.084,155.214,49.707,193.180
385.800,151.103,49.707,193.180
382.603,147.906,49.707,193.180
383.973,145.622,49.707,193.180
380.776,143.338,49.707,193.180
381.233,141.054,49.707,193.180
379.862,137.856,49.707,193.180
380.319,138.313,49.707,193.180
378.949,135.115,49.707,193.180
379.405,131.004,49.707,193.180
377.734,128.221,48.647,189.060
379.969,127.774,48.647,189.060
381.310,125.539,48.647,189.060
378.181,125.092,48.647,189.060
383.099,122.856,48.647,189.060
387.122,124.197,48.647,189.060
389.357,123.750,48.647,189.060
392.030,126.197,47.610,185.028
394.218,125.760,47.610,185.028
397.281,125.322,47.610,185.028
403.270,130.247,46.594,181.083
412.084,126.911,47.625,185.089
421.093,127.134,48.679,189.184
426.908,128.476,48.679,189.184
434.513,131.607,48.679,189.184
396.489,39.901,48.679,189.184
404.094,34.086,48.679,189.184
410.804,30.060,48.679,189.184
417.791,36.820,47.641,185.150
425.233,32.004,47.641,185.150
432.915,31.024,46.625,181.201
441.056,28.882,46.625,181.201
449.197,28.454,46.625,181.201
459.052,27.168,46.625,181.201
464.918,27.035,45.631,177.337
472.885,24.939,45.631,177.337
482.530,24.519,45.631,177.337
490.695,28.431,44.658,173.556
497.672,28.841,44.658,173.556
503.828,31.714,44.658,173.556
507.521,30.483,44.658,173.556
513.677,31.714,44.658,173.556
519.012,31.304,44.658,173.556
525.168,30.893,44.658,173.556
520.842,8.962,45.646,177.395
525.995,-3.010,46.656,181.320
533.041,-1.013,47.688,185.332
543.997,1.179,47.688,185.332
558.458,35.799,47.688,185.332
556.267,43.249,47.688,185.332
565.470,43.688,47.688,185.332
575.550,45.879,47.688,185.332
585.773,46.588,46.671,181.380
592.207,45.301,46.671,181.380
595.598,50.129,45.676,177.512
598.917,54.044,44.702,173.726
603.436,55.277,44.702,173.726
621.100,54.044,44.702,173.726
617.403,57.741,44.702,173.726
618.635,58.974,44.702,173.726
616.581,61.028,44.702,173.726
616.170,63.082,44.702,173.726
611.500,69.290,43.748,170.022
617.004,72.265,42.815,166.396
611.013,75.935,41.902,162.847
619.254,75.816,41.009,159.375
612.848,78.454,41.009,159.375
621.515,76.570,41.009,159.375
615.862,78.454,41.009,159.375
607.948,81.846,41.009,159.375
608.023,83.182,40.134,155.976
603.228,85.764,40.134,155.976
604.722,85.649,39.278,152.650
602.196,85.288,39.278,152.650
572.236,89.259,39.278,152.650
567.436,94.018,38.441,149.394
569.203,92.251,38.441,149.394
567.910,98.271,37.621,146.208
568.947,97.233,37.621,146.208
570.348,100.459,36.819,143.091
568.656,102.150,36.819,143.091
571.984,102.045,36.033,140.039
568.219,108.326,35.265,137.053
567.033,111.349,34.513,134.130
570.764,111.251,33.777,131.270
568.432,116.540,33.057,128.470
571.166,113.806,33.057,128.470
570.054,117.811,32.352,125.731
568.393,123.450,31.662,123.049
573.339,121.995,31.662,123.049
571.303,122.868,31.662,123.049
577.530,122.778,30.987,120.425
575.390,127.630,30.326,117.857
573.439,125.679,30.326,117.857
577.792,126.130,29.679,115.344
574.791,129.130,29.679,115.344
577.792,127.221,29.679,115.344
575.337,130.221,29.679,115.344
578.882,127.766,29.679,115.344
576.428,131.312,29.679,115.344
579.428,128.312,29.679,115.344
578.610,127.494,29.679,115.344
581.292,126.883,29.046,112.884
578.772,130.917,28.427,110.477
582.690,127.521,28.427,110.477
579.817,130.917,28.427,110.477
583.213,128.044,28.427,110.477
581.250,131.991,27.821,108.121
582.528,130.202,27.821,108.121
581.955,127.149,28.436,110.513
579.488,131.098,27.830,108.156
582.003,130.032,27.236,105.850
579.250,132.285,27.236,105.850
579.208,129.816,27.839,108.192
577.929,133.142,27.839,108.192
580.231,130.327,27.839,108.192
577.417,133.142,27.839,108.192
577.161,131.351,27.839,108.192
578.181,128.827,28.455,110.586
576.720,133.282,27.848,108.227
578.511,132.003,27.848,108.227
577.231,134.818,27.848,108.227
579.023,132.515,27.848,108.227
578.255,136.353,27.848,108.227
579.023,134.050,27.848,108.227
578.255,136.353,27.848,108.227
580.046,134.562,27.848,108.227
581.838,133.282,27.848,108.227
579.421,138.136,27.254,105.919
581.175,135.882,27.254,105.919
584.251,132.372,27.857,108.263
