57.000,21.000,31.000,45.000
57.149,21.149,31.000,45.000
57.894,20.106,31.000,45.000
60.128,20.255,31.000,45.000
61.767,18.914,31.000,45.000
65.789,18.170,31.000,45.000
68.024,16.233,31.000,45.000
70.617,16.199,31.686,45.996
73.900,16.164,32.387,47.013
76.546,16.942,32.387,47.013
79.503,17.098,32.387,47.013
80.904,18.187,32.387,47.013
80.126,18.965,32.387,47.013
77.169,19.432,32.387,47.013
71.099,19.277,32.387,47.013
64.095,18.187,32.387,47.013
57.714,18.032,32.387,47.013
54.446,17.253,32.387,47.013
48.999,16.475,32.387,47.013
41.684,17.565,32.387,47.013
37.793,18.343,32.387,47.013
31.101,19.744,32.387,47.013
25.296,18.895,31.696,46.011
22.097,19.961,31.696,46.011
19.203,20.418,31.696,46.011
16.918,21.484,31.696,46.011
19.458,21.828,31.020,45.030
20.502,20.486,31.020,45.030
20.114,19.673,30.359,44.069
19.677,20.986,30.359,44.069
18.947,20.549,30.359,44.069
17.724,22.003,29.711,43.129
17.903,23.151,29.078,42.210
19.999,23.570,29.078,42.210
22.868,23.616,28.458,41.310
23.278,24.847,28.458,41.310
23.689,25.804,28.458,41.310
26.287,26.214,28.458,41.310
29.432,27.172,28.458,41.310
34.219,28.402,28.458,41.310
38.185,29.360,28.458,41.310
41.417,30.747,29.087,42.224
44.911,32.564,29.087,42.224
46.728,34.102,29.087,42.224
46.589,34.801,29.087,42.224
47.572,36.509,29.731,43.158
49.144,36.366,29.731,43.158
49.858,35.366,29.731,43.158
50.572,32.651,29.731,43.158
51.858,27.937,29.731,43.158
52.573,21.222,29.731,43.158
54.144,19.364,29.731,43.158
54.287,17.221,29.731,43.158
55.573,15.364,29.731,43.158
56.859,14.935,29.731,43.158
57.287,16.793,29.731,43.158
59.670,20.420,29.097,42.237
60.384,23.431,28.476,41.337
62.139,23.740,27.869,40.455
63.598,24.300,27.275,39.592
64.773,23.586,26.693,38.748
67.407,24.864,26.124,37.922
68.774,25.148,25.567,37.113
70.350,24.714,25.022,36.322
71.428,24.522,24.488,35.547
71.122,25.922,23.966,34.789
69.046,24.850,23.455,34.047
66.797,26.408,22.955,33.321
63.108,27.507,22.465,32.611
61.371,27.751,21.986,31.915
60.843,28.491,21.986,31.915
60.975,29.544,21.517,31.234
62.526,28.613,21.517,31.234
62.836,29.337,21.517,31.234
64.181,30.268,21.517,31.234
65.318,29.751,21.517,31.234
64.387,29.440,21.517,31.234
63.664,29.751,21.517,31.234
63.147,29.854,21.517,31.234
62.216,29.544,21.517,31.234
60.798,28.447,21.993,31.926
58.691,29.520,22.480,32.632
57.209,28.374,22.977,33.354
55.695,29.036,23.485,34.092
53.679,28.542,24.005,34.846
51.487,29.349,24.005,34.846
50.218,28.542,24.005,34.846
48.488,28.427,24.005,34.846
46.757,27.619,24.005,34.846
45.488,27.734,24.005,34.846
44.681,26.696,24.005,34.846
44.565,25.427,24.005,34.846
45.373,25.081,24.005,34.846
47.103,26.119,24.005,34.846
48.603,26.927,24.005,34.846
48.257,27.042,24.005,34.846
49.064,26.235,24.005,34.846
48.097,25.161,23.493,34.103
47.984,24.596,23.493,34.103
48.549,25.612,23.493,34.103
50.016,26.177,23.493,34.103
52.613,25.612,23.493,34.103
55.887,26.177,23.493,34.103
57.806,25.612,23.493,34.103
60.006,26.055,24.013,34.858
62.660,26.171,24.013,34.858
66.468,24.440,24.013,34.858
70.393,25.850,24.544,35.629
68.041,27.291,25.087,36.417
65.637,28.765,25.642,37.223
66.760,28.225,26.210,38.046
65.032,27.673,26.790,38.888
65.671,28.178,27.382,39.749
62.381,27.783,27.382,39.749
59.092,27.389,27.382,39.749
58.434,27.783,27.382,39.749
59.881,26.336,27.382,39.749
60.276,26.994,27.382,39.749
61.723,25.546,27.382,39.749
63.434,26.467,27.382,39.749
64.355,25.546,27.382,39.749
65.013,25.941,27.382,39.749
59.618,24.757,27.382,39.749
56.855,23.573,27.382,39.749
54.618,24.231,27.382,39.749
53.960,22.520,27.382,39.749
52.776,21.599,27.382,39.749
52.644,19.888,27.382,39.749
53.039,18.441,27.382,39.749
52.381,23.573,27.382,39.749
53.565,26.862,27.382,39.749
53.960,29.099,27.382,39.749
54.091,31.073,27.382,39.749
55.013,32.257,27.382,39.749
55.934,33.705,27.382,39.749
57.644,34.626,27.382,39.749
60.671,35.284,27.382,39.749
62.118,36.731,27.382,39.749
62.776,37.389,27.382,39.749
63.697,38.573,27.382,39.749
62.776,39.231,27.382,39.749
58.697,39.363,27.382,39.749
56.460,40.810,27.382,39.749
54.342,37.556,26.798,38.901
55.000,32.882,26.227,38.071
56.130,30.737,25.668,37.259
58.663,29.588,25.120,36.465
59.025,30.916,25.120,36.465
60.111,30.554,25.120,36.465
59.991,31.882,25.120,36.465
58.979,27.268,24.585,35.687
58.216,24.118,24.060,34.926
57.692,24.379,23.547,34.181
57.353,25.398,23.547,34.181
57.495,25.217,23.045,33.452
57.847,26.107,22.554,32.739
57.775,25.934,22.073,32.041
57.456,26.676,22.073,32.041
57.385,26.302,21.602,31.358
56.243,27.237,21.602,31.358
55.101,27.340,21.602,31.358
53.752,27.859,21.602,31.358
52.402,26.718,21.602,31.358
51.676,27.652,21.602,31.358
50.741,27.133,21.602,31.358
49.392,26.406,21.602,31.358
48.665,26.925,21.602,31.358
47.938,25.783,21.602,31.358
46.589,26.925,21.602,31.358
45.655,25.576,21.602,31.358
44.513,26.302,21.602,31.358
43.579,25.576,21.602,31.358
45.136,26.718,21.602,31.358
48.146,26.614,21.602,31.358
51.157,27.133,21.602,31.358
52.287,26.767,21.141,30.689
52.186,27.681,21.141,30.689
51.271,26.970,21.141,30.689
50.560,27.681,21.141,30.689
50.459,26.564,21.141,30.689
50.154,26.665,21.141,30.689
50.662,26.157,21.141,30.689
51.170,24.836,21.141,30.689
52.084,25.344,21.141,30.689
53.431,24.056,21.609,31.368
57.179,22.955,22.087,32.062
58.806,26.675,22.576,32.771
60.245,25.975,23.075,33.496
61.715,25.719,23.586,34.237
62.735,23.792,23.586,34.237
63.529,22.319,23.586,34.237
64.775,22.206,23.586,34.237
63.221,22.180,24.108,34.995
61.873,22.153,24.641,35.769
60.003,21.143,25.186,36.561
57.338,20.613,25.743,37.370
55.128,24.692,26.313,38.196
52.345,24.663,26.895,39.041
50.572,24.633,27.490,39.905
49.857,24.329,28.098,40.788
48.102,23.924,28.098,40.788
46.886,25.409,28.098,40.788
45.941,23.654,28.098,40.788
44.996,22.979,28.098,40.788
44.321,23.384,28.098,40.788
42.295,22.709,28.098,40.788
38.482,23.518,28.720,41.691
39.167,24.632,29.356,42.613
43.822,23.362,29.356,42.613
47.349,22.093,29.356,42.613
46.361,21.388,29.356,42.613
44.810,20.400,29.356,42.613
45.233,21.388,29.356,42.613
43.963,22.939,29.356,42.613
45.228,24.889,28.730,41.704
46.747,26.408,28.730,41.704
47.989,26.822,28.730,41.704
49.784,26.960,28.730,41.704
51.303,25.442,28.730,41.704
53.650,23.923,28.730,41.704
56.273,24.613,28.730,41.704
58.620,23.095,28.730,41.704
60.691,22.956,28.730,41.704
61.105,22.266,28.730,41.704
62.071,20.471,28.730,41.704
62.209,19.781,28.730,41.704
61.748,20.036,29.365,42.627
63.301,19.613,29.365,42.627
63.708,20.459,30.015,43.570
63.852,19.737,30.015,43.570
62.472,20.602,30.679,44.534
61.146,20.750,30.679,44.534
64.242,20.602,30.679,44.534
66.453,21.339,30.679,44.534
63.062,21.487,30.679,44.534
59.966,22.224,30.679,44.534
55.396,23.256,30.679,44.534
56.434,21.599,30.025,43.584
56.866,17.992,30.025,43.584
59.319,14.674,30.025,43.584
61.772,11.067,30.025,43.584
63.936,9.191,30.025,43.584
66.966,9.335,30.025,43.584
65.379,9.768,30.025,43.584
63.613,10.650,29.384,42.655
61.613,12.602,28.758,41.745
61.786,13.979,28.145,40.855
59.349,13.763,27.544,39.984
56.453,14.572,26.957,39.131
54.118,14.615,26.382,38.297
51.834,15.879,25.820,37.480
53.424,17.594,25.269,36.681
54.747,20.209,24.730,35.898
55.579,21.041,24.730,35.898
57.103,21.996,24.203,35.133
58.145,20.689,23.687,34.384
59.625,20.120,23.687,34.384
61.333,20.917,23.687,34.384
62.573,20.296,23.181,33.650
64.021,20.408,23.181,33.650
64.578,19.851,23.181,33.650
65.135,18.625,23.181,33.650
62.573,19.182,23.181,33.650
63.352,17.734,23.181,33.650
65.469,18.959,23.181,33.650
68.031,21.521,23.181,33.650
69.925,25.420,23.181,33.650
68.699,25.532,23.181,33.650
66.806,25.643,23.181,33.650
62.504,25.387,23.694,34.395
59.658,23.906,23.694,34.395
56.811,24.476,23.694,34.395
55.486,23.741,24.219,35.156
54.855,24.197,24.754,35.934
53.071,23.602,24.754,35.934
52.238,24.435,24.754,35.934
52.833,23.364,24.754,35.934
52.714,23.007,24.754,35.934
53.785,23.602,24.754,35.934
55.807,22.056,24.754,35.934
57.591,21.461,24.754,35.934
59.138,21.104,24.754,35.934
59.971,20.747,24.754,35.934
61.041,25.387,24.754,35.934
62.350,28.361,24.754,35.934
63.658,28.717,24.754,35.934
64.742,28.443,25.302,36.729
66.323,28.322,25.302,36.729
67.174,27.471,25.302,36.729
65.107,27.835,25.302,36.729
63.526,28.686,25.302,36.729
65.350,27.835,25.302,36.729
67.174,28.686,25.302,36.729
65.836,27.835,25.302,36.729
67.903,28.200,25.302,36.729
65.350,26.863,25.302,36.729
63.769,27.957,25.302,36.729
62.189,28.565,25.302,36.729
60.122,27.957,25.302,36.729
60.730,29.051,25.302,36.729
62.310,29.902,25.302,36.729
62.918,29.294,25.302,36.729
61.824,29.902,25.302,36.729
63.405,30.267,25.302,36.729
63.769,29.659,25.302,36.729
60.973,30.510,25.302,36.729
57.933,31.118,25.302,36.729
56.839,32.456,25.302,36.729
58.419,30.389,25.302,36.729
59.271,28.565,25.302,36.729
60.365,28.930,25.302,36.729
59.027,26.619,25.302,36.729
58.419,23.580,25.302,36.729
58.298,21.513,25.302,36.729
56.717,19.446,25.302,36.729
55.380,17.379,25.302,36.729
52.583,16.528,25.302,36.729
50.516,17.136,25.302,36.729
48.692,19.689,25.302,36.729
46.970,22.542,24.762,35.946
43.757,23.613,24.762,35.946
40.306,24.684,24.762,35.946
38.045,26.230,24.762,35.946
36.736,25.873,24.762,35.946
37.569,27.896,24.762,35.946
39.830,29.443,24.762,35.946
41.377,30.276,24.762,35.946
43.638,30.395,24.762,35.946
43.995,31.228,24.762,35.946
44.352,30.871,24.762,35.946
44.709,31.704,24.762,35.946
44.590,30.395,24.762,35.946
48.755,26.944,24.762,35.946
50.778,25.398,24.762,35.946
55.180,24.089,24.762,35.946
58.155,23.970,24.762,35.946
60.416,24.803,24.762,35.946
62.201,24.446,24.762,35.946
63.034,23.851,24.762,35.946
62.201,23.970,24.762,35.946
63.034,22.661,24.762,35.946
61.963,21.590,24.762,35.946
60.892,21.709,24.762,35.946
58.869,20.638,24.762,35.946
53.753,19.091,24.762,35.946
50.639,17.582,25.310,36.741
45.185,18.311,25.870,37.554
39.591,17.192,25.870,37.554
33.759,19.486,26.443,38.385
31.090,18.088,26.443,38.385
29.184,19.231,26.443,38.385
30.073,18.342,26.443,38.385
31.471,17.707,26.443,38.385
32.869,19.358,26.443,38.385
33.763,20.120,27.028,39.234
31.982,20.360,27.626,40.102
32.089,19.779,28.237,40.989
33.607,20.311,28.862,41.896
35.158,18.264,29.500,42.823
36.744,18.526,30.153,43.770
38.064,17.892,30.820,44.739
38.805,16.559,30.820,44.739
38.064,16.114,30.820,44.739
37.324,14.781,30.820,44.739
38.657,14.633,30.820,44.739
39.990,16.262,30.820,44.739
40.434,19.965,30.820,44.739
40.620,22.583,30.163,43.785
41.055,23.598,30.163,43.785
42.649,24.613,30.163,43.785
43.374,23.888,30.163,43.785
45.548,24.902,30.163,43.785
47.142,25.627,30.163,43.785
49.896,25.482,30.163,43.785
51.201,26.787,30.163,43.785
52.795,25.482,30.163,43.785
54.100,25.917,30.163,43.785
56.274,24.323,30.163,43.785
58.448,24.468,30.163,43.785
60.912,23.163,30.163,43.785
63.377,21.859,30.163,43.785
67.580,19.394,30.163,43.785
66.276,16.930,30.163,43.785
63.522,9.538,30.163,43.785
59.729,2.587,30.830,44.754
56.467,-0.521,31.512,45.744
54.391,0.701,32.210,46.756
52.998,7.357,32.210,46.756
51.605,19.275,32.210,46.756
50.831,31.503,32.210,46.756
51.323,37.521,31.523,45.759
50.869,39.188,31.523,45.759
52.227,38.362,30.850,44.783
52.413,37.267,30.193,43.828
53.719,34.511,30.193,43.828
54.734,32.334,30.193,43.828
54.299,28.707,30.193,43.828
54.444,25.950,30.193,43.828
52.268,24.935,30.193,43.828
51.252,25.370,30.193,43.828
49.947,25.515,30.193,43.828
49.569,25.283,29.549,42.893
49.711,26.561,29.549,42.893
49.569,25.851,29.549,42.893
49.143,26.561,29.549,42.893
49.853,26.419,29.549,42.893
49.143,27.981,29.549,42.893
49.321,27.480,28.919,41.979
48.905,28.175,28.919,41.979
49.347,27.417,28.302,41.083
48.939,28.641,28.302,41.083
48.259,27.417,28.302,41.083
48.395,28.641,28.302,41.083
47.987,27.689,28.302,41.083
48.157,28.521,27.698,40.207
48.024,27.589,27.698,40.207
47.625,27.988,27.698,40.207
48.291,28.388,27.698,40.207
47.944,27.918,27.108,39.350
48.075,28.830,27.108,39.350
48.205,27.658,27.108,39.350
48.596,27.267,27.108,39.350
48.205,28.179,27.108,39.350
49.373,27.468,26.530,38.511
49.500,27.596,26.530,38.511
50.889,28.129,25.964,37.689
51.763,28.504,25.964,37.689
53.122,28.064,25.410,36.886
54.221,28.674,25.410,36.886
55.075,27.819,25.410,36.886
55.198,27.942,25.410,36.886
54.831,28.308,25.410,36.886
53.976,29.163,25.410,36.886
53.569,28.881,25.972,37.702
51.697,26.260,25.972,37.702
50.324,23.889,25.972,37.702
50.199,23.514,25.972,37.702
50.324,23.889,25.972,37.702
50.199,24.513,25.972,37.702
50.324,23.390,25.972,37.702
50.199,24.513,25.972,37.702
50.074,25.387,25.972,37.702
50.434,26.653,26.547,38.536
49.541,26.780,26.547,38.536
49.909,26.222,27.134,39.389
49.474,26.462,27.735,40.260
49.341,26.063,27.735,40.260
49.207,26.462,27.735,40.260
49.341,25.530,27.735,40.260
49.474,25.929,27.735,40.260
49.874,25.263,27.735,40.260
49.207,24.863,27.735,40.260
50.140,23.930,27.735,40.260
50.807,23.797,27.735,40.260
51.473,24.463,27.735,40.260
51.581,25.539,28.348,41.151
51.445,24.313,28.348,41.151
51.853,25.266,28.348,41.151
51.964,25.801,28.975,42.061
51.499,26.058,29.617,42.992
53.064,26.485,29.617,42.992
53.491,26.912,29.617,42.992
55.316,25.861,28.985,42.075
54.341,25.443,28.985,42.075
55.858,25.758,28.367,41.178
54.359,25.894,28.367,41.178
54.495,25.758,28.367,41.178
54.086,25.894,28.367,41.178
53.677,26.030,28.367,41.178
54.359,26.712,28.367,41.178
53.677,26.303,28.367,41.178
54.359,27.257,28.367,41.178
53.950,27.121,28.367,41.178
53.814,26.712,28.367,41.178
55.041,26.030,28.367,41.178
53.814,26.984,28.367,41.178
53.924,25.822,28.994,42.089
54.342,26.240,28.994,42.089
53.367,26.658,28.994,42.089
53.228,25.682,28.994,42.089
52.810,26.379,28.994,42.089
53.506,26.797,28.994,42.089
52.810,26.100,28.994,42.089
52.949,26.518,28.994,42.089
53.088,25.543,28.994,42.089
51.834,25.961,28.994,42.089
52.810,26.379,28.994,42.089
52.670,26.797,28.994,42.089
52.531,25.822,28.994,42.089
52.113,26.240,28.994,42.089
51.695,26.658,28.994,42.089
52.670,25.682,28.994,42.089
52.810,26.100,28.994,42.089
53.228,26.518,28.994,42.089
52.810,25.543,28.994,42.089
53.785,25.682,28.994,42.089
54.203,25.822,28.994,42.089
53.506,25.961,28.994,42.089
54.203,26.100,28.994,42.089
53.785,26.518,28.994,42.089
