340.000,358.000,18.000,55.000
338.749,356.749,18.000,55.000
338.054,358.556,18.000,55.000
337.081,359.529,18.000,55.000
334.996,359.112,18.000,55.000
334.652,358.936,18.398,56.217
332.237,358.510,18.398,56.217
328.969,358.652,18.398,56.217
325.417,357.373,18.398,56.217
322.433,356.663,18.398,56.217
320.302,358.226,18.398,56.217
318.170,358.368,18.398,56.217
316.039,359.078,18.398,56.217
313.055,359.220,18.398,56.217
311.820,360.515,18.805,57.461
311.384,361.241,18.805,57.461
309.206,361.967,18.805,57.461
306.156,362.984,18.805,57.461
303.687,364.872,18.805,57.461
302.961,365.598,18.805,57.461
303.397,366.905,18.805,57.461
302.961,367.631,18.805,57.461
302.525,369.229,18.805,57.461
301.799,369.955,18.805,57.461
301.654,370.971,18.805,57.461
299.475,369.955,18.805,57.461
297.878,370.681,18.805,57.461
297.152,372.859,18.805,57.461
295.264,373.295,18.805,57.461
295.409,374.893,18.805,57.461
295.264,374.747,18.805,57.461
294.538,376.345,18.805,57.461
294.102,377.071,18.805,57.461
294.247,377.507,18.805,57.461
294.973,377.942,18.805,57.461
295.990,377.507,18.805,57.461
295.845,378.233,18.805,57.461
296.571,378.668,18.805,57.461
296.716,379.395,18.805,57.461
296.571,379.249,18.805,57.461
294.683,377.361,18.805,57.461
293.666,376.345,18.805,57.461
293.231,377.071,18.805,57.461
292.214,375.473,18.805,57.461
291.778,375.038,18.805,57.461
290.471,374.312,18.805,57.461
290.326,375.619,18.805,57.461
289.890,375.183,18.805,57.461
289.745,373.295,18.805,57.461
290.181,374.021,18.805,57.461
289.455,373.295,18.805,57.461
289.309,374.021,18.805,57.461
289.455,375.328,18.805,57.461
288.728,376.926,18.805,57.461
288.583,375.909,18.805,57.461
288.148,376.926,18.805,57.461
286.840,377.942,18.805,57.461
286.695,378.668,18.805,57.461
285.679,379.976,18.805,57.461
283.210,379.249,18.805,57.461
281.031,380.847,18.805,57.461
281.177,382.735,18.805,57.461
278.417,384.332,18.805,57.461
277.401,384.187,18.805,57.461
276.384,385.785,18.805,57.461
274.496,384.768,18.805,57.461
274.060,385.204,18.805,57.461
272.753,383.606,18.805,57.461
271.737,382.880,18.805,57.461
271.301,381.283,18.805,57.461
268.832,379.395,18.805,57.461
269.849,378.378,18.805,57.461
270.865,377.361,18.805,57.461
270.430,375.183,18.805,57.461
268.542,373.005,18.805,57.461
266.654,370.826,18.805,57.461
265.637,369.809,18.805,57.461
264.040,368.793,18.805,57.461
263.604,368.067,18.805,57.461
263.749,367.922,18.805,57.461
263.894,367.195,18.805,57.461
264.330,369.083,18.805,57.461
263.604,370.390,18.805,57.461
263.749,371.697,18.805,57.461
262.152,372.133,18.805,57.461
260.264,370.826,18.805,57.461
258.376,369.229,18.805,57.461
257.940,368.793,18.805,57.461
256.633,366.614,18.805,57.461
255.616,367.631,18.805,57.461
254.019,368.648,18.805,57.461
251.550,368.212,18.805,57.461
251.114,368.067,18.805,57.461
249.807,366.760,18.805,57.461
249.662,366.324,18.805,57.461
247.193,364.436,18.805,57.461
246.467,365.162,18.805,57.461
246.903,363.274,18.805,57.461
247.629,361.967,18.805,57.461
246.612,360.951,18.805,57.461
246.757,362.258,18.805,57.461
245.741,362.984,18.805,57.461
245.595,362.258,18.805,57.461
243.417,360.370,18.805,57.461
242.691,360.224,18.805,57.461
242.546,361.241,18.805,57.461
241.239,362.838,18.805,57.461
239.351,361.241,18.805,57.461
238.624,362.548,18.805,57.461
238.189,364.146,18.805,57.461
236.591,363.419,18.805,57.461
237.027,361.241,18.805,57.461
238.334,360.224,18.805,57.461
239.641,359.208,18.805,57.461
244.724,357.029,18.805,57.461
247.193,350.784,18.805,57.461
248.790,347.154,18.805,57.461
249.226,345.556,18.805,57.461
247.919,347.735,18.805,57.461
247.980,349.047,18.404,56.235
248.690,347.200,18.404,56.235
251.391,347.910,18.404,56.235
252.386,349.474,18.404,56.235
253.949,350.753,18.404,56.235
255.797,351.179,18.404,56.235
257.645,350.184,18.404,56.235
259.208,350.042,18.404,56.235
259.350,349.900,18.404,56.235
260.061,349.474,18.404,56.235
258.782,350.753,18.404,56.235
258.640,352.032,18.404,56.235
259.066,351.890,18.404,56.235
259.208,350.895,18.404,56.235
259.919,351.606,18.404,56.235
260.345,352.601,18.404,56.235
260.487,351.037,18.404,56.235
259.451,349.308,18.012,55.036
259.868,348.334,18.012,55.036
259.172,347.082,18.012,55.036
260.424,346.387,18.012,55.036
260.842,345.969,18.012,55.036
260.424,346.665,18.012,55.036
258.894,347.360,18.012,55.036
257.086,346.943,18.012,55.036
257.225,348.195,18.012,55.036
257.920,347.500,18.012,55.036
258.894,348.473,18.012,55.036
258.477,349.447,18.012,55.036
257.225,352.924,18.012,55.036
255.417,355.846,18.012,55.036
253.608,356.819,18.012,55.036
249.852,356.958,18.012,55.036
246.375,358.210,18.012,55.036
244.010,357.515,18.012,55.036
241.646,357.376,18.012,55.036
240.950,355.846,18.012,55.036
241.367,356.263,18.012,55.036
241.506,356.402,18.012,55.036
239.420,356.819,18.012,55.036
239.281,358.628,18.012,55.036
237.751,360.714,18.012,55.036
236.253,360.538,18.410,56.254
234.120,362.386,18.410,56.254
234.064,360.732,18.818,57.498
233.337,361.749,18.818,57.498
230.867,360.359,19.234,58.771
230.125,362.884,19.234,58.771
228.217,360.847,19.660,60.071
225.951,359.080,20.095,61.400
223.958,356.630,20.539,62.758
222.908,355.442,20.994,64.147
221.125,353.658,20.994,64.147
220.051,349.753,21.458,65.566
218.229,346.604,21.458,65.566
217.819,343.644,21.933,67.017
216.295,343.813,21.933,67.017
213.415,346.354,21.933,67.017
210.537,345.085,22.418,68.500
212.265,343.788,22.914,70.015
211.460,343.197,23.421,71.564
209.137,343.719,23.939,73.148
207.529,345.787,24.469,74.766
208.096,347.110,24.469,74.766
206.845,347.655,25.010,76.420
205.567,346.209,25.564,78.111
202.211,347.986,25.564,78.111
201.313,348.555,26.129,79.839
198.721,349.556,26.707,81.606
195.644,348.012,27.298,83.411
192.903,347.379,27.298,83.411
190.584,348.012,27.298,83.411
187.844,350.752,27.298,83.411
185.525,353.071,27.298,83.411
183.254,350.180,27.902,85.257
182.608,352.550,27.902,85.257
178.499,355.855,28.519,87.143
176.584,359.689,29.150,89.071
174.626,358.003,29.795,91.042
171.670,355.803,30.455,93.056
169.625,355.993,31.128,95.115
168.034,353.694,31.817,97.219
166.805,357.871,31.817,97.219
165.085,362.540,31.817,97.219
160.908,361.803,31.817,97.219
159.680,363.523,31.817,97.219
160.417,367.208,31.817,97.219
159.680,371.877,31.817,97.219
157.033,371.566,32.521,99.370
154.850,369.164,33.241,101.569
153.683,369.372,33.976,103.816
148.697,373.833,33.976,103.816
145.872,371.868,34.728,106.113
145.209,368.746,35.496,108.461
141.688,371.243,36.282,110.860
136.926,370.889,37.084,113.313
132.653,361.613,37.905,115.820
126.463,354.561,38.743,118.383
125.724,353.562,39.601,121.002
124.969,348.099,40.477,123.679
125.907,342.785,40.477,123.679
131.846,341.222,40.477,123.679
136.535,344.035,40.477,123.679
145.492,343.640,41.372,126.415
155.974,339.921,42.288,129.212
165.332,334.765,43.223,132.071
176.282,329.494,44.180,134.993
184.130,330.517,44.180,134.993
191.074,335.750,45.157,137.980
197.449,341.098,46.156,141.033
199.528,346.564,47.177,144.153
203.920,349.128,48.221,147.343
209.954,344.020,49.288,150.602
211.384,348.278,50.379,153.935
209.615,351.015,51.493,157.340
211.934,353.813,52.632,160.822
212.617,359.203,53.797,164.380
210.729,357.816,54.987,168.017
214.550,362.487,54.987,168.017
218.372,368.857,54.987,168.017
225.591,374.377,54.987,168.017
230.711,375.602,56.204,171.734
236.844,369.650,57.447,175.534
236.400,362.108,57.447,175.534
235.069,356.340,57.447,175.534
229.302,350.573,57.447,175.534
223.603,340.806,58.718,179.417
219.660,329.882,60.018,183.387
218.515,312.946,61.345,187.444
222.260,302.517,62.703,191.592
219.055,292.861,64.090,195.830
223.509,298.306,64.090,195.830
224.994,291.871,64.090,195.830
227.469,283.457,64.090,195.830
231.923,288.902,64.090,195.830
237.368,296.326,64.090,195.830
240.833,293.851,64.090,195.830
248.257,289.396,64.090,195.830
257.661,284.942,64.090,195.830
261.126,291.376,64.090,195.830
263.600,294.841,64.090,195.830
267.065,299.295,64.090,195.830
265.842,300.724,65.508,200.163
264.325,307.300,65.508,200.163
262.807,309.830,65.508,200.163
256.309,297.643,66.957,204.592
252.689,294.023,66.957,204.592
247.120,290.151,68.439,209.118
241.306,284.337,68.439,209.118
239.721,279.580,68.439,209.118
233.907,277.994,68.439,209.118
235.492,280.637,68.439,209.118
239.192,277.994,68.439,209.118
251.348,282.751,68.439,209.118
257.162,273.766,68.439,209.118
261.919,263.724,68.439,209.118
263.505,257.910,68.439,209.118
268.261,253.153,68.439,209.118
277.247,249.453,68.439,209.118
278.832,243.639,68.439,209.118
279.361,248.396,68.439,209.118
279.889,257.381,68.439,209.118
283.589,261.081,68.439,209.118
289.403,259.495,68.439,209.118
292.046,265.309,68.439,209.118
291.517,270.066,68.439,209.118
289.931,265.309,68.439,209.118
291.517,262.667,68.439,209.118
292.046,258.967,68.439,209.118
285.175,261.610,68.439,209.118
277.247,260.024,68.439,209.118
273.547,263.724,68.439,209.118
268.790,262.138,68.439,209.118
267.204,257.381,68.439,209.118
262.447,251.567,68.439,209.118
260.862,254.210,68.439,209.118
249.763,257.910,68.439,209.118
248.177,263.724,68.439,209.118
244.477,260.024,68.439,209.118
241.835,262.667,68.439,209.118
239.192,266.366,68.439,209.118
238.983,259.118,69.953,213.745
240.604,262.899,69.953,213.745
236.822,262.359,69.953,213.745
236.282,263.980,69.953,213.745
232.500,256.957,69.953,213.745
228.719,251.014,69.953,213.745
222.776,245.072,69.953,213.745
229.250,249.954,68.461,209.187
235.066,254.713,68.461,209.187
244.054,261.586,68.461,209.187
249.870,266.345,68.461,209.187
255.685,272.160,68.461,209.187
261.501,279.034,68.461,209.187
268.374,294.366,68.461,209.187
275.248,314.986,68.461,209.187
280.006,320.802,68.461,209.187
283.707,324.503,68.461,209.187
285.293,329.261,68.461,209.187
287.937,334.019,68.461,209.187
289.523,332.433,68.461,209.187
292.166,331.904,68.461,209.187
293.752,331.376,68.461,209.187
295.339,334.019,68.461,209.187
295.867,339.835,68.461,209.187
296.396,345.651,68.461,209.187
292.695,352.524,68.461,209.187
287.937,358.340,68.461,209.187
281.063,363.098,68.461,209.187
282.650,365.742,68.461,209.187
276.834,367.328,68.461,209.187
273.133,377.373,68.461,209.187
267.317,385.304,68.461,209.187
267.537,380.910,67.001,204.726
270.125,383.497,67.001,204.726
269.607,376.770,67.001,204.726
264.950,371.079,67.001,204.726
263.398,367.456,67.001,204.726
261.846,358.660,67.001,204.726
260.293,352.968,67.001,204.726
261.846,346.242,67.001,204.726
263.398,337.445,67.001,204.726
266.606,333.145,65.572,200.360
267.112,333.651,65.572,200.360
266.606,333.145,65.572,200.360
264.304,334.606,67.023,204.793
263.787,335.124,67.023,204.793
260.360,334.469,68.506,209.324
256.858,340.387,70.022,213.956
253.073,345.254,70.022,213.956
256.858,347.958,70.022,213.956
249.828,353.906,70.022,213.956
242.798,360.936,70.022,213.956
247.665,354.987,70.022,213.956
247.124,359.854,70.022,213.956
248.746,365.803,70.022,213.956
249.287,368.506,70.022,213.956
249.828,373.373,70.022,213.956
249.287,385.811,70.022,213.956
251.991,376.618,70.022,213.956
257.939,347.958,70.022,213.956
264.419,355.972,68.529,209.393
271.299,352.268,68.529,209.393
282.413,351.738,68.529,209.393
291.410,349.092,68.529,209.393
302.524,342.212,68.529,209.393
310.002,328.365,70.045,214.026
312.707,321.333,70.045,214.026
326.230,327.283,70.045,214.026
342.097,325.916,68.551,209.462
358.509,328.563,68.551,209.462
377.038,336.504,68.551,209.462
384.979,339.151,68.551,209.462
393.979,333.327,68.551,209.462
407.214,327.504,68.551,209.462
423.625,322.739,68.551,209.462
434.051,324.462,67.089,204.995
438.714,328.089,67.089,204.995
441.305,332.752,67.089,204.995
447.514,337.435,65.658,200.623
444.978,343.013,65.658,200.623
443.726,349.737,67.111,205.062
443.207,355.438,67.111,205.062
440.616,341.444,67.111,205.062
432.842,332.633,67.111,205.062
425.068,334.188,67.111,205.062
413.294,339.871,65.680,200.689
395.541,344.437,65.680,200.689
379.817,346.973,65.680,200.689
366.122,344.437,65.680,200.689
353.441,347.987,65.680,200.689
341.775,349.509,65.680,200.689
332.137,350.016,65.680,200.689
323.515,350.523,65.680,200.689
313.877,357.117,65.680,200.689
311.341,354.581,65.680,200.689
304.747,354.074,65.680,200.689
299.167,356.610,65.680,200.689
291.559,357.117,65.680,200.689
289.023,353.567,65.680,200.689
282.429,355.088,65.680,200.689
273.806,356.610,65.680,200.689
273.299,360.161,65.680,200.689
271.777,363.711,65.680,200.689
267.212,362.190,65.680,200.689
267.719,362.697,65.680,200.689
267.212,364.219,65.680,200.689
266.705,367.769,65.680,200.689
269.241,368.276,65.680,200.689
270.763,370.813,65.680,200.689
272.284,367.262,65.680,200.689
272.792,369.798,65.680,200.689
275.328,370.305,65.680,200.689
277.495,368.045,64.279,196.409
277.991,362.585,64.279,196.409
275.509,359.110,64.279,196.409
275.013,358.613,64.279,196.409
273.523,354.146,64.279,196.409
270.049,351.664,64.279,196.409
268.559,349.182,64.279,196.409
266.077,345.707,64.279,196.409
264.588,343.225,64.279,196.409
262.106,344.714,64.279,196.409
260.617,342.232,64.279,196.409
258.361,343.664,65.702,200.755
259.883,344.172,65.702,200.755
256.524,348.794,67.155,205.196
256.005,355.536,67.155,205.196
254.724,361.337,68.641,209.736
250.115,357.367,70.160,214.377
250.657,358.993,70.160,214.377
251.199,359.535,70.160,214.377
249.860,353.228,71.712,219.120
251.522,346.028,71.712,219.120
252.452,336.135,73.299,223.968
249.622,336.701,73.299,223.968
247.924,333.871,73.299,223.968
249.622,331.040,73.299,223.968
244.700,332.674,74.920,228.923
239.493,327.466,74.920,228.923
231.971,325.731,74.920,228.923
224.449,328.624,74.920,228.923
221.556,328.045,74.920,228.923
217.506,319.366,74.920,228.923
213.456,307.216,74.920,228.923
216.349,297.380,74.920,228.923
220.399,286.386,74.920,228.923
229.078,276.550,74.920,228.923
241.588,266.165,73.323,224.041
249.465,248.359,71.759,219.264
264.652,238.412,70.229,214.588
277.127,227.022,70.229,214.588
286.762,227.742,68.731,210.012
290.053,235.609,67.265,205.533
295.277,241.306,65.831,201.150
295.785,244.864,65.831,201.150
297.310,250.457,65.831,201.150
294.768,251.982,65.831,201.150
293.243,261.641,65.831,201.150
290.701,273.335,65.831,201.150
289.176,279.944,65.831,201.150
288.667,275.368,65.831,201.150
290.193,277.910,65.831,201.150
293.751,277.402,65.831,201.150
298.327,271.809,65.831,201.150
298.835,267.234,65.831,201.150
299.344,266.725,65.831,201.150
301.886,269.267,65.831,201.150
302.394,266.725,65.831,201.150
304.936,269.267,65.831,201.150
308.495,271.809,65.831,201.150
317.138,266.217,65.831,201.150
328.831,261.642,65.831,201.150
339.507,261.133,65.831,201.150
348.150,264.692,65.831,201.150
353.742,267.234,65.831,201.150
360.351,264.692,65.831,201.150
364.927,265.200,65.831,201.150
370.519,268.759,65.831,201.150
375.095,278.419,65.831,201.150
373.570,281.977,65.831,201.150
364.961,287.552,64.427,196.860
363.468,292.030,64.427,196.860
362.971,291.533,64.427,196.860
370.434,295.016,64.427,196.860
375.907,303.474,64.427,196.860
386.356,304.967,64.427,196.860
389.839,302.479,64.427,196.860
394.317,305.962,64.427,196.860
399.320,315.254,63.053,192.662
403.702,317.689,63.053,192.662
406.137,312.333,63.053,192.662
402.729,310.872,63.053,192.662
392.503,308.437,63.053,192.662
368.643,310.872,63.053,192.662
352.573,317.202,63.053,192.662
338.452,322.559,63.053,192.662
314.592,315.254,63.053,192.662
304.366,310.872,63.053,192.662
289.271,308.437,63.053,192.662
275.149,318.663,63.053,192.662
264.923,325.967,63.053,192.662
257.619,331.324,63.053,192.662
251.289,326.941,63.053,192.662
253.724,335.219,63.053,192.662
243.498,342.523,63.053,192.662
245.933,353.723,63.053,192.662
251.289,354.210,63.053,192.662
252.750,349.827,63.053,192.662
260.054,343.497,63.053,192.662
265.410,323.533,63.053,192.662
259.080,312.333,63.053,192.662
248.854,306.976,63.053,192.662
228.890,300.646,63.053,192.662
210.873,303.081,63.053,192.662
213.307,297.724,63.053,192.662
210.694,289.923,61.708,188.554
215.937,284.680,61.708,188.554
222.566,282.557,60.393,184.533
226.763,276.494,60.393,184.533
236.558,270.431,60.393,184.533
251.016,263.435,60.393,184.533
263.609,256.439,60.393,184.533
271.538,250.376,60.393,184.533
281.332,248.976,60.393,184.533
294.857,254.107,60.393,184.533
303.719,257.371,60.393,184.533
310.309,255.814,61.729,188.616
317.460,265.825,61.729,188.616
314.123,274.883,61.729,188.616
309.978,282.193,63.094,192.789
314.363,288.528,63.094,192.789
309.003,284.142,63.094,192.789
308.267,290.425,61.749,188.677
309.698,292.809,61.749,188.677
313.990,285.656,61.749,188.677
323.050,275.642,61.749,188.677
332.111,270.396,61.749,188.677
348.801,277.549,61.749,188.677
362.789,280.940,60.432,184.654
370.723,276.740,60.432,184.654
380.524,282.807,60.432,184.654
389.391,280.473,60.432,184.654
405.780,275.695,59.143,180.716
419.939,268.843,59.143,180.716
424.963,262.906,59.143,180.716
428.160,260.622,59.143,180.716
427.704,260.165,59.143,180.716
429.419,265.274,60.452,184.714
428.952,266.675,60.452,184.714
430.946,273.594,59.163,180.775
432.018,275.081,57.901,176.920
433.359,280.894,57.901,176.920
430.229,289.390,57.901,176.920
425.310,288.943,57.901,176.920
419.497,299.228,57.901,176.920
407.424,302.358,57.901,176.920
396.245,312.642,57.901,176.920
375.229,320.244,57.901,176.920
363.156,321.585,57.901,176.920
353.765,325.610,57.901,176.920
342.586,327.846,57.901,176.920
330.513,322.927,57.901,176.920
323.806,322.480,57.901,176.920
316.204,327.399,57.901,176.920
311.285,326.951,57.901,176.920
308.155,330.976,57.901,176.920
302.342,329.634,57.901,176.920
302.790,335.447,57.901,176.920
300.554,329.634,57.901,176.920
296.529,322.033,57.901,176.920
295.188,315.325,57.901,176.920
299.212,313.090,57.901,176.920
298.765,311.748,57.901,176.920
301.895,308.618,57.901,176.920
297.871,304.594,57.901,176.920
291.163,307.724,57.901,176.920
287.139,311.748,57.901,176.920
278.643,306.829,57.901,176.920
271.936,302.805,57.901,176.920
264.364,307.708,56.666,173.147
250.798,313.397,56.666,173.147
242.544,311.447,55.458,169.455
232.694,312.732,55.458,169.455
221.314,306.696,54.275,165.841
213.408,304.020,53.118,162.305
200.692,308.532,53.118,162.305
185.838,306.704,51.985,158.843
178.210,303.894,51.985,158.843
170.582,306.704,51.985,158.843
157.334,310.318,51.985,158.843
150.509,305.902,51.985,158.843
142.078,311.121,51.985,158.843
132.844,313.931,51.985,158.843
126.019,308.712,51.985,158.843
118.391,305.099,51.985,158.843
109.960,307.106,51.985,158.843
106.347,303.493,51.985,158.843
101.128,300.682,51.985,158.843
96.712,297.069,51.985,158.843
98.719,300.682,51.985,158.843
96.712,305.099,51.985,158.843
100.325,311.121,51.985,158.843
97.515,308.310,51.985,158.843
101.931,313.529,51.985,158.843
105.544,317.946,51.985,158.843
112.369,321.559,51.985,158.843
117.209,320.218,53.135,162.358
120.453,315.442,54.311,165.950
126.744,313.345,54.311,165.950
133.036,315.442,54.311,165.950
138.488,313.345,54.311,165.950
143.941,310.409,54.311,165.950
148.554,311.667,54.311,165.950
152.329,312.086,54.311,165.950
157.782,309.150,54.311,165.950
159.040,307.892,54.311,165.950
159.460,304.117,54.311,165.950
159.879,300.342,54.311,165.950
162.815,298.245,54.311,165.950
164.073,293.632,54.311,165.950
167.389,289.620,55.513,169.622
168.675,291.763,55.513,169.622
173.391,292.192,55.513,169.622
173.820,296.908,55.513,169.622
175.106,297.337,55.513,169.622
177.249,297.765,55.513,169.622
177.678,302.481,55.513,169.622
178.964,302.053,55.513,169.622
181.965,301.624,55.513,169.622
186.681,302.910,55.513,169.622
189.682,306.768,55.513,169.622
193.540,308.054,55.513,169.622
196.541,305.911,55.513,169.622
199.542,305.482,55.513,169.622
199.971,311.913,55.513,169.622
199.323,318.267,54.329,166.004
201.421,317.847,54.329,166.004
205.197,316.589,54.329,166.004
208.134,317.847,54.329,166.004
207.714,322.463,54.329,166.004
205.617,321.204,54.329,166.004
207.714,324.980,54.329,166.004
209.812,329.595,54.329,166.004
212.749,331.693,54.329,166.004
214.008,324.560,54.329,166.004
216.106,320.784,54.329,166.004
219.043,322.882,54.329,166.004
221.980,320.784,54.329,166.004
225.756,311.134,54.329,166.004
228.693,304.002,54.329,166.004
232.469,301.904,54.329,166.004
236.245,304.002,54.329,166.004
236.665,308.617,54.329,166.004
238.762,304.841,54.329,166.004
241.699,302.743,54.329,166.004
241.280,307.358,54.329,166.004
242.539,311.134,54.329,166.004
238.762,309.036,54.329,166.004
237.504,305.260,54.329,166.004
237.084,302.323,54.329,166.004
235.826,304.421,54.329,166.004
232.049,298.967,54.329,166.004
232.469,293.512,54.329,166.004
228.693,296.449,54.329,166.004
225.756,301.065,54.329,166.004
227.854,295.610,54.329,166.004
229.112,294.352,54.329,166.004
232.049,297.288,54.329,166.004
239.182,296.030,54.329,166.004
245.476,301.484,54.329,166.004
250.930,308.617,54.329,166.004
260.580,306.519,54.329,166.004
271.069,301.065,54.329,166.004
284.076,297.288,54.329,166.004
292.887,296.030,54.329,166.004
302.537,293.932,54.329,166.004
307.991,288.478,54.329,166.004
314.285,283.023,54.329,166.004
318.900,285.960,54.329,166.004
320.998,288.058,54.329,166.004
322.790,288.615,53.170,162.464
324.544,287.577,52.036,159.000
324.143,283.960,52.036,159.000
322.133,288.380,52.036,159.000
318.517,289.586,52.036,159.000
312.489,287.577,52.036,159.000
306.461,287.979,52.036,159.000
298.825,289.988,52.036,159.000
290.386,281.549,52.036,159.000
282.751,274.717,52.036,159.000
274.312,279.941,52.036,159.000
266.676,282.754,52.036,159.000
264.667,273.512,52.036,159.000
265.069,271.502,52.036,159.000
260.648,276.726,52.036,159.000
261.854,276.325,52.036,159.000
262.796,283.830,50.927,155.609
259.256,288.156,50.927,155.609
262.796,289.336,50.927,155.609
265.234,292.133,49.841,152.291
267.621,300.063,48.778,149.043
264.147,308.551,47.737,145.865
265.722,319.700,46.719,142.754
262.475,322.226,46.719,142.754
266.444,324.752,46.719,142.754
260.310,329.442,46.719,142.754
263.557,333.411,46.719,142.754
265.361,327.277,46.719,142.754
267.465,322.329,47.753,145.912
259.720,325.648,47.753,145.912
257.139,317.904,47.753,145.912
258.245,313.847,47.753,145.912
251.978,306.494,48.810,149.141
248.585,299.332,48.810,149.141
248.436,290.251,49.890,152.440
248.051,288.325,49.890,152.440
252.668,294.035,48.826,149.190
255.733,295.263,47.784,146.008
259.054,290.465,47.784,146.008
260.899,286.406,47.784,146.008
260.530,290.465,47.784,146.008
258.685,294.525,47.784,146.008
259.792,291.203,47.784,146.008
264.589,284.930,47.784,146.008
269.387,274.966,47.784,146.008
272.708,273.859,47.784,146.008
274.553,277.918,47.784,146.008
277.874,276.811,47.784,146.008
283.719,279.435,46.765,142.894
289.136,275.462,46.765,142.894
285.164,271.490,46.765,142.894
288.414,273.295,46.765,142.894
294.554,277.990,46.765,142.894
294.193,281.963,46.765,142.894
300.332,282.324,46.765,142.894
294.944,269.877,47.800,146.056
276.856,271.723,47.800,146.056
315.616,243.299,47.800,146.056
310.108,239.002,48.858,149.287
311.240,237.870,48.858,149.287
296.999,235.827,49.939,152.590
287.243,237.740,51.044,155.966
279.754,233.404,51.044,155.966
276.118,243.806,49.955,152.640
267.245,249.593,49.955,152.640
256.829,249.207,49.955,152.640
242.555,248.049,49.955,152.640
239.854,253.065,49.955,152.640
235.610,248.821,49.955,152.640
234.453,243.806,49.955,152.640
240.240,238.019,49.955,152.640
244.863,240.018,48.890,149.385
240.710,235.865,48.890,149.385
247.417,234.911,47.847,146.200
244.092,233.063,47.847,146.200
252.794,229.992,46.827,143.082
247.369,229.630,46.827,143.082
252.400,230.110,45.828,140.031
261.956,218.431,45.828,140.031
256.675,218.718,46.842,143.129
264.272,218.356,46.842,143.129
269.383,221.652,47.879,146.296
263.867,225.788,48.938,149.532
158.633,253.541,50.021,152.841
156.701,250.837,50.021,152.841
161.330,261.775,48.954,149.581
163.977,261.397,48.954,149.581
159.120,260.919,50.037,152.891
161.516,277.820,48.970,149.630
163.407,281.980,48.970,149.630
159.247,277.064,48.970,149.630
161.138,280.467,48.970,149.630
163.785,296.729,48.970,149.630
158.928,296.251,50.053,152.941
160.860,302.049,50.053,152.941
164.339,309.394,50.053,152.941
169.364,314.419,50.053,152.941
168.205,311.713,50.053,152.941
167.818,311.327,50.053,152.941
171.705,317.801,48.986,149.680
173.597,311.370,48.986,149.680
177.401,314.060,47.941,146.488
182.214,309.246,47.941,146.488
189.248,306.655,47.941,146.488
193.321,291.475,47.941,146.488
195.913,284.440,47.941,146.488
200.726,289.994,47.941,146.488
203.317,288.143,47.941,146.488
205.909,284.070,47.941,146.488
207.760,278.517,47.941,146.488
208.871,275.184,47.941,146.488
212.203,268.150,47.941,146.488
