264.000,311.000,37.000,69.000
266.269,309.144,37.000,69.000
266.063,307.287,37.000,69.000
266.269,304.606,37.000,69.000
267.300,300.274,37.000,69.000
269.484,298.027,36.211,67.529
270.494,296.211,36.211,67.529
271.099,295.201,36.211,67.529
272.109,293.788,36.211,67.529
272.714,291.971,36.211,67.529
269.686,292.981,36.211,67.529
267.062,294.394,36.211,67.529
266.456,296.211,36.211,67.529
265.043,294.797,36.211,67.529
266.860,292.577,36.211,67.529
263.832,293.586,36.211,67.529
262.015,293.384,36.211,67.529
260.602,292.375,36.211,67.529
258.381,291.769,36.211,67.529
258.987,291.567,36.211,67.529
255.026,289.773,37.012,69.023
252.756,287.916,37.012,69.023
250.565,286.464,36.223,67.551
249.556,284.243,36.223,67.551
247.334,282.022,36.223,67.551
245.969,282.547,35.450,66.110
245.394,282.681,34.694,64.700
245.588,281.714,34.694,64.700
245.771,284.082,33.955,63.321
242.667,293.332,33.230,61.970
243.914,298.814,32.522,60.649
245.134,301.732,31.828,59.355
248.506,300.135,31.828,59.355
255.515,301.623,31.149,58.090
262.635,301.102,31.149,58.090
269.829,300.885,30.485,56.851
275.438,300.375,30.485,56.851
282.066,301.905,30.485,56.851
288.014,301.735,30.485,56.851
295.662,299.525,30.485,56.851
303.990,302.414,30.485,56.851
310.618,304.624,30.485,56.851
318.606,303.094,30.485,56.851
326.933,304.284,30.485,56.851
333.561,305.813,30.485,56.851
341.549,304.624,30.485,56.851
350.896,307.173,30.485,56.851
359.248,309.909,29.835,55.638
367.422,313.227,29.199,54.452
375.723,314.692,29.199,54.452
387.606,312.576,29.199,54.452
400.626,316.138,28.576,53.291
409.070,317.890,28.576,53.291
416.876,315.819,28.576,53.291
425.956,317.890,28.576,53.291
434.718,317.412,28.576,53.291
445.074,318.209,28.576,53.291
454.438,322.309,27.967,52.154
460.206,324.024,27.967,52.154
461.857,316.014,27.370,51.042
465.061,314.946,27.370,51.042
466.183,312.640,27.976,52.171
467.275,311.860,27.976,52.171
468.024,313.769,27.379,51.059
466.930,312.730,27.985,52.189
467.106,311.667,28.604,53.343
466.955,313.227,29.237,54.523
465.786,314.484,29.884,55.730
467.229,312.991,29.247,54.541
466.087,313.480,29.247,54.541
466.576,311.360,29.247,54.541
467.065,309.893,29.247,54.541
466.911,310.135,29.894,55.748
465.745,311.635,29.894,55.748
465.933,307.388,30.555,56.981
466.444,308.239,30.555,56.981
464.910,310.454,30.555,56.981
465.729,309.584,29.904,55.766
465.562,309.750,29.904,55.766
465.395,310.584,29.904,55.766
465.583,311.524,30.565,57.000
466.095,313.398,30.565,57.000
466.606,313.909,30.565,57.000
465.413,315.784,30.565,57.000
465.243,315.954,30.565,57.000
465.413,316.806,30.565,57.000
465.243,318.340,30.565,57.000
465.413,317.488,30.565,57.000
465.924,317.658,30.565,57.000
466.414,317.116,29.913,55.785
466.581,316.616,29.913,55.785
466.414,317.116,29.913,55.785
466.949,317.018,30.575,57.019
465.755,318.893,30.575,57.019
466.301,318.439,31.252,58.280
465.413,315.806,31.943,59.570
465.926,319.016,31.262,58.299
465.403,321.979,31.262,58.299
428.629,284.508,31.262,58.299
431.243,285.380,31.262,58.299
434.555,286.948,31.262,58.299
438.912,286.774,31.262,58.299
440.829,289.039,31.262,58.299
443.443,291.305,31.262,58.299
445.810,289.756,31.954,59.589
447.769,290.647,31.954,59.589
450.085,293.319,31.954,59.589
454.031,291.379,31.272,58.319
455.949,293.645,31.272,58.319
453.334,299.747,31.272,58.319
439.561,314.566,31.272,58.319
437.992,317.181,31.272,58.319
441.445,315.631,31.964,59.609
444.830,316.879,31.964,59.609
446.434,317.057,31.964,59.609
449.463,319.374,31.964,59.609
452.136,318.839,31.964,59.609
453.384,318.661,31.964,59.609
452.849,320.264,31.964,59.609
454.809,319.017,31.964,59.609
456.413,317.057,31.964,59.609
457.661,317.948,31.964,59.609
457.143,320.816,31.283,58.338
458.363,320.293,31.283,58.338
457.856,322.092,30.615,57.094
460.417,321.580,30.615,57.094
461.895,322.353,29.963,55.876
463.985,322.788,29.324,54.685
463.830,324.388,29.972,55.894
462.285,322.556,30.636,57.131
414.636,326.354,31.313,58.395
419.541,328.424,32.006,59.687
425.073,328.603,32.006,59.687
429.347,328.498,32.714,61.008
434.636,333.057,32.714,61.008
439.925,337.252,32.714,61.008
444.119,339.988,32.714,61.008
448.160,343.627,32.017,59.707
450.954,345.003,32.725,61.028
454.785,342.996,32.725,61.028
458.251,339.530,32.725,61.028
460.183,333.675,32.027,59.726
461.729,334.828,31.344,58.453
417.094,346.398,30.676,57.206
420.001,343.833,30.676,57.206
421.198,345.372,30.676,57.206
421.711,343.833,30.676,57.206
422.908,344.004,30.676,57.206
424.105,342.123,30.676,57.206
424.618,342.636,30.676,57.206
425.131,344.859,30.676,57.206
426.671,345.372,30.676,57.206
428.552,344.175,30.676,57.206
430.433,344.688,30.676,57.206
432.314,345.201,30.676,57.206
434.195,345.372,30.676,57.206
436.335,346.477,30.022,55.986
439.181,345.305,30.022,55.986
441.356,346.142,30.022,55.986
443.867,346.309,30.022,55.986
446.712,346.812,30.022,55.986
448.888,347.314,30.022,55.986
452.068,345.138,30.022,55.986
453.239,345.640,30.022,55.986
456.085,346.142,30.022,55.986
457.591,345.305,30.022,55.986
460.436,346.477,30.022,55.986
457.256,345.305,30.022,55.986
454.511,345.096,29.381,54.792
457.193,348.364,28.755,53.624
459.277,346.921,28.755,53.624
461.361,344.837,28.755,53.624
465.048,312.937,28.755,53.624
466.811,310.211,28.755,53.624
466.009,309.089,28.755,53.624
467.132,312.456,28.755,53.624
466.980,312.361,29.391,54.810
468.454,314.492,29.391,54.810
466.324,314.655,29.391,54.810
467.144,314.819,29.391,54.810
467.963,314.983,29.391,54.810
467.799,315.475,29.391,54.810
467.954,317.480,28.764,53.641
468.115,316.358,28.764,53.641
468.596,314.915,28.764,53.641
466.780,315.153,29.401,54.828
467.272,316.300,29.401,54.828
467.764,317.448,29.401,54.828
466.944,319.251,29.401,54.828
467.764,317.776,29.401,54.828
466.655,316.622,28.774,53.659
465.853,315.820,28.774,53.659
466.976,315.981,28.774,53.659
466.816,316.141,28.774,53.659
466.014,315.339,28.774,53.659
467.137,315.820,28.774,53.659
465.986,316.392,29.410,54.846
466.806,318.851,29.410,54.846
459.847,304.806,30.061,56.060
460.731,301.926,30.726,57.300
459.147,300.403,31.406,58.568
460.798,299.210,32.101,59.863
460.261,299.389,32.101,59.863
416.274,249.153,32.811,61.188
415.721,245.250,33.537,62.542
418.899,246.559,33.537,62.542
421.330,247.494,33.537,62.542
423.761,249.177,33.537,62.542
425.817,250.485,33.537,62.542
427.874,251.046,33.537,62.542
429.249,251.324,34.279,63.925
431.351,249.222,34.279,63.925
433.835,249.413,34.279,63.925
435.937,249.987,34.279,63.925
437.275,250.560,34.279,63.925
438.612,247.311,34.279,63.925
441.741,250.019,33.548,62.562
444.920,247.588,33.548,62.562
446.978,249.271,33.548,62.562
449.409,250.206,33.548,62.562
451.389,251.414,32.832,61.228
451.210,252.596,32.132,59.922
453.452,254.789,31.447,58.645
455.984,255.245,30.776,57.394
457.871,257.476,30.776,57.394
457.013,255.245,30.776,57.394
459.822,252.715,30.120,56.170
461.753,252.616,30.787,57.413
441.673,232.535,30.787,57.413
440.471,231.334,30.787,57.413
441.377,232.658,31.468,58.683
441.903,233.535,31.468,58.683
444.184,231.956,31.468,58.683
445.365,234.441,30.797,57.432
446.910,231.523,30.797,57.432
445.708,232.381,30.797,57.432
446.567,229.806,30.797,57.432
448.112,230.664,30.797,57.432
446.951,229.125,30.140,56.207
448.799,230.302,30.140,56.207
451.992,228.789,30.140,56.207
451.824,226.269,30.140,56.207
454.008,224.085,30.140,56.207
453.520,221.607,29.497,55.008
456.315,217.167,29.497,55.008
457.739,213.791,28.868,53.835
456.919,214.698,29.507,55.026
458.978,217.980,28.878,53.853
461.392,218.785,28.878,53.853
459.062,213.928,28.262,52.704
458.908,211.909,27.659,51.580
456.904,212.680,27.659,51.580
455.267,214.865,27.069,50.480
454.184,215.402,27.668,51.597
457.007,216.993,27.078,50.497
458.896,215.640,26.501,49.420
458.466,215.170,25.936,48.366
459.479,214.158,25.936,48.366
460.731,215.928,25.382,47.335
460.303,212.909,25.944,48.382
460.158,213.921,25.944,48.382
460.017,214.855,25.391,47.350
459.605,215.769,24.849,46.341
459.467,217.016,24.849,46.341
464.038,215.215,24.849,46.341
465.008,214.800,24.849,46.341
467.276,216.228,24.319,45.352
467.429,218.118,24.857,46.356
468.122,217.702,24.857,46.356
466.597,217.009,24.857,46.356
468.065,215.233,24.327,45.367
467.936,216.842,24.866,46.371
466.411,215.594,24.866,46.371
468.146,214.619,24.335,45.382
468.825,215.840,24.335,45.382
468.146,217.332,24.335,45.382
468.536,218.993,23.816,44.414
468.669,218.063,23.816,44.414
469.051,220.968,23.308,43.467
469.181,223.957,23.308,43.467
468.519,223.881,23.824,44.429
467.842,222.700,24.351,45.412
468.249,222.564,24.351,45.412
450.937,224.175,24.890,46.417
450.801,225.606,24.359,45.427
451.209,223.841,24.359,45.427
452.908,223.409,23.840,44.458
454.316,222.217,23.331,43.510
455.191,220.299,22.834,42.582
435.460,245.886,22.834,42.582
436.861,246.777,22.834,42.582
438.454,247.844,22.347,41.674
439.575,245.727,22.347,41.674
443.536,246.531,21.870,40.785
447.071,243.971,21.870,40.785
448.900,244.824,21.870,40.785
451.461,245.434,21.870,40.785
456.042,246.456,21.404,39.916
457.832,247.292,21.404,39.916
460.935,248.292,20.948,39.064
462.921,247.708,20.948,39.064
463.505,247.358,20.948,39.064
465.641,249.688,20.501,38.231
465.527,253.002,20.501,38.231
464.233,253.409,20.954,39.077
464.116,255.395,20.954,39.077
464.903,257.276,20.508,38.244
460.673,266.536,20.508,38.244
463.074,268.480,20.508,38.244
463.874,273.167,20.508,38.244
464.445,242.871,20.508,38.244
466.389,252.588,20.508,38.244
464.857,255.605,20.961,39.090
463.049,263.781,21.425,39.955
462.452,265.333,21.425,39.955
463.527,266.408,21.425,39.955
463.408,265.811,21.425,39.955
463.982,269.346,20.968,39.103
464.566,269.696,20.968,39.103
455.799,279.165,20.968,39.103
457.786,280.918,20.968,39.103
460.586,279.151,21.432,39.968
462.856,280.227,21.432,39.968
463.693,279.390,21.432,39.968
465.007,278.315,21.432,39.968
464.410,279.151,21.432,39.968
465.246,279.988,21.432,39.968
465.843,278.913,21.432,39.968
465.485,278.793,21.432,39.968
465.843,280.824,21.432,39.968
465.007,279.271,21.432,39.968
463.932,278.913,21.432,39.968
465.724,278.554,21.432,39.968
466.354,278.236,21.906,40.852
464.278,278.114,21.906,40.852
465.378,273.839,21.906,40.852
465.500,279.824,21.906,40.852
465.866,286.785,21.906,40.852
463.790,295.700,21.906,40.852
464.401,297.043,21.906,40.852
465.693,296.655,21.439,39.981
466.268,297.657,20.982,39.128
465.251,301.118,20.534,38.294
464.679,303.293,20.534,38.294
465.022,298.600,20.534,38.294
465.131,293.602,20.097,37.477
464.795,291.025,20.097,37.477
464.907,292.929,20.097,37.477
464.123,293.489,20.097,37.477
462.854,291.564,20.541,38.307
462.282,292.823,20.541,38.307
463.999,296.602,20.541,38.307
462.940,297.010,20.996,39.154
462.355,299.234,20.996,39.154
463.643,302.160,20.996,39.154
462.355,303.916,20.996,39.154
464.111,305.438,20.996,39.154
462.057,306.098,21.460,40.020
462.416,307.653,21.460,40.020
463.221,307.734,21.003,39.167
463.107,308.941,20.555,38.332
462.995,310.344,20.116,37.514
463.533,311.068,19.687,36.714
464.302,312.056,19.687,36.714
463.314,311.507,19.687,36.714
464.476,310.735,19.267,35.931
463.542,312.050,18.857,35.165
464.909,315.519,18.857,35.165
464.155,313.712,19.274,35.943
466.060,311.865,19.700,36.738
465.500,311.117,20.136,37.551
463.592,312.128,20.136,37.551
462.582,312.015,20.136,37.551
461.796,314.373,20.136,37.551
462.357,316.955,20.136,37.551
461.347,322.455,20.136,37.551
462.806,326.833,20.136,37.551
463.816,329.415,20.136,37.551
463.480,332.221,20.136,37.551
464.714,334.130,20.136,37.551
463.443,333.132,20.582,38.382
462.640,335.083,20.582,38.382
461.837,335.886,20.582,38.382
460.619,335.742,20.143,37.563
459.608,337.876,20.143,37.563
456.901,338.817,19.713,36.762
455.946,341.857,19.293,35.978
455.193,346.697,19.293,35.978
453.082,349.089,19.720,36.774
453.632,349.639,19.720,36.774
455.941,348.869,19.720,36.774
455.391,350.958,19.720,36.774
454.402,353.706,19.720,36.774
454.082,355.688,19.299,35.990
452.898,356.441,19.299,35.990
452.145,359.131,19.299,35.990
452.468,361.175,19.299,35.990
451.500,361.928,19.299,35.990
450.962,363.972,19.299,35.990
449.348,366.662,19.299,35.990
448.353,366.822,19.726,36.787
449.618,368.127,20.163,37.600
450.678,367.361,20.609,38.432
451.523,365.148,21.065,39.283
453.989,367.379,21.065,39.283
455.281,367.261,21.065,39.283
458.216,367.144,21.065,39.283
460.682,366.322,21.065,39.283
463.008,363.816,21.531,40.152
464.328,361.536,21.531,40.152
464.928,362.856,21.531,40.152
465.562,361.042,22.007,41.040
464.949,360.429,22.007,41.040
463.108,360.306,22.007,41.040
462.740,359.202,22.007,41.040
463.566,356.919,21.538,40.165
462.485,355.599,21.538,40.165
460.129,356.026,22.014,41.054
462.560,362.066,22.501,41.962
461.431,359.934,22.501,41.962
460.804,358.805,22.501,41.962
462.685,359.432,22.501,41.962
461.807,360.812,22.501,41.962
461.682,361.439,22.501,41.962
460.302,362.819,22.501,41.962
461.180,363.446,22.501,41.962
461.807,365.077,22.501,41.962
462.184,365.453,22.501,41.962
461.556,365.829,22.501,41.962
464.577,366.156,22.021,41.067
466.173,366.278,22.021,41.067
467.033,365.174,22.021,41.067
468.137,363.332,22.021,41.067
467.307,363.178,21.552,40.191
468.148,363.298,21.552,40.191
468.989,361.977,21.552,40.191
469.830,362.578,21.552,40.191
468.509,362.938,21.552,40.191
468.395,361.122,22.029,41.081
469.500,362.473,22.029,41.081
469.853,363.740,21.559,40.204
470.454,365.543,21.559,40.204
471.495,365.160,21.099,39.347
471.380,364.333,20.649,38.508
472.416,364.678,20.649,38.508
474.143,365.254,20.649,38.508
472.255,363.334,20.209,37.687
473.551,363.502,20.656,38.521
462.928,394.975,21.113,39.373
463.752,394.622,21.113,39.373
463.164,395.210,21.113,39.373
463.988,395.328,21.113,39.373
463.870,396.623,21.113,39.373
464.458,397.447,21.113,39.373
465.282,395.210,21.113,39.373
464.929,394.386,21.113,39.373
465.753,395.210,21.113,39.373
464.929,394.151,21.113,39.373
465.753,393.327,21.113,39.373
465.638,394.768,20.663,38.533
466.444,393.731,20.663,38.533
465.407,392.694,20.663,38.533
465.062,393.270,20.663,38.533
464.256,391.542,20.663,38.533
462.712,386.216,21.120,39.386
461.379,385.170,21.587,40.257
459.767,384.849,22.065,41.148
461.858,384.480,22.065,41.148
460.013,384.111,22.065,41.148
461.683,383.273,22.553,42.058
459.797,384.908,22.553,42.058
461.935,384.530,22.553,42.058
459.797,384.656,22.553,42.058
461.180,383.776,22.553,42.058
461.055,383.650,22.553,42.058
460.932,386.886,22.072,41.161
459.086,388.486,22.072,41.161
460.932,387.378,22.072,41.161
462.234,390.308,21.601,40.284
463.741,392.943,21.141,39.425
463.388,389.760,21.141,39.425
463.765,388.713,21.608,40.297
465.572,390.520,21.608,40.297
464.006,389.436,21.608,40.297
463.645,388.352,21.608,40.297
463.524,388.954,21.608,40.297
465.090,388.833,21.608,40.297
464.488,390.640,21.608,40.297
463.404,390.761,21.608,40.297
465.452,392.086,21.608,40.297
464.869,392.400,21.148,39.437
466.345,391.116,20.697,38.596
465.307,389.154,20.697,38.596
467.418,387.008,20.255,37.773
465.130,385.996,19.823,36.968
464.809,385.431,19.401,36.180
464.703,384.462,18.987,35.408
464.600,385.553,18.582,34.653
463.253,385.035,18.582,34.653
464.749,386.903,18.186,33.914
466.800,388.144,17.798,33.191
465.555,390.506,17.418,32.483
464.337,393.192,17.047,31.790
465.526,394.356,16.683,31.112
467.049,395.853,16.328,30.449
466.609,396.265,15.979,29.799
467.895,395.638,15.639,29.164
468.818,397.210,15.305,28.542
468.562,399.343,15.305,28.542
468.477,400.452,15.305,28.542
468.221,399.343,15.305,28.542
469.124,400.058,14.979,27.933
470.043,399.307,14.979,27.933
469.291,398.889,14.979,27.933
468.888,399.590,14.659,27.338
469.460,399.671,14.659,27.338
469.537,400.514,14.347,26.755
469.459,399.797,14.041,26.184
469.224,399.406,14.041,26.184
470.204,399.459,13.741,25.626
471.015,399.511,13.448,25.079
470.941,399.561,13.162,24.544
470.868,400.515,13.162,24.544
471.675,402.056,13.162,24.544
472.735,403.661,12.881,24.021
471.801,403.302,12.881,24.021
471.012,402.369,12.881,24.021
472.089,403.015,12.881,24.021
471.603,404.171,12.606,23.509
472.212,406.251,12.337,23.007
472.005,405.907,12.337,23.007
471.524,407.489,12.337,23.007
471.730,408.383,12.337,23.007
472.458,407.103,12.074,22.517
471.853,406.632,12.074,22.517
472.324,407.776,12.074,22.517
471.449,405.286,12.074,22.517
471.112,402.526,12.074,22.517
471.718,400.305,12.074,22.517
472.171,398.404,11.817,22.037
471.853,399.591,11.565,21.567
471.530,399.785,11.565,21.567
472.213,399.207,11.318,21.107
472.150,399.144,11.318,21.107
471.582,399.964,11.318,21.107
471.266,401.163,11.318,21.107
470.825,400.847,11.318,21.107
472.150,402.929,11.318,21.107
471.203,403.876,11.318,21.107
471.266,403.056,11.318,21.107
471.834,402.488,11.318,21.107
472.560,403.236,11.569,21.574
471.980,402.656,11.569,21.574
472.689,402.462,11.569,21.574
472.625,402.656,11.569,21.574
473.076,403.752,11.569,21.574
472.367,403.043,11.569,21.574
471.786,401.946,11.569,21.574
470.948,401.882,11.569,21.574
472.252,402.671,11.322,21.114
472.694,402.356,11.322,21.114
472.378,403.555,11.322,21.114
472.189,405.007,11.322,21.114
472.757,405.449,11.322,21.114
472.315,406.900,11.322,21.114
472.252,408.352,11.322,21.114
472.568,409.425,11.322,21.114
473.262,411.634,11.322,21.114
472.315,412.581,11.322,21.114
472.631,412.644,11.322,21.114
472.820,410.435,11.322,21.114
473.515,411.129,11.322,21.114
472.800,410.699,11.572,21.581
471.961,408.183,11.572,21.581
471.897,405.925,11.572,21.581
472.219,407.151,11.572,21.581
472.413,406.570,11.572,21.581
472.477,404.828,11.572,21.581
472.413,402.828,11.572,21.581
472.219,400.570,11.572,21.581
471.510,399.861,11.572,21.581
472.193,401.645,11.326,21.121
472.861,402.540,11.084,20.670
472.676,401.613,11.084,20.670
472.120,401.675,11.084,20.670
472.923,400.995,11.084,20.670
472.614,399.451,11.084,20.670
472.181,399.018,11.084,20.670
472.614,399.821,11.084,20.670
472.181,400.872,11.084,20.670
473.108,401.428,11.084,20.670
473.541,402.602,11.084,20.670
472.738,403.652,11.084,20.670
472.429,405.197,11.084,20.670
473.356,404.765,11.084,20.670
473.170,404.208,11.084,20.670
473.108,403.900,11.084,20.670
472.552,403.591,11.084,20.670
472.243,403.529,11.084,20.670
473.294,403.220,11.084,20.670
472.985,404.270,11.084,20.670
472.799,404.950,11.084,20.670
472.738,404.147,11.084,20.670
472.429,403.591,11.084,20.670
473.603,404.517,11.084,20.670
473.170,404.209,11.084,20.670
472.738,403.652,11.084,20.670
472.676,405.074,11.084,20.670
472.120,406.000,11.084,20.670
472.799,406.309,11.084,20.670
472.367,407.236,11.084,20.670
473.047,408.040,11.084,20.670
472.614,407.236,11.084,20.670
473.047,408.040,11.084,20.670
472.861,408.472,11.084,20.670
471.777,409.333,11.329,21.128
472.110,410.083,11.580,21.595
472.304,409.760,11.580,21.595
473.272,410.728,11.580,21.595
472.836,412.016,11.333,21.134
472.394,411.700,11.333,21.134
472.078,413.027,11.333,21.134
473.964,411.730,11.091,20.684
474.738,410.461,10.855,20.243
474.446,410.035,10.623,19.811
475.415,409.047,10.397,19.389
475.937,407.946,10.397,19.389
475.880,407.650,10.175,18.975
476.371,408.126,9.958,18.570
476.210,408.056,9.746,18.174
475.395,406.263,9.746,18.174
475.015,405.774,9.746,18.174
475.938,405.177,9.746,18.174
476.095,403.119,9.538,17.787
475.530,400.387,9.334,17.408
475.270,396.796,9.334,17.408
476.050,394.975,9.334,17.408
475.478,393.570,9.334,17.408
474.906,391.645,9.334,17.408
474.424,392.370,9.541,17.793
474.903,395.614,9.541,17.793
474.191,397.459,9.752,18.186
473.688,398.668,9.968,18.589
474.188,400.502,9.968,18.589
473.674,399.432,10.188,19.000
473.617,398.580,10.188,19.000
473.799,399.607,10.414,19.420
473.277,401.987,10.414,19.420
473.799,402.278,10.414,19.420
473.625,403.381,10.414,19.420
474.380,402.394,10.414,19.420
473.625,402.103,10.414,19.420
474.464,404.493,10.192,19.006
473.952,405.572,10.192,19.006
473.327,406.766,10.192,19.006
473.952,408.072,10.192,19.006
473.214,407.334,10.192,19.006
473.611,409.663,10.192,19.006
473.086,408.805,10.417,19.427
472.428,406.601,10.648,19.857
472.742,405.827,10.883,20.296
473.045,405.039,10.883,20.296
472.484,402.359,11.124,20.745
471.926,402.173,11.124,20.745
472.980,401.243,11.124,20.745
474.034,396.840,11.124,20.745
473.600,394.669,11.124,20.745
472.546,393.119,11.124,20.745
472.101,390.509,11.370,21.204
472.292,387.656,11.370,21.204
473.329,387.333,11.128,20.752
472.241,386.910,11.374,21.211
472.444,390.162,11.626,21.680
472.379,391.134,11.626,21.680
471.925,392.754,11.626,21.680
472.402,394.061,11.883,22.160
471.239,398.833,12.146,22.650
471.713,395.651,12.146,22.650
471.646,396.260,12.146,22.650
472.526,394.974,12.146,22.650
474.287,393.845,11.887,22.167
473.293,401.068,11.887,22.167
472.432,398.218,11.887,22.167
472.100,397.489,11.887,22.167
472.299,396.628,11.887,22.167
472.233,398.152,11.887,22.167
472.034,398.483,11.887,22.167
473.247,395.590,11.633,21.694
472.109,394.879,11.891,22.174
471.645,396.404,11.891,22.174
471.446,391.565,11.891,22.174
472.705,390.835,11.891,22.174
471.404,396.298,12.154,22.665
471.066,397.450,12.154,22.665
471.811,398.602,12.154,22.665
472.556,397.992,12.154,22.665
472.082,397.111,12.154,22.665
471.337,396.637,12.154,22.665
472.082,395.756,12.154,22.665
471.315,395.013,12.423,23.166
470.692,396.329,12.423,23.166
472.146,395.429,12.423,23.166
472.879,394.942,12.158,22.672
471.998,394.603,12.158,22.672
471.117,395.891,12.158,22.672
471.727,395.552,12.158,22.672
471.117,397.382,12.158,22.672
471.998,399.076,12.158,22.672
471.524,400.093,12.158,22.672
472.269,402.465,12.158,22.672
472.744,402.804,12.158,22.672
474.167,402.329,12.158,22.672
473.964,403.075,12.158,22.672
473.760,403.414,12.158,22.672
474.506,403.888,12.158,22.672
475.093,402.889,11.898,22.189
474.772,400.888,11.645,21.716
474.707,397.577,11.645,21.716
475.162,395.045,11.645,21.716
475.616,394.721,11.645,21.716
475.555,395.760,11.902,22.196
474.803,394.757,12.166,22.687
474.735,395.503,12.166,22.687
474.939,396.928,12.166,22.687
474.057,391.977,12.166,22.687
473.712,393.625,12.435,23.189
472.495,395.742,12.710,23.702
473.841,394.113,12.710,23.702
474.763,391.066,12.710,23.702
474.695,389.848,12.991,24.227
474.176,392.661,13.279,24.763
474.842,391.254,13.279,24.763
474.028,390.588,13.279,24.763
471.244,394.634,12.995,24.235
474.215,380.941,12.995,24.235
474.982,378.755,12.718,23.718
474.473,383.569,13.000,24.243
475.380,392.000,12.722,23.726
474.174,396.468,12.722,23.726
474.843,402.461,13.004,24.251
474.323,406.329,13.292,24.787
475.108,409.379,13.008,24.258
474.020,411.917,13.008,24.258
474.648,414.342,12.731,23.741
474.286,415.773,13.012,24.266
475.194,415.543,12.735,23.749
474.129,414.052,12.735,23.749
475.052,416.821,12.735,23.749
474.543,416.484,13.017,24.274
474.472,414.295,12.739,23.757
474.847,411.453,13.021,24.282
474.776,413.601,12.743,23.764
474.266,415.181,13.025,24.290
474.895,416.910,12.747,23.772
474.238,418.785,13.029,24.298
475.007,420.934,12.752,23.780
474.794,421.859,12.752,23.780
474.722,420.650,12.752,23.780
474.367,420.295,12.752,23.780
475.007,420.081,12.752,23.780
474.794,420.579,12.752,23.780
474.438,422.641,12.752,23.780
475.078,423.423,12.752,23.780
475.149,421.503,12.752,23.780
474.257,422.648,12.480,23.273
474.913,422.318,12.756,23.788
474.700,424.096,12.756,23.788
474.629,424.593,12.756,23.788
474.131,423.385,12.756,23.788
474.629,426.869,12.756,23.788
474.131,429.358,12.756,23.788
474.629,430.425,12.756,23.788
474.415,433.767,12.756,23.788
474.938,435.348,13.038,24.314
474.727,441.282,12.760,23.796
474.371,442.776,12.760,23.796
474.869,441.851,12.760,23.796
474.371,438.508,12.760,23.796
474.585,433.457,12.760,23.796
475.225,429.687,12.760,23.796
474.195,424.799,12.488,23.288
474.852,422.157,12.764,23.803
474.638,417.247,12.764,23.803
474.425,413.049,12.764,23.803
475.065,409.705,12.764,23.803
474.852,406.076,12.764,23.803
474.496,404.581,12.764,23.803
475.136,399.529,12.764,23.803
473.969,399.989,12.492,23.296
474.626,397.202,12.768,23.811
474.270,395.280,12.768,23.811
474.768,389.372,12.768,23.811
474.270,393.002,12.768,23.811
474.768,396.063,12.768,23.811
474.412,398.982,12.768,23.811
475.053,398.768,12.768,23.811
474.555,399.693,12.768,23.811
474.931,401.128,13.051,24.338
474.560,400.331,13.340,24.877
474.026,399.670,13.635,25.427
474.685,398.549,13.344,24.885
474.755,400.894,13.059,24.354
474.828,402.859,13.059,24.354
474.155,402.363,13.348,24.893
474.239,405.099,13.644,25.444
474.619,405.327,13.644,25.444
474.398,405.379,13.353,24.901
473.555,407.652,13.648,25.452
474.392,409.250,13.648,25.452
474.318,412.381,13.357,24.909
475.106,414.010,13.072,24.378
474.013,417.144,13.072,24.378
473.944,417.101,13.361,24.917
474.445,419.736,13.077,24.386
474.679,423.021,13.366,24.926
473.990,423.287,13.662,25.477
474.502,422.017,13.370,24.934
474.286,423.216,13.085,24.402
474.651,422.998,13.085,24.402
474.127,420.987,13.375,24.942
474.521,421.871,13.671,25.494
473.816,421.985,13.973,26.058
474.517,420.349,13.973,26.058
473.150,420.788,14.282,26.634
473.736,420.741,14.598,27.224
473.492,422.613,14.598,27.224
473.899,421.718,14.598,27.224
473.329,420.009,14.598,27.224
473.736,418.137,14.598,27.224
473.166,415.940,14.598,27.224
474.102,412.008,14.921,27.826
472.643,412.304,15.251,28.442
473.238,411.199,15.251,28.442
473.493,410.433,15.251,28.442
473.238,409.328,15.251,28.442
473.153,410.433,15.251,28.442
473.748,409.498,15.251,28.442
473.323,410.944,15.251,28.442
474.088,410.008,15.251,28.442
472.858,410.394,14.926,27.835
473.107,410.310,14.926,27.835
474.023,411.891,14.926,27.835
473.274,414.304,14.926,27.835
473.690,412.723,14.926,27.835
473.607,414.804,14.926,27.835
473.690,417.882,14.926,27.835
473.607,417.633,14.926,27.835
473.191,418.382,14.926,27.835
473.773,419.630,14.926,27.835
473.523,421.877,14.926,27.835
473.773,421.960,14.926,27.835
473.523,420.545,14.926,27.835
473.939,420.462,14.926,27.835
473.690,419.547,14.926,27.835
473.274,416.634,14.926,27.835
473.856,415.053,14.926,27.835
473.274,412.474,14.926,27.835
474.023,408.729,14.926,27.835
473.773,409.645,14.926,27.835
473.523,411.725,14.926,27.835
474.106,415.969,14.926,27.835
472.818,420.236,15.256,28.451
473.883,430.459,14.931,27.844
473.800,433.872,14.931,27.844
474.049,432.457,14.931,27.844
473.166,429.945,14.613,27.250
474.342,427.331,14.301,26.669
473.784,425.657,14.301,26.669
474.183,425.258,14.301,26.669
474.103,426.932,14.301,26.669
473.704,426.693,14.301,26.669
474.422,427.889,14.301,26.669
473.023,432.143,14.617,27.259
473.791,431.419,14.941,27.862
473.708,433.668,14.941,27.862
473.458,438.416,14.941,27.862
474.041,442.164,14.941,27.862
472.675,447.037,14.622,27.268
473.572,452.009,14.622,27.268
474.142,456.493,14.622,27.268
473.409,462.280,14.622,27.268
473.816,465.134,14.622,27.268
473.572,464.400,14.622,27.268
474.142,463.829,14.622,27.268
474.224,466.845,14.622,27.268
473.201,469.258,14.310,26.687
474.200,471.311,14.005,26.118
473.478,473.047,14.315,26.696
474.036,476.478,14.315,26.696
473.797,484.060,14.315,26.696
474.515,488.768,14.315,26.696
473.514,495.899,14.010,26.126
474.040,500.619,13.711,25.569
474.849,498.166,13.419,25.024
473.428,490.161,13.419,25.024
474.101,488.590,13.419,25.024
474.496,487.925,13.715,25.577
474.126,487.977,13.423,25.032
474.521,482.498,13.720,25.586
473.856,481.813,13.427,25.040
474.251,480.371,13.724,25.594
473.703,478.103,14.028,26.161
474.531,480.267,13.729,25.603
474.013,480.171,13.436,25.057
474.409,478.572,13.733,25.611
474.186,480.543,13.441,25.065
474.581,481.898,13.738,25.619
474.064,482.835,13.445,25.073
474.738,481.561,13.445,25.073
475.263,479.537,13.445,25.073
473.989,478.563,13.445,25.073
474.229,477.430,13.742,25.628
473.679,478.180,14.047,26.195
474.056,477.629,13.747,25.636
474.867,477.681,13.454,25.090
473.926,477.732,13.167,24.554
474.293,476.043,13.167,24.554
474.660,475.383,13.167,24.554
473.999,471.933,13.167,24.554
474.513,467.161,13.167,24.554
463.576,464.005,13.167,24.554
464.090,462.610,13.167,24.554
464.750,465.473,13.167,24.554
474.584,467.504,12.886,24.031
475.087,473.610,12.886,24.031
473.826,483.704,13.171,24.563
474.823,491.888,13.463,25.106
474.171,501.343,13.176,24.571
474.832,504.208,13.176,24.571
474.465,498.993,13.176,24.571
474.244,491.133,13.176,24.571
474.758,487.387,13.176,24.571
474.244,489.224,13.176,24.571
475.052,489.885,13.176,24.571
473.763,486.793,13.467,25.114
474.848,483.371,13.180,24.579
474.627,480.946,13.180,24.579
474.980,481.704,12.899,24.055
474.771,481.059,12.624,23.542
475.123,476.062,12.624,23.542
474.919,474.753,12.355,23.040
474.568,472.712,12.628,23.549
475.060,469.263,12.628,23.549
474.991,466.324,12.359,23.047
475.612,467.358,12.359,23.047
474.578,467.427,12.359,23.047
475.228,469.245,12.632,23.557
474.030,469.597,12.632,23.557
474.805,467.977,12.632,23.557
474.736,466.667,12.363,23.055
475.386,463.767,12.636,23.565
474.329,466.655,12.636,23.565
474.939,466.295,12.367,23.062
474.159,467.113,12.640,23.572
474.793,469.438,12.640,23.572
474.580,470.713,12.920,24.094
474.220,472.657,12.920,24.094
474.868,471.721,12.920,24.094
474.220,475.106,12.920,24.094
474.724,473.594,12.920,24.094
474.508,472.513,12.920,24.094
475.012,473.162,12.920,24.094
474.652,472.946,12.920,24.094
474.580,472.009,12.920,24.094
474.652,469.200,12.920,24.094
474.724,468.696,12.920,24.094
474.796,470.209,12.920,24.094
474.436,471.145,12.920,24.094
475.084,471.217,12.920,24.094
473.970,468.933,13.206,24.627
474.780,467.976,13.206,24.627
474.411,468.491,13.206,24.627
474.191,467.239,13.206,24.627
474.853,466.724,13.206,24.627
474.927,465.031,13.206,24.627
474.003,463.803,12.924,24.102
474.508,462.578,12.924,24.102
475.300,462.506,12.924,24.102
474.036,460.670,13.210,24.635
474.699,459.713,13.210,24.635
474.478,458.461,13.210,24.635
474.404,459.271,13.210,24.635
474.478,460.081,13.210,24.635
474.257,459.418,13.210,24.635
475.067,461.406,13.210,24.635
473.775,458.001,13.502,25.180
474.302,456.571,13.502,25.180
474.076,455.291,13.502,25.180
474.603,456.571,13.502,25.180
474.527,454.087,13.502,25.180
474.452,454.764,13.502,25.180
474.226,455.743,13.502,25.180
474.904,452.055,13.502,25.180
473.739,450.917,13.801,25.737
474.305,455.023,14.107,26.307
474.698,455.730,14.107,26.307
473.518,455.023,14.107,26.307
474.351,455.530,13.806,25.746
474.120,453.914,13.806,25.746
474.351,453.683,13.806,25.746
474.428,456.993,13.806,25.746
474.659,458.301,13.806,25.746
473.693,457.018,13.511,25.197
474.781,456.924,13.223,24.659
474.560,460.241,13.223,24.659
474.486,460.167,13.223,24.659
474.413,458.766,13.223,24.659
474.044,460.020,13.223,24.659
474.708,459.356,13.223,24.659
474.634,457.366,13.223,24.659
474.413,456.850,13.223,24.659
474.191,454.712,13.223,24.659
475.002,453.164,13.223,24.659
474.078,451.366,12.941,24.133
474.980,450.581,12.665,23.619
474.767,451.858,12.945,24.141
474.696,453.993,12.669,23.627
474.900,453.632,12.399,23.123
474.554,450.384,12.399,23.123
475.314,449.347,12.399,23.123
474.447,446.862,12.135,22.630
475.191,444.494,12.135,22.630
474.988,444.697,12.135,22.630
474.921,443.817,12.135,22.630
475.800,443.479,12.135,22.630
474.613,443.720,12.403,23.130
475.374,443.513,12.403,23.130
475.166,445.380,12.403,23.130
474.959,446.693,12.403,23.130
474.890,446.624,12.403,23.130
474.959,443.789,12.403,23.130
474.890,442.061,12.403,23.130
474.682,440.194,12.403,23.130
475.305,438.465,12.403,23.130
474.437,436.112,12.139,22.637
475.182,433.609,12.139,22.637
474.979,433.000,12.139,22.637
474.640,433.473,12.139,22.637
475.385,432.052,12.139,22.637
475.317,429.548,12.139,22.637
474.979,429.075,12.139,22.637
474.911,427.247,12.139,22.637
475.520,429.616,12.139,22.637
474.192,433.367,12.407,23.138
475.058,436.081,12.143,22.644
474.719,438.315,12.143,22.644
475.329,440.955,12.143,22.644
474.990,441.564,12.143,22.644
474.787,445.152,12.143,22.644
475.532,446.844,12.143,22.644
474.344,448.069,12.411,23.145
475.105,448.691,12.411,23.145
475.036,449.729,12.411,23.145
474.828,449.245,12.411,23.145
474.897,448.622,12.411,23.145
474.967,444.817,12.411,23.145
474.897,443.087,12.411,23.145
474.413,439.835,12.411,23.145
475.036,437.136,12.411,23.145
474.690,435.822,12.411,23.145
475.422,433.067,12.147,22.652
474.948,430.426,12.147,22.652
474.610,427.921,12.147,22.652
475.219,424.603,12.147,22.652
474.881,424.671,12.147,22.652
475.490,423.384,12.147,22.652
475.016,422.639,12.147,22.652
474.542,422.707,12.147,22.652
475.151,423.045,12.147,22.652
474.677,422.436,12.147,22.652
475.287,420.066,12.147,22.652
474.948,418.373,12.147,22.652
474.474,416.274,12.147,22.652
475.084,412.685,12.147,22.652
474.745,411.940,12.147,22.652
475.355,412.685,12.147,22.652
474.745,412.075,12.147,22.652
475.490,412.414,12.147,22.652
475.287,414.242,12.147,22.652
475.355,412.143,12.147,22.652
475.151,412.211,12.147,22.652
475.084,413.227,12.147,22.652
475.016,413.565,12.147,22.652
474.948,415.258,12.147,22.652
474.610,416.545,12.147,22.652
475.219,416.748,12.147,22.652
474.745,417.764,12.147,22.652
475.219,418.508,12.147,22.652
474.881,420.201,12.147,22.652
475.490,422.436,12.147,22.652
474.442,423.520,12.415,23.153
474.927,425.112,12.415,23.153
474.719,426.012,12.415,23.153
475.204,425.943,12.415,23.153
474.719,425.320,12.415,23.153
475.480,426.496,12.415,23.153
474.996,425.735,12.415,23.153
474.927,424.005,12.415,23.153
474.719,425.458,12.415,23.153
475.342,424.282,12.415,23.153
474.474,424.462,12.151,22.659
475.219,422.904,12.151,22.659
474.474,422.023,12.151,22.659
474.948,422.904,12.151,22.659
474.203,421.888,12.151,22.659
475.123,421.286,12.419,23.161
475.330,420.524,12.419,23.161
474.462,420.437,12.155,22.667
475.071,420.234,12.155,22.667
475.139,422.470,12.155,22.667
475.071,423.487,12.155,22.667
474.744,423.010,11.895,22.183
475.574,423.310,11.642,21.710
475.108,422.464,11.899,22.191
474.916,423.148,11.646,21.717
475.393,420.146,11.903,22.198
475.200,421.342,11.649,21.725
474.869,420.226,11.907,22.205
475.444,419.631,11.653,21.732
474.978,418.515,11.911,22.213
475.553,420.223,11.657,21.739
474.952,418.163,11.915,22.220
475.655,419.616,11.661,21.746
475.324,422.815,11.919,22.227
475.003,423.757,11.665,21.753
475.346,420.480,11.923,22.234
475.025,422.062,11.669,21.760
475.368,422.969,11.927,22.242
475.303,419.553,11.672,21.767
475.628,420.529,11.672,21.767
476.084,418.512,11.672,21.767
475.108,415.584,11.672,21.767
475.586,410.820,11.931,22.249
474.455,412.616,11.931,22.249
475.187,412.416,11.931,22.249
474.737,411.563,11.676,21.774
475.216,410.715,11.935,22.256
475.151,415.505,11.680,21.782
475.737,417.263,11.680,21.782
474.760,417.849,11.680,21.782
475.374,420.378,11.938,22.264
475.181,421.321,11.684,21.789
475.767,421.647,11.684,21.789
474.660,422.884,11.684,21.789
474.985,423.992,11.684,21.789
475.441,425.750,11.684,21.789
476.131,427.803,11.435,21.324
475.812,427.867,11.435,21.324
475.366,427.803,11.435,21.324
475.181,430.673,11.191,20.869
475.841,430.474,10.952,20.424
476.252,430.633,10.719,19.989
476.567,434.690,10.956,20.431
475.529,436.461,10.956,20.431
475.725,433.891,11.198,20.883
476.265,434.655,10.959,20.438
475.227,437.648,10.959,20.438
475.676,437.993,11.202,20.890
470.743,451.294,11.202,20.890
472.054,450.857,11.202,20.890
472.366,451.544,11.202,20.890
473.053,448.734,11.202,20.890
472.366,449.421,11.202,20.890
473.428,450.732,11.202,20.890
472.765,451.858,10.963,20.444
474.171,451.308,10.963,20.444
474.109,451.614,10.963,20.444
474.939,452.719,11.206,20.897
474.252,452.157,11.206,20.897
475.064,451.345,11.206,20.897
474.377,453.031,11.206,20.897
467.693,453.469,11.206,20.897
466.381,452.032,11.206,20.897
468.969,452.676,10.967,20.451
473.270,452.128,10.733,20.015
472.372,451.231,10.733,20.015
474.736,448.272,10.504,19.588
477.049,446.054,10.280,19.170
477.545,445.430,10.061,18.762
476.842,445.900,9.846,18.362
476.259,447.101,9.636,17.970
475.896,448.277,9.431,17.587
476.054,452.745,9.431,17.587
476.211,455.532,9.431,17.587
476.684,457.477,9.431,17.587
476.842,460.474,9.431,17.587
476.159,464.627,9.431,17.587
476.527,466.047,9.431,17.587
476.881,465.677,9.229,17.212
476.632,465.513,9.033,16.845
476.179,465.261,9.033,16.845
476.833,464.808,9.033,16.845
476.783,464.154,9.033,16.845
476.531,467.326,9.033,16.845
476.179,468.383,9.033,16.845
476.934,469.945,9.033,16.845
476.582,472.915,9.033,16.845
476.229,477.196,9.033,16.845
476.984,478.455,9.033,16.845
476.833,479.613,9.033,16.845
476.481,481.073,9.033,16.845
477.135,483.138,9.033,16.845
476.984,482.785,9.033,16.845
476.733,483.843,9.033,16.845
476.481,485.102,9.033,16.845
477.337,484.246,9.033,16.845
476.705,485.444,8.840,16.485
477.227,488.043,8.652,16.134
477.179,489.441,8.652,16.134
477.034,492.480,8.652,16.134
476.986,493.493,8.652,16.134
477.034,492.094,8.652,16.134
476.986,490.310,8.652,16.134
476.938,488.525,8.652,16.134
476.793,485.294,8.652,16.134
476.745,484.956,8.652,16.134
476.600,483.268,8.652,16.134
477.516,480.229,8.652,16.134
477.565,477.191,8.652,16.134
477.420,477.143,8.652,16.134
477.372,476.612,8.652,16.134
477.324,478.011,8.652,16.134
477.372,475.937,8.652,16.134
477.420,471.065,8.652,16.134
477.372,470.921,8.652,16.134
477.324,469.908,8.652,16.134
477.275,465.229,8.652,16.134
477.131,462.866,8.652,16.134
477.082,458.188,8.652,16.134
477.131,453.992,8.652,16.134
477.179,452.979,8.652,16.134
477.034,451.291,8.652,16.134
476.793,449.699,8.652,16.134
476.839,449.360,8.467,15.790
477.358,445.725,8.467,15.790
476.839,442.468,8.467,15.790
477.430,441.863,8.286,15.453
477.562,440.024,8.110,15.124
477.065,436.091,8.110,15.124
477.562,431.977,8.110,15.124
476.975,430.214,8.110,15.124
477.382,428.631,8.110,15.124
477.788,426.687,8.110,15.124
477.382,427.637,8.110,15.124
477.879,427.591,8.110,15.124
477.382,427.184,8.110,15.124
477.879,426.958,8.110,15.124
477.382,429.988,8.110,15.124
477.879,433.830,8.110,15.124
477.382,435.232,8.110,15.124
478.035,435.350,7.937,14.801
477.650,437.427,7.768,14.485
477.858,442.214,7.602,14.177
477.816,443.697,7.602,14.177
477.858,444.248,7.602,14.177
477.646,445.053,7.602,14.177
477.604,448.995,7.602,14.177
477.561,449.800,7.602,14.177
477.604,452.215,7.602,14.177
477.561,452.936,7.602,14.177
477.773,449.503,7.602,14.177
477.900,446.664,7.602,14.177
477.943,446.113,7.602,14.177
478.070,446.155,7.602,14.177
478.112,448.401,7.602,14.177
478.155,447.935,7.602,14.177
478.197,449.249,7.602,14.177
478.070,454.970,7.602,14.177
477.943,458.064,7.602,14.177
477.985,460.649,7.602,14.177
477.858,465.014,7.602,14.177
477.900,465.989,7.602,14.177
477.943,465.607,7.602,14.177
477.985,466.158,7.602,14.177
478.028,471.795,7.602,14.177
478.070,474.465,7.602,14.177
478.112,473.320,7.602,14.177
478.240,475.397,7.602,14.177
477.350,478.576,7.602,14.177
477.477,478.109,7.602,14.177
477.604,477.813,7.602,14.177
477.731,480.313,7.602,14.177
477.773,481.034,7.602,14.177
477.901,479.550,7.602,14.177
478.028,481.034,7.602,14.177
478.240,483.534,7.602,14.177
477.434,484.593,7.602,14.177
477.646,484.382,7.602,14.177
477.689,481.203,7.602,14.177
477.816,481.415,7.602,14.177
478.028,480.101,7.602,14.177
478.240,476.499,7.602,14.177
477.434,476.202,7.602,14.177
477.561,474.041,7.602,14.177
477.689,475.100,7.602,14.177
477.816,475.482,7.602,14.177
477.858,473.575,7.602,14.177
477.985,474.380,7.602,14.177
478.112,477.135,7.602,14.177
478.155,479.126,7.602,14.177
478.197,479.084,7.602,14.177
478.409,477.855,7.602,14.177
477.604,478.491,7.602,14.177
477.816,476.414,7.602,14.177
478.028,474.253,7.602,14.177
478.239,472.515,7.602,14.177
477.519,472.134,7.602,14.177
477.655,472.197,7.770,14.490
477.164,472.261,7.942,14.811
477.032,472.217,7.942,14.811
477.076,471.819,7.942,14.811
477.801,472.617,7.773,14.495
477.584,473.267,7.773,14.495
477.813,473.960,7.945,14.816
477.946,474.979,7.945,14.816
477.990,476.175,7.945,14.816
477.768,478.522,7.945,14.816
477.635,477.301,8.120,15.143
477.765,476.983,7.947,14.820
477.986,475.255,7.947,14.820
477.943,473.748,7.778,14.504
477.726,470.496,7.778,14.504
477.325,467.051,7.950,14.825
477.458,467.184,7.950,14.825
477.680,469.001,7.950,14.825
477.813,468.425,7.950,14.825
478.034,467.229,7.950,14.825
477.820,467.429,7.780,14.509
478.028,468.462,7.614,14.200
478.241,468.250,7.614,14.200
477.434,468.632,7.614,14.200
477.646,470.202,7.614,14.200
477.774,468.632,7.614,14.200
477.901,468.504,7.614,14.200
478.028,470.500,7.614,14.200
478.156,470.202,7.614,14.200
478.283,469.651,7.614,14.200
477.477,473.938,7.614,14.200
477.604,475.084,7.614,14.200
477.816,474.447,7.614,14.200
477.944,477.376,7.614,14.200
478.071,481.494,7.614,14.200
478.198,484.423,7.614,14.200
477.392,486.588,7.614,14.200
477.519,489.517,7.614,14.200
477.646,491.597,7.614,14.200
477.774,490.790,7.614,14.200
477.901,491.682,7.614,14.200
478.029,492.913,7.614,14.200
478.165,489.981,7.783,14.514
477.861,490.024,7.783,14.514
478.153,490.054,7.617,14.204
478.365,489.841,7.617,14.204
477.558,490.903,7.617,14.204
477.606,489.028,7.785,14.519
477.480,487.635,7.619,14.209
477.523,487.592,7.619,14.209
476.886,486.020,7.619,14.209
474.466,497.630,7.788,14.523
474.875,496.613,7.960,14.845
475.477,492.904,8.136,15.173
474.616,505.015,8.136,15.173
475.205,514.313,8.136,15.173
474.434,515.175,8.136,15.173
474.827,512.320,7.963,14.850
476.469,511.655,7.963,14.850
475.506,515.958,8.139,15.178
474.826,519.361,8.139,15.178
475.536,518.110,8.319,15.514
473.971,523.506,8.142,15.183
474.626,522.749,7.968,14.859
475.115,521.994,7.968,14.859
474.004,524.081,7.968,14.859
474.937,524.481,7.968,14.859
474.808,525.368,7.798,14.543
474.938,526.802,7.798,14.543
475.156,526.846,7.798,14.543
475.199,526.280,7.798,14.543
475.504,527.193,7.798,14.543
476.069,529.411,7.798,14.543
475.243,529.280,7.798,14.543
475.721,527.759,7.798,14.543
474.982,528.324,7.798,14.543
475.373,526.715,7.798,14.543
476.025,524.672,7.798,14.543
475.373,524.020,7.798,14.543
475.851,523.455,7.798,14.543
474.417,521.151,7.798,14.543
475.417,520.585,7.798,14.543
476.156,520.281,7.798,14.543
474.982,513.108,7.798,14.543
475.199,508.195,7.798,14.543
475.156,509.369,7.798,14.543
475.025,509.152,7.798,14.543
475.069,506.761,7.798,14.543
474.765,499.327,7.798,14.543
474.895,496.675,7.798,14.543
475.460,496.110,7.798,14.543
476.025,494.936,7.798,14.543
475.443,492.926,7.971,14.864
475.665,491.015,7.971,14.864
475.279,490.360,7.801,14.547
475.757,488.229,7.801,14.547
474.453,492.715,7.973,14.869
474.780,493.427,8.150,15.198
474.734,494.381,8.150,15.198
475.052,495.244,8.150,15.198
475.461,494.835,8.150,15.198
474.598,492.882,8.150,15.198
474.189,491.564,8.150,15.198
475.325,491.155,8.150,15.198
475.825,490.110,8.150,15.198
475.143,488.429,8.150,15.198
475.643,484.476,8.150,15.198
474.780,482.523,8.150,15.198
474.552,481.841,8.150,15.198
475.052,480.069,8.150,15.198
474.552,481.296,8.150,15.198
474.870,476.616,8.150,15.198
474.167,474.233,8.330,15.534
474.771,468.985,8.330,15.534
478.068,478.505,8.330,15.534
477.350,474.816,8.514,15.878
466.575,470.877,8.514,15.878
472.888,483.455,8.514,15.878
476.638,480.275,8.514,15.878
477.255,478.708,8.514,15.878
477.849,477.460,8.333,15.539
477.893,476.774,8.155,15.208
477.666,478.911,8.155,15.208
477.620,478.502,8.155,15.208
477.484,478.184,8.155,15.208
477.877,479.529,7.981,14.884
478.189,480.730,7.981,14.884
477.888,480.246,7.811,14.566
477.583,477.851,7.811,14.566
478.265,476.199,7.984,14.889
478.050,476.830,7.814,14.571
477.647,476.081,7.986,14.894
478.048,476.303,7.986,14.894
477.469,475.368,7.986,14.894
477.704,473.864,8.163,15.223
477.203,473.090,8.163,15.223
477.422,472.244,7.989,14.898
477.556,472.912,7.989,14.898
477.689,474.827,7.989,14.898
477.912,475.941,7.989,14.898
478.134,475.896,7.989,14.898
478.263,475.068,7.819,14.581
478.045,467.265,7.819,14.581
478.338,468.219,7.652,14.270
477.954,469.030,7.652,14.270
477.570,471.035,7.652,14.270
477.707,468.974,7.821,14.585
477.402,467.186,7.821,14.585
477.695,470.325,7.654,14.274
477.832,473.488,7.824,14.590
477.439,474.491,7.824,14.590
477.733,475.698,7.657,14.279
477.870,477.532,7.826,14.595
478.088,480.543,7.826,14.595
477.775,482.147,7.999,14.918
477.998,485.135,7.999,14.918
478.221,486.161,7.999,14.918
478.005,485.417,7.829,14.600
478.224,485.897,7.829,14.600
477.820,486.324,8.002,14.923
477.508,485.655,8.002,14.923
477.195,486.770,8.002,14.923
477.338,489.614,8.179,15.253
477.566,492.213,8.179,15.253
477.794,495.815,8.179,15.253
478.022,496.499,8.179,15.253
477.601,500.162,8.360,15.591
477.653,504.970,8.545,15.935
477.891,506.161,8.545,15.935
477.451,505.145,8.734,16.288
477.402,505.778,8.734,16.288
477.159,505.145,8.734,16.288
477.013,505.680,8.734,16.288
477.646,503.489,8.734,16.288
477.305,503.148,8.734,16.288
477.159,502.320,8.734,16.288
476.915,499.350,8.734,16.288
477.548,499.594,8.734,16.288
477.207,498.961,8.734,16.288
476.769,500.275,8.734,16.288
477.305,502.466,8.734,16.288
476.867,501.347,8.734,16.288
477.402,501.200,8.734,16.288
477.159,501.249,8.734,16.288
476.818,503.732,8.734,16.288
477.353,504.950,8.734,16.288
477.013,503.830,8.734,16.288
477.716,504.426,8.548,15.941
477.859,503.997,8.548,15.941
477.517,501.695,8.737,16.293
477.176,502.425,8.737,16.293
476.738,503.351,8.737,16.293
477.371,502.718,8.737,16.293
477.030,502.669,8.737,16.293
477.663,502.620,8.737,16.293
477.322,503.643,8.737,16.293
476.884,504.568,8.737,16.293
477.517,502.766,8.737,16.293
477.176,503.789,8.737,16.293
476.933,505.299,8.737,16.293
477.636,506.177,8.551,15.946
477.957,506.209,8.368,15.606
477.630,504.576,8.368,15.606
477.397,506.489,8.368,15.606
477.071,508.495,8.368,15.606
477.220,510.501,8.554,15.951
477.363,511.597,8.554,15.951
477.506,512.503,8.554,15.951
477.745,513.409,8.554,15.951
477.205,513.282,8.743,16.304
476.961,513.819,8.743,16.304
477.595,513.185,8.743,16.304
477.351,513.429,8.743,16.304
477.010,514.647,8.743,16.304
477.643,514.598,8.743,16.304
477.302,512.308,8.743,16.304
476.961,512.844,8.743,16.304
477.595,511.918,8.743,16.304
477.253,510.114,8.743,16.304
476.912,511.723,8.743,16.304
477.448,512.551,8.743,16.304
477.107,511.918,8.743,16.304
477.741,513.039,8.743,16.304
477.302,512.015,8.743,16.304
476.961,511.674,8.743,16.304
477.595,511.430,8.743,16.304
477.253,514.111,8.743,16.304
477.010,515.427,8.743,16.304
477.714,514.520,8.556,15.956
478.035,517.955,8.374,15.616
477.708,517.908,8.374,15.616
477.381,519.168,8.374,15.616
477.054,519.869,8.374,15.616
477.204,517.807,8.559,15.962
477.443,517.091,8.559,15.962
477.681,515.326,8.559,15.962
477.824,515.374,8.559,15.962
477.482,517.227,8.748,16.315
477.238,516.202,8.748,16.315
477.189,514.105,8.748,16.315
476.848,513.471,8.748,16.315
477.482,513.032,8.748,16.315
477.141,511.325,8.748,16.315
476.897,509.716,8.748,16.315
477.531,508.789,8.748,16.315
477.287,506.107,8.748,16.315
477.043,505.960,8.748,16.315
477.677,505.131,8.748,16.315
477.433,503.327,8.748,16.315
477.092,504.156,8.748,16.315
477.796,504.659,8.562,15.967
477.105,506.439,8.379,15.626
477.255,506.509,8.565,15.972
477.494,505.793,8.565,15.972
477.637,507.177,8.565,15.972
477.876,509.039,8.565,15.972
477.185,509.900,8.382,15.631
477.334,512.103,8.568,15.977
477.573,511.291,8.568,15.977
477.812,510.479,8.568,15.977
477.121,512.353,8.385,15.637
477.271,511.840,8.570,15.983
477.414,512.652,8.570,15.983
477.653,513.847,8.570,15.983
477.892,515.710,8.570,15.983
477.175,516.618,8.570,15.983
477.414,517.526,8.570,15.983
477.653,519.676,8.570,15.983
477.892,520.201,8.570,15.983
477.175,519.389,8.570,15.983
477.414,518.768,8.570,15.983
477.653,516.905,8.570,15.983
477.974,517.213,8.388,15.642
477.647,516.138,8.388,15.642
477.320,515.998,8.388,15.642
476.992,517.073,8.388,15.642
477.142,516.172,8.573,15.988
477.381,514.499,8.573,15.988
477.620,515.121,8.573,15.988
477.859,513.352,8.573,15.988
477.167,515.688,8.390,15.647
477.317,517.602,8.576,15.993
477.556,518.223,8.576,15.993
477.700,519.227,8.576,15.993
477.843,519.657,8.576,15.993
477.151,521.717,8.393,15.652
477.759,523.449,8.393,15.652
477.526,524.244,8.393,15.652
477.198,523.636,8.393,15.652
477.900,522.747,8.393,15.652
477.666,521.577,8.393,15.652
477.338,521.624,8.393,15.652
477.104,519.893,8.393,15.652
477.713,519.378,8.393,15.652
477.292,519.799,8.393,15.652
477.967,518.117,8.214,15.318
477.544,517.235,8.396,15.657
477.403,514.660,8.396,15.657
477.076,512.554,8.396,15.657
477.778,510.822,8.396,15.657
477.450,509.839,8.396,15.657
477.216,509.512,8.396,15.657
477.825,507.593,8.396,15.657
477.497,506.142,8.396,15.657
477.169,506.563,8.396,15.657
477.778,507.920,8.396,15.657
477.450,507.780,8.396,15.657
477.123,507.265,8.396,15.657
477.889,508.379,8.217,15.323
478.026,510.258,8.217,15.323
477.603,513.177,8.399,15.662
477.275,513.786,8.399,15.662
477.884,512.990,8.399,15.662
477.556,512.943,8.399,15.662
477.228,514.769,8.399,15.662
477.904,516.064,8.219,15.328
477.576,515.847,8.401,15.667
477.341,513.646,8.401,15.667
477.107,513.037,8.401,15.667
477.716,513.646,8.401,15.667
477.388,515.191,8.401,15.667
477.060,513.177,8.401,15.667
477.669,510.695,8.401,15.667
477.435,509.712,8.401,15.667
477.201,507.698,8.401,15.667
477.877,506.104,8.222,15.333
478.107,506.975,8.222,15.333
477.355,506.387,8.047,15.006
477.498,504.127,8.225,15.338
477.728,505.732,8.225,15.338
477.865,506.144,8.225,15.338
478.094,506.649,8.225,15.338
477.315,507.428,8.225,15.338
477.544,508.208,8.225,15.338
477.773,509.079,8.225,15.338
478.003,512.059,8.225,15.338
477.339,513.770,8.049,15.011
477.483,515.047,8.228,15.343
477.620,516.194,8.228,15.343
477.850,517.065,8.228,15.343
477.987,518.579,8.228,15.343
477.208,517.065,8.228,15.343
477.437,514.726,8.228,15.343
477.666,512.754,8.228,15.343
477.896,511.790,8.228,15.343
477.116,511.469,8.228,15.343
477.345,510.414,8.228,15.343
477.575,508.626,8.228,15.343
477.804,506.837,8.228,15.343
478.033,504.773,8.228,15.343
477.369,504.185,8.052,15.016
478.043,502.434,8.052,15.016
477.639,499.337,8.052,15.016
477.414,499.112,8.052,15.016
478.088,501.491,8.052,15.016
477.773,502.075,8.052,15.016
477.369,501.402,8.052,15.016
477.953,503.871,8.052,15.016
477.639,505.262,8.052,15.016
477.414,503.691,8.052,15.016
478.088,505.172,8.052,15.016
477.773,508.988,8.052,15.016
477.369,510.020,8.052,15.016
477.953,508.629,8.052,15.016
477.639,511.636,8.052,15.016
477.324,514.464,8.052,15.016
478.059,516.572,7.880,14.696
478.191,517.494,7.880,14.696
477.694,518.015,8.055,15.021
477.290,517.432,8.055,15.021
477.873,517.925,8.055,15.021
477.559,518.689,8.055,15.021
477.245,515.590,8.055,15.021
477.828,513.660,8.055,15.021
477.424,511.280,8.055,15.021
478.008,510.786,8.055,15.021
477.694,510.561,8.055,15.021
477.379,507.463,8.055,15.021
477.963,507.867,8.055,15.021
477.649,508.989,8.055,15.021
477.245,507.957,8.055,15.021
477.828,505.756,8.055,15.021
477.514,505.173,8.055,15.021
477.200,504.050,8.055,15.021
477.873,500.682,8.055,15.021
477.559,500.368,8.055,15.021
477.334,500.323,8.055,15.021
477.918,498.482,8.055,15.021
477.694,498.437,8.055,15.021
477.290,497.404,8.055,15.021
477.963,496.731,8.055,15.021
