93.000,113.000,34.000,109.000
95.988,107.839,34.000,109.000
96.803,104.307,34.000,109.000
103.051,105.666,34.000,109.000
103.322,104.851,34.000,109.000
102.508,101.863,34.000,109.000
104.952,99.418,34.000,109.000
106.854,103.492,34.000,109.000
103.289,108.582,33.275,106.676
105.950,113.563,32.565,104.401
108.812,113.823,32.565,104.401
116.878,118.246,32.565,104.401
122.341,115.384,32.565,104.401
126.244,98.993,32.565,104.401
131.708,91.968,32.565,104.401
133.529,89.626,32.565,104.401
129.106,88.325,32.565,104.401
117.139,79.342,33.286,106.711
119.000,82.799,33.286,106.711
114.479,89.448,33.286,106.711
107.831,101.947,33.286,106.711
101.714,104.872,33.286,106.711
90.811,107.798,33.286,106.711
96.395,111.255,33.286,106.711
94.534,104.606,33.286,106.711
94.268,94.235,33.286,106.711
96.129,90.778,33.286,106.711
95.715,87.558,32.576,104.435
96.815,83.403,31.881,102.208
99.108,86.205,31.881,102.208
104.112,96.379,31.201,100.028
106.356,106.101,31.201,100.028
111.092,110.838,31.201,100.028
119.354,114.067,30.536,97.895
119.598,111.871,30.536,97.895
116.914,105.284,30.536,97.895
118.134,100.648,30.536,97.895
113.499,96.501,30.536,97.895
108.376,86.010,30.536,97.895
105.692,81.375,30.536,97.895
103.496,77.715,30.536,97.895
101.788,81.375,30.536,97.895
98.129,97.721,30.536,97.895
90.694,114.049,29.885,95.807
84.248,122.406,29.885,95.807
84.486,124.077,29.885,95.807
86.158,113.333,29.885,95.807
87.352,102.111,29.885,95.807
89.023,94.709,29.885,95.807
92.333,89.977,29.248,93.764
93.035,85.070,29.248,93.764
97.175,81.791,28.624,91.765
101.520,83.849,28.624,91.765
102.664,88.651,28.624,91.765
106.094,101.687,28.624,91.765
110.588,112.584,28.013,89.808
112.154,113.256,28.013,89.808
117.302,110.794,28.013,89.808
123.345,102.960,28.013,89.808
121.331,96.470,28.013,89.808
114.840,90.874,28.013,89.808
107.006,83.488,28.013,89.808
105.887,80.131,28.013,89.808
104.321,80.355,28.013,89.808
97.830,84.608,28.013,89.808
91.787,92.441,28.013,89.808
81.947,103.106,27.416,87.893
81.290,110.335,27.416,87.893
79.756,111.868,27.416,87.893
76.909,108.144,27.416,87.893
74.499,103.106,27.416,87.893
79.975,98.944,27.416,87.893
89.394,95.221,27.416,87.893
92.680,87.116,27.416,87.893
95.527,83.392,27.416,87.893
100.565,81.421,27.416,87.893
106.041,82.954,27.416,87.893
112.393,92.811,27.416,87.893
124.441,107.487,27.416,87.893
132.983,111.649,27.416,87.893
144.888,109.419,26.831,86.018
154.106,104.917,26.831,86.018
163.323,100.844,26.831,86.018
160.965,98.915,26.831,86.018
148.881,94.182,27.425,87.921
143.471,91.952,26.840,86.047
137.350,84.809,26.268,84.212
130.424,85.438,26.268,84.212
120.980,94.043,26.268,84.212
114.055,106.005,26.268,84.212
108.808,119.647,26.268,84.212
110.697,126.992,26.268,84.212
115.629,136.993,25.708,82.416
117.889,135.966,25.708,82.416
118.094,127.955,25.708,82.416
116.245,120.356,25.708,82.416
115.926,116.285,25.159,80.658
115.725,114.878,25.159,80.658
117.349,112.445,24.623,78.938
121.214,109.684,24.098,77.255
122.947,107.951,24.098,77.255
122.755,111.609,24.098,77.255
131.803,119.503,24.098,77.255
135.462,126.626,24.098,77.255
137.194,130.670,24.098,77.255
140.467,122.006,24.098,77.255
147.591,103.715,24.098,77.255
152.404,94.281,24.098,77.255
151.733,91.579,23.584,75.607
147.444,87.482,23.081,73.995
144.678,83.240,23.081,73.995
141.903,90.606,22.589,72.417
134.664,92.248,22.107,70.873
119.297,99.489,22.107,70.873
115.277,108.587,21.636,69.361
110.610,112.908,21.636,69.361
96.954,109.278,21.636,69.361
88.830,104.957,21.636,69.361
90.385,96.487,21.636,69.361
96.781,89.054,21.636,69.361
99.720,86.461,21.636,69.361
107.844,82.831,21.636,69.361
114.931,88.881,21.636,69.361
120.636,105.994,21.636,69.361
125.303,119.650,21.636,69.361
128.242,122.243,21.636,69.361
130.143,118.267,21.636,69.361
138.267,112.908,21.636,69.361
140.169,108.241,21.636,69.361
135.446,103.349,22.114,70.896
127.495,103.172,22.114,70.896
117.424,106.176,22.114,70.896
110.180,111.300,22.114,70.896
88.448,123.491,22.114,70.896
78.377,134.622,22.114,70.896
74.667,129.498,22.114,70.896
70.250,118.720,22.114,70.896
71.840,113.950,22.114,70.896
81.204,105.999,22.114,70.896
89.508,101.582,22.114,70.896
99.226,99.992,22.114,70.896
110.357,104.056,22.114,70.896
114.067,113.773,22.114,70.896
122.371,125.611,22.114,70.896
135.623,143.809,22.114,70.896
131.206,139.746,22.114,70.896
135.269,133.915,22.114,70.896
138.980,125.258,22.114,70.896
133.856,119.074,22.114,70.896
130.499,118.190,22.114,70.896
126.788,103.526,22.114,70.896
122.018,108.296,22.114,70.896
114.067,118.367,22.114,70.896
101.169,124.904,22.114,70.896
101.346,130.381,22.114,70.896
103.290,127.731,22.114,70.896
105.940,124.021,22.114,70.896
112.477,119.250,22.114,70.896
120.781,111.300,22.114,70.896
127.318,105.469,22.114,70.896
130.322,103.879,22.114,70.896
130.499,105.116,22.114,70.896
128.909,112.006,22.114,70.896
126.612,120.664,22.114,70.896
129.969,127.201,22.114,70.896
130.852,124.198,22.114,70.896
132.442,117.307,22.114,70.896
138.980,109.356,22.114,70.896
135.976,105.646,22.114,70.896
131.559,101.582,22.114,70.896
127.495,97.165,22.114,70.896
121.771,96.729,21.643,69.384
118.485,100.706,21.643,69.384
110.216,112.279,21.181,67.904
101.247,127.340,21.181,67.904
97.693,132.248,21.181,67.904
94.816,123.617,21.181,67.904
93.002,114.614,21.650,69.407
93.867,111.328,21.650,69.407
95.931,106.899,21.188,67.927
94.746,104.360,21.188,67.927
96.114,108.185,20.736,66.478
99.689,111.927,20.294,65.060
106.661,119.872,20.294,65.060
109.093,120.683,20.294,65.060
111.201,117.278,20.294,65.060
115.254,103.172,20.294,65.060
117.362,94.578,20.294,65.060
112.336,91.822,20.294,65.060
105.364,93.281,20.294,65.060
103.236,95.069,19.861,63.673
96.095,97.132,19.861,63.673
82.607,107.764,19.861,63.673
61.820,117.126,19.861,63.673
54.679,127.440,19.861,63.673
52.616,126.329,19.861,63.673
51.188,116.015,19.861,63.673
57.377,113.952,19.861,63.673
65.152,108.398,19.861,63.673
72.293,103.162,19.861,63.673
78.482,103.638,19.861,63.673
84.353,106.970,19.861,63.673
91.871,108.735,20.301,65.082
100.467,109.546,20.301,65.082
112.956,111.655,20.301,65.082
120.579,103.058,20.301,65.082
132.095,89.596,20.301,65.082
134.203,83.595,20.301,65.082
133.068,79.216,20.301,65.082
134.379,77.565,19.868,63.694
132.950,76.771,19.868,63.694
125.807,82.645,19.868,63.694
114.854,94.550,19.868,63.694
108.346,99.153,19.868,63.694
110.241,105.799,19.444,62.336
108.532,98.498,19.444,62.336
108.688,90.885,19.444,62.336
111.740,89.005,19.029,61.006
113.412,87.028,19.029,61.006
113.868,86.268,19.029,61.006
114.933,90.677,19.029,61.006
117.213,95.390,19.029,61.006
121.959,103.514,18.624,59.705
126.869,107.829,18.624,59.705
132.087,108.609,18.227,58.432
142.426,96.814,18.227,58.432
152.474,87.349,18.227,58.432
151.164,81.961,18.227,58.432
148.688,76.281,18.227,58.432
144.251,77.606,17.838,57.186
140.118,80.884,17.838,57.186
131.424,96.133,17.838,57.186
118.290,106.771,17.457,55.966
115.082,111.931,17.457,55.966
109.364,105.655,17.457,55.966
105.319,96.868,17.457,55.966
104.900,95.055,17.457,55.966
110.619,91.289,17.457,55.966
118.848,87.802,17.457,55.966
122.335,93.520,17.457,55.966
132.517,105.655,17.457,55.966
139.909,116.952,17.457,55.966
146.464,123.229,17.457,55.966
149.672,125.879,17.457,55.966
156.786,112.629,17.457,55.966
160.273,103.005,17.457,55.966
156.786,95.612,17.457,55.966
153.020,93.520,17.457,55.966
150.649,95.334,17.457,55.966
144.372,102.447,17.457,55.966
135.820,112.051,17.085,54.773
121.214,119.285,17.085,54.773
117.581,117.370,16.721,53.605
111.837,111.358,16.721,53.605
103.955,100.003,16.721,53.605
103.019,94.258,16.721,53.605
106.359,89.048,16.721,53.605
111.035,86.777,16.721,53.605
116.779,94.125,16.721,53.605
120.692,101.521,16.364,52.462
126.837,112.634,16.364,52.462
132.459,113.549,16.364,52.462
141.480,107.143,16.364,52.462
147.363,92.107,16.364,52.462
147.756,83.086,16.364,52.462
146.040,82.007,16.015,51.343
140.794,81.879,16.015,51.343
136.155,88.717,15.674,50.248
128.766,97.858,15.674,50.248
121.628,106.999,15.674,50.248
111.053,110.311,15.339,49.177
110.931,111.169,15.339,49.177
102.719,105.164,15.339,49.177
95.302,96.101,15.679,50.265
93.423,94.973,15.679,50.265
97.557,90.088,15.679,50.265
102.693,89.963,15.679,50.265
104.572,92.593,15.679,50.265
114.719,102.740,15.679,50.265
119.604,107.876,15.679,50.265
124.740,104.995,15.679,50.265
132.131,102.615,15.679,50.265
135.763,96.477,15.679,50.265
144.156,84.576,15.679,50.265
146.035,78.689,15.679,50.265
143.906,76.559,15.679,50.265
141.025,81.445,15.679,50.265
136.640,90.339,15.679,50.265
134.010,97.729,15.679,50.265
122.861,110.131,15.679,50.265
106.451,127.292,15.679,50.265
102.568,125.163,15.679,50.265
96.179,115.016,15.679,50.265
91.795,112.135,15.679,50.265
93.173,110.006,15.679,50.265
97.557,103.867,15.679,50.265
104.196,101.988,15.679,50.265
110.651,102.862,16.026,51.377
119.742,105.039,16.026,51.377
126.272,103.374,16.026,51.377
128.787,105.279,15.684,50.281
133.173,103.901,15.684,50.281
138.812,89.992,15.684,50.281
140.441,76.333,15.684,50.281
137.308,70.694,15.684,50.281
