198.000,249.000,95.000,325.000
195.614,245.024,95.000,325.000
194.819,244.229,95.000,325.000
194.024,245.024,95.000,325.000
196.410,247.410,95.000,325.000
197.205,248.205,95.000,325.000
199.590,249.000,95.000,325.000
203.566,251.385,95.000,325.000
205.952,252.181,95.000,325.000
208.337,249.795,95.000,325.000
212.313,247.410,95.000,325.000
216.289,248.205,95.000,325.000
218.675,249.000,95.000,325.000
217.879,251.385,95.000,325.000
220.265,255.361,95.000,325.000
222.650,257.747,95.000,325.000
223.446,252.181,95.000,325.000
230.602,249.795,95.000,325.000
232.988,247.410,95.000,325.000
229.462,239.689,97.102,332.191
224.171,231.798,99.250,339.540
218.356,224.321,99.250,339.540
220.848,218.506,99.250,339.540
211.993,215.612,101.446,347.053
209.446,214.763,101.446,347.053
206.899,212.215,101.446,347.053
211.144,207.970,101.446,347.053
210.295,205.422,101.446,347.053
216.239,204.573,101.446,347.053
219.522,208.663,103.691,354.731
218.654,218.210,103.691,354.731
217.786,226.021,103.691,354.731
215.182,228.625,103.691,354.731
213.134,229.203,105.985,362.580
212.247,231.864,105.985,362.580
213.134,238.074,105.985,362.580
212.247,237.187,105.985,362.580
211.360,229.203,105.985,362.580
210.473,224.767,105.985,362.580
211.360,218.558,105.985,362.580
210.473,215.896,105.985,362.580
213.135,209.686,105.985,362.580
208.699,205.251,105.985,362.580
209.586,195.492,105.985,362.580
212.247,191.057,105.985,362.580
218.457,195.492,105.985,362.580
224.667,192.831,105.985,362.580
225.554,186.621,105.985,362.580
231.764,189.283,105.985,362.580
237.974,195.492,105.985,362.580
238.861,201.702,105.985,362.580
237.974,200.815,105.985,362.580
235.312,198.154,105.985,362.580
236.200,197.267,105.985,362.580
244.184,198.154,105.985,362.580
245.071,199.041,105.985,362.580
244.184,198.154,105.985,362.580
243.297,202.589,105.985,362.580
242.409,207.025,105.985,362.580
229.103,200.815,105.985,362.580
212.247,189.283,105.985,362.580
198.941,172.427,105.985,362.580
190.956,157.346,105.985,362.580
186.521,144.039,105.985,362.580
183.859,144.926,105.985,362.580
186.521,151.136,105.985,362.580
189.182,155.572,105.985,362.580
186.037,165.423,103.725,354.848
193.851,168.028,103.725,354.848
199.928,172.369,103.725,354.848
206.006,176.710,103.725,354.848
213.819,175.842,103.725,354.848
221.633,171.501,103.725,354.848
225.974,175.842,103.725,354.848
228.579,194.074,103.725,354.848
229.447,205.361,103.725,354.848
225.106,206.229,103.725,354.848
224.238,201.888,103.725,354.848
221.633,194.074,103.725,354.848
219.029,184.524,103.725,354.848
216.424,173.237,103.725,354.848
220.765,165.423,103.725,354.848
221.034,165.023,101.513,347.280
225.283,160.774,101.513,347.280
226.132,163.323,101.513,347.280
233.780,170.971,101.513,347.280
241.427,180.317,101.513,347.280
250.773,191.363,101.513,347.280
265.218,200.710,101.513,347.280
279.663,204.958,101.513,347.280
295.807,210.906,101.513,347.280
315.350,204.958,101.513,347.280
329.794,207.507,101.513,347.280
344.239,206.658,101.513,347.280
358.684,200.710,101.513,347.280
364.632,193.063,101.513,347.280
360.383,185.415,101.513,347.280
359.533,172.670,101.513,347.280
365.481,166.722,101.513,347.280
364.632,159.075,101.513,347.280
368.880,159.925,101.513,347.280
376.527,157.376,101.513,347.280
377.377,153.127,101.513,347.280
376.527,153.977,101.513,347.280
382.475,159.925,101.513,347.280
388.423,165.873,101.513,347.280
392.671,171.820,101.513,347.280
396.920,179.468,101.513,347.280
398.441,180.034,103.759,354.964
394.590,186.018,106.054,362.817
396.180,188.452,108.401,370.845
389.829,191.174,108.401,370.845
385.292,193.896,108.401,370.845
382.570,198.433,108.401,370.845
380.429,199.037,110.799,379.050
375.792,198.109,110.799,379.050
374.865,186.053,110.799,379.050
372.083,172.142,110.799,379.050
365.591,165.650,110.799,379.050
364.663,172.142,110.799,379.050
356.317,174.924,110.799,379.050
349.825,186.980,110.799,379.050
343.333,197.182,110.799,379.050
333.131,203.674,110.799,379.050
326.639,206.456,110.799,379.050
320.147,209.238,110.799,379.050
315.510,215.730,110.799,379.050
310.873,222.222,110.799,379.050
311.800,228.714,110.799,379.050
305.308,235.206,110.799,379.050
306.236,237.989,110.799,379.050
301.599,235.206,110.799,379.050
304.381,230.569,110.799,379.050
307.163,227.787,110.799,379.050
300.671,226.859,110.799,379.050
299.744,220.368,110.799,379.050
302.526,213.876,110.799,379.050
299.744,203.674,110.799,379.050
297.556,185.048,113.251,387.436
296.608,180.308,113.251,387.436
295.660,169.881,113.251,387.436
294.712,167.037,113.251,387.436
299.452,164.193,113.251,387.436
302.296,163.245,113.251,387.436
307.035,169.881,113.251,387.436
309.879,174.620,113.251,387.436
310.827,179.360,113.251,387.436
313.671,182.204,113.251,387.436
316.515,183.152,113.251,387.436
319.359,185.996,113.251,387.436
324.098,188.840,113.251,387.436
326.942,189.787,113.251,387.436
327.890,192.631,113.251,387.436
325.046,189.787,113.251,387.436
324.098,190.735,113.251,387.436
321.254,182.204,113.251,387.436
316.515,173.673,113.251,387.436
311.775,167.037,113.251,387.436
307.035,164.193,113.251,387.436
303.675,160.101,110.835,379.174
307.539,156.096,108.472,371.088
306.631,164.268,108.472,371.088
307.539,159.728,108.472,371.088
301.183,166.084,108.472,371.088
300.275,156.096,108.472,371.088
297.552,162.452,108.472,371.088
301.334,160.283,106.159,363.174
298.668,173.612,106.159,363.174
296.002,183.386,106.159,363.174
296.278,194.966,103.895,355.430
297.147,201.054,103.895,355.430
298.017,208.881,103.895,355.430
300.626,213.229,103.895,355.430
300.895,219.533,101.679,347.850
303.449,225.491,101.679,347.850
306.994,223.457,99.511,340.432
309.493,225.956,99.511,340.432
312.962,222.361,97.389,333.172
317.929,231.413,95.312,326.067
321.252,229.507,93.279,319.114
322.999,226.137,91.290,312.309
326.182,221.365,89.343,305.648
326.414,216.696,87.438,299.130
329.463,213.536,85.573,292.751
331.065,217.348,83.749,286.508
335.337,215.673,81.963,280.398
337.395,216.359,81.963,280.398
339.453,208.813,81.963,280.398
342.311,213.786,80.215,274.419
344.325,218.486,80.215,274.419
346.339,221.843,80.215,274.419
347.011,223.858,80.215,274.419
346.339,229.900,80.215,274.419
345.668,233.258,80.215,274.419
343.287,238.125,78.504,268.567
342.224,242.889,76.830,262.840
341.184,250.030,75.192,257.234
338.037,254.436,75.192,257.234
334.890,257.583,75.192,257.234
331.743,261.988,75.192,257.234
327.338,256.324,75.192,257.234
322.932,251.918,75.192,257.234
318.527,243.736,75.192,257.234
315.380,240.590,75.192,257.234
314.750,231.149,75.192,257.234
312.519,229.645,73.588,251.749
311.523,234.111,72.019,246.380
309.714,234.714,72.019,246.380
313.934,229.288,72.019,246.380
317.607,234.820,70.483,241.126
317.017,228.331,70.483,241.126
322.327,233.641,70.483,241.126
326.456,238.950,70.483,241.126
329.406,240.720,70.483,241.126
331.176,243.670,70.483,241.126
335.306,244.260,70.483,241.126
335.896,250.749,70.483,241.126
341.205,256.059,70.483,241.126
341.795,262.549,70.483,241.126
343.565,265.499,70.483,241.126
344.155,260.189,70.483,241.126
347.105,260.779,70.483,241.126
348.875,262.549,70.483,241.126
349.465,259.599,70.483,241.126
345.335,257.829,70.483,241.126
347.105,248.980,70.483,241.126
348.875,238.950,70.483,241.126
353.005,238.360,70.483,241.126
358.314,237.770,70.483,241.126
358.904,232.461,70.483,241.126
363.034,225.971,70.483,241.126
365.984,218.302,70.483,241.126
368.934,216.532,70.483,241.126
374.243,221.841,70.483,241.126
378.373,225.971,70.483,241.126
382.503,224.201,70.483,241.126
380.733,227.151,70.483,241.126
382.503,225.381,70.483,241.126
380.733,225.971,70.483,241.126
381.789,228.812,72.042,246.461
379.980,233.033,72.042,246.461
380.583,236.049,72.042,246.461
376.362,235.445,72.042,246.461
368.412,234.005,70.506,241.205
361.769,232.595,69.003,236.061
353.106,234.328,69.003,236.061
345.597,230.285,69.003,236.061
339.244,228.552,69.003,236.061
331.736,226.819,69.003,236.061
329.688,222.099,67.531,231.027
325.504,218.570,66.091,226.101
324.951,213.591,66.091,226.101
321.924,217.601,64.682,221.279
324.631,222.474,64.682,221.279
324.089,219.767,64.682,221.279
321.382,214.894,64.682,221.279
323.006,208.939,64.682,221.279
327.879,208.397,64.682,221.279
332.752,212.187,64.682,221.279
337.624,214.894,64.682,221.279
342.497,219.767,64.682,221.279
347.369,225.722,64.682,221.279
352.242,232.760,64.682,221.279
356.032,238.716,64.682,221.279
360.904,243.589,64.682,221.279
366.860,247.378,64.682,221.279
371.732,253.334,64.682,221.279
375.522,258.206,64.682,221.279
379.312,261.996,64.682,221.279
382.019,263.620,64.682,221.279
383.643,264.162,64.682,221.279
380.936,259.289,64.682,221.279
379.312,253.334,64.682,221.279
380.936,253.875,64.682,221.279
380.783,251.989,66.113,226.175
379.122,249.222,66.113,226.175
377.817,250.739,67.575,231.179
376.120,247.911,67.575,231.179
375.554,250.739,67.575,231.179
374.989,251.305,67.575,231.179
374.423,251.870,67.575,231.179
371.595,247.911,67.575,231.179
368.767,249.608,67.575,231.179
362.545,245.648,67.575,231.179
357.454,243.951,67.575,231.179
352.364,243.386,67.575,231.179
346.142,242.820,67.575,231.179
341.051,239.992,67.575,231.179
334.830,241.689,67.575,231.179
326.345,239.992,67.575,231.179
317.861,240.558,67.575,231.179
309.376,236.598,67.575,231.179
300.892,236.033,67.575,231.179
293.689,237.583,69.070,236.294
286.174,235.849,69.070,236.294
277.502,237.583,69.070,236.294
268.829,237.005,69.070,236.294
261.314,238.739,69.070,236.294
252.642,241.630,69.070,236.294
245.126,242.208,69.070,236.294
237.610,245.099,69.070,236.294
231.250,249.146,69.070,236.294
223.735,255.505,69.070,236.294
217.375,258.396,69.070,236.294
208.703,250.880,69.070,236.294
201.187,244.521,69.070,236.294
195.984,240.474,69.070,236.294
190.781,239.896,69.070,236.294
186.734,240.474,69.070,236.294
180.571,231.262,70.599,241.522
176.435,229.489,70.599,241.522
175.844,224.171,70.599,241.522
176.435,225.943,70.599,241.522
179.389,225.352,70.599,241.522
183.526,225.943,70.599,241.522
191.208,231.262,70.599,241.522
201.254,236.580,70.599,241.522
210.118,241.899,70.599,241.522
216.618,241.308,70.599,241.522
225.482,243.080,70.599,241.522
233.164,243.671,70.599,241.522
240.353,244.065,72.161,246.865
247.701,239.454,73.757,252.327
254.492,237.602,73.757,252.327
262.518,239.454,73.757,252.327
269.309,242.541,73.757,252.327
272.396,245.628,73.757,252.327
274.783,247.320,75.389,257.910
275.414,254.261,75.389,257.910
279.831,247.320,75.389,257.910
279.200,241.641,75.389,257.910
283.617,243.534,75.389,257.910
284.747,237.407,77.057,263.616
286.682,235.472,77.057,263.616
284.747,233.537,77.057,263.616
284.102,236.762,77.057,263.616
285.257,230.500,78.762,269.449
281.961,235.115,78.762,269.449
283.939,227.863,78.762,269.449
279.648,225.566,80.505,275.410
277.626,219.502,80.505,275.410
273.240,218.552,82.286,281.504
272.551,216.486,82.286,281.504
266.352,224.062,82.286,281.504
263.298,233.096,84.106,287.732
266.818,243.656,84.106,287.732
268.079,247.046,85.967,294.098
270.238,249.205,85.967,294.098
275.275,254.242,85.967,294.098
280.312,252.083,85.967,294.098
288.227,255.681,85.967,294.098
292.502,248.695,87.869,300.605
302.063,247.960,87.869,300.605
309.485,240.819,89.813,307.256
316.251,237.060,89.813,307.256
324.520,243.826,89.813,307.256
334.293,246.081,89.813,307.256
344.066,246.833,89.813,307.256
353.839,246.081,89.813,307.256
366.104,241.902,91.800,314.054
377.630,238.060,91.800,314.054
386.083,231.145,91.800,314.054
389.925,225.766,91.800,314.054
389.156,221.924,91.800,314.054
382.241,218.082,91.800,314.054
378.399,217.313,91.800,314.054
373.020,211.935,91.800,314.054
369.613,206.069,93.831,321.002
360.973,197.430,93.831,321.002
355.161,195.553,91.831,314.157
348.243,188.635,91.831,314.157
350.549,186.329,91.831,314.157
337.482,188.635,91.831,314.157
327.490,190.941,91.831,314.157
320.319,199.477,89.872,307.457
310.540,207.752,89.872,307.457
302.265,213.018,89.872,307.457
289.477,213.770,89.872,307.457
278.193,213.018,89.872,307.457
266.825,215.571,87.956,300.901
254.310,220.724,87.956,300.901
243.184,218.966,86.080,294.484
229.494,221.127,86.080,294.484
219.995,218.017,84.244,288.204
209.339,212.254,82.448,282.058
201.571,206.615,80.690,276.043
195.271,210.209,78.969,270.156
189.322,210.870,78.969,270.156
183.373,214.175,78.969,270.156
178.746,210.870,78.969,270.156
176.403,218.210,77.285,264.395
172.862,221.653,75.637,258.757
165.898,223.552,75.637,258.757
162.433,219.599,74.024,253.239
158.096,223.936,74.024,253.239
156.237,224.556,74.024,253.239
158.096,227.654,74.024,253.239
156.237,229.512,74.024,253.239
162.401,235.199,72.445,247.838
167.859,241.869,72.445,247.838
170.891,249.752,72.445,247.838
169.071,255.209,72.445,247.838
173.316,254.603,72.445,247.838
172.710,255.209,72.445,247.838
173.316,246.114,72.445,247.838
173.922,238.231,72.445,247.838
179.380,237.624,72.445,247.838
178.399,237.344,70.900,242.553
184.927,233.190,70.900,242.553
187.894,226.662,70.900,242.553
186.114,216.574,70.900,242.553
190.268,204.111,70.900,242.553
193.235,197.583,70.900,242.553
195.016,200.550,70.900,242.553
196.796,203.518,70.900,242.553
195.016,208.859,70.900,242.553
195.609,214.200,70.900,242.553
192.642,219.541,70.900,242.553
192.048,220.134,70.900,242.553
193.829,220.728,70.900,242.553
192.048,222.508,70.900,242.553
190.268,225.475,70.900,242.553
189.675,227.256,70.900,242.553
185.520,229.036,70.900,242.553
182.553,228.443,70.900,242.553
178.399,227.849,70.900,242.553
175.432,226.069,70.900,242.553
171.277,220.728,70.900,242.553
164.750,213.013,70.900,242.553
162.969,205.298,70.900,242.553
162.376,205.891,70.900,242.553
164.156,204.111,70.900,242.553
161.189,198.770,70.900,242.553
160.595,193.429,70.900,242.553
160.002,190.462,70.900,242.553
161.782,192.242,70.900,242.553
163.563,198.770,70.900,242.553
164.156,206.485,70.900,242.553
164.750,214.200,70.900,242.553
165.343,219.541,70.900,242.553
165.936,220.134,70.900,242.553
166.530,224.288,70.900,242.553
167.123,228.443,70.900,242.553
166.530,232.597,70.900,242.553
167.123,234.377,70.900,242.553
166.530,237.344,70.900,242.553
164.750,239.125,70.900,242.553
162.969,236.158,70.900,242.553
162.801,236.553,72.469,247.920
160.981,231.094,72.469,247.920
162.801,228.061,72.469,247.920
159.768,223.815,72.469,247.920
156.735,218.355,72.469,247.920
158.554,212.896,72.469,247.920
159.161,206.224,72.469,247.920
156.128,198.338,72.469,247.920
155.956,186.155,74.072,253.405
153.207,173.703,75.711,259.012
155.108,168.000,75.711,259.012
155.741,169.901,75.711,259.012
157.643,178.139,75.711,259.012
158.778,181.191,77.386,264.742
156.834,187.021,77.386,264.742
158.778,192.851,77.386,264.742
155.539,194.794,77.386,264.742
154.891,199.328,77.386,264.742
154.243,206.453,77.386,264.742
151.005,212.283,77.386,264.742
147.766,218.113,77.386,264.742
144.527,221.352,77.386,264.742
139.993,220.704,77.386,264.742
139.345,218.761,77.386,264.742
134.811,212.931,77.386,264.742
134.163,209.692,77.386,264.742
134.811,210.340,77.386,264.742
132.868,212.283,77.386,264.742
130.925,215.522,77.386,264.742
128.981,217.465,77.386,264.742
128.334,215.522,77.386,264.742
126.390,212.283,77.386,264.742
125.743,210.340,77.386,264.742
128.247,206.739,79.098,270.600
130.806,207.180,80.848,276.587
131.483,211.917,80.848,276.587
130.806,215.301,80.848,276.587
128.776,213.271,80.848,276.587
133.513,212.594,80.848,276.587
131.483,211.917,80.848,276.587
134.867,213.947,80.848,276.587
136.897,214.624,80.848,276.587
138.927,218.008,80.848,276.587
140.957,220.038,80.848,276.587
138.927,223.421,80.848,276.587
139.604,221.391,80.848,276.587
137.574,222.068,80.848,276.587
140.957,224.098,80.848,276.587
138.927,226.128,80.848,276.587
139.604,226.805,80.848,276.587
138.927,227.482,80.848,276.587
142.311,229.512,80.848,276.587
144.341,228.835,80.848,276.587
146.371,230.865,80.848,276.587
149.755,231.542,80.848,276.587
149.078,229.512,80.848,276.587
152.461,230.189,80.848,276.587
154.492,230.865,80.848,276.587
156.522,230.189,80.848,276.587
159.905,230.865,80.848,276.587
161.936,231.542,80.848,276.587
162.612,230.865,80.848,276.587
163.289,230.189,80.848,276.587
165.319,232.219,80.848,276.587
165.996,231.542,80.848,276.587
167.208,230.589,82.637,282.706
167.899,231.280,82.637,282.706
171.358,233.356,82.637,282.706
172.050,234.047,82.637,282.706
175.508,236.122,82.637,282.706
174.816,234.047,82.637,282.706
178.275,231.972,82.637,282.706
178.967,231.280,82.637,282.706
181.042,230.589,82.637,282.706
185.256,231.603,80.875,276.677
185.933,229.572,80.875,276.677
190.672,230.249,80.875,276.677
194.057,229.572,80.875,276.677
198.795,231.603,80.875,276.677
202.920,232.596,79.150,270.777
207.557,230.608,79.150,270.777
209.545,229.946,79.150,270.777
212.858,229.283,79.150,270.777
216.170,227.296,79.150,270.777
214.183,223.983,79.150,270.777
218.820,225.971,79.150,270.777
216.833,222.658,79.150,270.777
217.495,223.321,79.150,270.777
215.508,220.008,79.150,270.777
216.170,223.321,79.150,270.777
211.533,218.683,79.150,270.777
209.184,219.655,77.462,265.003
208.135,219.356,75.810,259.351
203.693,221.259,75.810,259.351
199.251,223.163,75.810,259.351
197.001,224.093,74.194,253.821
191.412,222.230,74.194,253.821
187.065,222.851,74.194,253.821
182.718,224.714,74.194,253.821
179.613,224.093,74.194,253.821
174.024,224.714,74.194,253.821
168.434,222.851,74.194,253.821
165.035,224.959,72.612,248.408
160.537,225.850,71.063,243.110
154.989,226.723,69.548,237.926
148.585,227.305,69.548,237.926
143.346,227.887,69.548,237.926
136.943,228.469,69.548,237.926
129.375,230.215,69.548,237.926
122.971,231.962,69.548,237.926
118.663,233.938,68.065,232.852
115.814,235.647,68.065,232.852
111.826,235.077,68.065,232.852
108.978,237.926,68.065,232.852
104.990,235.077,68.065,232.852
101.002,235.647,68.065,232.852
103.850,237.356,68.065,232.852
101.831,238.191,66.613,227.887
101.273,237.634,66.613,227.887
100.715,235.961,66.613,227.887
100.158,236.519,66.613,227.887
99.600,235.961,66.613,227.887
99.043,235.404,66.613,227.887
98.485,234.846,66.613,227.887
97.928,234.289,66.613,227.887
97.370,234.846,66.613,227.887
101.273,236.519,66.613,227.887
100.715,238.191,66.613,227.887
102.388,238.749,66.613,227.887
105.176,238.191,66.613,227.887
106.849,237.634,66.613,227.887
109.636,238.191,66.613,227.887
111.309,235.404,66.613,227.887
111.867,233.731,66.613,227.887
112.424,230.943,66.613,227.887
112.982,232.616,66.613,227.887
112.424,230.943,66.613,227.887
112.982,234.846,66.613,227.887
110.194,232.058,66.613,227.887
107.406,230.386,66.613,227.887
105.733,229.828,66.613,227.887
101.830,228.155,66.613,227.887
99.043,227.598,66.613,227.887
96.255,225.925,66.613,227.887
94.582,228.713,66.613,227.887
94.025,225.925,66.613,227.887
90.973,226.743,65.192,223.027
87.153,221.832,65.192,223.027
85.516,218.012,65.192,223.027
83.879,218.558,65.192,223.027
88.256,221.462,63.802,218.271
85.586,223.064,63.802,218.271
87.188,223.598,63.802,218.271
87.722,224.132,63.802,218.271
91.460,224.666,63.802,218.271
91.994,226.268,63.802,218.271
96.278,230.139,62.442,213.616
98.891,233.798,62.442,213.616
102.549,237.457,62.442,213.616
107.253,242.160,62.442,213.616
108.821,244.774,62.442,213.616
107.253,239.024,62.442,213.616
110.912,238.502,62.442,213.616
110.066,236.246,61.110,209.061
111.601,236.757,61.110,209.061
115.181,239.315,61.110,209.061
117.312,244.995,59.807,204.602
113.808,246.497,59.807,204.602
117.312,246.997,59.807,204.602
114.809,243.493,59.807,204.602
111.305,239.989,59.807,204.602
109.530,238.793,58.531,200.239
107.081,231.444,58.531,200.239
107.570,228.995,58.531,200.239
109.040,228.505,58.531,200.239
106.591,228.015,58.531,200.239
104.854,230.622,57.283,195.969
101.497,229.184,57.283,195.969
98.141,226.786,57.283,195.969
96.703,223.430,57.283,195.969
94.305,215.279,57.283,195.969
94.785,210.964,57.283,195.969
93.346,208.566,57.283,195.969
91.908,210.005,57.283,195.969
90.469,213.361,57.283,195.969
87.113,216.717,57.283,195.969
82.002,217.037,58.551,200.305
78.572,218.507,58.551,200.305
74.161,220.957,58.551,200.305
71.710,222.428,58.551,200.305
68.280,218.017,58.551,200.305
63.708,212.122,57.302,196.033
60.351,214.520,57.302,196.033
58.912,220.756,57.302,196.033
58.432,225.072,57.302,196.033
58.912,228.430,57.302,196.033
59.391,227.950,57.302,196.033
56.034,234.185,57.302,196.033
55.258,231.190,56.080,191.853
54.789,235.415,56.080,191.853
58.074,232.129,56.080,191.853
60.030,237.342,54.884,187.761
65.486,233.588,53.714,183.757
68.633,241.231,53.714,183.757
71.304,236.866,54.902,187.823
76.762,233.996,53.731,183.818
79.502,233.789,52.586,179.898
85.224,232.468,52.586,179.898
90.066,233.789,52.586,179.898
95.420,236.822,53.749,183.878
99.469,240.871,53.749,183.878
99.020,244.020,53.749,183.878
100.026,240.344,52.603,179.957
101.860,235.897,51.481,176.119
103.655,232.375,50.383,172.363
101.547,238.701,50.383,172.363
104.499,236.592,50.383,172.363
107.881,241.276,49.309,168.688
109.119,244.990,49.309,168.688
110.839,248.778,48.257,165.090
110.435,251.605,48.257,165.090
109.223,246.354,48.257,165.090
108.819,241.911,48.257,165.090
109.223,245.546,48.257,165.090
110.435,249.990,48.257,165.090
106.967,243.553,49.325,168.743
109.032,248.921,49.325,168.743
103.664,245.205,49.325,168.743
106.117,250.620,50.416,172.476
100.743,243.020,51.532,176.292
97.724,249.490,51.532,176.292
92.979,241.295,51.532,176.292
85.697,244.267,52.672,180.193
79.084,239.418,52.672,180.193
74.234,242.504,52.672,180.193
67.621,244.708,52.672,180.193
62.771,249.558,52.672,180.193
59.685,254.407,52.672,180.193
55.717,258.375,52.672,180.193
50.868,260.580,52.672,180.193
51.308,264.548,52.672,180.193
49.986,265.870,52.672,180.193
49.545,268.075,52.672,180.193
47.341,264.107,52.672,180.193
50.427,260.139,52.672,180.193
54.875,260.433,53.837,184.180
59.832,253.673,53.837,184.180
66.592,255.025,53.837,184.180
73.351,257.278,53.837,184.180
81.913,258.630,53.837,184.180
85.969,250.969,53.837,184.180
92.386,250.334,55.028,188.255
99.901,250.641,56.246,192.420
105.629,249.001,57.490,196.677
112.482,251.318,58.762,201.028
117.892,244.924,58.762,201.028
124.897,249.334,60.062,205.476
129.970,252.799,61.391,210.022
133.023,249.942,62.749,214.669
137.233,252.472,64.138,219.419
140.422,249.488,65.557,224.273
142.543,249.853,67.007,229.235
145.348,251.536,67.007,229.235
146.352,250.745,68.490,234.307
146.189,248.748,70.005,239.491
147.239,246.707,71.554,244.790
148.311,245.863,73.137,250.206
151.372,245.251,73.137,250.206
153.209,247.087,73.137,250.206
157.494,247.699,73.137,250.206
161.779,247.087,73.137,250.206
164.840,247.699,73.137,250.206
168.477,245.567,74.755,255.742
171.605,247.444,74.755,255.742
174.734,246.818,74.755,255.742
177.863,247.444,74.755,255.742
179.740,248.070,74.755,255.742
180.365,248.695,74.755,255.742
179.740,248.070,74.755,255.742
180.365,246.192,74.755,255.742
178.488,243.064,74.755,255.742
179.114,243.690,74.755,255.742
178.488,239.310,74.755,255.742
176.611,236.181,74.755,255.742
178.488,238.058,74.755,255.742
178.311,234.580,76.409,261.400
179.456,233.679,78.100,267.184
180.110,231.717,78.100,267.184
182.071,233.679,78.100,267.184
183.241,234.114,79.828,273.095
178.892,229.013,81.594,279.137
182.307,233.794,81.594,279.137
178.892,229.013,81.594,279.137
180.115,230.885,83.399,285.313
176.625,231.583,83.399,285.313
174.978,232.048,85.244,291.626
172.837,229.908,85.244,291.626
172.124,230.621,85.244,291.626
171.410,232.762,85.244,291.626
171.208,233.237,87.131,298.078
170.478,228.132,87.131,298.078
169.749,227.403,87.131,298.078
171.055,229.402,89.058,304.673
168.819,224.184,89.058,304.673
170.154,227.774,91.029,311.414
170.916,228.536,91.029,311.414
171.678,229.298,91.029,311.414
170.916,227.012,91.029,311.414
173.202,230.822,91.029,311.414
173.963,228.536,91.029,311.414
176.249,229.298,91.029,311.414
177.011,228.536,91.029,311.414
179.297,230.822,91.029,311.414
181.583,230.060,91.029,311.414
182.345,232.345,91.029,311.414
184.631,228.536,91.029,311.414
185.995,230.624,93.043,318.304
185.774,224.679,95.101,325.346
186.570,225.475,95.101,325.346
187.366,226.271,95.101,325.346
186.570,227.067,95.101,325.346
185.774,226.271,95.101,325.346
184.978,228.659,95.101,325.346
179.796,224.234,97.205,332.545
177.877,224.776,99.356,339.902
174.189,221.879,101.554,347.422
170.420,217.153,103.801,355.109
173.027,214.547,103.801,355.109
168.682,211.940,103.801,355.109
169.551,207.596,103.801,355.109
175.633,215.416,103.801,355.109
179.977,219.760,103.801,355.109
184.322,225.842,103.801,355.109
188.666,228.448,103.801,355.109
189.535,232.793,103.801,355.109
195.616,237.137,103.801,355.109
198.223,236.268,103.801,355.109
202.567,235.399,103.801,355.109
205.174,231.055,103.801,355.109
207.780,226.711,103.801,355.109
212.124,224.104,103.801,355.109
212.993,219.760,103.801,355.109
210.387,211.940,103.801,355.109
208.337,199.899,106.098,362.966
209.225,191.907,106.098,362.966
204.785,185.690,106.098,362.966
203.897,179.474,106.098,362.966
203.009,175.033,106.098,362.966
202.121,172.369,106.098,362.966
203.009,173.257,106.098,362.966
200.344,172.369,106.098,362.966
204.785,178.586,106.098,362.966
205.673,184.802,106.098,362.966
206.561,194.571,106.098,362.966
203.897,204.340,106.098,362.966
203.009,212.332,106.098,362.966
200.344,218.549,106.098,362.966
195.904,217.661,106.098,362.966
191.044,215.539,103.835,355.226
184.960,212.932,103.835,355.226
178.876,210.324,103.835,355.226
172.792,205.979,103.835,355.226
168.446,201.633,103.835,355.226
164.101,197.287,103.835,355.226
161.493,189.465,103.835,355.226
157.148,181.643,103.835,355.226
156.278,184.250,103.835,355.226
162.362,183.381,103.835,355.226
167.658,182.980,101.621,347.650
166.807,178.727,101.621,347.650
169.359,174.474,101.621,347.650
171.911,175.325,101.621,347.650
174.463,177.877,101.621,347.650
175.313,182.130,101.621,347.650
176.164,182.980,101.621,347.650
177.015,188.934,101.621,347.650
176.164,189.785,101.621,347.650
178.716,187.233,101.621,347.650
182.969,193.187,101.621,347.650
185.520,197.440,101.621,347.650
188.072,199.992,101.621,347.650
190.624,200.843,101.621,347.650
193.176,201.693,101.621,347.650
195.728,204.245,101.621,347.650
196.578,201.693,101.621,347.650
197.429,200.843,101.621,347.650
191.475,198.291,101.621,347.650
194.026,194.038,101.621,347.650
194.877,191.486,101.621,347.650
194.026,182.130,101.621,347.650
196.578,172.773,101.621,347.650
200.831,165.118,101.621,347.650
203.383,164.267,101.621,347.650
207.636,165.118,101.621,347.650
213.590,171.072,101.621,347.650
220.413,173.959,99.454,340.237
222.910,179.786,99.454,340.237
222.077,178.954,99.454,340.237
224.575,184.781,99.454,340.237
223.742,190.608,99.454,340.237
222.910,196.435,99.454,340.237
220.413,200.598,99.454,340.237
217.915,204.760,99.454,340.237
215.418,203.927,99.454,340.237
211.256,208.090,99.454,340.237
210.423,207.257,99.454,340.237
206.261,204.760,99.454,340.237
207.093,205.592,99.454,340.237
209.591,203.095,99.454,340.237
208.758,203.927,99.454,340.237
211.256,204.760,99.454,340.237
212.088,207.257,99.454,340.237
211.256,203.095,99.454,340.237
210.423,200.598,99.454,340.237
209.591,199.765,99.454,340.237
207.093,203.927,99.454,340.237
209.591,203.095,99.454,340.237
210.423,208.922,99.454,340.237
209.591,208.090,99.454,340.237
208.758,210.587,99.454,340.237
206.261,209.755,99.454,340.237
205.428,210.587,99.454,340.237
201.266,209.755,99.454,340.237
200.434,210.587,99.454,340.237
196.271,209.755,99.454,340.237
195.439,208.922,99.454,340.237
189.612,208.090,99.454,340.237
187.114,208.922,99.454,340.237
184.617,209.755,99.454,340.237
182.120,210.587,99.454,340.237
179.622,208.090,99.454,340.237
177.125,207.257,99.454,340.237
176.292,208.090,99.454,340.237
172.130,207.257,99.454,340.237
166.712,200.902,101.654,347.764
165.861,200.051,101.654,347.764
160.322,195.321,103.903,355.459
162.931,190.973,103.903,355.459
163.801,195.321,103.903,355.459
156.335,186.878,106.202,363.323
162.558,191.322,106.202,363.323
154.927,182.692,108.552,371.362
161.287,187.235,108.552,371.362
158.562,186.326,108.552,371.362
161.287,190.869,108.552,371.362
155.373,185.818,110.954,379.578
161.874,192.319,110.954,379.578
157.231,189.533,110.954,379.578
156.302,186.747,110.954,379.578
160.945,191.391,110.954,379.578
154.900,182.374,113.408,387.976
157.748,189.019,113.408,387.976
154.900,184.272,113.408,387.976
155.850,187.120,113.408,387.976
151.103,182.374,113.408,387.976
157.748,190.917,113.408,387.976
153.002,184.272,113.408,387.976
157.748,192.816,113.408,387.976
151.103,184.272,113.408,387.976
159.647,189.019,113.408,387.976
151.498,177.833,115.918,396.560
156.349,186.565,115.918,396.560
153.439,187.535,115.918,396.560
158.290,190.446,115.918,396.560
153.439,187.535,115.918,396.560
156.349,190.446,115.918,396.560
153.439,187.535,115.918,396.560
154.409,188.505,115.918,396.560
153.439,189.476,115.918,396.560
152.468,188.505,115.918,396.560
153.439,191.416,115.918,396.560
152.468,190.446,115.918,396.560
149.558,189.476,115.918,396.560
148.587,188.505,115.918,396.560
147.617,189.476,115.918,396.560
150.528,190.446,115.918,396.560
149.558,191.416,115.918,396.560
146.647,190.446,115.918,396.560
145.677,189.476,115.918,396.560
144.706,186.565,115.918,396.560
145.677,183.654,115.918,396.560
146.647,184.624,115.918,396.560
149.558,187.535,115.918,396.560
146.647,190.446,115.918,396.560
147.617,191.416,115.918,396.560
148.587,196.268,115.918,396.560
149.558,195.297,115.918,396.560
150.528,196.268,115.918,396.560
155.379,199.178,115.918,396.560
156.349,204.030,115.918,396.560
159.260,208.881,115.918,396.560
156.349,209.851,115.918,396.560
161.201,206.940,115.918,396.560
162.171,207.911,115.918,396.560
159.260,206.940,115.918,396.560
162.171,205.970,115.918,396.560
160.601,203.652,113.446,388.103
159.652,200.803,113.446,388.103
160.601,192.257,113.446,388.103
159.652,181.812,113.446,388.103
158.702,175.165,113.446,388.103
159.652,166.619,113.446,388.103
164.400,165.669,113.446,388.103
163.450,166.619,113.446,388.103
162.501,158.073,113.446,388.103
165.349,153.325,113.446,388.103
166.299,152.376,113.446,388.103
169.148,151.426,113.446,388.103
170.097,154.275,113.446,388.103
169.148,157.123,113.446,388.103
170.097,158.073,113.446,388.103
171.047,157.123,113.446,388.103
173.895,159.972,113.446,388.103
174.190,165.025,111.026,379.827
180.695,175.248,111.026,379.827
179.192,185.568,108.659,371.727
181.227,195.668,106.342,363.800
182.117,201.899,106.342,363.800
181.227,208.130,106.342,363.800
183.897,216.140,106.342,363.800
179.447,222.371,106.342,363.800
183.897,214.360,106.342,363.800
179.447,225.932,106.342,363.800
182.117,212.580,106.342,363.800
179.447,222.371,106.342,363.800
182.117,212.580,106.342,363.800
179.447,222.371,106.342,363.800
182.117,212.580,106.342,363.800
179.447,220.591,106.342,363.800
182.117,210.800,106.342,363.800
181.227,213.470,106.342,363.800
182.117,212.580,106.342,363.800
180.677,213.885,104.074,356.042
183.290,214.756,104.074,356.042
180.202,217.713,101.854,348.449
182.760,221.976,101.854,348.449
176.792,226.239,101.854,348.449
181.054,228.796,101.854,348.449
176.792,227.944,101.854,348.449
179.349,230.501,101.854,348.449
173.382,227.944,101.854,348.449
175.939,228.796,101.854,348.449
169.971,229.649,101.854,348.449
170.824,230.501,101.854,348.449
164.856,227.944,101.854,348.449
162.298,225.386,101.854,348.449
159.741,222.828,101.854,348.449
157.183,221.976,101.854,348.449
159.741,224.534,101.854,348.449
157.183,225.386,101.854,348.449
159.741,222.828,101.854,348.449
160.593,220.271,101.854,348.449
161.446,219.418,101.854,348.449
164.004,221.976,101.854,348.449
161.992,217.237,104.108,356.159
157.635,219.851,104.108,356.159
161.992,215.494,104.108,356.159
154.150,214.622,104.108,356.159
151.535,206.780,104.108,356.159
148.921,211.137,104.108,356.159
149.792,212.008,104.108,356.159
150.664,218.108,104.108,356.159
150.416,215.072,106.411,364.039
153.088,217.744,106.411,364.039
155.760,222.198,106.411,364.039
154.870,221.307,106.411,364.039
153.979,223.979,106.411,364.039
151.878,220.876,108.766,372.093
149.730,213.926,111.172,380.325
152.522,211.134,111.172,380.325
149.730,212.065,111.172,380.325
152.522,214.857,111.172,380.325
155.313,215.787,111.172,380.325
150.661,216.718,111.172,380.325
146.008,212.065,111.172,380.325
150.661,211.134,111.172,380.325
146.008,217.648,111.172,380.325
152.522,218.579,111.172,380.325
146.008,219.509,111.172,380.325
150.661,224.162,111.172,380.325
146.008,228.815,111.172,380.325
145.077,229.745,111.172,380.325
142.286,226.954,111.172,380.325
139.494,226.023,111.172,380.325
138.564,228.815,111.172,380.325
137.633,235.328,111.172,380.325
134.841,234.398,111.172,380.325
133.911,235.328,111.172,380.325
131.119,230.676,111.172,380.325
133.911,229.745,111.172,380.325
129.258,226.954,111.172,380.325
128.328,224.162,111.172,380.325
127.397,223.231,111.172,380.325
128.328,226.023,111.172,380.325
127.397,223.231,111.172,380.325
132.050,224.162,111.172,380.325
127.397,219.509,111.172,380.325
137.633,224.162,111.172,380.325
129.258,219.509,111.172,380.325
140.579,223.991,113.632,388.740
141.530,219.235,113.632,388.740
146.286,225.893,113.632,388.740
139.628,219.235,113.632,388.740
148.188,229.698,113.632,388.740
149.139,223.040,113.632,388.740
151.993,227.795,113.632,388.740
145.335,221.137,113.632,388.740
151.993,216.382,113.632,388.740
154.846,223.040,113.632,388.740
144.383,216.382,113.632,388.740
150.034,209.121,116.146,397.341
143.229,204.260,116.146,397.341
148.090,211.065,116.146,397.341
139.340,202.316,116.146,397.341
146.145,209.121,116.146,397.341
133.507,200.371,116.146,397.341
136.424,205.232,116.146,397.341
127.674,196.483,116.146,397.341
132.535,207.177,116.146,397.341
124.190,193.703,118.716,406.132
125.183,204.634,118.716,406.132
118.228,201.653,118.716,406.132
121.209,208.609,118.716,406.132
112.266,201.653,118.716,406.132
117.234,212.583,118.716,406.132
112.828,202.936,121.342,415.118
113.843,212.077,121.342,415.118
104.702,209.030,121.342,415.118
111.812,216.139,121.342,415.118
104.702,211.061,121.342,415.118
111.812,216.139,121.342,415.118
98.608,211.061,121.342,415.118
105.718,216.139,121.342,415.118
102.671,215.124,121.342,415.118
101.655,218.171,121.342,415.118
100.640,215.124,121.342,415.118
99.624,218.171,121.342,415.118
92.514,219.186,121.342,415.118
95.561,222.233,121.342,415.118
86.420,219.186,121.342,415.118
75.248,220.202,121.342,415.118
68.138,219.186,121.342,415.118
67.123,216.139,121.342,415.118
74.232,215.124,121.342,415.118
65.091,214.108,121.342,415.118
72.201,213.092,121.342,415.118
65.091,205.983,121.342,415.118
62.044,200.904,121.342,415.118
58.998,195.826,121.342,415.118
51.888,190.748,121.342,415.118
54.161,188.321,118.755,406.265
50.636,184.030,116.222,397.602
45.772,186.949,116.222,397.602
46.745,184.030,116.222,397.602
43.827,179.166,116.222,397.602
48.691,172.357,116.222,397.602
50.868,179.409,113.744,389.123
57.532,182.265,113.744,389.123
60.388,185.122,113.744,389.123
63.245,186.074,113.744,389.123
68.005,187.026,113.744,389.123
73.806,193.928,111.318,380.824
80.328,200.450,111.318,380.824
86.851,195.791,111.318,380.824
91.509,202.314,111.318,380.824
98.983,210.865,108.944,372.703
107.190,222.719,108.944,372.703
113.573,230.926,108.944,372.703
123.604,240.957,108.944,372.703
137.282,232.750,108.944,372.703
149.137,248.252,108.944,372.703
160.991,256.459,108.944,372.703
165.551,240.957,108.944,372.703
168.287,227.279,108.944,372.703
174.670,235.486,108.944,372.703
179.229,229.102,108.944,372.703
180.141,228.190,108.944,372.703
182.877,218.160,108.944,372.703
183.789,222.719,108.944,372.703
179.229,223.631,108.944,372.703
