99.000,237.000,27.000,82.000
100.453,238.453,27.000,82.000
103.153,240.737,27.000,82.000
105.852,240.114,27.000,82.000
108.551,241.568,27.000,82.000
110.419,241.775,27.000,82.000
110.212,243.229,27.000,82.000
111.665,243.852,27.000,82.000
113.949,242.398,27.000,82.000
116.233,240.530,27.000,82.000
116.856,237.830,27.000,82.000
118.309,236.377,27.000,82.000
119.347,235.754,27.000,82.000
118.724,233.055,27.000,82.000
119.934,229.348,27.597,83.814
120.995,227.013,27.597,83.814
122.480,225.528,27.597,83.814
123.966,224.042,27.597,83.814
124.602,223.405,27.597,83.814
126.937,224.891,27.597,83.814
127.149,223.405,27.597,83.814
128.210,224.042,27.597,83.814
130.120,223.830,27.597,83.814
131.181,223.618,27.597,83.814
132.667,223.405,27.597,83.814
134.343,221.818,28.208,85.669
135.428,222.469,28.208,85.669
136.946,221.384,28.208,85.669
136.295,221.601,28.208,85.669
138.681,221.384,28.208,85.669
141.501,221.167,28.208,85.669
144.755,219.649,28.208,85.669
146.707,218.998,28.208,85.669
147.792,220.082,28.208,85.669
149.310,220.299,28.208,85.669
146.924,219.215,28.208,85.669
142.803,219.866,28.208,85.669
139.983,222.252,28.208,85.669
138.031,221.167,28.208,85.669
136.512,220.516,28.208,85.669
134.994,220.733,28.208,85.669
132.608,220.516,28.208,85.669
131.957,219.432,28.208,85.669
130.439,219.215,28.208,85.669
128.920,218.998,28.208,85.669
127.836,219.649,28.208,85.669
130.656,219.432,28.208,85.669
130.747,221.809,27.606,83.842
132.658,222.021,27.606,83.842
130.323,223.507,27.606,83.842
127.138,223.719,27.606,83.842
128.200,225.630,27.606,83.842
128.412,226.267,27.606,83.842
128.624,225.630,27.606,83.842
127.563,226.691,27.606,83.842
129.049,224.781,27.606,83.842
131.384,224.568,27.606,83.842
131.596,224.356,27.606,83.842
132.233,224.993,27.606,83.842
134.568,225.630,27.606,83.842
136.479,224.569,27.606,83.842
136.691,224.356,27.606,83.842
139.451,222.870,27.606,83.842
140.937,222.658,27.606,83.842
141.999,223.719,27.606,83.842
145.362,224.818,27.018,82.054
147.232,223.364,27.018,82.054
147.440,225.649,27.018,82.054
150.556,223.364,27.018,82.054
153.047,225.640,26.442,80.304
153.657,225.844,26.442,80.304
154.674,226.860,26.442,80.304
154.877,227.064,26.442,80.304
158.334,226.454,26.442,80.304
161.384,226.657,26.442,80.304
162.400,225.234,26.442,80.304
161.790,223.810,26.442,80.304
160.367,222.794,26.442,80.304
161.790,222.184,26.442,80.304
161.587,222.387,26.442,80.304
161.790,223.810,26.442,80.304
163.836,224.471,25.878,78.591
165.627,225.466,25.878,78.591
167.020,226.859,25.878,78.591
169.022,227.888,25.326,76.915
169.996,229.252,25.326,76.915
171.359,230.225,25.326,76.915
171.817,230.482,24.786,75.275
171.626,228.767,24.786,75.275
170.673,228.195,24.786,75.275
173.151,228.005,24.786,75.275
175.248,227.052,24.786,75.275
177.726,228.005,24.786,75.275
179.822,228.958,24.786,75.275
182.107,231.781,24.257,73.670
185.422,233.465,23.740,72.099
187.430,231.822,23.740,72.099
189.439,232.005,23.740,72.099
192.177,231.092,23.740,72.099
194.185,230.545,23.740,72.099
196.923,229.267,23.740,72.099
199.123,226.764,24.265,73.694
200.429,225.085,24.265,73.694
198.750,227.138,24.265,73.694
199.310,227.324,24.265,73.694
198.750,228.630,24.265,73.694
196.697,229.937,24.265,73.694
195.391,229.004,24.265,73.694
195.316,228.769,24.802,75.325
194.363,228.197,24.802,75.325
193.790,229.913,24.802,75.325
192.837,230.104,24.802,75.325
193.790,231.821,24.802,75.325
193.600,232.774,24.802,75.325
192.646,234.109,24.802,75.325
192.074,235.826,24.802,75.325
191.883,236.398,24.802,75.325
190.930,236.207,24.802,75.325
191.120,238.687,24.802,75.325
191.936,240.409,24.273,73.718
193.243,239.849,24.273,73.718
195.296,240.036,24.273,73.718
197.349,240.222,24.273,73.718
197.662,239.601,24.810,75.349
198.773,238.965,25.359,77.016
199.909,237.101,25.920,78.720
203.297,236.503,25.920,78.720
206.686,235.108,25.920,78.720
207.284,232.916,25.920,78.720
205.091,231.520,25.920,78.720
207.682,230.125,25.920,78.720
209.875,228.730,25.920,78.720
209.277,226.139,25.920,78.720
207.084,225.541,25.920,78.720
209.858,227.341,25.367,77.042
210.833,227.536,25.367,77.042
211.668,230.049,24.826,75.399
212.241,229.858,24.826,75.399
213.794,230.846,24.297,73.791
216.596,230.286,24.297,73.791
217.035,232.693,23.779,72.217
220.510,230.316,23.779,72.217
222.887,228.671,23.779,72.217
224.532,227.756,23.779,72.217
225.447,229.036,23.779,72.217
228.921,229.219,23.779,72.217
232.761,229.402,23.779,72.217
234.407,230.316,23.779,72.217
238.361,232.673,23.272,70.677
241.046,232.136,23.272,70.677
241.582,232.673,23.272,70.677
242.835,231.420,23.272,70.677
244.804,231.599,23.272,70.677
248.562,231.420,23.272,70.677
252.320,230.883,23.272,70.677
254.646,230.704,23.272,70.677
256.792,233.355,22.775,69.170
259.229,234.937,22.290,67.695
261.284,237.145,21.814,66.251
263.800,236.307,21.814,66.251
266.782,237.175,21.349,64.838
268.259,236.682,21.349,64.838
270.065,235.205,21.349,64.838
269.244,234.384,21.349,64.838
272.035,233.891,21.349,64.838
274.169,233.070,21.349,64.838
275.975,234.220,21.349,64.838
276.139,234.712,21.349,64.838
276.632,234.876,21.349,64.838
276.796,234.712,21.349,64.838
277.289,235.533,21.349,64.838
279.095,235.040,21.349,64.838
278.602,233.563,21.349,64.838
278.766,234.055,21.349,64.838
280.901,232.906,21.349,64.838
282.706,233.399,21.349,64.838
283.856,234.220,21.349,64.838
285.662,235.369,21.349,64.838
288.124,236.518,21.349,64.838
289.602,236.354,21.349,64.838
288.452,236.518,21.349,64.838
289.930,239.309,21.349,64.838
291.408,240.786,21.349,64.838
290.258,239.966,21.349,64.838
290.094,240.786,21.349,64.838
289.602,242.592,21.349,64.838
291.408,243.085,21.349,64.838
294.067,241.516,21.822,66.273
295.242,241.684,21.822,66.273
295.409,239.838,21.822,66.273
293.539,242.000,21.356,64.860
292.061,240.194,21.356,64.860
290.255,239.373,21.356,64.860
290.641,239.906,20.901,63.477
289.194,238.781,20.901,63.477
288.069,237.977,20.901,63.477
288.873,238.138,20.901,63.477
291.605,238.942,20.901,63.477
292.409,239.424,20.901,63.477
291.238,241.805,20.455,62.123
291.304,243.528,20.019,60.798
290.842,243.374,20.019,60.798
291.612,243.528,20.019,60.798
292.074,243.990,20.019,60.798
292.843,243.220,20.019,60.798
293.921,242.759,20.019,60.798
293.151,242.912,20.019,60.798
296.076,242.759,20.019,60.798
299.001,240.142,20.019,60.798
300.387,238.448,20.019,60.798
299.925,239.834,20.019,60.798
300.695,239.372,20.019,60.798
301.156,240.142,20.019,60.798
300.695,238.140,20.019,60.798
301.772,237.371,20.019,60.798
301.310,236.293,20.019,60.798
302.388,235.831,20.019,60.798
302.234,235.985,20.019,60.798
303.619,236.447,20.019,60.798
306.236,237.217,20.019,60.798
307.314,238.294,20.019,60.798
306.544,238.448,20.019,60.798
306.390,237.678,20.019,60.798
307.776,236.601,20.019,60.798
307.006,237.063,20.019,60.798
305.313,234.754,20.019,60.798
305.467,233.984,20.019,60.798
306.236,234.754,20.019,60.798
308.238,233.676,20.019,60.798
309.490,235.363,19.592,59.502
309.038,237.623,19.592,59.502
307.381,240.184,19.592,59.502
305.992,242.706,19.174,58.233
304.370,242.264,19.174,58.233
303.928,241.527,19.174,58.233
303.780,238.430,19.174,58.233
303.928,236.513,19.174,58.233
302.011,234.891,19.174,58.233
300.389,234.154,19.174,58.233
301.126,234.597,19.174,58.233
302.453,234.744,19.174,58.233
304.370,235.776,19.174,58.233
306.138,237.960,18.765,56.991
304.808,239.542,18.365,55.776
307.046,238.095,17.973,54.586
308.424,237.347,18.371,55.794
309.833,235.704,18.778,57.028
311.422,234.982,18.778,57.028
310.988,233.971,18.778,57.028
310.032,232.591,19.193,58.290
312.116,230.568,19.618,59.580
313.474,232.228,19.618,59.580
314.832,232.982,19.618,59.580
316.793,234.038,19.618,59.580
318.311,236.564,19.199,58.309
319.639,236.416,19.199,58.309
318.311,235.087,19.199,58.309
318.754,233.759,19.199,58.309
319.001,231.735,19.624,59.599
318.940,229.666,20.058,60.918
321.562,228.587,20.058,60.918
321.100,228.433,20.058,60.918
319.094,229.821,20.058,60.918
321.538,232.403,19.631,59.619
323.501,231.648,19.631,59.619
325.893,233.884,19.212,58.347
327.518,231.964,19.212,58.347
329.911,229.632,19.637,59.638
332.478,229.783,19.637,59.638
334.139,229.028,19.637,59.638
334.894,228.575,19.637,59.638
334.743,228.726,19.637,59.638
333.686,228.273,19.637,59.638
332.327,229.330,19.637,59.638
332.391,230.985,19.218,58.366
332.168,231.750,18.808,57.122
329.999,231.894,18.808,57.122
328.697,231.461,18.808,57.122
327.106,230.448,18.808,57.122
325.515,229.725,18.808,57.122
328.553,231.316,18.808,57.122
333.075,233.180,18.407,55.904
332.043,234.731,18.015,54.712
331.073,235.423,18.015,54.712
330.935,236.947,18.015,54.712
330.993,237.130,17.631,53.545
329.773,236.181,17.631,53.545
328.011,234.419,17.631,53.545
326.519,234.554,17.631,53.545
324.486,235.232,17.631,53.545
321.899,233.374,18.021,54.729
319.267,235.452,18.021,54.729
315.585,237.238,17.636,53.562
331.995,234.661,17.636,53.562
332.945,235.068,17.636,53.562
333.894,234.390,17.636,53.562
334.030,235.611,17.636,53.562
335.250,235.475,17.636,53.562
335.928,233.983,17.636,53.562
335.521,232.763,17.636,53.562
336.593,230.904,18.027,54.747
334.236,230.154,18.425,55.959
332.677,231.429,18.425,55.959
335.653,230.721,18.425,55.959
338.444,232.820,18.032,54.765
341.079,231.572,18.032,54.765
343.811,231.220,17.648,53.597
343.403,230.270,17.648,53.597
343.811,228.777,17.648,53.597
345.164,225.509,18.038,54.783
347.245,225.925,18.038,54.783
346.829,225.509,18.038,54.783
346.135,226.480,18.038,54.783
347.384,225.787,18.038,54.783
349.464,224.538,18.038,54.783
351.267,224.677,18.038,54.783
349.773,221.912,18.438,55.995
349.631,223.188,18.438,55.995
349.489,221.345,18.438,55.995
348.780,220.920,18.438,55.995
349.206,220.495,18.438,55.995
347.646,219.502,18.438,55.995
345.803,219.360,18.438,55.995
343.393,220.353,18.438,55.995
342.400,221.912,18.438,55.995
342.733,225.653,18.044,54.801
343.059,226.906,17.660,53.633
343.467,225.683,17.660,53.633
340.887,224.733,17.660,53.633
342.523,222.590,18.050,54.819
344.483,223.279,18.450,56.032
343.206,224.272,18.450,56.032
341.362,225.833,18.450,56.032
339.518,227.394,18.450,56.032
340.511,226.401,18.450,56.032
339.802,228.245,18.450,56.032
338.273,230.127,18.858,57.272
339.578,230.852,18.858,57.272
338.853,230.417,18.858,57.272
337.548,233.173,18.858,57.272
338.392,236.300,19.275,58.539
336.455,236.210,18.864,57.291
352.556,222.139,18.864,57.291
355.023,221.124,18.864,57.291
356.618,222.139,18.864,57.291
357.764,223.161,19.281,58.558
357.705,224.821,19.708,59.854
358.645,226.189,19.288,58.577
360.277,227.228,19.288,58.577
363.770,227.137,18.876,57.328
366.122,225.750,19.294,58.597
367.160,225.305,19.294,58.597
369.511,226.645,18.883,57.347
371.399,227.371,18.883,57.347
373.419,226.163,18.480,56.124
375.123,228.268,18.086,54.927
377.209,225.904,18.086,54.927
377.268,226.892,17.700,53.756
379.949,227.071,17.323,52.609
379.550,225.872,17.323,52.609
380.749,224.141,17.323,52.609
383.546,223.208,17.323,52.609
385.011,223.341,17.323,52.609
385.234,224.003,17.706,53.773
386.187,223.867,17.706,53.773
389.047,223.186,17.706,53.773
390.817,221.961,17.706,53.773
390.953,221.825,17.706,53.773
392.451,221.416,17.706,53.773
392.042,219.646,17.706,53.773
393.400,218.062,18.098,54.963
395.366,218.754,18.498,56.179
396.077,220.603,18.498,56.179
394.228,222.168,18.498,56.179
393.801,220.034,18.498,56.179
395.650,219.892,18.498,56.179
398.068,220.603,18.498,56.179
397.073,220.745,18.498,56.179
396.361,219.750,18.498,56.179
396.219,219.038,18.498,56.179
396.077,218.327,18.498,56.179
394.228,219.038,18.498,56.179
393.516,218.327,18.498,56.179
394.512,218.469,18.498,56.179
395.508,219.465,18.498,56.179
396.504,219.892,18.498,56.179
397.661,220.628,18.104,54.981
403.087,221.617,17.718,53.809
406.220,223.116,17.718,53.809
407.066,220.669,17.340,52.661
409.333,217.335,17.340,52.661
410.266,215.869,17.340,52.661
411.351,215.016,16.970,51.538
410.757,213.228,17.345,52.679
412.491,213.361,17.345,52.679
413.158,214.295,17.345,52.679
415.785,215.242,16.975,51.555
417.358,214.807,17.351,52.696
419.359,215.208,17.351,52.696
420.959,216.413,16.981,51.572
421.720,214.623,17.357,52.713
421.586,213.688,17.357,52.713
433.221,179.902,16.987,51.589
432.269,181.585,16.624,50.489
431.337,182.740,16.270,49.412
430.962,181.864,16.270,49.412
428.844,181.305,15.923,48.358
429.211,182.162,15.923,48.358
428.844,181.795,15.923,48.358
430.436,214.488,15.923,48.358
429.824,214.855,15.923,48.358
431.170,213.753,15.923,48.358
432.402,214.859,15.583,47.327
433.721,214.260,15.583,47.327
431.923,214.859,15.583,47.327
431.564,214.020,15.583,47.327
431.764,214.118,15.928,48.374
431.887,212.526,15.928,48.374
429.804,210.084,16.281,49.445
428.427,209.208,16.281,49.445
426.549,207.581,16.281,49.445
423.670,204.951,16.281,49.445
419.789,201.321,16.281,49.445
418.161,200.194,16.281,49.445
418.036,199.819,16.281,49.445
416.158,198.441,16.281,49.445
414.530,200.069,16.281,49.445
414.656,199.944,16.281,49.445
415.532,201.571,16.281,49.445
416.408,202.948,16.281,49.445
417.786,202.823,16.281,49.445
419.163,202.948,16.281,49.445
418.333,202.531,16.641,50.538
418.547,202.636,17.009,51.657
417.109,203.028,17.009,51.657
418.809,204.467,17.009,51.657
421.032,205.644,17.009,51.657
423.256,207.345,17.009,51.657
425.375,209.623,17.385,52.800
427.540,207.790,17.770,53.968
426.037,210.113,17.770,53.968
423.988,213.530,17.770,53.968
423.782,213.447,17.391,52.817
427.448,207.178,17.020,51.691
429.774,207.603,16.657,50.588
429.828,207.525,16.302,49.509
428.950,208.403,16.302,49.509
429.728,209.293,15.954,48.454
431.672,210.401,15.614,47.420
432.186,211.254,15.281,46.409
432.915,212.541,14.955,45.419
434.870,211.506,14.955,45.419
435.215,211.621,14.955,45.419
436.480,212.656,14.955,45.419
435.675,213.921,14.955,45.419
434.410,215.647,14.955,45.419
436.825,216.682,14.955,45.419
435.790,217.717,14.955,45.419
434.985,217.372,14.955,45.419
435.416,216.750,15.286,46.424
434.593,215.457,15.286,46.424
434.476,213.929,15.286,46.424
432.007,212.636,15.286,46.424
430.009,211.578,15.286,46.424
430.450,209.479,15.624,47.451
428.656,208.829,15.970,48.501
426.814,210.180,15.970,48.501
424.972,210.794,15.970,48.501
424.358,209.443,15.970,48.501
423.007,208.829,15.970,48.501
422.885,206.496,15.970,48.501
422.516,205.636,15.970,48.501
420.920,205.022,15.970,48.501
421.042,204.408,15.970,48.501
420.428,206.250,15.970,48.501
422.025,207.355,15.970,48.501
424.358,209.198,15.970,48.501
427.183,210.794,15.970,48.501
429.762,211.408,15.970,48.501
432.095,212.268,15.970,48.501
431.972,212.391,15.970,48.501
434.060,212.513,15.970,48.501
435.902,212.145,15.970,48.501
438.235,211.531,15.970,48.501
440.569,212.145,15.970,48.501
443.639,211.285,15.970,48.501
445.481,211.654,15.970,48.501
443.884,211.776,15.970,48.501
444.007,210.426,15.970,48.501
443.148,210.548,15.970,48.501
439.175,210.000,15.629,47.467
436.891,207.236,15.629,47.467
432.444,205.193,15.629,47.467
427.998,202.909,15.629,47.467
427.637,201.828,15.629,47.467
426.315,202.428,15.629,47.467
424.512,205.367,15.296,46.455
420.160,206.191,15.296,46.455
417.925,208.426,15.296,46.455
416.161,210.168,14.970,45.464
414.665,212.125,14.970,45.464
412.716,214.052,14.651,44.495
410.157,214.635,14.338,43.546
408.716,215.631,14.032,42.617
407.313,215.739,14.032,42.617
407.151,217.753,13.733,41.708
408.824,217.282,13.440,40.819
410.168,218.625,13.440,40.819
411.718,218.936,13.440,40.819
411.364,221.662,13.154,39.948
412.274,220.549,13.154,39.948
410.952,220.683,12.873,39.096
410.061,221.376,12.873,39.096
411.744,221.673,12.873,39.096
410.457,219.990,12.873,39.096
412.338,220.485,12.873,39.096
412.379,221.760,12.599,38.263
414.220,223.020,12.599,38.263
415.480,224.279,12.599,38.263
417.514,225.926,12.599,38.263
420.357,226.614,12.330,37.447
420.262,225.761,12.330,37.447
419.571,226.435,12.067,36.648
420.591,225.785,12.067,36.648
421.798,223.465,12.067,36.648
421.334,221.888,12.067,36.648
420.499,220.681,12.067,36.648
421.148,218.547,12.067,36.648
420.472,217.238,11.810,35.867
419.985,215.433,11.558,35.102
418.652,214.277,11.558,35.102
415.719,212.233,11.558,35.102
414.741,210.900,11.558,35.102
416.608,208.322,11.558,35.102
416.474,207.240,11.311,34.353
413.256,205.936,11.311,34.353
412.473,206.197,11.311,34.353
410.665,210.000,11.070,33.621
404.958,214.051,10.834,32.904
401.708,215.467,10.834,32.904
397.793,216.384,10.834,32.904
394.455,216.333,10.603,32.202
390.949,215.273,10.603,32.202
387.606,214.539,10.603,32.202
387.326,213.861,10.377,31.515
388.437,213.505,10.156,30.843
389.975,214.963,9.939,30.185
391.372,213.598,10.159,30.853
393.481,214.301,10.159,30.853
394.909,214.527,10.384,31.536
394.190,214.288,10.384,31.536
395.152,214.187,10.614,32.234
396.131,216.498,10.387,31.546
397.169,216.577,10.387,31.546
399.006,215.539,10.387,31.546
401.163,214.021,10.387,31.546
404.917,213.143,10.387,31.546
407.872,212.903,10.387,31.546
409.071,212.504,10.387,31.546
410.908,212.743,10.387,31.546
411.207,213.472,10.617,32.244
411.452,214.860,10.617,32.244
411.534,213.962,10.617,32.244
414.555,211.757,10.617,32.244
415.453,211.022,10.617,32.244
413.387,210.073,10.852,32.958
414.392,208.929,11.092,33.687
416.482,208.291,11.337,34.432
417.092,209.250,11.337,34.432
417.354,209.511,11.337,34.432
417.964,210.819,11.337,34.432
418.834,209.805,11.588,35.194
420.349,210.072,11.588,35.194
420.081,210.874,11.588,35.194
420.705,209.716,11.588,35.194
420.794,208.201,11.588,35.194
421.498,206.980,11.845,35.973
422.785,206.298,12.107,36.768
423.134,206.374,12.375,37.582
424.083,205.663,12.648,38.413
425.658,205.742,12.928,39.263
427.269,204.173,13.214,40.132
428.915,203.835,13.507,41.020
430.597,202.842,13.805,41.928
433.888,202.948,13.805,41.928
435.775,203.907,13.511,41.033
436.380,202.914,13.810,41.941
438.761,202.120,14.115,42.869
439.619,201.307,14.428,43.818
438.423,200.708,14.747,44.787
440.351,201.501,14.747,44.787
441.145,200.254,14.747,44.787
439.897,200.594,14.747,44.787
440.691,200.708,14.747,44.787
441.712,199.914,14.747,44.787
442.732,198.666,14.747,44.787
441.258,198.099,14.747,44.787
439.801,197.722,15.073,45.778
441.771,196.215,15.073,45.778
443.046,195.867,15.073,45.778
441.771,194.824,15.073,45.778
442.938,196.317,14.752,44.802
443.732,195.750,14.752,44.802
443.164,196.771,14.752,44.802
443.732,195.750,14.752,44.802
444.979,195.864,14.752,44.802
446.227,196.204,14.752,44.802
447.248,196.317,14.752,44.802
448.496,195.750,14.752,44.802
447.702,196.317,14.752,44.802
447.815,195.296,14.752,44.802
447.021,196.317,14.752,44.802
446.270,195.939,15.078,45.793
445.226,196.519,15.078,45.793
445.275,198.684,14.757,44.817
444.448,198.615,14.442,43.861
443.251,196.632,14.762,44.831
443.737,199.407,14.447,43.875
442.959,200.407,14.447,43.875
442.150,202.481,14.139,42.940
440.978,202.119,14.451,43.890
442.087,200.596,14.771,44.861
440.862,200.217,15.098,45.853
439.611,199.590,15.432,46.868
441.154,198.996,15.432,46.868
440.561,199.590,15.432,46.868
442.212,199.518,15.103,45.868
442.096,200.330,15.103,45.868
443.488,201.155,14.781,44.890
444.858,199.126,15.108,45.883
445.776,197.774,15.442,46.898
445.419,198.606,15.442,46.898
446.726,199.674,15.442,46.898
448.269,200.268,15.442,46.898
448.626,201.099,15.442,46.898
447.531,201.943,15.113,45.898
447.356,202.544,14.791,44.920
446.747,204.229,14.475,43.962
445.967,204.340,14.475,43.962
447.192,205.120,14.475,43.962
445.967,203.895,14.475,43.962
444.727,206.617,14.166,43.024
446.243,209.071,13.864,42.107
445.923,209.391,13.864,42.107
444.553,207.266,14.171,43.038
443.136,208.246,14.171,43.038
435.399,206.830,14.171,43.038
436.380,207.810,14.171,43.038
437.361,209.009,14.171,43.038
440.935,208.194,14.485,43.990
442.739,208.516,14.805,44.964
444.219,207.264,14.805,44.964
445.827,205.703,15.133,45.959
446.988,204.833,15.468,46.975
445.460,202.956,15.810,48.015
446.924,202.551,16.160,49.077
445.806,200.687,16.160,49.077
447.919,200.314,16.160,49.077
447.095,200.931,16.517,50.163
447.222,199.788,16.517,50.163
447.857,199.407,16.517,50.163
447.730,199.534,16.517,50.163
447.095,198.391,16.517,50.163
448.238,198.772,16.517,50.163
447.857,198.645,16.517,50.163
447.222,197.502,16.517,50.163
448.111,196.359,16.517,50.163
