326.000,414.000,15.000,42.000
326.981,416.071,15.000,42.000
326.436,415.526,15.000,42.000
326.545,416.507,15.000,42.000
324.910,415.308,15.000,42.000
324.801,416.725,15.000,42.000
323.820,418.142,15.000,42.000
321.967,419.342,15.000,42.000
320.331,419.669,15.000,42.000
319.350,419.342,15.000,42.000
319.241,418.796,15.000,42.000
316.952,419.996,15.000,42.000
315.317,420.977,15.000,42.000
315.862,420.650,15.000,42.000
316.189,420.977,15.000,42.000
316.298,421.086,15.000,42.000
317.061,420.759,15.000,42.000
316.952,421.958,15.000,42.000
317.279,422.067,15.000,42.000
318.042,421.304,15.000,42.000
317.061,422.503,15.000,42.000
315.644,422.830,15.000,42.000
317.061,421.631,15.000,42.000
318.696,421.522,15.000,42.000
318.369,422.503,15.000,42.000
319.132,423.484,15.000,42.000
319.895,424.683,15.000,42.000
322.839,427.626,15.000,42.000
324.474,430.352,15.000,42.000
323.057,432.205,15.000,42.000
321.640,430.788,15.000,42.000
320.222,429.807,15.000,42.000
321.204,429.262,15.000,42.000
320.440,427.626,15.000,42.000
320.113,427.081,15.000,42.000
318.478,427.408,15.000,42.000
316.625,428.389,15.000,42.000
314.554,430.025,15.000,42.000
313.791,432.532,15.000,42.000
313.028,436.783,15.000,42.000
312.264,439.727,15.000,42.000
311.937,441.362,15.000,42.000
309.430,439.945,15.000,42.000
308.667,436.565,15.000,42.000
309.430,432.532,15.000,42.000
308.449,428.717,15.000,42.000
305.288,425.119,15.000,42.000
301.036,420.214,15.000,42.000
300.709,421.849,15.000,42.000
299.074,423.048,15.000,42.000
298.965,423.375,15.000,42.000
301.472,427.190,15.000,42.000
301.799,425.773,15.000,42.000
300.382,426.100,15.000,42.000
299.837,424.029,15.000,42.000
298.856,423.048,15.000,42.000
297.221,424.029,15.000,42.000
294.932,423.266,15.000,42.000
292.860,423.157,15.000,42.000
292.097,423.048,15.000,42.000
290.898,421.631,15.000,42.000
287.083,419.996,15.000,42.000
286.756,419.014,15.000,42.000
285.557,417.379,15.000,42.000
285.011,418.360,15.000,42.000
284.902,419.341,15.000,42.000
285.884,420.323,15.000,42.000
287.519,421.740,15.000,42.000
287.628,422.721,15.000,42.000
288.391,421.958,15.000,42.000
289.154,421.849,15.000,42.000
289.045,422.612,15.000,42.000
288.282,421.631,15.000,42.000
287.737,419.778,15.000,42.000
286.538,417.924,15.000,42.000
286.865,415.853,15.000,42.000
285.884,414.218,15.000,42.000
285.775,412.365,15.000,42.000
285.229,409.857,15.000,42.000
284.684,407.350,15.000,42.000
283.049,403.099,15.000,42.000
282.722,399.065,15.000,42.000
281.959,395.032,15.000,42.000
281.632,390.998,15.000,42.000
280.215,388.709,15.000,42.000
279.670,386.202,15.000,42.000
278.907,384.785,15.000,42.000
278.798,384.022,15.000,42.000
277.817,379.988,15.000,42.000
277.926,379.225,15.000,42.000
278.035,378.244,15.000,42.000
278.144,377.699,15.000,42.000
279.779,377.372,15.000,42.000
279.888,377.699,15.000,42.000
280.215,378.680,15.000,42.000
280.760,379.661,15.000,42.000
280.215,380.642,15.000,42.000
280.542,382.495,15.000,42.000
279.561,384.785,15.000,42.000
279.888,386.638,15.000,42.000
279.561,385.875,15.000,42.000
279.234,386.420,15.000,42.000
279.343,385.657,15.000,42.000
278.144,385.330,15.000,42.000
276.945,385.657,15.000,42.000
274.437,386.638,15.000,42.000
273.674,386.529,15.000,42.000
269.423,385.984,15.000,42.000
267.569,386.529,15.000,42.000
265.280,385.330,15.000,42.000
264.081,384.349,15.000,42.000
263.754,386.202,15.000,42.000
262.991,387.183,15.000,42.000
263.100,387.728,15.000,42.000
262.337,387.837,15.000,42.000
263.318,387.946,15.000,42.000
262.773,388.491,15.000,42.000
261.356,388.818,15.000,42.000
261.901,388.927,15.000,42.000
260.920,388.818,15.000,42.000
260.375,387.837,15.000,42.000
261.138,389.036,15.000,42.000
259.939,387.619,15.000,42.000
259.830,388.818,15.000,42.000
260.157,390.017,15.000,42.000
261.792,391.870,15.000,42.000
262.119,395.686,15.000,42.000
263.318,397.103,15.000,42.000
263.427,397.430,15.000,42.000
263.536,398.629,15.000,42.000
263.209,399.828,15.000,42.000
263.972,399.719,15.000,42.000
263.645,398.738,15.000,42.000
263.140,397.029,15.332,42.929
263.920,397.364,15.332,42.929
263.808,395.024,15.332,42.929
264.366,394.912,15.332,42.929
263.808,394.801,15.332,42.929
263.474,395.358,15.332,42.929
262.727,394.999,15.671,43.879
261.490,395.813,16.018,44.850
260.675,395.231,16.018,44.850
260.791,396.279,16.018,44.850
260.209,395.930,16.018,44.850
259.162,395.813,16.018,44.850
258.580,394.533,16.018,44.850
258.929,394.649,16.018,44.850
258.114,392.903,16.018,44.850
255.669,392.321,16.018,44.850
255.320,391.506,16.018,44.850
253.108,389.760,16.018,44.850
250.664,388.712,16.018,44.850
250.082,387.199,16.018,44.850
247.171,385.220,16.018,44.850
244.028,383.008,16.018,44.850
240.653,378.934,16.018,44.850
239.372,376.955,16.018,44.850
237.393,378.934,16.018,44.850
237.277,384.638,16.018,44.850
235.298,388.712,16.018,44.850
234.250,391.157,16.018,44.850
236.695,395.464,16.018,44.850
244.727,400.702,16.018,44.850
251.129,401.750,16.018,44.850
257.998,399.538,16.018,44.850
266.728,398.956,16.018,44.850
275.226,398.607,16.018,44.850
279.068,398.723,16.018,44.850
277.554,396.744,16.018,44.850
276.041,391.506,16.018,44.850
276.856,385.802,16.018,44.850
277.438,383.125,16.018,44.850
271.967,387.199,16.018,44.850
265.098,392.903,16.018,44.850
253.574,395.580,16.018,44.850
244.145,395.231,16.018,44.850
238.906,391.855,16.018,44.850
236.229,385.918,16.018,44.850
230.292,381.611,16.018,44.850
224.122,382.892,16.018,44.850
219.350,385.569,16.018,44.850
215.741,388.479,16.018,44.850
211.899,389.294,16.018,44.850
207.825,390.109,16.018,44.850
202.820,392.321,16.018,44.850
199.211,395.697,16.018,44.850
194.671,395.115,16.018,44.850
192.459,395.464,16.018,44.850
190.946,396.977,16.018,44.850
188.967,399.189,16.018,44.850
187.686,402.099,16.018,44.850
185.940,403.613,16.018,44.850
186.522,401.634,16.018,44.850
187.337,401.517,16.018,44.850
188.385,402.798,16.018,44.850
190.131,401.750,16.018,44.850
193.740,402.099,16.018,44.850
197.581,400.120,16.018,44.850
200.724,396.512,16.018,44.850
203.169,393.834,16.018,44.850
205.381,391.157,16.018,44.850
207.825,390.342,16.018,44.850
209.804,392.321,16.018,44.850
212.016,395.231,16.018,44.850
215.392,398.141,16.018,44.850
218.535,399.887,16.018,44.850
220.514,398.607,16.018,44.850
222.027,396.861,16.018,44.850
220.514,396.279,16.018,44.850
216.439,397.326,16.018,44.850
211.899,400.237,16.018,44.850
210.153,401.983,16.018,44.850
208.407,403.263,16.018,44.850
208.058,404.544,16.018,44.850
205.846,406.756,16.018,44.850
206.195,405.941,16.018,44.850
206.777,407.454,16.018,44.850
207.825,410.597,16.018,44.850
206.312,410.015,16.018,44.850
208.390,413.074,15.676,43.893
211.238,413.871,15.676,43.893
212.491,412.618,15.676,43.893
213.289,410.909,15.676,43.893
214.086,410.795,15.676,43.893
215.340,411.365,15.676,43.893
217.732,410.795,15.676,43.893
218.302,410.454,15.676,43.893
219.555,413.074,15.676,43.893
221.492,416.150,15.676,43.893
220.491,417.437,16.023,44.865
219.909,422.212,16.023,44.865
222.121,425.123,16.023,44.865
220.373,427.889,16.378,45.857
218.350,430.626,16.378,45.857
216.326,433.126,16.378,45.857
213.305,434.718,16.740,46.872
212.236,438.869,17.110,47.909
210.112,437.694,17.489,48.969
208.205,436.042,17.489,48.969
210.112,435.152,17.489,48.969
211.002,434.262,17.489,48.969
209.603,433.881,17.489,48.969
211.002,436.042,17.489,48.969
209.885,429.830,17.876,50.052
211.314,431.259,17.876,50.052
210.145,433.727,17.876,50.052
210.535,434.637,17.876,50.052
211.184,436.325,17.876,50.052
212.353,438.014,17.876,50.052
214.042,439.443,17.876,50.052
216.251,441.132,17.876,50.052
217.420,443.341,17.876,50.052
220.322,444.539,18.271,51.160
222.187,446.866,18.676,52.292
222.051,449.174,18.676,52.292
225.365,450.144,19.089,53.449
227.168,445.844,19.089,53.449
226.237,447.411,19.511,54.631
224.992,444.306,19.943,55.840
223.418,449.553,20.384,57.075
221.501,446.923,20.835,58.338
219.857,445.178,21.296,59.629
213.359,450.460,21.767,60.948
215.252,450.606,22.249,62.297
217.187,450.420,22.741,63.675
214.363,451.602,23.244,65.084
213.230,451.758,23.758,66.524
210.280,450.485,24.284,67.995
207.997,456.874,24.821,69.500
207.535,459.661,25.371,71.038
206.681,454.858,25.932,72.609
204.985,452.408,25.932,72.609
202.547,447.890,26.506,74.216
200.455,432.080,27.092,75.858
199.134,426.134,27.691,77.536
196.948,419.638,28.304,79.252
196.849,415.560,28.930,81.005
197.059,417.873,28.930,81.005
198.702,417.195,29.570,82.797
200.382,418.286,30.225,84.629
203.237,417.627,30.225,84.629
204.498,416.007,30.893,86.502
205.321,416.681,31.577,88.415
203.715,414.156,31.577,88.415
202.651,414.845,32.276,90.372
201.564,410.195,32.990,92.371
200.365,409.955,32.990,92.371
194.371,410.674,32.990,92.371
182.624,412.353,32.990,92.371
178.068,415.469,32.990,92.371
171.595,418.107,32.990,92.371
168.494,418.826,33.720,94.415
163.348,421.522,33.720,94.415
152.551,418.189,34.466,96.504
150.296,420.443,34.466,96.504
149.044,424.200,34.466,96.504
150.482,424.952,35.228,98.639
151.951,426.783,36.008,100.821
152.213,429.661,36.008,100.821
156.138,431.493,36.008,100.821
160.587,433.325,36.008,100.821
166.606,434.633,36.008,100.821
168.437,432.801,36.008,100.821
171.839,432.016,36.008,100.821
175.241,436.988,36.008,100.821
174.980,439.343,36.008,100.821
176.811,441.699,36.008,100.821
177.596,440.390,36.008,100.821
176.288,440.652,36.008,100.821
178.643,441.960,36.008,100.821
178.905,439.082,36.008,100.821
176.550,435.156,36.008,100.821
173.671,431.755,36.008,100.821
166.082,421.549,36.008,100.821
162.680,417.624,36.008,100.821
163.989,414.222,36.008,100.821
164.774,409.250,36.008,100.821
172.363,411.605,36.008,100.821
180.998,417.100,36.008,100.821
190.157,419.455,36.008,100.821
196.699,419.717,36.008,100.821
207.428,422.596,36.008,100.821
216.064,428.091,36.008,100.821
220.513,432.540,36.008,100.821
227.055,436.988,36.008,100.821
233.074,438.297,36.008,100.821
239.616,435.418,36.008,100.821
245.634,434.633,36.008,100.821
248.766,428.359,36.804,103.052
250.638,423.812,36.804,103.052
251.975,419.800,36.804,103.052
255.452,417.928,36.804,103.052
257.860,416.056,36.804,103.052
257.592,413.113,36.804,103.052
258.395,412.846,36.804,103.052
257.592,414.183,36.804,103.052
259.999,417.125,36.804,103.052
258.662,416.858,36.804,103.052
255.720,414.451,36.804,103.052
254.917,415.253,36.804,103.052
251.975,411.776,36.804,103.052
250.638,410.439,36.804,103.052
250.905,411.776,36.804,103.052
254.382,406.694,36.804,103.052
259.464,405.892,36.804,103.052
256.522,406.694,36.804,103.052
254.115,407.496,36.804,103.052
253.313,406.694,36.804,103.052
251.518,401.946,37.619,105.332
251.791,398.392,37.619,105.332
251.518,394.291,37.619,105.332
248.549,389.439,38.451,107.662
248.828,389.159,38.451,107.662
247.990,388.880,38.451,107.662
249.946,384.129,38.451,107.662
252.461,377.702,38.451,107.662
257.212,373.511,38.451,107.662
259.727,372.113,38.451,107.662
259.591,368.893,39.302,110.044
258.163,369.179,39.302,110.044
259.020,366.608,39.302,110.044
261.591,369.750,39.302,110.044
262.447,373.463,39.302,110.044
263.304,373.748,39.302,110.044
264.161,374.034,39.302,110.044
264.447,375.462,39.302,110.044
261.876,380.889,39.302,110.044
261.019,389.743,39.302,110.044
258.449,394.028,39.302,110.044
255.940,397.255,40.171,112.479
254.480,400.467,40.171,112.479
252.436,399.591,40.171,112.479
253.312,402.218,40.171,112.479
258.275,404.846,40.171,112.479
258.567,406.306,40.171,112.479
257.107,404.846,40.171,112.479
258.177,402.693,41.060,114.968
259.669,407.169,41.060,114.968
262.952,401.499,41.060,114.968
266.522,397.441,41.968,117.511
263.777,403.846,41.968,117.511
263.472,407.811,41.968,117.511
263.167,405.676,41.968,117.511
261.642,404.151,41.968,117.511
257.064,401.269,42.897,120.111
256.913,398.970,43.846,122.769
259.144,402.475,43.846,122.769
255.022,402.109,44.816,125.485
254.864,403.086,45.808,128.262
254.703,404.085,46.821,131.099
250.960,402.384,46.821,131.099
250.795,402.698,47.857,134.000
249.183,405.185,48.916,136.965
247.405,404.830,48.916,136.965
247.971,405.896,49.998,139.995
252.319,410.757,51.104,143.092
252.690,420.784,51.104,143.092
250.090,424.870,51.104,143.092
251.947,426.727,51.104,143.092
251.767,432.465,52.235,146.258
252.371,438.330,53.391,149.494
251.378,440.300,54.572,152.802
247.015,442.283,54.572,152.802
242.652,437.127,54.572,152.802
238.290,432.764,54.572,152.802
233.927,431.574,54.572,152.802
228.797,421.243,55.779,156.183
223.527,406.244,55.779,156.183
219.125,388.955,57.014,159.638
220.644,381.600,58.275,163.170
219.560,384.629,59.564,166.780
221.724,377.270,59.564,166.780
225.620,375.971,59.564,166.780
224.321,378.135,59.564,166.780
224.754,380.300,59.564,166.780
227.785,377.270,59.564,166.780
229.083,378.568,59.564,166.780
229.516,380.733,59.564,166.780
229.949,385.494,59.564,166.780
227.044,386.793,60.882,170.470
227.748,381.694,62.229,174.242
224.714,379.297,63.606,178.097
227.367,374.929,65.013,182.037
228.119,373.406,66.452,186.065
233.431,382.581,66.452,186.065
238.743,395.621,66.452,186.065
237.294,407.694,66.452,186.065
238.062,410.145,67.922,190.182
236.581,402.741,67.922,190.182
241.024,409.158,67.922,190.182
236.581,406.690,67.922,190.182
231.152,406.196,67.922,190.182
220.670,404.605,69.425,194.389
214.111,399.055,69.425,194.389
210.579,390.477,69.425,194.389
211.381,381.522,70.961,198.690
209.834,379.975,70.961,198.690
208.287,377.396,70.961,198.690
211.897,373.786,70.961,198.690
214.475,378.428,70.961,198.690
210.866,379.975,70.961,198.690
213.444,388.742,70.961,198.690
212.928,389.257,70.961,198.690
217.570,387.710,70.961,198.690
224.274,389.257,70.961,198.690
225.821,390.805,70.961,198.690
229.431,392.352,70.961,198.690
225.821,388.742,70.961,198.690
224.274,382.038,70.961,198.690
221.695,375.333,70.961,198.690
220.961,376.955,69.448,194.453
220.456,370.394,69.448,194.453
216.923,365.851,69.448,194.453
214.258,370.357,67.967,190.306
212.603,367.149,66.517,186.248
208.252,368.599,66.517,186.248
204.868,366.182,66.517,186.248
204.179,371.430,65.099,182.276
205.330,370.181,63.710,178.389
203.778,372.530,62.352,174.585
202.418,372.076,62.352,174.585
202.646,370.007,61.022,170.862
204.864,366.016,61.022,170.862
204.232,364.846,59.721,167.218
204.450,368.720,58.447,163.652
207.424,364.897,58.447,163.652
206.149,369.570,58.447,163.652
206.363,370.086,57.201,160.162
211.381,367.387,55.981,156.747
210.160,370.235,55.981,156.747
213.008,368.200,55.981,156.747
216.669,370.235,55.981,156.747
213.940,370.611,57.220,160.215
216.019,365.205,57.220,160.215
215.817,367.316,58.486,163.760
222.586,371.110,57.238,160.267
227.994,374.022,57.238,160.267
230.609,379.339,56.018,156.850
233.168,382.189,54.823,153.505
234.905,384.210,53.654,150.231
237.356,389.194,52.510,147.027
238.501,392.629,52.510,147.027
241.636,395.300,51.390,143.892
238.944,401.514,50.294,140.824
241.502,402.610,50.294,140.824
241.137,405.900,50.294,140.824
240.771,407.728,50.294,140.824
243.330,412.479,50.294,140.824
242.964,413.576,50.294,140.824
241.868,413.941,50.294,140.824
240.771,415.769,50.294,140.824
241.868,419.789,50.294,140.824
240.040,421.617,50.294,140.824
241.137,418.327,50.294,140.824
241.502,420.155,50.294,140.824
242.599,416.134,50.294,140.824
245.601,411.647,49.222,137.820
243.713,407.255,48.172,134.881
242.662,402.704,48.172,134.881
246.888,405.154,47.145,132.005
245.175,402.756,47.145,132.005
246.430,402.362,48.188,134.926
248.181,402.012,48.188,134.926
248.532,404.463,48.188,134.926
252.384,402.712,48.188,134.926
251.333,398.860,48.188,134.926
254.885,400.636,47.160,132.048
256.379,398.410,46.154,129.232
257.194,401.405,45.170,126.476
256.866,403.046,45.170,126.476
257.851,403.374,45.170,126.476
257.523,405.016,45.170,126.476
256.538,406.001,45.170,126.476
255.553,408.955,45.170,126.476
253.255,411.910,45.170,126.476
251.052,416.982,46.170,129.275
248.033,422.015,46.170,129.275
241.604,425.806,47.191,132.135
236.459,428.893,47.191,132.135
231.315,430.608,47.191,132.135
227.542,433.008,47.191,132.135
225.142,436.095,47.191,132.135
222.055,436.438,47.191,132.135
221.026,438.839,47.191,132.135
219.311,439.182,47.191,132.135
218.282,437.467,47.191,132.135
217.939,439.182,47.191,132.135
220.757,440.921,46.185,129.317
220.421,440.586,46.185,129.317
220.085,443.606,46.185,129.317
221.764,442.599,46.185,129.317
221.285,444.949,45.200,126.559
224.617,448.515,44.236,123.860
225.581,450.765,44.236,123.860
226.760,445.726,45.215,126.601
229.060,447.369,45.215,126.601
229.582,446.309,46.215,129.402
229.247,445.302,46.215,129.402
231.598,444.966,46.215,129.402
230.590,447.317,46.215,129.402
230.254,446.309,46.215,129.402
232.605,445.973,46.215,129.402
230.926,446.981,46.215,129.402
232.605,445.302,46.215,129.402
232.127,452.185,45.229,126.642
235.461,448.783,44.265,123.942
236.426,451.035,44.265,123.942
237.391,454.573,44.265,123.942
240.653,454.965,43.321,121.299
239.847,456.562,44.279,123.982
236.951,456.884,44.279,123.982
231.530,455.415,43.335,121.338
227.457,451.132,44.294,124.023
233.312,448.090,45.274,126.767
241.723,445.319,44.308,124.064
245.610,440.124,43.364,121.418
243.404,441.069,43.364,121.418
241.198,446.427,43.364,121.418
243.661,448.680,44.323,124.104
241.406,452.223,44.323,124.104
239.151,451.257,44.323,124.104
238.829,453.512,44.323,124.104
239.341,447.794,45.304,126.850
244.280,443.514,45.304,126.850
246.170,437.670,46.306,129.657
249.872,434.642,46.306,129.657
250.208,430.940,46.306,129.657
253.237,429.930,46.306,129.657
255.593,427.574,46.306,129.657
258.621,424.546,46.306,129.657
258.958,426.228,46.306,129.657
257.275,426.565,46.306,129.657
258.285,424.209,46.306,129.657
256.602,424.546,46.306,129.657
261.650,419.498,46.306,129.657
264.679,415.796,46.306,129.657
263.119,420.995,47.330,132.525
261.399,424.779,47.330,132.525
259.091,427.952,48.378,135.457
256.630,431.117,48.378,135.457
256.279,432.171,48.378,135.457
253.817,432.523,48.378,135.457
249.950,433.578,48.378,135.457
246.083,431.117,48.378,135.457
242.215,427.952,48.378,135.457
239.003,428.380,47.346,132.569
235.218,428.036,47.346,132.569
233.498,427.004,47.346,132.569
231.778,425.971,47.346,132.569
233.498,424.251,47.346,132.569
232.466,427.348,47.346,132.569
234.874,424.939,47.346,132.569
233.280,427.400,48.394,135.502
237.488,423.346,49.464,138.500
239.285,425.863,49.464,138.500
241.083,422.627,49.464,138.500
243.599,424.425,49.464,138.500
241.008,428.327,48.409,135.546
240.837,425.002,49.480,138.545
238.939,430.292,48.425,135.591
239.498,429.888,49.497,138.591
237.700,433.125,49.497,138.591
237.526,436.444,50.592,141.657
235.822,437.547,51.711,144.791
233.191,443.936,51.711,144.791
230.669,444.283,52.855,147.995
231.280,445.436,54.025,151.269
232.458,447.399,54.025,151.269
230.495,450.147,54.025,151.269
230.102,449.755,54.025,151.269
232.851,449.362,54.025,151.269
231.846,445.652,55.220,154.616
233.852,445.251,55.220,154.616
237.464,446.455,55.220,154.616
235.457,446.856,55.220,154.616
234.886,450.438,54.042,151.319
235.083,454.702,52.890,148.092
238.543,455.855,52.890,148.092
241.233,458.546,52.890,148.092
239.312,462.774,52.890,148.092
239.125,463.927,54.060,151.368
238.120,465.106,55.256,154.717
237.092,467.977,56.479,158.140
235.189,470.912,57.728,161.639
237.287,470.492,57.728,161.639
236.868,475.107,57.728,161.639
234.770,477.205,57.728,161.639
235.189,476.786,57.728,161.639
233.092,480.561,57.728,161.639
234.112,483.498,56.497,158.192
232.880,479.803,56.497,158.192
228.363,483.498,56.497,158.192
225.404,487.164,55.292,154.819
225.002,482.743,55.292,154.819
223.974,477.279,56.516,158.244
223.563,480.154,56.516,158.244
228.081,478.921,56.516,158.244
227.670,480.154,56.516,158.244
227.471,480.534,57.766,161.745
232.494,473.082,59.044,165.324
231.207,474.369,59.044,165.324
230.778,475.657,59.044,165.324
231.207,476.944,59.044,165.324
229.218,473.780,60.351,168.982
228.780,475.095,60.351,168.982
233.228,477.320,59.064,165.378
231.082,480.325,59.064,165.378
234.945,479.895,59.064,165.378
232.799,482.042,59.064,165.378
236.662,481.612,59.064,165.378
236.878,487.927,57.804,161.851
236.458,489.187,57.804,161.851
237.479,492.127,56.571,158.400
237.686,498.175,55.365,155.022
238.664,500.216,54.184,151.716
237.483,499.822,54.184,151.716
238.664,498.641,54.184,151.716
238.270,501.398,54.184,151.716
238.664,501.791,54.184,151.716
237.483,502.185,54.184,151.716
239.958,502.664,53.029,148.481
238.802,502.279,53.029,148.481
241.500,497.269,53.029,148.481
239.573,499.196,53.029,148.481
239.958,498.810,53.029,148.481
238.802,499.966,53.029,148.481
237.016,497.924,54.202,151.766
237.214,499.922,53.046,148.529
239.913,496.452,53.046,148.529
237.214,499.151,53.046,148.529
237.600,495.681,53.046,148.529
238.756,492.983,53.046,148.529
236.829,489.513,53.046,148.529
237.985,482.959,53.046,148.529
237.436,475.997,51.915,145.362
238.568,475.620,51.915,145.362
238.945,475.242,51.915,145.362
241.586,480.147,51.915,145.362
245.736,472.224,51.915,145.362
249.887,469.583,51.915,145.362
253.282,466.187,51.915,145.362
255.169,469.583,51.915,145.362
256.301,470.715,51.915,145.362
257.432,471.847,51.915,145.362
257.810,474.488,51.915,145.362
258.942,478.638,51.915,145.362
257.055,481.279,51.915,145.362
260.787,480.845,53.064,148.578
261.944,476.603,53.064,148.578
263.100,481.617,53.064,148.578
261.172,482.002,53.064,148.578
264.643,478.531,53.064,148.578
265.029,476.603,53.064,148.578
264.042,475.360,54.238,151.865
262.215,474.906,55.438,155.225
265.841,476.115,55.438,155.225
265.438,475.712,55.438,155.225
265.035,476.115,55.438,155.225
266.244,474.101,55.438,155.225
261.812,475.309,55.438,155.225
262.791,474.246,54.255,151.915
263.750,472.446,53.098,148.676
265.679,468.973,53.098,148.676
268.849,463.491,51.966,145.505
270.495,460.310,50.858,142.402
272.106,458.622,49.773,139.365
272.288,460.457,48.712,136.393
274.514,458.158,47.673,133.485
276.024,461.919,46.656,130.638
278.155,464.946,45.661,127.852
273.175,470.761,46.672,130.681
269.422,469.866,45.676,127.894
264.470,479.869,44.702,125.167
