180.000,79.000,37.000,114.000
179.138,82.736,37.000,114.000
178.850,87.048,37.000,114.000
179.138,90.209,37.000,114.000
178.275,91.072,37.000,114.000
178.563,92.509,37.000,114.000
175.976,95.096,37.000,114.000
175.689,94.808,37.000,114.000
172.527,96.820,37.000,114.000
170.515,97.682,37.000,114.000
166.779,100.844,37.000,114.000
163.042,102.856,37.000,114.000
161.605,103.718,37.000,114.000
157.869,101.131,37.000,114.000
157.006,99.119,37.000,114.000
157.869,96.533,37.000,114.000
157.161,93.184,37.819,116.522
156.867,92.303,37.819,116.522
158.336,90.246,37.819,116.522
160.980,92.303,37.819,116.522
162.449,95.534,37.819,116.522
164.506,95.828,37.819,116.522
167.737,96.709,37.819,116.522
165.093,94.065,37.819,116.522
168.325,94.947,37.819,116.522
169.206,93.478,37.819,116.522
170.087,94.359,37.819,116.522
170.969,92.890,37.819,116.522
173.025,91.421,37.819,116.522
171.556,88.777,37.819,116.522
172.438,90.246,37.819,116.522
170.381,89.365,37.819,116.522
169.500,88.484,37.819,116.522
169.206,87.015,37.819,116.522
168.912,85.546,37.819,116.522
169.206,84.077,37.819,116.522
168.325,84.958,37.819,116.522
168.619,82.902,37.819,116.522
165.974,84.958,37.819,116.522
167.443,87.602,37.819,116.522
167.150,89.071,37.819,116.522
163.330,86.427,37.819,116.522
164.212,87.309,37.819,116.522
163.918,87.602,37.819,116.522
163.804,83.570,38.655,119.100
159.950,81.318,39.511,121.735
156.647,79.653,40.385,124.429
152.569,79.339,40.385,124.429
148.490,78.398,40.385,124.429
146.294,79.966,40.385,124.429
144.726,84.045,40.385,124.429
143.157,86.241,40.385,124.429
142.216,87.182,40.385,124.429
141.902,85.613,40.385,124.429
138.526,80.657,41.278,127.182
141.412,82.260,41.278,127.182
141.954,84.512,42.192,129.996
145.907,85.455,43.125,132.872
149.253,84.332,44.079,135.812
151.650,79.196,44.079,135.812
154.732,77.484,44.079,135.812
160.553,78.511,44.079,135.812
163.635,76.114,44.079,135.812
168.395,73.272,43.139,132.915
172.081,72.267,43.139,132.915
176.094,74.007,42.219,130.081
174.964,76.342,41.319,127.307
175.927,78.589,41.319,127.307
176.248,78.910,41.319,127.307
177.211,79.231,41.319,127.307
178.174,78.910,41.319,127.307
177.211,76.663,41.319,127.307
176.890,77.626,41.319,127.307
176.569,76.663,41.319,127.307
176.248,78.268,41.319,127.307
177.211,80.515,41.319,127.307
176.890,82.762,41.319,127.307
174.001,84.366,41.319,127.307
161.483,85.329,41.319,127.307
159.878,86.934,41.319,127.307
162.125,82.120,41.319,127.307
159.237,79.873,41.319,127.307
161.483,78.268,41.319,127.307
161.162,78.589,41.319,127.307
164.693,76.984,41.319,127.307
164.372,78.589,41.319,127.307
167.261,77.626,41.319,127.307
169.508,76.663,41.319,127.307
171.754,76.342,41.319,127.307
172.717,74.095,41.319,127.307
174.964,71.207,41.319,127.307
179.779,71.528,41.319,127.307
181.383,70.565,41.319,127.307
182.346,72.170,41.319,127.307
182.667,75.700,41.319,127.307
185.556,79.231,41.319,127.307
183.951,79.552,41.319,127.307
182.988,77.947,41.319,127.307
183.951,76.984,41.319,127.307
181.704,78.589,41.319,127.307
182.025,74.416,41.319,127.307
179.779,74.737,41.319,127.307
180.742,74.416,41.319,127.307
177.853,72.170,41.319,127.307
179.458,73.774,41.319,127.307
177.733,75.441,40.438,124.592
179.931,73.242,40.438,124.592
175.848,68.531,40.438,124.592
173.021,63.190,40.438,124.592
172.078,59.735,40.438,124.592
169.879,56.908,40.438,124.592
165.796,54.709,40.438,124.592
162.969,53.138,40.438,124.592
160.142,55.337,40.438,124.592
156.686,59.421,40.438,124.592
154.487,62.876,40.438,124.592
154.801,65.703,40.438,124.592
153.231,67.902,40.438,124.592
151.032,71.986,40.438,124.592
149.461,75.441,40.438,124.592
152.917,75.127,40.438,124.592
157.629,77.326,40.438,124.592
158.571,75.127,40.438,124.592
161.398,77.326,40.438,124.592
164.225,77.640,40.438,124.592
167.052,76.070,40.438,124.592
169.879,78.268,40.438,124.592
171.450,80.467,40.438,124.592
172.392,76.384,40.438,124.592
174.591,77.954,40.438,124.592
176.790,80.781,40.438,124.592
178.361,84.237,40.438,124.592
178.675,86.436,40.438,124.592
180.874,87.378,40.438,124.592
182.445,89.577,40.438,124.592
180.874,94.289,40.438,124.592
184.329,97.744,40.438,124.592
184.015,98.687,40.438,124.592
184.958,100.885,40.438,124.592
182.130,101.828,40.438,124.592
181.816,104.027,40.438,124.592
180.246,102.456,40.438,124.592
182.445,104.655,40.438,124.592
180.246,99.943,40.438,124.592
181.816,97.116,40.438,124.592
181.502,99.315,40.438,124.592
178.047,94.603,40.438,124.592
180.874,91.776,40.438,124.592
181.816,92.718,40.438,124.592
182.759,94.289,40.438,124.592
182.445,90.833,40.438,124.592
184.015,86.750,40.438,124.592
185.586,85.179,40.438,124.592
183.387,86.122,40.438,124.592
181.816,83.294,40.438,124.592
180.874,82.980,40.438,124.592
179.303,78.897,40.438,124.592
177.733,76.070,40.438,124.592
176.162,77.640,40.438,124.592
174.591,79.839,40.438,124.592
177.418,82.038,40.438,124.592
181.502,79.211,40.438,124.592
184.329,79.525,40.438,124.592
185.272,77.326,40.438,124.592
186.842,74.499,40.438,124.592
187.156,77.326,40.438,124.592
188.099,78.268,40.438,124.592
189.041,80.467,40.438,124.592
189.984,82.038,40.438,124.592
191.554,84.237,40.438,124.592
188.727,85.179,40.438,124.592
189.669,87.378,40.438,124.592
189.984,88.949,40.438,124.592
186.528,85.493,40.438,124.592
183.148,86.396,41.332,127.349
181.542,88.002,41.332,127.349
183.790,90.891,41.332,127.349
182.184,91.213,41.332,127.349
180.579,89.607,41.332,127.349
180.900,86.075,41.332,127.349
182.506,89.607,41.332,127.349
182.827,86.075,41.332,127.349
183.790,85.112,41.332,127.349
180.900,88.002,41.332,127.349
173.515,90.249,41.332,127.349
175.121,87.360,41.332,127.349
170.305,83.828,41.332,127.349
169.341,79.654,41.332,127.349
167.094,81.259,41.332,127.349
168.699,79.654,41.332,127.349
170.574,76.579,42.247,130.166
173.527,72.969,42.247,130.166
177.794,74.610,42.247,130.166
176.153,77.564,42.247,130.166
179.107,81.830,42.247,130.166
182.716,79.533,42.247,130.166
186.326,75.267,42.247,130.166
188.624,73.626,42.247,130.166
188.952,70.672,42.247,130.166
186.655,71.000,42.247,130.166
185.670,73.298,42.247,130.166
187.311,76.908,42.247,130.166
191.577,80.518,42.247,130.166
196.500,82.815,42.247,130.166
196.172,81.830,42.247,130.166
198.469,83.471,42.247,130.166
200.110,83.799,42.247,130.166
198.469,84.784,42.247,130.166
200.766,89.050,42.247,130.166
202.001,91.356,43.182,133.046
202.337,93.033,43.182,133.046
205.356,94.039,43.182,133.046
200.995,95.716,43.182,133.046
199.989,98.064,43.182,133.046
197.641,95.716,43.182,133.046
193.280,100.077,43.182,133.046
190.932,103.096,43.182,133.046
187.913,104.773,43.182,133.046
182.881,107.121,43.182,133.046
185.229,110.811,43.182,133.046
183.552,113.830,43.182,133.046
185.229,109.469,43.182,133.046
181.540,105.780,43.182,133.046
183.888,103.431,43.182,133.046
180.198,100.413,43.182,133.046
181.460,96.505,44.137,135.990
177.003,92.733,44.137,135.990
172.546,88.962,44.137,135.990
172.203,89.305,44.137,135.990
171.174,91.019,44.137,135.990
170.146,88.619,44.137,135.990
165.689,87.590,44.137,135.990
165.346,83.819,44.137,135.990
167.060,83.476,44.137,135.990
167.403,79.704,44.137,135.990
163.631,73.876,44.137,135.990
157.117,69.419,44.137,135.990
154.717,64.961,44.137,135.990
157.803,65.990,44.137,135.990
165.003,69.076,44.137,135.990
169.460,71.476,44.137,135.990
173.917,75.247,44.137,135.990
179.746,74.904,44.137,135.990
180.774,73.190,44.137,135.990
178.374,73.533,44.137,135.990
179.403,71.819,44.137,135.990
177.689,73.533,44.137,135.990
178.717,76.619,44.137,135.990
178.374,79.019,44.137,135.990
182.146,83.476,44.137,135.990
183.175,83.819,44.137,135.990
184.889,82.104,44.137,135.990
188.660,83.819,44.137,135.990
189.689,82.104,44.137,135.990
189.346,85.190,44.137,135.990
186.946,85.533,44.137,135.990
188.660,87.933,44.137,135.990
188.317,90.333,44.137,135.990
192.089,91.362,44.137,135.990
194.489,93.076,44.137,135.990
195.779,94.773,45.114,138.999
195.429,96.525,45.114,138.999
197.181,95.474,45.114,138.999
191.924,95.123,45.114,138.999
180.360,99.679,45.114,138.999
176.505,105.637,45.114,138.999
175.453,108.791,45.114,138.999
173.701,104.235,45.114,138.999
174.052,101.081,45.114,138.999
173.000,97.927,45.114,138.999
169.846,94.072,45.114,138.999
170.897,91.619,45.114,138.999
173.351,89.166,45.114,138.999
171.598,90.217,45.114,138.999
166.342,89.166,45.114,138.999
162.487,87.414,45.114,138.999
160.034,92.670,45.114,138.999
158.982,95.124,45.114,138.999
156.529,91.969,45.114,138.999
158.699,78.927,44.152,136.034
152.869,81.328,44.152,136.034
149.096,84.415,44.152,136.034
152.183,86.815,44.152,136.034
157.327,89.902,44.152,136.034
161.100,94.361,44.152,136.034
162.815,96.076,44.152,136.034
165.600,91.906,43.210,133.133
164.443,90.414,42.289,130.294
159.511,87.687,41.387,127.516
157.163,85.638,40.504,124.796
157.292,88.485,39.640,122.135
158.832,90.025,39.640,122.135
159.140,92.796,39.640,122.135
157.600,94.952,39.640,122.135
160.371,97.723,39.640,122.135
157.600,96.799,39.640,122.135
157.292,98.339,39.640,122.135
160.063,93.720,39.640,122.135
160.987,90.333,39.640,122.135
159.447,93.104,39.640,122.135
157.908,95.260,39.640,122.135
156.984,94.336,39.640,122.135
155.329,92.374,38.795,119.531
153.709,94.519,37.968,116.982
151.055,92.455,37.968,116.982
147.221,89.211,37.968,116.982
142.797,85.376,37.968,116.982
