40.000,199.000,61.000,103.000
39.680,198.039,61.000,103.000
39.360,197.719,61.000,103.000
39.680,196.759,61.000,103.000
38.719,195.798,61.000,103.000
38.399,194.838,61.000,103.000
38.719,194.518,61.000,103.000
37.118,192.917,61.000,103.000
37.439,193.237,61.000,103.000
37.118,191.636,61.000,103.000
36.798,189.395,61.000,103.000
35.838,188.434,61.000,103.000
35.518,185.553,61.000,103.000
34.557,181.390,61.000,103.000
33.596,176.588,61.000,103.000
33.917,169.224,61.000,103.000
34.237,162.500,61.000,103.000
35.838,154.495,61.000,103.000
36.158,147.772,61.000,103.000
38.399,140.408,61.000,103.000
40.000,134.324,61.000,103.000
42.241,128.241,61.000,103.000
45.123,121.517,61.000,103.000
48.645,114.793,61.000,103.000
52.807,109.350,61.000,103.000
56.451,103.228,62.350,105.279
60.854,96.971,63.729,107.608
67.209,92.622,63.729,107.608
73.565,86.936,63.729,107.608
80.590,82.587,63.729,107.608
86.945,77.569,63.729,107.608
92.632,72.552,63.729,107.608
99.909,68.238,65.139,109.989
109.475,63.119,66.580,112.423
117.513,59.275,66.580,112.423
126.948,58.227,66.580,112.423
135.685,55.082,66.580,112.423
145.121,54.033,66.580,112.423
156.653,51.587,66.580,112.423
166.089,47.743,66.580,112.423
176.223,45.996,66.580,112.423
185.276,43.664,68.053,114.910
195.270,42.022,69.559,117.452
205.486,37.314,71.098,120.051
212.576,34.702,71.098,120.051
219.667,37.314,71.098,120.051
226.011,39.180,71.098,120.051
232.355,39.553,71.098,120.051
238.699,40.673,71.098,120.051
244.494,41.280,72.671,122.707
250.216,43.188,72.671,122.707
254.412,45.095,72.671,122.707
260.133,47.765,72.671,122.707
262.803,50.435,72.671,122.707
266.236,53.868,72.671,122.707
271.195,55.775,72.671,122.707
275.279,58.922,71.121,120.090
280.715,64.160,69.605,117.529
283.272,67.448,69.605,117.529
287.888,71.870,68.120,115.023
292.536,77.234,68.120,115.023
297.184,82.597,68.120,115.023
300.402,85.815,68.120,115.023
304.335,90.463,68.120,115.023
308.983,95.826,68.120,115.023
313.631,99.759,68.120,115.023
318.995,105.123,68.120,115.023
323.643,111.201,68.120,115.023
329.721,116.564,68.120,115.023
334.369,121.927,68.120,115.023
339.017,128.006,68.120,115.023
343.666,134.084,68.120,115.023
348.314,140.162,68.120,115.023
352.247,146.956,68.120,115.023
355.465,153.749,68.120,115.023
358.683,159.828,68.120,115.023
361.901,165.191,68.120,115.023
365.119,171.269,68.120,115.023
364.761,178.063,68.120,115.023
367.264,183.426,68.120,115.023
367.621,188.789,68.120,115.023
367.979,192.007,68.120,115.023
367.621,195.940,68.120,115.023
367.264,198.443,68.120,115.023
366.191,200.946,68.120,115.023
365.834,199.158,68.120,115.023
365.476,200.946,68.120,115.023
364.403,199.158,68.120,115.023
364.046,197.371,68.120,115.023
362.973,196.298,68.120,115.023
362.616,194.510,68.120,115.023
365.119,191.292,68.120,115.023
363.331,189.504,68.120,115.023
365.834,186.286,68.120,115.023
366.191,183.784,68.120,115.023
366.549,180.566,68.120,115.023
368.336,176.633,68.120,115.023
368.694,172.700,68.120,115.023
369.767,168.767,68.120,115.023
370.124,164.118,68.120,115.023
369.767,159.470,68.120,115.023
370.839,154.107,68.120,115.023
369.715,147.270,69.628,117.568
368.565,141.040,71.168,120.169
366.698,136.184,71.168,120.169
363.973,129.817,72.743,122.828
361.300,126.380,72.743,122.828
358.627,123.708,72.743,122.828
354.427,120.271,72.743,122.828
349.464,116.835,72.743,122.828
343.737,114.926,72.743,122.828
337.246,115.308,72.743,122.828
329.991,114.162,72.743,122.828
322.737,113.781,72.743,122.828
315.482,112.635,72.743,122.828
307.464,113.017,72.743,122.828
299.446,113.399,72.743,122.828
292.192,115.308,72.743,122.828
285.701,116.453,72.743,122.828
278.447,116.835,72.743,122.828
271.956,117.217,72.743,122.828
264.701,116.835,72.743,122.828
258.211,115.690,72.743,122.828
252.484,116.071,72.743,122.828
246.756,117.980,72.743,122.828
241.029,119.890,72.743,122.828
236.066,121.799,72.743,122.828
231.102,122.180,72.743,122.828
228.429,125.617,72.743,122.828
224.060,127.031,74.352,125.545
222.108,128.982,74.352,125.545
220.937,130.933,74.352,125.545
218.900,133.998,75.997,128.323
218.501,135.993,75.997,128.323
218.900,140.381,75.997,128.323
220.097,144.769,75.997,128.323
220.496,148.359,75.997,128.323
223.288,151.151,75.997,128.323
226.080,153.943,75.997,128.323
228.873,155.140,75.997,128.323
233.260,156.336,75.997,128.323
237.648,157.533,75.997,128.323
243.632,156.336,75.997,128.323
248.817,154.342,75.997,128.323
253.205,153.943,75.997,128.323
258.391,152.746,75.997,128.323
263.576,153.145,75.997,128.323
267.964,151.151,75.997,128.323
275.543,152.348,75.997,128.323
281.352,152.562,74.376,125.586
286.427,153.733,74.376,125.586
290.721,154.905,74.376,125.586
295.015,156.076,74.376,125.586
299.310,156.466,74.376,125.586
303.604,158.418,74.376,125.586
307.898,160.370,74.376,125.586
310.631,160.760,74.376,125.586
314.810,163.228,72.790,122.908
316.721,165.903,72.790,122.908
317.867,167.049,72.790,122.908
321.221,167.255,71.238,120.287
324.503,170.339,69.719,117.722
324.137,169.242,69.719,117.722
327.431,168.144,69.719,117.722
328.528,167.778,69.719,117.722
330.358,168.144,69.719,117.722
332.188,165.582,69.719,117.722
335.481,165.948,69.719,117.722
339.507,165.582,69.719,117.722
344.264,163.752,69.719,117.722
348.289,161.923,69.719,117.722
353.046,161.557,69.719,117.722
358.536,159.727,69.719,117.722
364.025,157.897,69.719,117.722
366.586,160.459,69.719,117.722
370.612,158.629,69.719,117.722
372.441,160.459,69.719,117.722
375.735,158.629,69.719,117.722
376.862,158.466,71.261,120.327
379.480,156.596,71.261,120.327
382.098,155.474,71.261,120.327
385.465,154.352,71.261,120.327
388.083,152.481,71.261,120.327
392.197,151.359,71.261,120.327
397.060,149.489,71.261,120.327
401.922,148.367,71.261,120.327
407.369,147.126,69.742,117.761
412.128,146.028,69.742,117.761
416.154,143.466,69.742,117.761
420.073,142.252,68.255,115.249
423.218,141.754,66.799,112.792
426.972,140.591,65.374,110.386
429.323,141.437,63.980,108.032
432.918,140.971,62.616,105.729
431.932,141.957,62.616,105.729
436.205,140.971,62.616,105.729
438.505,141.957,62.616,105.729
442.121,142.943,62.616,105.729
441.792,143.929,62.616,105.729
444.750,145.572,62.616,105.729
447.635,147.650,61.281,103.474
449.887,149.258,61.281,103.474
452.090,148.811,59.974,101.267
453.664,149.126,59.974,101.267
455.238,146.922,59.974,101.267
455.553,142.830,59.974,101.267
457.127,138.108,59.974,101.267
457.441,132.757,59.974,101.267
457.756,127.405,59.974,101.267
456.812,122.054,59.974,101.267
455.238,117.332,59.974,101.267
452.405,112.610,59.974,101.267
448.942,106.000,59.974,101.267
445.479,98.759,59.974,101.267
440.128,91.519,59.974,101.267
433.517,84.909,59.974,101.267
426.907,79.557,59.974,101.267
418.732,74.191,61.301,103.508
408.114,70.652,61.301,103.508
397.496,66.469,61.301,103.508
384.947,59.712,61.301,103.508
370.468,54.886,61.301,103.508
356.633,49.416,61.301,103.508
342.154,46.520,61.301,103.508
325.101,42.981,61.301,103.508
306.730,37.496,62.657,105.798
289.300,35.852,62.657,105.798
273.185,30.919,62.657,105.798
256.412,28.617,62.657,105.798
237.635,24.375,64.043,108.139
221.836,22.694,64.043,108.139
206.709,23.031,64.043,108.139
188.221,17.988,64.043,108.139
171.077,14.963,64.043,108.139
155.278,13.282,64.043,108.139
143.513,14.291,64.043,108.139
134.437,15.971,64.043,108.139
122.672,16.980,64.043,108.139
114.268,17.988,64.043,108.139
99.958,17.838,65.460,110.531
89.994,18.182,65.460,110.531
83.466,21.274,65.460,110.531
75.969,23.973,66.909,112.977
67.189,27.133,66.909,112.977
59.112,32.401,66.909,112.977
52.439,40.479,66.909,112.977
46.469,48.556,66.909,112.977
41.201,55.229,66.909,112.977
36.453,60.902,68.389,115.476
32.504,66.286,68.389,115.476
28.556,72.388,68.389,115.476
24.607,79.926,68.389,115.476
22.812,87.465,68.389,115.476
19.582,94.285,68.389,115.476
17.069,100.387,68.389,115.476
14.556,105.772,68.389,115.476
12.044,110.438,68.389,115.476
11.043,116.859,66.930,113.014
8.584,121.426,66.930,113.014
8.282,127.033,65.503,110.604
9.311,131.195,64.106,108.245
8.302,133.550,64.106,108.245
7.292,136.579,64.106,108.245
8.949,141.300,62.739,105.937
10.570,145.921,61.401,103.678
10.892,148.177,61.401,103.678
11.859,151.078,61.401,103.678
13.471,156.557,61.401,103.678
13.148,160.102,61.401,103.678
16.049,164.936,61.401,103.678
17.660,169.126,61.401,103.678
19.916,174.604,61.401,103.678
22.817,180.083,61.401,103.678
25.717,186.207,61.401,103.678
28.618,189.752,61.401,103.678
30.874,193.941,61.401,103.678
33.775,197.487,61.401,103.678
36.031,199.743,61.401,103.678
38.286,201.354,61.401,103.678
40.542,202.321,61.401,103.678
40.865,204.577,61.401,103.678
42.476,206.188,61.401,103.678
43.443,205.221,61.401,103.678
43.765,208.122,61.401,103.678
44.732,205.866,61.401,103.678
43.121,209.411,61.401,103.678
44.732,206.510,61.401,103.678
43.121,210.056,61.401,103.678
44.088,212.312,61.401,103.678
41.832,210.700,61.401,103.678
43.493,211.894,62.760,105.971
40.528,210.247,62.760,105.971
43.493,212.553,62.760,105.971
40.528,211.564,62.760,105.971
43.493,212.553,62.760,105.971
41.187,212.882,62.760,105.971
43.493,214.529,62.760,105.971
44.507,214.382,64.148,108.316
40.654,210.040,65.568,110.713
43.751,213.137,65.568,110.713
40.527,210.127,67.018,113.162
42.285,213.293,67.018,113.162
41.230,209.424,67.018,113.162
41.582,208.368,67.018,113.162
40.475,211.131,68.501,115.666
40.091,207.240,70.017,118.225
38.253,205.403,70.017,118.225
37.860,207.526,71.566,120.841
35.899,205.800,73.149,123.514
37.819,203.112,73.149,123.514
35.815,205.331,74.768,126.247
33.766,205.156,76.422,129.040
31.672,204.145,78.113,131.895
32.082,202.095,78.113,131.895
29.091,202.762,79.841,134.813
26.034,202.575,81.607,137.796
27.319,203.004,81.607,137.796
25.177,203.432,81.607,137.796
28.176,201.290,81.607,137.796
26.034,202.575,81.607,137.796
25.606,202.147,81.607,137.796
25.177,202.575,81.607,137.796
28.176,202.147,81.607,137.796
26.034,202.575,81.607,137.796
28.176,201.290,81.607,137.796
23.273,201.099,83.413,140.845
27.214,200.661,83.413,140.845
24.149,201.975,83.413,140.845
23.711,201.537,83.413,140.845
25.024,202.850,83.413,140.845
27.214,201.537,83.413,140.845
29.403,202.850,83.413,140.845
27.214,201.537,83.413,140.845
31.154,201.975,83.413,140.845
28.965,203.288,83.413,140.845
30.278,201.975,83.413,140.845
30.716,202.413,83.413,140.845
35.403,200.116,81.634,137.841
32.404,201.402,81.634,137.841
34.546,201.830,81.634,137.841
34.118,202.259,81.634,137.841
36.260,200.973,81.634,137.841
33.261,203.116,81.634,137.841
35.403,200.973,81.634,137.841
34.118,202.259,81.634,137.841
36.260,200.973,81.634,137.841
33.261,203.116,81.634,137.841
34.546,200.973,81.634,137.841
34.975,202.259,81.634,137.841
36.260,200.973,81.634,137.841
33.261,203.116,81.634,137.841
35.403,200.116,81.634,137.841
33.261,202.259,81.634,137.841
35.403,200.973,81.634,137.841
32.404,203.116,81.634,137.841
32.833,200.116,81.634,137.841
31.547,202.259,81.634,137.841
29.405,203.544,81.634,137.841
33.166,202.123,79.893,134.902
29.392,204.220,79.893,134.902
32.265,202.020,78.190,132.025
29.392,204.072,78.190,132.025
28.161,203.662,78.190,132.025
30.213,202.431,78.190,132.025
27.219,203.099,79.919,134.946
27.638,201.002,79.919,134.946
28.897,202.260,79.919,134.946
26.707,203.814,81.688,137.932
31.423,202.528,81.688,137.932
33.567,202.956,81.688,137.932
33.996,205.100,81.688,137.932
33.567,203.814,81.688,137.932
33.138,205.100,81.688,137.932
36.997,201.241,81.688,137.932
39.141,199.955,81.688,137.932
41.252,197.706,79.946,134.990
43.318,195.506,78.241,132.112
46.923,192.560,76.572,129.294
47.352,188.903,74.939,126.537
50.892,182.216,74.939,126.537
49.712,173.956,74.939,126.537
51.648,165.069,73.341,123.839
54.286,157.855,71.777,121.198
55.414,152.248,70.247,118.613
57.229,146.050,68.749,116.084
59.755,139.915,68.749,116.084
63.003,133.059,68.749,116.084
67.562,127.689,67.282,113.608
72.153,123.804,67.282,113.608
78.657,119.910,65.848,111.185
83.841,114.725,65.848,111.185
90.408,110.232,65.848,111.185
97.666,106.430,65.848,111.185
105.615,101.937,65.848,111.185
114.947,99.518,65.848,111.185
124.279,97.099,65.848,111.185
133.975,98.617,64.443,108.814
142.431,97.603,64.443,108.814
155.623,98.617,64.443,108.814
168.815,99.632,64.443,108.814
180.654,99.294,64.443,108.814
197.228,100.985,64.443,108.814
210.420,100.647,64.443,108.814
220.229,101.662,64.443,108.814
229.362,105.382,64.443,108.814
243.230,108.427,64.443,108.814
253.040,112.147,64.443,108.814
262.849,115.868,64.443,108.814
271.305,120.265,64.443,108.814
279.761,124.663,64.443,108.814
284.835,129.736,64.443,108.814
289.232,134.810,64.443,108.814
293.783,140.274,65.869,111.222
295.566,145.859,67.327,113.683
297.387,150.101,68.816,116.198
297.749,155.519,68.816,116.198
298.110,159.492,68.816,116.198
294.859,163.465,68.816,116.198
295.943,166.716,68.816,116.198
291.809,168.804,70.339,118.769
289.224,170.650,70.339,118.769
285.163,172.496,70.339,118.769
281.840,174.342,70.339,118.769
279.388,175.964,68.839,116.236
278.304,175.602,68.839,116.236
275.052,178.132,68.839,116.236
271.258,180.416,67.371,113.757
270.905,180.769,67.371,113.757
267.722,181.830,67.371,113.757
267.418,184.747,65.934,111.331
264.996,186.478,65.934,111.331
265.342,187.516,65.934,111.331
262.919,189.246,65.934,111.331
262.621,192.101,64.528,108.957
262.330,194.895,63.152,106.634
260.673,196.553,63.152,106.634
259.678,198.210,63.152,106.634
258.021,199.205,63.152,106.634
256.364,200.862,63.152,106.634
256.695,203.845,63.152,106.634
255.701,206.165,63.152,106.634
254.706,207.823,63.152,106.634
253.712,210.143,63.152,106.634
253.380,212.463,63.152,106.634
252.386,214.784,63.152,106.634
251.392,217.104,63.152,106.634
251.060,219.424,63.152,106.634
250.066,218.430,63.152,106.634
249.071,221.413,63.152,106.634
248.740,220.419,63.152,106.634
248.408,222.076,63.152,106.634
246.678,221.240,64.549,108.993
244.984,220.224,64.549,108.993
243.968,217.852,64.549,108.993
242.951,215.481,64.549,108.993
241.353,211.744,63.173,106.669
239.696,204.781,63.173,106.669
238.771,198.568,61.825,104.394
238.447,191.104,61.825,104.394
238.168,183.147,60.507,102.168
239.120,174.572,60.507,102.168
237.532,164.726,60.507,102.168
239.120,153.611,60.507,102.168
240.708,144.401,60.507,102.168
241.026,137.096,60.507,102.168
243.249,129.792,60.507,102.168
244.837,124.393,60.507,102.168
248.330,120.264,60.507,102.168
251.189,116.135,60.507,102.168
255.317,113.277,60.507,102.168
258.176,112.324,60.507,102.168
263.575,110.736,60.507,102.168
267.703,109.148,60.507,102.168
271.976,108.348,61.846,104.428
276.846,107.374,61.846,104.428
282.364,107.049,61.846,104.428
285.385,108.925,63.214,106.739
288.472,110.842,64.613,109.100
290.846,113.216,64.613,109.100
291.890,116.584,66.042,111.514
292.958,120.025,67.503,113.981
291.109,124.278,68.997,116.503
289.970,129.377,70.523,119.081
286.638,137.150,70.523,119.081
280.865,146.970,72.084,121.715
274.180,156.223,73.679,124.408
269.152,170.531,73.679,124.408
262.578,183.293,73.679,124.408
252.910,199.149,73.679,124.408
242.064,207.803,75.309,127.161
232.182,216.895,75.309,127.161
223.091,224.405,75.309,127.161
215.580,230.334,75.309,127.161
208.070,235.473,75.309,127.161
202.931,235.868,75.309,127.161
197.793,231.520,75.309,127.161
191.863,224.800,75.309,127.161
187.515,218.871,75.309,127.161
183.958,212.151,75.309,127.161
184.353,204.641,75.309,127.161
184.748,195.550,75.309,127.161
188.306,187.249,75.309,127.161
187.883,177.230,76.975,129.974
193.943,167.129,76.975,129.974
198.388,159.453,76.975,129.974
203.640,152.584,76.975,129.974
208.892,145.716,76.975,129.974
214.145,140.463,76.975,129.974
218.589,136.827,76.975,129.974
225.457,133.999,76.975,129.974
233.942,132.787,76.975,129.974
243.235,132.383,76.975,129.974
252.527,135.211,76.975,129.974
263.436,138.847,76.975,129.974
275.153,140.867,76.975,129.974
287.677,143.696,76.975,129.974
301.010,149.756,76.975,129.974
315.668,154.606,78.678,132.850
329.296,159.974,78.678,132.850
347.054,164.517,78.678,132.850
359.465,166.047,80.419,135.789
369.174,164.780,80.419,135.789
378.882,166.891,80.419,135.789
389.435,165.624,80.419,135.789
399.987,165.202,80.419,135.789
408.851,163.092,80.419,135.789
416.027,162.670,80.419,135.789
422.987,160.456,78.704,132.893
425.879,157.564,78.704,132.893
424.640,152.194,78.704,132.893
425.053,146.824,78.704,132.893
421.335,140.627,78.704,132.893
416.791,135.257,78.704,132.893
411.420,132.365,78.704,132.893
401.919,129.473,78.704,132.893
386.634,124.929,78.704,132.893
372.176,120.385,78.704,132.893
357.717,118.320,78.704,132.893
337.560,112.992,80.445,135.834
313.492,111.725,80.445,135.834
287.736,113.837,80.445,135.834
261.979,112.570,80.445,135.834
230.311,109.614,80.445,135.834
202.865,114.259,80.445,135.834
172.042,119.748,80.445,135.834
147.129,124.393,80.445,135.834
116.306,120.593,80.445,135.834
88.693,123.909,82.225,138.839
58.051,124.340,82.225,138.839
36.040,124.772,82.225,138.839
10.503,120.102,84.044,141.911
-4.054,112.602,84.044,141.911
-10.671,104.221,84.044,141.911
-14.452,100.207,82.252,138.885
-18.337,94.594,82.252,138.885
-17.906,88.982,82.252,138.885
-14.884,85.096,82.252,138.885
-10.998,77.757,82.252,138.885
-5.386,71.281,82.252,138.885
1.954,63.078,82.252,138.885
12.747,54.876,82.252,138.885
30.448,49.263,82.252,138.885
42.104,41.924,82.252,138.885
59.805,33.721,82.252,138.885
74.915,26.382,82.252,138.885
89.162,19.906,82.252,138.885
102.546,18.611,82.252,138.885
115.066,15.589,82.252,138.885
132.171,13.324,80.498,135.923
146.959,9.522,80.498,135.923
163.700,9.749,78.781,133.024
178.173,12.644,78.781,133.024
197.745,12.069,77.101,130.187
210.291,15.712,77.101,130.187
225.545,19.050,75.457,127.411
235.447,21.030,75.457,127.411
246.140,24.595,75.457,127.411
256.042,29.744,75.457,127.411
265.151,36.477,75.457,127.411
272.676,43.210,75.457,127.411
279.409,50.735,75.457,127.411
283.766,59.844,75.457,127.411
287.330,68.161,75.457,127.411
289.311,78.063,75.457,127.411
289.707,88.756,75.457,127.411
288.519,99.450,75.457,127.411
287.330,109.352,75.457,127.411
285.463,118.727,73.848,124.694
284.300,127.642,73.848,124.694
283.137,135.782,73.848,124.694
281.199,142.371,73.848,124.694
280.036,149.736,73.848,124.694
279.649,157.100,73.848,124.694
278.486,164.465,73.848,124.694
278.098,173.380,73.848,124.694
277.711,179.970,73.848,124.694
278.873,186.559,73.848,124.694
279.261,193.148,73.848,124.694
279.651,196.997,75.482,127.453
280.839,199.770,75.482,127.453
282.028,201.751,75.482,127.453
284.801,200.563,75.482,127.453
285.990,199.374,75.482,127.453
288.763,196.601,75.482,127.453
292.329,193.035,75.482,127.453
296.687,189.469,75.482,127.453
300.252,185.904,75.482,127.453
300.649,181.546,75.482,127.453
304.214,178.772,75.482,127.453
304.612,174.485,77.152,130.273
305.827,173.270,77.152,130.273
307.852,172.865,77.152,130.273
308.257,172.460,77.152,130.273
308.662,174.485,77.152,130.273
307.447,177.320,77.152,130.273
303.653,179.660,78.859,133.155
300.755,180.902,78.859,133.155
296.018,182.435,80.604,136.101
291.176,183.124,82.387,139.112
285.329,183.828,84.210,142.190
278.699,186.038,84.210,142.190
271.185,186.480,84.210,142.190
263.671,188.690,84.210,142.190
251.275,190.327,86.073,145.336
239.077,194.393,86.073,145.336
228.282,196.066,87.977,148.552
216.737,194.681,87.977,148.552
205.193,196.066,87.977,148.552
190.878,195.604,87.977,148.552
180.802,198.273,89.924,151.839
171.834,199.689,89.924,151.839
162.866,203.937,89.924,151.839
154.843,207.241,89.924,151.839
148.707,207.713,89.924,151.839
143.751,208.877,88.006,148.601
139.594,211.186,88.006,148.601
136.525,214.997,86.129,145.432
135.169,218.162,86.129,145.432
133.813,223.134,86.129,145.432
135.169,229.011,86.129,145.432
134.717,233.984,86.129,145.432
137.882,238.957,86.129,145.432
141.046,243.930,86.129,145.432
143.272,247.659,84.293,142.330
145.450,253.868,82.495,139.295
148.481,256.899,82.495,139.295
151.512,259.930,82.495,139.295
155.409,261.229,82.495,139.295
157.574,264.260,82.495,139.295
161.471,263.827,82.495,139.295
164.502,265.992,82.495,139.295
167.533,263.827,82.495,139.295
170.564,263.394,82.495,139.295
172.729,261.229,82.495,139.295
176.626,260.796,82.495,139.295
180.523,260.363,82.495,139.295
184.420,260.796,82.495,139.295
189.056,261.029,80.736,136.324
195.412,258.063,80.736,136.324
200.921,257.639,80.736,136.324
207.278,255.520,80.736,136.324
212.979,251.814,82.522,139.341
220.343,250.514,82.522,139.341
229.439,247.482,82.522,139.341
239.401,245.317,82.522,139.341
250.229,243.151,82.522,139.341
261.924,246.183,82.522,139.341
275.352,244.883,82.522,139.341
287.913,250.514,82.522,139.341
303.073,251.814,82.522,139.341
318.233,253.113,82.522,139.341
337.542,249.325,84.348,142.424
354.808,247.111,84.348,142.424
368.083,249.056,82.549,139.386
380.648,246.890,82.549,139.386
393.213,243.857,82.549,139.386
404.912,239.958,82.549,139.386
417.068,236.850,80.789,136.414
427.669,232.185,80.789,136.414
440.383,229.144,79.066,133.505
449.928,227.069,79.066,133.505
455.323,225.824,79.066,133.505
460.718,222.089,79.066,133.505
462.793,218.354,79.066,133.505
465.698,213.789,79.066,133.505
464.453,208.394,79.066,133.505
466.528,202.169,79.066,133.505
462.793,193.454,79.066,133.505
460.718,182.249,79.066,133.505
455.323,166.064,79.066,133.505
449.098,151.539,79.066,133.505
439.553,134.524,79.066,133.505
425.858,117.509,79.066,133.505
411.333,99.664,79.066,133.505
395.978,81.819,79.066,133.505
375.728,70.439,80.815,136.459
356.640,53.896,80.815,136.459
335.062,35.223,82.603,139.478
312.106,26.932,84.431,142.564
292.164,21.171,84.431,142.564
271.336,18.069,84.431,142.564
246.033,14.193,86.299,145.718
225.650,17.364,86.299,145.718
205.427,24.681,88.208,148.942
183.667,24.218,88.208,148.942
163.957,31.697,90.160,152.237
146.448,41.635,90.160,152.237
133.670,54.412,90.160,152.237
126.572,72.868,90.160,152.237
122.313,91.324,90.160,152.237
120.893,105.048,90.160,152.237
121.366,115.932,90.160,152.237
122.786,126.816,90.160,152.237
127.045,139.593,90.160,152.237
130.358,150.478,90.160,152.237
136.510,162.309,90.160,152.237
142.662,172.246,90.160,152.237
150.707,179.345,90.160,152.237
158.752,184.550,90.160,152.237
166.797,190.702,90.160,152.237
176.424,195.519,88.237,148.991
186.150,198.761,88.237,148.991
201.822,204.367,86.356,145.814
214.060,208.446,86.356,145.814
224.485,209.806,86.356,145.814
234.910,208.446,86.356,145.814
248.055,206.180,86.356,145.814
263.013,203.007,86.356,145.814
271.625,201.647,86.356,145.814
280.237,200.287,86.356,145.814
290.662,200.741,86.356,145.814
301.087,197.568,86.356,145.814
313.325,196.208,86.356,145.814
324.657,193.035,86.356,145.814
333.269,188.956,86.356,145.814
339.161,184.876,86.356,145.814
342.334,181.704,86.356,145.814
343.694,178.531,86.356,145.814
344.147,175.358,86.356,145.814
342.787,172.185,86.356,145.814
339.614,169.919,86.356,145.814
335.535,166.746,86.356,145.814
327.829,165.386,86.356,145.814
321.937,164.026,86.356,145.814
314.557,165.144,84.514,142.704
308.190,164.528,82.712,139.661
299.941,162.357,82.712,139.661
291.692,158.450,82.712,139.661
285.180,156.279,82.712,139.661
279.786,154.003,80.948,136.683
272.868,151.774,79.222,133.768
266.899,148.792,77.532,130.915
261.058,145.873,75.879,128.123
256.109,141.481,74.261,125.391
251.265,137.934,72.677,122.717
246.306,132.975,72.677,122.717
240.584,127.253,72.677,122.717
234.862,122.294,72.677,122.717
227.614,116.572,72.677,122.717
223.609,113.836,71.127,120.100
218.756,110.476,71.127,120.100
213.156,106.369,71.127,120.100
207.077,102.972,69.610,117.539
200.135,99.684,69.610,117.539
190.270,97.857,69.610,117.539
177.482,94.569,69.610,117.539
169.810,90.549,69.610,117.539
160.675,87.261,69.610,117.539
148.387,84.641,68.126,115.032
140.878,87.144,68.126,115.032
132.654,89.647,68.126,115.032
125.145,93.580,68.126,115.032
113.632,97.130,69.633,117.577
103.764,101.882,69.633,117.577
93.165,106.633,69.633,117.577
84.028,111.384,69.633,117.577
69.774,115.405,69.633,117.577
60.282,118.275,71.174,120.179
50.942,120.890,71.174,120.179
42.016,122.274,72.749,122.838
33.997,124.947,72.749,122.838
26.742,127.620,72.749,122.838
21.014,130.293,72.749,122.838
15.287,134.493,72.749,122.838
10.323,140.984,72.749,122.838
6.886,147.476,72.749,122.838
4.977,154.731,72.749,122.838
6.886,163.513,72.749,122.838
10.323,173.823,72.749,122.838
14.523,181.078,72.749,122.838
17.960,186.042,72.749,122.838
21.396,188.715,72.749,122.838
25.596,191.388,72.749,122.838
29.033,195.588,72.749,122.838
31.706,197.497,72.749,122.838
34.379,200.170,72.749,122.838
37.052,196.733,72.749,122.838
38.197,199.406,72.749,122.838
40.106,199.788,72.749,122.838
41.252,197.879,72.749,122.838
42.397,199.788,72.749,122.838
42.779,197.879,72.749,122.838
43.161,200.552,72.749,122.838
43.543,201.697,72.749,122.838
44.689,199.024,72.749,122.838
43.543,201.697,72.749,122.838
44.689,199.788,72.749,122.838
42.779,202.461,72.749,122.838
43.925,203.607,72.749,122.838
42.779,203.988,72.749,122.838
41.634,205.898,72.749,122.838
41.252,203.988,72.749,122.838
41.634,207.425,72.749,122.838
40.488,207.807,72.749,122.838
41.634,206.661,72.749,122.838
38.197,207.807,72.749,122.838
38.581,208.429,74.358,125.556
36.629,205.697,74.358,125.556
36.239,207.648,74.358,125.556
35.849,204.136,74.358,125.556
32.336,207.648,74.358,125.556
34.288,203.355,74.358,125.556
30.775,207.648,74.358,125.556
31.946,203.355,74.358,125.556
28.433,207.648,74.358,125.556
28.043,204.136,74.358,125.556
24.386,208.011,76.003,128.333
24.785,203.622,76.003,128.333
18.801,209.606,76.003,128.333
13.844,214.435,74.383,125.597
15.796,210.922,74.383,125.597
10.944,217.153,72.796,122.918
10.616,216.622,71.244,120.297
8.132,220.428,69.725,117.732
7.034,219.330,69.725,117.732
4.602,222.349,68.238,115.221
3.528,224.140,68.238,115.221
2.529,225.023,66.783,112.764
1.478,228.178,66.783,112.764
1.852,229.042,65.358,110.359
0.896,232.534,63.965,108.006
1.231,233.541,63.965,108.006
1.567,235.219,63.965,108.006
0.560,237.570,63.965,108.006
0.224,239.248,63.965,108.006
1.231,241.598,63.965,108.006
2.239,241.263,63.965,108.006
2.597,244.032,62.600,105.702
4.240,245.018,62.600,105.702
3.254,246.661,62.600,105.702
4.240,247.647,62.600,105.702
5.226,249.289,62.600,105.702
6.869,250.275,62.600,105.702
7.197,251.261,62.600,105.702
8.840,252.247,62.600,105.702
10.483,253.232,62.600,105.702
12.783,252.904,62.600,105.702
11.233,253.714,61.266,103.448
14.128,255.965,61.266,103.448
12.520,255.000,61.266,103.448
15.414,257.895,61.266,103.448
13.163,256.287,61.266,103.448
16.057,259.824,61.266,103.448
17.047,262.349,62.621,105.737
14.864,261.893,61.286,103.482
19.046,266.075,61.286,103.482
20.654,269.613,61.286,103.482
23.549,271.222,61.286,103.482
27.731,273.473,61.286,103.482
30.724,275.332,62.642,105.772
29.738,273.688,62.642,105.772
32.697,276.647,62.642,105.772
33.682,276.824,61.306,103.516
37.747,277.618,59.998,101.309
40.581,277.303,59.998,101.309
44.675,280.137,59.998,101.309
48.139,280.452,59.998,101.309
51.070,277.698,61.326,103.550
53.967,278.020,61.326,103.550
55.576,275.767,61.326,103.550
59.117,274.801,61.326,103.550
60.082,273.835,61.326,103.550
62.336,272.870,61.326,103.550
64.589,271.904,61.326,103.550
67.486,270.938,61.326,103.550
72.794,272.353,60.018,101.342
75.725,268.944,61.346,103.584
81.199,266.046,61.346,103.584
84.741,264.436,61.346,103.584
88.282,262.826,61.346,103.584
91.824,259.284,61.346,103.584
95.366,257.674,61.346,103.584
97.026,256.194,62.703,105.876
100.771,253.315,64.091,108.218
98.317,248.279,65.509,110.613
102.230,245.272,66.958,113.060
99.770,240.000,66.958,113.060
105.228,241.302,68.439,115.562
107.024,238.069,68.439,115.562
111.857,240.145,69.954,118.118
117.365,239.043,69.954,118.118
122.138,240.879,69.954,118.118
128.380,244.184,69.954,118.118
134.082,244.020,71.501,120.732
141.964,247.397,71.501,120.732
146.234,244.894,73.083,123.403
150.600,241.539,74.700,126.133
155.875,239.736,76.353,128.924
159.604,236.231,78.042,131.776
164.266,232.648,79.769,134.692
168.034,229.718,79.769,134.692
173.477,225.112,79.769,134.692
177.245,219.669,79.769,134.692
181.013,214.226,79.769,134.692
187.110,211.223,78.068,131.820
194.896,212.452,78.068,131.820
198.583,208.765,78.068,131.820
203.760,207.405,76.403,129.008
209.776,208.608,76.403,129.008
214.187,204.999,76.403,129.008
218.598,204.598,76.403,129.008
223.812,202.593,76.403,129.008
229.025,202.994,76.403,129.008
234.238,200.187,76.403,129.008
237.847,198.182,76.403,129.008
241.457,196.979,76.403,129.008
245.868,195.776,76.403,129.008
249.477,194.573,76.403,129.008
253.086,195.776,76.403,129.008
254.289,196.177,76.403,129.008
257.097,196.578,76.403,129.008
256.696,193.771,76.403,129.008
259.503,194.172,76.403,129.008
258.300,192.969,76.403,129.008
258.701,190.963,76.403,129.008
259.904,191.364,76.403,129.008
258.701,189.359,76.403,129.008
259.904,186.552,76.403,129.008
257.899,183.745,76.403,129.008
259.102,182.542,76.403,129.008
257.097,180.537,76.403,129.008
257.498,178.532,76.403,129.008
254.833,175.655,74.774,126.257
257.581,172.123,74.774,126.257
253.264,168.591,74.774,126.257
254.472,163.530,76.428,129.051
250.862,158.314,76.428,129.051
253.670,161.123,76.428,129.051
250.060,155.105,76.428,129.051
252.868,151.495,76.428,129.051
250.862,147.082,76.428,129.051
254.472,149.088,76.428,129.051
252.467,143.873,76.428,129.051
255.275,142.669,76.428,129.051
257.280,141.466,76.428,129.051
256.879,140.263,76.428,129.051
258.115,137.586,78.119,131.906
260.228,134.000,79.847,134.824
261.486,131.905,79.847,134.824
264.516,133.457,81.614,137.807
267.514,130.458,81.614,137.807
270.513,130.030,81.614,137.807
274.368,132.172,81.614,137.807
278.224,129.173,81.614,137.807
279.509,127.888,81.614,137.807
283.269,126.467,79.874,134.869
285.333,124.268,78.170,131.992
287.385,127.140,78.170,131.992
289.436,124.268,78.170,131.992
291.488,123.858,78.170,131.992
293.603,125.378,79.900,134.913
294.022,123.281,79.900,134.913
297.925,123.964,81.668,137.898
298.355,120.215,83.474,140.949
299.705,116.383,85.321,144.067
300.155,113.395,87.209,147.255
295.866,107.492,89.139,150.513
300.076,108.895,89.139,150.513
298.605,102.862,91.111,153.843
300.078,101.656,93.127,157.247
300.567,101.167,93.127,157.247
300.044,99.935,95.187,160.726
297.545,97.437,95.187,160.726
299.044,98.935,95.187,160.726
297.545,97.437,95.187,160.726
299.044,97.936,95.187,160.726
296.546,95.438,95.187,160.726
296.047,96.937,95.187,160.726
295.547,95.438,95.187,160.726
294.048,94.938,95.187,160.726
293.549,96.437,95.187,160.726
294.048,93.939,95.187,160.726
292.549,95.438,95.187,160.726
294.048,91.941,95.187,160.726
289.552,93.440,95.187,160.726
294.048,89.942,95.187,160.726
290.551,92.440,95.187,160.726
294.048,88.943,95.187,160.726
290.551,90.442,95.187,160.726
294.048,86.945,95.187,160.726
292.549,88.443,95.187,160.726
294.088,86.147,97.293,164.282
294.599,84.615,97.293,164.282
292.045,87.168,97.293,164.282
295.620,85.636,97.293,164.282
291.024,90.232,97.293,164.282
294.599,92.786,97.293,164.282
292.045,98.403,97.293,164.282
294.599,102.999,97.293,164.282
292.045,106.574,97.293,164.282
291.606,111.771,95.218,160.778
293.103,117.821,93.188,157.350
293.592,122.223,93.188,157.350
293.103,127.603,93.188,157.350
294.571,131.027,93.188,157.350
295.093,136.005,91.200,153.994
298.372,140.877,89.256,150.710
299.778,146.030,89.256,150.710
303.057,150.246,89.256,150.710
304.462,152.589,89.256,150.710
309.616,156.805,89.256,150.710
311.958,159.148,89.256,150.710
317.111,158.679,89.256,150.710
324.387,156.526,91.230,154.045
331.570,156.047,91.230,154.045
338.752,153.653,91.230,154.045
344.020,153.174,91.230,154.045
339.710,149.822,91.230,154.045
347.851,145.512,91.230,154.045
356.949,149.822,91.230,154.045
364.385,152.589,93.249,157.453
372.456,157.570,91.260,154.095
383.473,158.049,91.260,154.095
394.888,155.848,93.279,157.505
405.169,157.316,93.279,157.505
412.513,159.764,93.279,157.505
419.857,154.379,93.279,157.505
424.264,154.868,93.279,157.505
430.629,148.504,93.279,157.505
436.014,147.035,93.279,157.505
444.088,142.579,91.290,154.146
448.400,135.392,91.290,154.146
441.213,137.788,91.290,154.146
433.067,138.267,91.290,154.146
425.879,138.746,91.290,154.146
418.692,139.225,91.290,154.146
411.504,132.996,91.290,154.146
406.234,127.725,91.290,154.146
400.005,123.413,91.290,154.146
392.817,118.142,91.290,154.146
382.755,111.913,91.290,154.146
372.692,107.600,91.290,154.146
363.588,102.330,91.290,154.146
358.558,97.046,89.343,150.859
352.461,92.825,89.343,150.859
345.427,90.480,89.343,150.859
338.393,88.136,89.343,150.859
332.566,87.484,87.438,147.641
325.408,85.375,89.373,150.908
320.248,83.029,89.373,150.908
316.026,82.560,89.373,150.908
311.631,82.351,91.350,154.247
318.823,78.036,91.350,154.247
313.335,75.832,93.371,157.660
309.905,78.282,93.371,157.660
318.236,74.852,93.371,157.660
310.593,78.701,95.437,161.148
314.215,77.438,97.549,164.713
309.607,78.974,97.549,164.713
315.239,79.486,97.549,164.713
308.583,85.118,97.549,164.713
307.047,87.678,97.549,164.713
302.249,92.761,99.707,168.358
297.345,97.958,101.913,172.082
290.391,105.981,101.913,172.082
286.647,110.796,101.913,172.082
283.093,119.333,99.739,168.413
277.335,126.139,99.739,168.413
268.435,135.038,99.739,168.413
263.723,143.938,99.739,168.413
261.106,150.744,99.739,168.413
257.441,157.549,99.739,168.413
251.683,155.979,99.739,168.413
244.877,154.408,99.739,168.413
240.165,147.603,99.739,168.413
234.407,140.797,99.739,168.413
229.695,132.944,99.739,168.413
227.226,125.153,97.613,164.821
223.640,116.443,97.613,164.821
223.128,109.782,97.613,164.821
223.675,104.132,95.531,161.306
226.143,98.603,93.494,157.867
230.560,92.223,93.494,157.867
228.106,83.881,93.494,157.867
232.523,77.502,93.494,157.867
232.032,68.178,93.494,157.867
232.556,61.820,91.500,154.500
233.997,54.616,91.500,154.500
232.556,47.412,91.500,154.500
233.997,41.169,91.500,154.500
230.635,35.886,91.500,154.500
232.076,31.563,91.500,154.500
228.714,30.123,91.500,154.500
226.312,32.524,91.500,154.500
222.951,27.241,91.500,154.500
218.628,31.563,91.500,154.500
214.306,28.202,91.500,154.500
207.102,30.603,91.500,154.500
199.898,27.241,91.500,154.500
193.654,32.524,91.500,154.500
189.332,36.846,91.500,154.500
185.010,40.208,91.500,154.500
181.648,46.452,91.500,154.500
177.148,47.234,93.524,157.918
170.766,43.798,93.524,157.918
164.385,48.216,93.524,157.918
154.692,42.904,95.594,161.412
148.169,46.416,95.594,161.412
143.653,45.914,95.594,161.412
140.141,43.405,95.594,161.412
141.646,43.907,95.594,161.412
137.346,44.177,93.555,157.970
136.855,42.704,93.555,157.970
141.165,46.755,91.560,154.601
138.763,44.352,91.560,154.601
142.055,45.537,89.607,151.304
143.466,44.126,89.607,151.304
144.877,41.775,89.607,151.304
147.228,40.364,89.607,151.304
144.773,36.250,91.590,154.652
146.254,32.045,93.616,158.074
143.797,31.554,93.616,158.074
149.202,34.994,93.616,158.074
147.657,30.696,95.688,161.571
145.035,28.388,97.805,165.146
145.551,26.028,99.969,168.800
142.927,27.602,99.969,168.800
143.452,27.077,99.969,168.800
142.927,29.701,99.969,168.800
140.304,28.127,99.969,168.800
135.387,25.715,102.180,172.534
132.587,18.799,104.441,176.352
133.138,20.829,106.752,180.253
127.888,17.091,109.114,184.242
127.275,15.647,111.528,188.318
123.177,17.403,111.528,188.318
124.980,17.142,113.996,192.484
119.374,6.942,116.518,196.743
114.912,6.669,119.096,201.096
116.787,8.545,119.096,201.096
115.045,13.701,116.556,196.808
111.851,9.620,119.135,201.162
113.727,12.747,119.135,201.162
107.868,11.170,121.771,205.613
105.950,15.644,121.771,205.613
102.755,25.231,121.771,205.613
102.071,11.684,124.465,210.162
100.016,12.748,127.219,214.812
95.145,2.751,130.033,219.564
91.582,2.446,132.910,224.422
92.280,5.934,132.910,224.422
90.187,6.632,132.910,224.422
90.884,8.725,132.910,224.422
90.138,-1.719,135.851,229.388
85.146,4.698,135.851,229.388
88.822,-3.018,138.857,234.463
83.505,-3.343,141.929,239.650
88.720,-2.598,141.929,239.650
84.995,-9.303,141.929,239.650
88.720,-4.088,141.929,239.650
89.465,-9.303,141.929,239.650
88.720,-7.068,141.929,239.650
90.955,-6.323,141.929,239.650
91.700,-5.578,141.929,239.650
92.445,-12.283,141.929,239.650
91.700,-8.558,141.929,239.650
95.424,-13.773,141.929,239.650
88.444,-12.559,145.069,244.953
93.774,-10.275,145.069,244.953
93.013,-17.128,145.069,244.953
93.774,-13.321,145.069,244.953
93.013,-17.128,145.069,244.953
96.820,-14.844,145.069,244.953
100.627,-12.559,145.069,244.953
99.866,-11.798,145.069,244.953
103.673,-12.559,145.069,244.953
104.434,-11.798,145.069,244.953
109.764,-12.559,145.069,244.953
105.957,-11.798,145.069,244.953
111.287,-14.082,145.069,244.953
109.003,-13.321,145.069,244.953
112.810,-17.128,145.069,244.953
104.095,-15.888,148.279,250.372
114.213,-13.553,148.279,250.372
112.043,-17.635,145.117,245.033
101.745,-17.975,148.327,250.454
116.537,-21.867,148.327,250.454
109.531,-19.532,148.327,250.454
102.524,-18.753,148.327,250.454
115.759,-21.089,148.327,250.454
108.752,-20.310,148.327,250.454
100.188,-17.975,148.327,250.454
114.980,-23.424,148.327,250.454
106.416,-22.646,148.327,250.454
93.181,-18.753,148.327,250.454
79.946,-19.532,148.327,250.454
69.825,-20.310,148.327,250.454
73.718,-21.089,148.327,250.454
65.154,-21.867,148.327,250.454
67.490,-21.089,148.327,250.454
71.382,-18.753,148.327,250.454
58.147,-22.646,148.327,250.454
62.040,-24.982,148.327,250.454
62.822,-22.098,151.609,255.996
60.435,-26.077,151.609,255.996
61.231,-23.690,151.609,255.996
57.252,-24.485,151.609,255.996
58.047,-26.873,151.609,255.996
57.252,-27.668,151.609,255.996
58.047,-26.873,151.609,255.996
55.660,-27.668,151.609,255.996
58.047,-26.873,151.609,255.996
55.660,-27.668,151.609,255.996
58.047,-26.873,151.609,255.996
55.660,-27.668,151.609,255.996
58.047,-26.873,151.609,255.996
57.252,-26.077,151.609,255.996
59.639,-28.464,151.609,255.996
55.660,-26.077,151.609,255.996
59.639,-28.464,151.609,255.996
55.660,-26.077,151.609,255.996
59.639,-28.464,151.609,255.996
55.660,-27.668,151.609,255.996
58.047,-26.873,151.609,255.996
55.660,-29.260,151.609,255.996
58.047,-28.464,151.609,255.996
54.069,-29.260,151.609,255.996
56.456,-28.464,151.609,255.996
55.660,-29.260,151.609,255.996
58.048,-28.464,151.609,255.996
54.069,-29.260,151.609,255.996
56.456,-28.464,151.609,255.996
55.660,-29.260,151.609,255.996
59.639,-26.873,151.609,255.996
55.660,-26.077,151.609,255.996
61.231,-26.873,151.609,255.996
57.252,-24.485,151.609,255.996
56.456,-28.464,151.609,255.996
57.252,-27.668,151.609,255.996
56.456,-26.873,151.609,255.996
60.435,-26.077,151.609,255.996
59.639,-23.690,151.609,255.996
54.069,-27.668,151.609,255.996
58.048,-26.873,151.609,255.996
54.069,-27.668,151.609,255.996
56.456,-26.873,151.609,255.996
57.252,-29.260,151.609,255.996
54.864,-30.056,151.609,255.996
57.252,-30.851,151.609,255.996
51.681,-34.830,151.609,255.996
52.481,-30.232,154.963,261.659
53.349,-29.794,151.659,256.080
54.145,-28.998,151.659,256.080
53.349,-31.386,151.659,256.080
55.737,-28.998,151.659,256.080
53.349,-31.386,151.659,256.080
57.330,-27.406,151.659,256.080
56.533,-31.386,151.659,256.080
54.145,-33.774,151.659,256.080
54.941,-29.794,151.659,256.080
58.922,-30.590,151.659,256.080
56.533,-29.794,151.659,256.080
57.329,-30.590,151.659,256.080
53.349,-34.570,151.659,256.080
55.737,-27.406,151.659,256.080
58.126,-29.794,151.659,256.080
55.737,-30.590,151.659,256.080
53.349,-32.978,151.659,256.080
55.737,-27.406,151.659,256.080
53.349,-31.386,151.659,256.080
52.553,-32.182,151.659,256.080
51.757,-32.978,151.659,256.080
52.553,-28.998,151.659,256.080
51.757,-29.794,151.659,256.080
49.369,-32.182,151.659,256.080
55.124,-30.885,155.014,261.745
54.311,-34.954,155.014,261.745
51.870,-37.394,155.014,261.745
49.429,-31.699,155.014,261.745
53.497,-34.140,155.014,261.745
-12.408,183.101,155.014,261.745
-18.103,183.915,155.014,261.745
-10.961,185.922,151.708,256.164
-16.535,188.310,151.708,256.164
-11.079,188.739,148.473,250.701
-14.976,189.519,148.473,250.701
-9.637,192.943,145.307,245.354
-11.925,192.180,145.307,245.354
-8.170,195.531,142.208,240.122
-8.812,195.933,139.176,235.002
-6.621,196.664,139.176,235.002
-7.351,197.394,139.176,235.002
-8.082,198.125,139.176,235.002
-7.351,197.394,139.176,235.002
-8.082,198.125,139.176,235.002
-7.351,197.394,139.176,235.002
-8.082,198.125,139.176,235.002
-7.351,197.394,139.176,235.002
-8.082,198.125,139.176,235.002
-7.351,197.394,139.176,235.002
-8.082,198.125,139.176,235.002
-7.351,197.394,139.176,235.002
-8.082,198.125,139.176,235.002
-7.351,197.394,139.176,235.002
-8.082,198.125,139.176,235.002
-7.351,197.394,139.176,235.002
-8.082,198.125,139.176,235.002
-7.351,197.394,139.176,235.002
-8.082,198.125,139.176,235.002
-7.351,197.394,139.176,235.002
-8.082,198.125,139.176,235.002
-7.351,197.394,139.176,235.002
-8.082,198.125,139.176,235.002
-7.351,197.394,139.176,235.002
-8.082,198.125,139.176,235.002
-7.351,198.855,139.176,235.002
-9.543,196.664,139.176,235.002
-7.351,197.394,139.176,235.002
-8.082,198.125,139.176,235.002
-7.351,198.855,139.176,235.002
-9.543,196.664,139.176,235.002
-7.351,197.394,139.176,235.002
-8.082,198.125,139.176,235.002
-7.351,198.855,139.176,235.002
-9.543,198.125,139.176,235.002
-7.351,198.855,139.176,235.002
