256.000,152.000,73.000,210.000
255.459,153.622,73.000,210.000
256.000,152.000,73.000,210.000
255.459,152.540,73.000,210.000
256.000,152.000,73.000,210.000
255.459,152.540,73.000,210.000
256.000,152.000,73.000,210.000
255.459,152.540,73.000,210.000
256.000,153.081,73.000,210.000
255.459,152.540,73.000,210.000
254.919,152.000,73.000,210.000
255.459,153.622,73.000,210.000
254.919,153.081,73.000,210.000
254.378,152.540,73.000,210.000
254.919,153.081,73.000,210.000
254.378,152.540,73.000,210.000
254.919,153.081,73.000,210.000
254.378,152.540,73.000,210.000
254.919,153.081,73.000,210.000
254.378,152.540,73.000,210.000
254.919,153.081,73.000,210.000
254.378,152.540,73.000,210.000
254.919,153.081,73.000,210.000
254.378,151.459,73.000,210.000
254.919,154.162,73.000,210.000
254.378,152.540,73.000,210.000
254.919,153.081,73.000,210.000
254.378,152.540,73.000,210.000
254.919,153.081,73.000,210.000
254.378,152.540,73.000,210.000
254.919,153.081,73.000,210.000
254.378,152.540,73.000,210.000
254.919,153.081,73.000,210.000
254.378,152.540,73.000,210.000
254.919,153.081,73.000,210.000
254.378,152.540,73.000,210.000
254.919,153.081,73.000,210.000
254.378,152.540,73.000,210.000
254.919,153.081,73.000,210.000
254.378,152.540,73.000,210.000
254.919,153.081,73.000,210.000
254.378,151.459,73.000,210.000
254.919,153.081,73.000,210.000
254.378,152.540,73.000,210.000
254.919,153.081,73.000,210.000
254.378,152.540,73.000,210.000
254.919,153.081,73.000,210.000
254.378,151.459,73.000,210.000
254.919,153.081,73.000,210.000
254.378,151.459,73.000,210.000
254.919,153.081,73.000,210.000
254.378,151.459,73.000,210.000
254.919,153.081,73.000,210.000
254.378,151.459,73.000,210.000
254.919,153.081,73.000,210.000
254.378,151.459,73.000,210.000
254.919,153.081,73.000,210.000
254.378,151.459,73.000,210.000
254.919,153.081,73.000,210.000
254.378,151.459,73.000,210.000
254.919,153.081,73.000,210.000
254.378,151.459,73.000,210.000
254.919,153.081,73.000,210.000
254.378,151.459,73.000,210.000
254.919,153.081,73.000,210.000
254.378,151.459,73.000,210.000
254.919,153.081,73.000,210.000
254.378,151.459,73.000,210.000
254.919,153.081,73.000,210.000
254.378,151.459,73.000,210.000
254.919,153.081,73.000,210.000
254.378,151.459,73.000,210.000
254.919,153.081,73.000,210.000
254.378,151.459,73.000,210.000
254.919,153.081,73.000,210.000
254.378,151.459,73.000,210.000
254.919,153.081,73.000,210.000
254.378,151.459,73.000,210.000
254.919,153.081,73.000,210.000
254.378,151.459,73.000,210.000
254.919,153.081,73.000,210.000
254.378,152.540,73.000,210.000
254.919,153.081,73.000,210.000
254.378,152.540,73.000,210.000
254.919,153.081,73.000,210.000
254.378,152.540,73.000,210.000
254.919,153.081,73.000,210.000
254.378,152.540,73.000,210.000
254.919,153.081,73.000,210.000
254.378,152.540,73.000,210.000
254.919,153.081,73.000,210.000
254.378,152.540,73.000,210.000
254.919,153.081,73.000,210.000
254.378,151.459,73.000,210.000
254.919,153.081,73.000,210.000
254.378,151.459,73.000,210.000
254.919,153.081,73.000,210.000
254.378,151.459,73.000,210.000
254.919,153.081,73.000,210.000
254.378,151.459,73.000,210.000
254.919,153.081,73.000,210.000
254.378,151.459,73.000,210.000
254.919,153.081,73.000,210.000
254.378,151.459,73.000,210.000
253.838,153.081,73.000,210.000
253.297,151.459,73.000,210.000
253.838,152.000,73.000,210.000
254.378,152.540,73.000,210.000
254.919,150.919,73.000,210.000
255.459,152.540,73.000,210.000
256.000,150.919,73.000,210.000
255.459,151.459,73.000,210.000
256.000,149.838,73.000,210.000
256.541,150.378,73.000,210.000
256.000,149.838,73.000,210.000
256.541,150.378,73.000,210.000
256.000,149.838,73.000,210.000
256.541,150.378,73.000,210.000
256.000,149.838,73.000,210.000
256.541,151.459,73.000,210.000
256.000,149.838,73.000,210.000
256.541,151.459,73.000,210.000
254.919,149.838,73.000,210.000
255.460,151.459,73.000,210.000
256.000,149.838,73.000,210.000
255.460,151.459,73.000,210.000
256.000,149.838,73.000,210.000
256.541,151.459,73.000,210.000
256.000,150.919,73.000,210.000
256.541,151.459,73.000,210.000
256.000,150.919,73.000,210.000
256.541,151.459,73.000,210.000
256.000,150.919,73.000,210.000
256.541,151.459,73.000,210.000
256.000,150.919,73.000,210.000
256.541,151.459,73.000,210.000
256.000,150.919,73.000,210.000
256.541,151.459,73.000,210.000
256.000,150.919,73.000,210.000
256.541,151.459,73.000,210.000
256.000,150.919,73.000,210.000
256.541,151.459,73.000,210.000
256.000,150.919,73.000,210.000
257.299,155.763,71.443,205.522
257.828,153.118,71.443,205.522
257.299,154.705,71.443,205.522
257.828,154.176,71.443,205.522
257.299,153.647,71.443,205.522
257.828,155.234,71.443,205.522
257.299,153.647,71.443,205.522
257.828,155.234,71.443,205.522
257.299,153.647,71.443,205.522
257.828,155.234,71.443,205.522
257.299,153.647,71.443,205.522
257.828,154.176,71.443,205.522
257.299,153.647,71.443,205.522
257.828,155.234,71.443,205.522
257.299,153.647,71.443,205.522
257.828,155.234,71.443,205.522
257.299,153.647,71.443,205.522
257.828,155.234,71.443,205.522
257.299,153.647,71.443,205.522
257.828,154.176,71.443,205.522
257.299,153.647,71.443,205.522
257.828,155.234,71.443,205.522
257.299,153.647,71.443,205.522
257.828,154.176,71.443,205.522
257.299,153.647,71.443,205.522
257.828,154.176,71.443,205.522
257.299,153.647,71.443,205.522
257.828,154.176,71.443,205.522
257.299,153.647,71.443,205.522
257.828,154.176,71.443,205.522
257.299,153.647,71.443,205.522
257.828,154.176,71.443,205.522
257.299,153.647,71.443,205.522
257.828,154.176,71.443,205.522
257.299,153.647,71.443,205.522
257.828,154.176,71.443,205.522
256.241,153.647,71.443,205.522
257.828,154.176,71.443,205.522
257.299,153.647,71.443,205.522
257.828,154.176,71.443,205.522
256.241,153.647,71.443,205.522
257.828,154.176,71.443,205.522
256.241,153.647,71.443,205.522
257.828,154.176,71.443,205.522
257.299,153.647,71.443,205.522
257.828,154.176,71.443,205.522
257.299,153.647,71.443,205.522
257.828,154.176,71.443,205.522
257.299,153.647,71.443,205.522
257.828,155.234,71.443,205.522
256.241,153.647,71.443,205.522
257.828,154.176,71.443,205.522
256.241,153.647,71.443,205.522
257.828,154.176,71.443,205.522
256.241,153.647,71.443,205.522
256.770,154.176,71.443,205.522
257.299,153.647,71.443,205.522
256.770,154.176,71.443,205.522
257.299,153.647,71.443,205.522
256.770,154.176,71.443,205.522
258.357,153.647,71.443,205.522
256.770,154.176,71.443,205.522
257.299,153.647,71.443,205.522
256.770,154.176,71.443,205.522
257.299,152.589,71.443,205.522
256.770,154.176,71.443,205.522
257.299,152.589,71.443,205.522
256.770,154.176,71.443,205.522
257.299,152.589,71.443,205.522
256.770,154.176,71.443,205.522
257.299,152.589,71.443,205.522
256.770,154.176,71.443,205.522
258.357,152.589,71.443,205.522
256.770,154.176,71.443,205.522
258.357,153.647,71.443,205.522
256.770,154.176,71.443,205.522
258.357,153.647,71.443,205.522
256.770,154.176,71.443,205.522
257.299,153.647,71.443,205.522
256.770,155.234,71.443,205.522
257.299,152.589,71.443,205.522
255.712,153.118,71.443,205.522
256.241,152.589,71.443,205.522
255.712,153.118,71.443,205.522
256.241,152.589,71.443,205.522
255.712,153.118,71.443,205.522
256.241,152.589,71.443,205.522
255.712,154.176,71.443,205.522
256.241,152.589,71.443,205.522
255.712,154.176,71.443,205.522
256.241,152.589,71.443,205.522
255.712,154.176,71.443,205.522
256.241,152.589,71.443,205.522
255.712,153.118,71.443,205.522
256.241,152.589,71.443,205.522
255.712,153.118,71.443,205.522
256.241,152.589,71.443,205.522
256.770,152.060,71.443,205.522
256.241,152.589,71.443,205.522
255.712,153.118,71.443,205.522
256.241,152.589,71.443,205.522
255.712,153.118,71.443,205.522
256.241,151.531,71.443,205.522
255.712,152.060,71.443,205.522
256.241,152.589,71.443,205.522
256.770,152.060,71.443,205.522
257.299,151.531,71.443,205.522
256.770,152.060,71.443,205.522
257.299,151.531,71.443,205.522
256.770,152.060,71.443,205.522
257.299,151.531,71.443,205.522
256.770,152.060,71.443,205.522
257.299,152.589,71.443,205.522
256.770,153.118,71.443,205.522
256.241,152.589,71.443,205.522
256.770,152.060,71.443,205.522
257.299,152.589,71.443,205.522
256.770,152.060,71.443,205.522
257.299,151.531,71.443,205.522
256.770,152.060,71.443,205.522
257.299,151.531,71.443,205.522
256.770,152.060,71.443,205.522
257.299,151.531,71.443,205.522
256.770,152.060,71.443,205.522
257.299,151.531,71.443,205.522
256.770,152.060,71.443,205.522
257.299,151.531,71.443,205.522
256.770,152.060,71.443,205.522
257.299,151.531,71.443,205.522
256.770,152.060,71.443,205.522
257.299,151.531,71.443,205.522
256.770,151.002,71.443,205.522
257.299,151.531,71.443,205.522
255.712,152.060,71.443,205.522
256.241,151.531,71.443,205.522
256.770,152.060,71.443,205.522
256.241,151.531,71.443,205.522
255.712,149.944,71.443,205.522
256.241,151.531,71.443,205.522
256.770,149.944,71.443,205.522
257.299,149.415,71.443,205.522
256.770,152.060,71.443,205.522
257.299,151.531,71.443,205.522
256.770,152.060,71.443,205.522
258.357,152.589,71.443,205.522
256.770,153.118,71.443,205.522
257.299,152.589,71.443,205.522
256.770,153.118,71.443,205.522
257.299,152.589,71.443,205.522
256.770,154.176,71.443,205.522
258.357,152.589,71.443,205.522
257.828,153.118,71.443,205.522
256.241,152.589,71.443,205.522
256.770,154.176,71.443,205.522
257.299,153.647,71.443,205.522
256.770,154.176,71.443,205.522
257.299,153.647,71.443,205.522
256.770,155.234,71.443,205.522
257.299,153.647,71.443,205.522
256.770,155.234,71.443,205.522
257.299,153.647,71.443,205.522
257.828,154.176,71.443,205.522
257.299,153.647,71.443,205.522
257.828,154.176,71.443,205.522
257.299,152.589,71.443,205.522
257.828,154.176,71.443,205.522
257.299,152.589,71.443,205.522
256.770,153.118,71.443,205.522
257.299,152.589,71.443,205.522
256.770,152.060,71.443,205.522
256.241,151.531,71.443,205.522
255.712,151.002,71.443,205.522
255.183,149.415,71.443,205.522
254.654,149.944,71.443,205.522
255.183,148.357,71.443,205.522
254.654,146.770,71.443,205.522
254.125,145.183,71.443,205.522
252.538,143.596,71.443,205.522
253.067,140.951,71.443,205.522
251.480,138.306,71.443,205.522
252.009,136.719,71.443,205.522
250.423,134.074,71.443,205.522
249.894,130.371,71.443,205.522
247.249,127.726,71.443,205.522
137.747,165.285,71.443,205.522
135.102,162.640,71.443,205.522
134.573,164.227,71.443,205.522
136.160,163.698,71.443,205.522
133.723,160.875,73.024,210.069
134.264,160.335,73.024,210.069
133.723,160.875,73.024,210.069
134.264,160.335,73.024,210.069
133.723,160.875,73.024,210.069
135.345,160.335,73.024,210.069
135.886,161.957,73.024,210.069
137.508,161.416,73.024,210.069
138.049,164.120,73.024,210.069
137.508,162.497,73.024,210.069
139.130,163.038,73.024,210.069
139.671,163.579,73.024,210.069
140.211,161.957,73.024,210.069
140.752,163.579,73.024,210.069
140.211,161.957,73.024,210.069
139.671,162.498,73.024,210.069
139.130,161.957,73.024,210.069
138.589,161.416,73.024,210.069
139.130,161.957,73.024,210.069
137.508,160.335,73.024,210.069
138.049,160.875,73.024,210.069
137.802,155.747,74.640,214.717
137.249,157.405,74.640,214.717
137.802,156.852,74.640,214.717
137.249,158.510,74.640,214.717
137.802,157.957,74.640,214.717
138.354,158.510,74.640,214.717
137.802,157.957,74.640,214.717
138.354,159.615,74.640,214.717
137.802,160.168,74.640,214.717
137.249,159.615,74.640,214.717
136.696,160.168,74.640,214.717
137.249,158.510,74.640,214.717
136.696,160.168,74.640,214.717
137.249,158.510,74.640,214.717
137.802,159.063,74.640,214.717
137.249,159.615,74.640,214.717
136.696,159.063,74.640,214.717
137.249,159.615,74.640,214.717
135.591,159.063,74.640,214.717
135.038,159.615,74.640,214.717
134.486,159.063,74.640,214.717
133.933,159.615,74.640,214.717
133.380,159.063,74.640,214.717
133.933,159.615,74.640,214.717
134.486,159.063,74.640,214.717
135.038,159.615,74.640,214.717
134.486,159.063,74.640,214.717
135.038,159.615,74.640,214.717
135.591,159.063,74.640,214.717
135.038,159.615,74.640,214.717
134.486,157.957,74.640,214.717
135.038,158.510,74.640,214.717
135.591,157.957,74.640,214.717
135.038,158.510,74.640,214.717
135.591,157.957,74.640,214.717
135.038,158.510,74.640,214.717
135.591,157.957,74.640,214.717
135.038,158.510,74.640,214.717
134.486,157.957,74.640,214.717
133.933,158.510,74.640,214.717
134.486,156.852,74.640,214.717
133.933,158.510,74.640,214.717
134.486,156.852,74.640,214.717
133.933,158.510,74.640,214.717
135.591,156.852,74.640,214.717
135.038,158.510,74.640,214.717
135.591,157.957,74.640,214.717
136.144,159.615,74.640,214.717
136.696,159.063,74.640,214.717
137.249,160.721,74.640,214.717
137.802,160.168,74.640,214.717
138.354,159.615,74.640,214.717
137.802,160.168,74.640,214.717
139.460,158.510,74.640,214.717
140.012,159.063,74.640,214.717
140.565,159.615,74.640,214.717
141.118,159.063,74.640,214.717
141.670,159.615,74.640,214.717
142.999,164.568,73.048,210.138
140.294,161.864,73.048,210.138
140.835,163.486,73.048,210.138
141.093,167.291,71.490,205.656
137.556,163.368,73.072,210.207
134.851,161.745,73.072,210.207
131.236,156.613,74.689,214.857
135.107,159.378,74.689,214.857
130.264,152.985,76.341,219.611
126.488,149.969,78.030,224.470
119.031,145.688,79.756,229.436
108.958,140.086,81.521,234.513
112.440,136.865,83.325,239.701
117.279,131.013,85.168,245.005
125.477,130.383,85.168,245.005
133.675,131.013,85.168,245.005
141.238,126.340,87.053,250.425
147.632,122.901,88.979,255.966
153.561,126.195,88.979,255.966
163.444,126.854,88.979,255.966
175.961,123.560,88.979,255.966
189.797,120.266,88.979,255.966
205.351,121.090,87.081,250.508
214.359,120.653,85.224,245.165
221.958,119.010,83.407,239.937
228.205,120.973,81.628,234.820
130.895,145.754,81.628,234.820
128.853,148.840,79.887,229.813
127.994,151.861,78.184,224.912
129.386,154.817,76.516,220.116
128.819,154.250,76.516,220.116
131.273,158.236,74.885,215.422
130.719,156.572,74.885,215.422
131.273,158.236,74.885,215.422
130.719,156.572,74.885,215.422
131.273,158.236,74.885,215.422
130.719,156.572,74.885,215.422
132.382,158.236,74.885,215.422
130.719,156.572,74.885,215.422
131.273,158.236,74.885,215.422
130.719,156.572,74.885,215.422
132.382,158.236,74.885,215.422
130.719,156.572,74.885,215.422
132.382,158.236,74.885,215.422
130.719,156.572,74.885,215.422
132.382,158.236,74.885,215.422
130.719,156.572,74.885,215.422
132.382,158.236,74.885,215.422
130.719,156.572,74.885,215.422
132.382,158.236,74.885,215.422
130.719,156.572,74.885,215.422
131.273,158.236,74.885,215.422
130.719,156.572,74.885,215.422
132.382,158.236,74.885,215.422
130.719,156.572,74.885,215.422
132.382,158.236,74.885,215.422
131.828,156.572,74.885,215.422
133.161,160.472,73.288,210.828
132.618,161.015,73.288,210.828
134.246,161.558,73.288,210.828
133.703,161.015,73.288,210.828
136.054,164.832,71.725,206.332
135.523,163.239,71.725,206.332
137.823,169.022,70.195,201.932
136.264,165.384,70.195,201.932
136.784,166.943,70.195,201.932
136.264,165.384,70.195,201.932
136.784,167.983,70.195,201.932
136.264,166.423,70.195,201.932
138.863,166.943,70.195,201.932
138.343,165.384,70.195,201.932
139.902,166.943,70.195,201.932
139.383,165.384,70.195,201.932
139.630,170.042,68.698,197.625
139.121,168.516,68.698,197.625
137.595,170.042,68.698,197.625
137.838,173.620,67.233,193.411
136.344,172.126,67.233,193.411
133.855,172.624,67.233,193.411
133.132,177.086,65.800,189.287
131.671,173.675,65.800,189.287
133.132,172.214,65.800,189.287
132.645,174.650,65.800,189.287
135.081,171.239,65.800,189.287
138.131,175.606,64.396,185.250
140.196,172.525,63.023,181.299
144.396,172.992,63.023,181.299
150.915,171.777,61.679,177.433
156.393,170.288,63.044,181.359
162.461,168.887,63.044,181.359
168.529,170.288,63.044,181.359
176.465,171.688,63.044,181.359
186.268,169.354,63.044,181.359
200.739,167.020,63.044,181.359
234.427,156.781,64.439,185.371
243.120,156.215,65.864,189.473
254.028,153.613,67.322,193.665
251.732,154.056,68.811,197.950
253.261,150.490,68.811,197.950
255.808,152.018,68.811,197.950
254.280,150.490,68.811,197.950
252.751,152.018,68.811,197.950
252.242,150.490,68.811,197.950
251.732,152.018,68.811,197.950
252.242,150.490,68.811,197.950
251.732,152.018,68.811,197.950
252.242,149.471,68.811,197.950
251.732,152.018,68.811,197.950
252.242,150.490,68.811,197.950
251.732,152.018,68.811,197.950
252.242,149.471,68.811,197.950
251.732,152.018,68.811,197.950
252.242,149.471,68.811,197.950
251.732,152.018,68.811,197.950
252.242,149.471,68.811,197.950
251.732,152.018,68.811,197.950
252.242,149.471,68.811,197.950
251.732,152.018,68.811,197.950
252.242,150.490,68.811,197.950
251.732,152.018,68.811,197.950
252.242,149.471,68.811,197.950
251.732,152.018,68.811,197.950
252.242,149.471,68.811,197.950
251.732,152.018,68.811,197.950
252.242,150.490,68.811,197.950
251.732,152.018,68.811,197.950
252.242,150.490,68.811,197.950
251.732,152.018,68.811,197.950
252.242,150.490,68.811,197.950
251.732,152.018,68.811,197.950
252.242,149.471,68.811,197.950
251.732,152.018,68.811,197.950
252.242,150.490,68.811,197.950
251.732,152.018,68.811,197.950
252.242,150.490,68.811,197.950
251.732,152.018,68.811,197.950
252.242,150.490,68.811,197.950
251.732,152.018,68.811,197.950
252.242,150.490,68.811,197.950
251.732,152.018,68.811,197.950
252.242,150.490,68.811,197.950
251.732,152.018,68.811,197.950
252.242,150.490,68.811,197.950
251.732,152.018,68.811,197.950
252.242,150.490,68.811,197.950
251.732,152.018,68.811,197.950
252.242,150.490,68.811,197.950
251.732,152.018,68.811,197.950
252.242,149.471,68.811,197.950
251.732,152.018,68.811,197.950
252.242,149.471,68.811,197.950
251.732,152.018,68.811,197.950
252.242,150.490,68.811,197.950
252.751,153.037,68.811,197.950
253.261,150.490,68.811,197.950
252.751,152.018,68.811,197.950
252.242,150.490,68.811,197.950
252.751,152.018,68.811,197.950
253.261,150.490,68.811,197.950
252.751,152.018,68.811,197.950
252.242,150.490,68.811,197.950
251.732,152.018,68.811,197.950
252.242,149.471,68.811,197.950
251.732,152.018,68.811,197.950
252.242,150.490,68.811,197.950
251.732,152.018,68.811,197.950
252.242,150.490,68.811,197.950
251.732,152.018,68.811,197.950
252.242,150.490,68.811,197.950
251.732,152.018,68.811,197.950
252.242,149.471,68.811,197.950
252.751,152.018,68.811,197.950
253.261,150.490,68.811,197.950
252.751,152.018,68.811,197.950
253.261,150.490,68.811,197.950
252.751,152.018,68.811,197.950
253.261,150.490,68.811,197.950
252.751,152.018,68.811,197.950
252.242,150.490,68.811,197.950
251.732,152.018,68.811,197.950
252.242,150.490,68.811,197.950
251.732,153.037,68.811,197.950
251.223,150.490,68.811,197.950
250.713,152.018,68.811,197.950
252.242,149.471,68.811,197.950
251.732,152.018,68.811,197.950
251.223,150.490,68.811,197.950
251.732,152.018,68.811,197.950
252.242,150.490,68.811,197.950
252.751,150.999,68.811,197.950
252.242,150.490,68.811,197.950
252.751,152.018,68.811,197.950
252.242,150.490,68.811,197.950
250.713,150.999,68.811,197.950
247.147,152.528,68.811,197.950
247.389,161.023,67.344,193.728
255.317,161.646,65.908,189.597
254.828,157.254,65.908,189.597
254.340,155.790,65.908,189.597
254.828,156.278,65.908,189.597
255.317,156.766,65.908,189.597
255.805,155.302,65.908,189.597
255.317,157.742,65.908,189.597
255.805,155.302,65.908,189.597
255.317,156.766,65.908,189.597
255.805,154.326,65.908,189.597
255.317,156.766,65.908,189.597
255.805,154.326,65.908,189.597
255.317,156.766,65.908,189.597
255.805,154.326,65.908,189.597
255.317,156.766,65.908,189.597
255.805,154.326,65.908,189.597
255.317,155.790,65.908,189.597
255.805,154.326,65.908,189.597
255.317,155.790,65.908,189.597
255.805,154.326,65.908,189.597
255.317,156.766,65.908,189.597
255.805,154.326,65.908,189.597
255.317,156.766,65.908,189.597
255.805,154.326,65.908,189.597
255.317,156.766,65.908,189.597
254.828,154.326,65.908,189.597
253.364,156.766,65.908,189.597
254.828,154.326,65.908,189.597
254.340,155.790,65.908,189.597
254.828,154.326,65.908,189.597
254.340,155.790,65.908,189.597
254.828,154.326,65.908,189.597
254.340,156.766,65.908,189.597
254.828,153.350,65.908,189.597
254.340,155.790,65.908,189.597
254.828,153.350,65.908,189.597
254.340,155.790,65.908,189.597
254.828,153.350,65.908,189.597
254.340,155.790,65.908,189.597
254.828,153.350,65.908,189.597
254.340,155.790,65.908,189.597
254.828,153.350,65.908,189.597
254.340,155.790,65.908,189.597
254.828,153.350,65.908,189.597
254.340,155.790,65.908,189.597
254.828,153.350,65.908,189.597
254.340,155.790,65.908,189.597
254.828,153.350,65.908,189.597
254.340,155.790,65.908,189.597
254.828,153.350,65.908,189.597
254.340,155.790,65.908,189.597
254.828,153.350,65.908,189.597
254.340,155.790,65.908,189.597
254.828,153.350,65.908,189.597
254.340,155.790,65.908,189.597
254.828,153.350,65.908,189.597
254.340,155.790,65.908,189.597
254.828,153.350,65.908,189.597
254.340,155.790,65.908,189.597
254.828,153.350,65.908,189.597
254.340,155.790,65.908,189.597
254.828,153.350,65.908,189.597
254.340,155.790,65.908,189.597
254.828,153.350,65.908,189.597
254.340,155.790,65.908,189.597
254.828,153.350,65.908,189.597
254.340,155.790,65.908,189.597
254.828,153.350,65.908,189.597
254.340,155.790,65.908,189.597
254.828,153.350,65.908,189.597
254.340,155.790,65.908,189.597
254.828,153.350,65.908,189.597
254.340,155.790,65.908,189.597
254.828,153.350,65.908,189.597
254.340,155.790,65.908,189.597
254.828,153.350,65.908,189.597
254.340,155.790,65.908,189.597
254.828,154.326,65.908,189.597
254.340,155.790,65.908,189.597
254.828,154.326,65.908,189.597
254.340,155.790,65.908,189.597
254.828,154.326,65.908,189.597
253.364,155.790,65.908,189.597
254.828,153.350,65.908,189.597
254.340,156.766,65.908,189.597
254.828,154.326,65.908,189.597
254.340,155.790,65.908,189.597
254.828,154.326,65.908,189.597
254.340,155.790,65.908,189.597
254.828,154.326,65.908,189.597
254.340,155.790,65.908,189.597
254.828,153.350,65.908,189.597
254.340,155.790,65.908,189.597
254.828,154.326,65.908,189.597
254.340,155.790,65.908,189.597
254.828,154.326,65.908,189.597
253.364,155.790,65.908,189.597
254.828,153.350,65.908,189.597
254.340,156.766,65.908,189.597
253.852,154.326,65.908,189.597
253.364,155.790,65.908,189.597
254.828,153.350,65.908,189.597
253.364,156.766,65.908,189.597
254.828,153.350,65.908,189.597
253.364,156.766,65.908,189.597
254.828,153.350,65.908,189.597
253.364,156.766,65.908,189.597
254.828,153.350,65.908,189.597
253.364,156.766,65.908,189.597
254.828,153.350,65.908,189.597
254.340,156.766,65.908,189.597
254.828,154.326,65.908,189.597
254.340,155.790,65.908,189.597
255.805,153.350,65.908,189.597
255.317,155.790,65.908,189.597
255.805,157.254,65.908,189.597
252.388,157.742,65.908,189.597
247.917,158.353,64.502,185.554
239.771,155.805,65.929,189.659
165.082,167.033,65.929,189.659
161.550,168.584,64.523,185.615
160.117,168.107,64.523,185.615
158.683,166.673,64.523,185.615
157.250,166.196,64.523,185.615
154.058,165.629,65.951,189.721
265.885,154.398,65.951,189.721
265.176,156.891,64.544,185.676
260.875,157.369,64.544,185.676
256.573,154.980,64.544,185.676
255.140,158.325,64.544,185.676
255.618,155.935,64.544,185.676
257.051,156.413,64.544,185.676
256.573,156.891,64.544,185.676
257.051,156.413,64.544,185.676
256.573,156.891,64.544,185.676
257.051,156.413,64.544,185.676
256.573,155.935,64.544,185.676
256.095,157.369,64.544,185.676
255.618,155.935,64.544,185.676
256.095,156.413,64.544,185.676
255.618,156.891,64.544,185.676
256.095,157.369,64.544,185.676
255.618,155.935,64.544,185.676
256.095,156.413,64.544,185.676
255.618,156.891,64.544,185.676
256.095,156.413,64.544,185.676
255.618,155.935,64.544,185.676
256.095,156.413,64.544,185.676
255.618,155.935,64.544,185.676
256.095,157.369,64.544,185.676
255.618,155.935,64.544,185.676
256.095,156.413,64.544,185.676
256.573,155.935,64.544,185.676
257.051,157.369,64.544,185.676
256.573,155.935,64.544,185.676
257.051,156.413,64.544,185.676
257.529,155.935,64.544,185.676
258.007,156.413,64.544,185.676
256.573,155.935,64.544,185.676
255.140,158.325,64.544,185.676
254.662,154.980,64.544,185.676
257.051,157.369,64.544,185.676
260.964,157.967,63.168,181.716
265.695,157.651,61.821,177.841
270.730,158.108,61.821,177.841
275.765,156.735,61.821,177.841
360.090,151.443,63.189,181.776
367.529,150.225,61.841,177.899
366.155,152.514,61.841,177.899
364.781,152.972,61.841,177.899
368.530,151.780,60.522,174.105
370.771,155.813,60.522,174.105
251.120,164.327,60.522,174.105
258.738,164.775,60.522,174.105
258.290,162.535,60.522,174.105
256.225,161.074,61.861,177.957
256.016,158.630,63.230,181.895
255.548,159.098,63.230,181.895
256.016,158.630,63.230,181.895
255.548,158.162,63.230,181.895
254.363,156.635,64.629,185.919
254.841,156.157,64.629,185.919
255.320,157.592,64.629,185.919
254.841,156.157,64.629,185.919
255.320,157.592,64.629,185.919
254.841,156.157,64.629,185.919
255.320,157.592,64.629,185.919
254.841,156.157,64.629,185.919
255.320,157.592,64.629,185.919
254.841,156.157,64.629,185.919
255.320,157.592,64.629,185.919
254.841,156.157,64.629,185.919
255.320,157.592,64.629,185.919
254.841,156.157,64.629,185.919
255.320,157.592,64.629,185.919
254.841,156.157,64.629,185.919
255.320,157.592,64.629,185.919
255.799,156.157,64.629,185.919
255.320,157.592,64.629,185.919
254.841,156.157,64.629,185.919
255.320,157.592,64.629,185.919
255.799,156.157,64.629,185.919
255.320,157.592,64.629,185.919
255.799,156.157,64.629,185.919
255.320,157.592,64.629,185.919
255.799,156.157,64.629,185.919
255.320,157.592,64.629,185.919
254.841,156.157,64.629,185.919
256.277,156.635,64.629,185.919
255.799,157.114,64.629,185.919
256.277,156.635,64.629,185.919
254.841,157.114,64.629,185.919
256.277,156.635,64.629,185.919
255.799,157.114,64.629,185.919
256.277,156.635,64.629,185.919
254.841,157.114,64.629,185.919
256.277,156.635,64.629,185.919
254.841,157.114,64.629,185.919
256.277,156.635,64.629,185.919
255.799,157.114,64.629,185.919
256.277,156.635,64.629,185.919
254.841,158.071,64.629,185.919
255.320,156.635,64.629,185.919
254.841,157.114,64.629,185.919
255.320,157.592,64.629,185.919
254.841,156.157,64.629,185.919
255.320,157.592,64.629,185.919
254.841,156.157,64.629,185.919
255.320,157.592,64.629,185.919
254.841,156.157,64.629,185.919
255.320,157.592,64.629,185.919
254.841,156.157,64.629,185.919
255.320,156.635,64.629,185.919
254.841,156.157,64.629,185.919
255.320,156.635,64.629,185.919
255.799,156.157,64.629,185.919
255.320,158.549,64.629,185.919
254.841,156.157,64.629,185.919
255.320,157.592,64.629,185.919
254.841,155.200,64.629,185.919
255.320,156.635,64.629,185.919
254.841,156.157,64.629,185.919
255.320,157.592,64.629,185.919
254.841,157.114,64.629,185.919
255.320,158.549,64.629,185.919
254.841,157.114,64.629,185.919
255.320,159.506,64.629,185.919
254.841,159.028,64.629,185.919
255.320,158.549,64.629,185.919
254.841,158.071,64.629,185.919
255.320,159.506,64.629,185.919
254.841,159.985,64.629,185.919
255.320,159.506,64.629,185.919
254.841,160.942,64.629,185.919
256.277,161.421,64.629,185.919
257.713,164.770,64.629,185.919
262.020,163.335,64.629,185.919
268.752,165.746,66.059,190.033
276.089,170.148,66.059,190.033
286.015,174.643,67.521,194.237
295.514,174.143,67.521,194.237
309.013,172.644,67.521,194.237
332.644,155.453,69.014,198.535
353.596,144.721,69.014,198.535
361.261,141.144,69.014,198.535
357.564,153.605,67.543,194.301
347.197,149.410,66.102,190.157
345.729,147.941,66.102,190.157
355.028,149.410,66.102,190.157
359.433,148.920,66.102,190.157
358.944,151.368,66.102,190.157
359.736,145.709,67.565,194.365
357.235,148.211,67.565,194.365
358.044,141.389,69.060,198.665
356.510,145.991,69.060,198.665
357.338,137.958,70.588,203.060
356.815,142.662,70.588,203.060
357.338,137.958,70.588,203.060
356.815,141.617,70.588,203.060
357.661,134.490,72.149,207.553
357.127,136.093,72.149,207.553
356.352,142.940,70.611,203.127
357.920,139.280,70.611,203.127
357.397,140.849,70.611,203.127
357.920,138.234,70.611,203.127
357.397,139.803,70.611,203.127
357.920,138.234,70.611,203.127
356.352,138.757,70.611,203.127
357.920,138.234,70.611,203.127
356.352,140.849,70.611,203.127
357.920,139.280,70.611,203.127
357.397,139.803,70.611,203.127
356.874,139.280,70.611,203.127
356.352,140.849,70.611,203.127
355.829,139.280,70.611,203.127
356.352,140.849,70.611,203.127
356.874,138.234,70.611,203.127
357.123,144.936,69.105,198.795
357.952,137.959,70.634,203.193
356.383,142.666,70.634,203.193
356.144,135.534,72.197,207.689
355.609,139.276,72.197,207.689
356.144,136.603,72.197,207.689
357.747,140.345,72.197,207.689
357.213,137.673,72.197,207.689
355.860,132.602,73.794,212.284
356.406,135.334,73.794,212.284
356.666,141.284,72.220,207.757
361.479,137.541,72.220,207.757
360.944,142.353,72.220,207.757
355.062,143.958,72.220,207.757
350.379,134.447,73.818,212.354
347.862,129.262,75.451,217.052
347.303,136.525,75.451,217.052
351.214,139.319,75.451,217.052
350.655,144.347,75.451,217.052
355.037,147.162,77.121,221.854
356.750,147.733,77.121,221.854
359.605,152.872,77.121,221.854
358.159,143.901,78.827,226.763
359.910,139.816,78.827,226.763
358.159,131.061,78.827,226.763
359.910,107.130,78.827,226.763
354.657,114.718,78.827,226.763
353.810,121.074,77.146,221.927
352.097,118.218,77.146,221.927
356.095,122.216,77.146,221.927
353.464,128.651,78.853,226.837
353.197,137.651,80.598,231.856
351.407,134.667,80.598,231.856
348.658,129.006,82.381,236.986
353.442,137.143,84.203,242.229
354.066,142.754,84.203,242.229
354.689,145.872,84.203,242.229
355.313,147.742,84.203,242.229
355.936,150.859,84.203,242.229
356.560,153.977,84.203,242.229
353.687,148.063,86.067,247.589
353.050,149.975,86.067,247.589
352.413,146.788,86.067,247.589
350.501,141.053,86.067,247.589
350.805,139.393,84.231,242.309
350.181,141.264,84.231,242.309
350.805,143.135,84.231,242.309
348.934,141.264,84.231,242.309
347.063,138.146,84.231,242.309
346.439,135.027,84.231,242.309
342.272,129.111,86.095,247.670
335.259,122.099,86.095,247.670
328.355,110.761,88.000,253.150
343.341,128.354,88.000,253.150
342.689,138.128,88.000,253.150
477.567,167.449,88.000,253.150
483.431,165.494,88.000,253.150
481.477,164.843,88.000,253.150
483.431,166.798,88.000,253.150
482.780,166.146,88.000,253.150
483.431,165.494,88.000,253.150
481.477,164.843,88.000,253.150
482.128,166.798,88.000,253.150
482.780,166.146,88.000,253.150
482.128,166.798,88.000,253.150
480.173,167.449,88.000,253.150
482.128,165.494,88.000,253.150
480.173,166.146,88.000,253.150
482.128,166.798,88.000,253.150
480.173,167.449,88.000,253.150
482.128,165.494,88.000,253.150
480.173,166.146,88.000,253.150
482.128,166.798,88.000,253.150
481.477,166.146,88.000,253.150
483.431,165.494,88.000,253.150
480.173,164.843,88.000,253.150
482.128,165.494,88.000,253.150
482.780,166.146,88.000,253.150
483.431,165.494,88.000,253.150
480.174,164.843,88.000,253.150
482.128,165.494,88.000,253.150
481.477,164.843,88.000,253.150
479.275,174.450,86.123,247.751
482.463,171.262,86.123,247.751
480.550,170.624,86.123,247.751
482.463,169.987,86.123,247.751
481.826,170.624,86.123,247.751
482.463,169.987,86.123,247.751
483.101,168.074,86.123,247.751
478.637,171.262,86.123,247.751
480.992,165.213,88.028,253.233
479.037,163.258,88.028,253.233
480.992,163.910,88.028,253.233
480.341,163.258,88.028,253.233
480.992,165.213,88.028,253.233
478.790,169.798,86.151,247.832
483.255,167.884,86.151,247.832
476.238,174.901,86.151,247.832
481.979,172.988,86.151,247.832
482.617,171.074,86.151,247.832
484.531,170.436,86.151,247.832
484.240,164.385,88.057,253.316
484.892,159.821,88.057,253.316
482.936,153.953,88.057,253.316
475.764,161.125,88.057,253.316
477.720,160.473,88.057,253.316
473.156,158.517,88.057,253.316
473.808,157.865,88.057,253.316
473.156,157.213,88.057,253.316
472.504,156.561,88.057,253.316
473.156,155.909,88.057,253.316
473.466,165.523,86.179,247.914
474.104,161.056,86.179,247.914
473.466,160.418,86.179,247.914
474.104,159.780,86.179,247.914
473.466,162.971,86.179,247.914
475.380,159.780,86.179,247.914
476.018,164.247,86.179,247.914
476.657,162.332,86.179,247.914
473.466,166.799,86.179,247.914
474.104,163.609,86.179,247.914
472.190,168.075,86.179,247.914
474.104,163.609,86.179,247.914
474.742,162.971,86.179,247.914
475.380,162.332,86.179,247.914
474.742,161.694,86.179,247.914
474.104,161.056,86.179,247.914
473.466,160.418,86.179,247.914
475.380,159.780,86.179,247.914
474.454,170.419,84.342,242.627
476.328,164.799,84.342,242.627
473.451,161.467,86.208,247.995
474.089,164.658,86.208,247.995
473.451,164.020,86.208,247.995
472.813,160.828,86.208,247.995
474.727,160.190,86.208,247.995
475.366,163.382,86.208,247.995
474.727,167.850,86.208,247.995
475.366,164.658,86.208,247.995
474.727,166.573,86.208,247.995
475.366,162.105,86.208,247.995
476.004,165.297,86.208,247.995
475.366,163.382,86.208,247.995
473.750,157.327,88.115,253.482
474.402,155.370,88.115,253.482
473.455,166.248,86.236,248.076
474.094,161.778,86.236,248.076
473.455,161.139,86.236,248.076
474.094,159.224,86.236,248.076
473.455,162.416,86.236,248.076
470.514,155.035,88.144,253.565
471.166,159.603,88.144,253.565
474.430,157.645,88.144,253.565
472.472,163.519,88.144,253.565
474.430,158.951,88.144,253.565
471.166,163.519,88.144,253.565
473.124,158.951,88.144,253.565
475.082,156.993,88.144,253.565
473.124,158.951,88.144,253.565
475.082,154.382,88.144,253.565
471.819,160.256,88.144,253.565
473.777,154.382,88.144,253.565
470.514,160.256,88.144,253.565
469.861,160.909,88.144,253.565
470.514,160.256,88.144,253.565
468.556,166.130,88.144,253.565
471.383,166.946,86.264,248.157
470.744,166.308,86.264,248.157
470.105,165.669,86.264,248.157
469.467,166.308,86.264,248.157
470.105,166.946,86.264,248.157
472.022,166.308,86.264,248.157
471.383,166.946,86.264,248.157
470.744,168.863,86.264,248.157
473.511,172.124,84.425,242.865
474.136,170.249,84.425,242.865
473.511,174.625,84.425,242.865
472.886,172.749,84.425,242.865
472.261,178.375,84.425,242.865
472.886,180.251,84.425,242.865
468.709,175.618,86.293,248.239
460.403,182.647,86.293,248.239
454.652,188.397,86.293,248.239
450.180,194.148,86.293,248.239
444.429,203.732,86.293,248.239
434.857,202.974,88.202,253.731
416.942,198.135,90.153,259.345
386.164,141.938,92.148,265.083
371.836,116.693,92.148,265.083
360.324,108.340,90.183,259.430
340.621,172.671,92.178,265.170
306.319,159.115,94.218,271.037
274.926,144.465,94.218,271.037
260.465,135.924,92.208,265.257
254.210,131.514,90.242,259.600
250.664,124.621,88.318,254.064
249.715,121.658,86.434,248.646
250.019,123.692,84.591,243.344
249.110,129.305,82.787,238.154
248.220,133.617,81.021,233.076
245.221,135.417,81.021,233.076
244.350,136.167,79.294,228.105
248.025,136.902,77.603,223.241
251.622,135.405,75.948,218.480
250.805,136.109,74.328,213.821
248.946,136.797,72.743,209.261
247.126,138.510,71.192,204.799
248.393,139.169,69.674,200.431
249.633,140.809,68.188,196.157
250.847,140.467,66.734,191.974
250.352,141.950,66.734,191.974
251.835,139.479,66.734,191.974
249.364,141.950,66.734,191.974
249.858,140.467,66.734,191.974
251.999,144.896,65.311,187.880
252.482,144.412,65.311,187.880
252.713,145.949,63.918,183.873
253.850,149.278,62.555,179.952
254.313,147.889,62.555,179.952
254.534,152.040,61.221,176.115
254.987,149.773,61.221,176.115
253.627,152.040,61.221,176.115
254.081,149.773,61.221,176.115
253.627,152.040,61.221,176.115
254.987,149.773,61.221,176.115
254.534,150.226,61.221,176.115
254.987,149.773,61.221,176.115
253.627,149.320,61.221,176.115
254.987,148.867,61.221,176.115
253.627,147.507,61.221,176.115
254.717,151.569,59.915,172.359
255.161,150.238,59.915,172.359
256.227,153.359,58.638,168.683
257.530,152.056,58.638,168.683
257.964,151.622,58.638,168.683
256.661,152.056,58.638,168.683
257.096,151.622,58.638,168.683
254.925,154.661,58.638,168.683
252.754,152.490,58.638,168.683
252.320,152.056,58.638,168.683
254.491,153.359,58.638,168.683
254.925,155.530,58.638,168.683
255.359,152.490,58.638,168.683
255.793,153.793,58.638,168.683
253.622,152.490,58.638,168.683
254.056,153.793,58.638,168.683
252.754,153.359,58.638,168.683
252.320,153.793,58.638,168.683
252.754,152.490,58.638,168.683
252.320,153.793,58.638,168.683
252.754,152.490,58.638,168.683
252.320,153.793,58.638,168.683
251.885,152.490,58.638,168.683
251.451,154.661,58.638,168.683
252.754,152.490,58.638,168.683
251.451,154.661,58.638,168.683
252.754,152.490,58.638,168.683
251.451,155.530,58.638,168.683
252.754,154.227,58.638,168.683
253.188,152.925,58.638,168.683
253.622,152.490,58.638,168.683
254.056,152.925,58.638,168.683
254.491,152.490,58.638,168.683
254.056,153.793,58.638,168.683
253.622,152.490,58.638,168.683
253.188,153.793,58.638,168.683
252.754,152.490,58.638,168.683
252.320,153.793,58.638,168.683
252.754,152.490,58.638,168.683
253.188,153.793,58.638,168.683
253.622,152.490,58.638,168.683
253.188,153.793,58.638,168.683
252.754,152.490,58.638,168.683
251.451,153.793,58.638,168.683
251.885,152.490,58.638,168.683
250.583,154.661,58.638,168.683
251.017,153.359,58.638,168.683
250.583,152.925,58.638,168.683
249.484,148.806,59.935,172.415
256.648,154.726,61.261,176.230
248.937,158.808,61.261,176.230
239.317,159.212,62.616,180.129
248.127,150.403,62.616,180.129
253.227,145.303,62.616,180.129
256.129,147.670,61.281,176.288
259.305,145.402,61.281,176.288
261.574,145.855,61.281,176.288
257.490,148.124,61.281,176.288
258.851,144.948,61.281,176.288
258.397,147.217,61.281,176.288
258.851,144.948,61.281,176.288
257.490,147.217,61.281,176.288
258.851,144.948,61.281,176.288
258.397,146.309,61.281,176.288
258.851,144.948,61.281,176.288
259.305,146.309,61.281,176.288
259.759,145.855,61.281,176.288
259.305,146.309,61.281,176.288
259.759,144.948,61.281,176.288
258.397,145.402,61.281,176.288
258.851,144.948,61.281,176.288
258.397,145.402,61.281,176.288
257.944,145.855,61.281,176.288
258.397,146.309,61.281,176.288
257.944,145.855,61.281,176.288
258.397,147.217,61.281,176.288
258.851,145.855,61.281,176.288
258.397,147.217,61.281,176.288
258.851,145.855,61.281,176.288
258.397,147.217,61.281,176.288
258.851,145.855,61.281,176.288
258.397,147.217,61.281,176.288
258.851,144.948,61.281,176.288
259.305,145.402,61.281,176.288
259.758,145.855,61.281,176.288
258.397,148.124,61.281,176.288
258.851,144.948,61.281,176.288
259.305,146.309,61.281,176.288
259.758,145.855,61.281,176.288
258.397,148.124,61.281,176.288
258.851,144.948,61.281,176.288
258.397,146.309,61.281,176.288
257.943,145.855,61.281,176.288
258.397,147.217,61.281,176.288
258.851,145.855,61.281,176.288
258.397,147.217,61.281,176.288
258.851,145.855,61.281,176.288
258.397,147.217,61.281,176.288
258.851,144.948,61.281,176.288
257.490,145.402,61.281,176.288
256.128,145.855,61.281,176.288
254.767,148.124,61.281,176.288
266.354,148.692,59.974,172.529
170.879,161.570,59.974,172.529
169.547,162.014,59.974,172.529
169.103,160.682,59.974,172.529
168.658,162.014,59.974,172.529
169.991,160.682,59.974,172.529
169.547,162.014,59.974,172.529
169.991,160.682,59.974,172.529
170.435,162.014,59.974,172.529
169.103,160.682,59.974,172.529
169.547,162.902,59.974,172.529
170.879,161.570,59.974,172.529
170.435,162.014,59.974,172.529
169.991,161.570,59.974,172.529
170.435,162.902,59.974,172.529
169.991,160.682,59.974,172.529
170.435,162.902,59.974,172.529
169.991,160.682,59.974,172.529
170.435,162.902,59.974,172.529
169.991,160.682,59.974,172.529
170.435,162.902,59.974,172.529
169.991,160.682,59.974,172.529
170.435,162.902,59.974,172.529
169.991,160.682,59.974,172.529
170.435,162.014,59.974,172.529
169.103,160.682,59.974,172.529
168.658,162.014,59.974,172.529
169.991,160.682,59.974,172.529
170.435,162.014,59.974,172.529
169.103,160.682,59.974,172.529
169.547,162.014,59.974,172.529
170.879,161.570,59.974,172.529
170.435,162.014,59.974,172.529
169.991,160.682,59.974,172.529
170.435,162.902,59.974,172.529
169.991,160.682,59.974,172.529
170.435,162.902,59.974,172.529
169.991,160.682,59.974,172.529
170.435,162.902,59.974,172.529
169.991,160.682,59.974,172.529
170.435,162.014,59.974,172.529
169.103,160.682,59.974,172.529
169.547,162.014,59.974,172.529
169.991,160.682,59.974,172.529
169.547,162.014,59.974,172.529
169.103,160.682,59.974,172.529
168.658,162.014,59.974,172.529
169.991,160.682,59.974,172.529
169.547,162.014,59.974,172.529
169.103,160.682,59.974,172.529
167.770,163.790,59.974,172.529
167.982,166.058,58.695,168.849
161.463,168.231,58.695,168.849
165.021,152.019,57.444,165.249
167.683,148.451,56.219,161.725
259.359,156.997,55.020,158.276
261.396,156.589,55.020,158.276
260.174,156.997,55.020,158.276
261.396,156.589,55.020,158.276
260.989,156.182,55.020,158.276
262.211,157.404,55.020,158.276
260.174,156.182,55.020,158.276
261.679,154.854,56.237,161.778
260.429,156.103,56.237,161.778
260.846,154.854,56.237,161.778
261.262,156.103,56.237,161.778
259.180,155.686,56.237,161.778
260.429,155.270,56.237,161.778
260.846,154.854,56.237,161.778
260.429,155.270,56.237,161.778
260.013,154.854,56.237,161.778
258.764,156.103,56.237,161.778
260.846,154.854,56.237,161.778
261.262,155.270,56.237,161.778
260.013,154.021,56.237,161.778
260.429,156.103,56.237,161.778
260.846,154.854,56.237,161.778
261.262,154.437,56.237,161.778
260.013,154.854,56.237,161.778
260.429,155.270,56.237,161.778
261.679,154.021,56.237,161.778
260.429,156.936,56.237,161.778
262.233,158.259,55.038,158.328
253.591,162.850,56.255,161.831
256.858,167.542,57.500,165.411
250.472,159.452,57.500,165.411
252.601,156.472,57.500,165.411
253.290,151.550,58.772,169.071
253.725,153.726,58.772,169.071
254.160,152.421,58.772,169.071
253.725,153.726,58.772,169.071
254.160,152.421,58.772,169.071
253.725,153.726,58.772,169.071
254.160,152.421,58.772,169.071
253.725,153.726,58.772,169.071
254.160,153.291,58.772,169.071
253.725,152.856,58.772,169.071
254.160,153.291,58.772,169.071
253.725,152.856,58.772,169.071
254.160,153.291,58.772,169.071
253.725,152.856,58.772,169.071
254.160,152.421,58.772,169.071
253.725,152.856,58.772,169.071
254.160,152.421,58.772,169.071
253.725,152.856,58.772,169.071
254.160,153.291,58.772,169.071
253.725,152.856,58.772,169.071
253.290,153.291,58.772,169.071
252.854,151.985,58.772,169.071
253.290,152.421,58.772,169.071
252.854,152.856,58.772,169.071
253.290,154.161,58.772,169.071
251.984,152.856,58.772,169.071
253.290,154.161,58.772,169.071
252.854,151.985,58.772,169.071
253.290,155.032,58.772,169.071
251.114,154.597,58.772,169.071
246.288,160.174,57.519,165.465
260.233,161.437,58.792,169.126
251.001,157.308,60.092,172.868
238.796,154.934,61.422,176.693
260.171,149.931,61.422,176.693
256.987,150.386,61.422,176.693
255.623,148.112,61.422,176.693
255.168,149.476,61.422,176.693
255.623,148.112,61.422,176.693
256.078,149.476,61.422,176.693
254.713,148.112,61.422,176.693
256.078,149.476,61.422,176.693
255.623,148.112,61.422,176.693
256.078,148.567,61.422,176.693
255.623,148.112,61.422,176.693
256.078,148.567,61.422,176.693
255.623,148.112,61.422,176.693
256.078,148.567,61.422,176.693
256.533,148.112,61.422,176.693
256.987,149.476,61.422,176.693
255.623,148.112,61.422,176.693
256.987,150.386,61.422,176.693
255.623,148.112,61.422,176.693
256.078,150.386,61.422,176.693
256.533,149.021,61.422,176.693
256.078,150.386,61.422,176.693
255.623,149.931,61.422,176.693
256.078,151.295,61.422,176.693
255.623,150.841,61.422,176.693
256.078,151.295,61.422,176.693
256.533,149.931,61.422,176.693
257.626,154.007,60.112,172.925
258.961,154.452,60.112,172.925
260.296,154.897,60.112,172.925
261.632,155.342,60.112,172.925
262.967,153.117,60.112,172.925
266.083,150.891,60.112,172.925
269.198,151.336,60.112,172.925
274.094,146.440,60.112,172.925
389.280,152.145,58.830,169.237
387.808,152.690,57.576,165.628
389.087,153.116,57.576,165.628
389.513,152.690,57.576,165.628
388.234,153.116,57.576,165.628
389.259,156.115,56.348,162.096
391.870,156.637,55.146,158.639
390.645,157.862,55.146,158.639
391.054,156.637,55.146,158.639
389.012,156.229,55.146,158.639
390.237,155.004,55.146,158.639
390.645,157.862,55.146,158.639
389.265,158.373,53.970,155.256
390.464,158.772,53.970,155.256
390.065,159.172,53.970,155.256
389.665,158.772,53.970,155.256
389.265,159.971,53.970,155.256
389.665,158.772,53.970,155.256
389.265,159.971,53.970,155.256
388.866,158.772,53.970,155.256
389.265,160.771,53.970,155.256
389.665,158.772,53.970,155.256
388.466,158.373,53.970,155.256
389.665,158.772,53.970,155.256
388.466,159.172,53.970,155.256
390.464,157.973,53.970,155.256
389.265,157.574,53.970,155.256
390.464,158.772,53.970,155.256
390.065,158.373,53.970,155.256
389.665,159.572,53.970,155.256
389.265,159.172,53.970,155.256
390.464,159.572,53.970,155.256
390.065,159.172,53.970,155.256
389.665,159.572,53.970,155.256
389.265,159.172,53.970,155.256
390.464,158.772,53.970,155.256
390.065,159.172,53.970,155.256
389.665,159.572,53.970,155.256
389.265,159.172,53.970,155.256
389.665,157.973,53.970,155.256
388.466,157.574,53.970,155.256
389.665,160.371,53.970,155.256
389.265,158.373,53.970,155.256
389.665,159.572,53.970,155.256
388.466,159.172,53.970,155.256
390.464,158.772,53.970,155.256
390.064,158.373,53.970,155.256
389.665,159.572,53.970,155.256
389.265,159.971,53.970,155.256
390.464,157.973,53.970,155.256
390.064,159.172,53.970,155.256
391.263,158.772,53.970,155.256
390.064,159.971,53.970,155.256
390.464,157.973,53.970,155.256
390.864,159.172,53.970,155.256
388.866,159.572,53.970,155.256
390.064,159.172,53.970,155.256
389.665,158.772,53.970,155.256
389.265,158.373,53.970,155.256
390.464,158.772,53.970,155.256
390.064,159.172,53.970,155.256
390.464,157.973,53.970,155.256
390.864,157.574,53.970,155.256
389.665,158.772,53.970,155.256
389.265,158.373,53.970,155.256
390.464,159.572,53.970,155.256
390.864,159.172,53.970,155.256
389.665,159.572,53.970,155.256
390.064,159.172,53.970,155.256
389.665,158.772,53.970,155.256
390.064,159.172,53.970,155.256
390.464,158.772,53.970,155.256
390.064,159.971,53.970,155.256
389.665,158.772,53.970,155.256
388.466,159.971,53.970,155.256
390.464,157.973,53.970,155.256
389.265,157.574,53.970,155.256
390.464,158.773,53.970,155.256
390.064,158.373,53.970,155.256
389.665,157.973,53.970,155.256
389.265,157.574,53.970,155.256
390.464,158.773,53.970,155.256
390.064,158.373,53.970,155.256
389.053,156.241,55.164,158.691
390.278,157.466,55.164,158.691
389.870,157.058,55.164,158.691
389.461,156.649,55.164,158.691
390.122,154.470,56.385,162.203
389.065,151.376,57.632,165.791
389.492,153.510,57.632,165.791
388.212,153.083,57.632,165.791
388.639,154.363,57.632,165.791
389.065,153.937,57.632,165.791
390.346,155.217,57.632,165.791
388.380,150.284,58.907,169.459
389.688,149.847,58.907,169.459
388.380,148.539,58.907,169.459
390.561,148.975,58.907,169.459
388.380,148.539,58.907,169.459
389.688,148.975,58.907,169.459
388.380,149.411,58.907,169.459
389.688,150.720,58.907,169.459
289.805,154.645,58.907,169.459
287.624,152.464,58.907,169.459
286.316,152.028,58.907,169.459
287.624,154.209,58.907,169.459
286.316,152.901,58.907,169.459
287.624,154.209,58.907,169.459
287.188,153.773,58.907,169.459
287.624,154.209,58.907,169.459
289.805,155.518,58.907,169.459
385.865,152.700,57.651,165.846
388.854,152.273,57.651,165.846
390.134,151.846,57.651,165.846
391.983,157.318,56.422,162.309
399.921,158.571,56.422,162.309
288.377,157.318,56.422,162.309
287.123,159.406,56.422,162.309
288.377,158.153,56.422,162.309
287.123,159.406,56.422,162.309
287.541,158.153,56.422,162.309
286.288,157.735,56.422,162.309
288.377,157.318,56.422,162.309
286.288,160.242,56.422,162.309
394.402,158.349,55.218,158.848
390.656,158.072,54.041,155.460
388.655,159.272,54.041,155.460
390.656,160.473,54.041,155.460
390.256,160.073,54.041,155.460
390.073,159.598,55.237,158.900
390.735,155.719,56.459,162.415
388.809,151.754,57.708,166.009
389.236,150.472,57.708,166.009
390.518,152.608,57.708,166.009
389.436,148.555,58.985,169.682
389.873,149.865,58.985,169.682
389.436,150.302,58.985,169.682
389.873,149.865,58.985,169.682
388.563,151.176,58.985,169.682
388.126,151.612,58.985,169.682
389.436,152.923,58.985,169.682
389.000,152.486,58.985,169.682
388.563,151.176,58.985,169.682
388.126,149.865,58.985,169.682
389.436,151.176,58.985,169.682
389.000,149.865,58.985,169.682
388.563,151.176,58.985,169.682
388.126,150.739,58.985,169.682
389.437,150.302,58.985,169.682
389.000,148.992,58.985,169.682
388.563,151.176,58.985,169.682
388.126,149.865,58.985,169.682
389.176,154.621,57.727,166.063
389.380,154.332,56.496,162.522
390.385,158.081,55.291,159.056
390.795,156.853,55.291,159.056
392.568,161.311,54.112,155.664
393.531,161.040,52.958,152.345
395.230,163.042,51.829,149.096
394.078,162.658,51.829,149.096
395.230,161.507,51.829,149.096
394.846,161.123,51.829,149.096
395.230,161.507,51.829,149.096
392.543,161.123,51.829,149.096
390.625,163.810,51.829,149.096
390.241,162.658,51.829,149.096
389.090,162.275,51.829,149.096
389.711,160.227,52.975,152.395
389.318,162.188,52.975,152.395
389.139,157.654,54.147,155.766
387.937,158.857,54.147,155.766
388.338,159.257,54.147,155.766
388.738,158.055,54.147,155.766
389.139,160.059,54.147,155.766
387.937,159.658,54.147,155.766
387.536,158.456,54.147,155.766
389.540,160.460,54.147,155.766
388.338,160.059,54.147,155.766
388.738,159.658,54.147,155.766
389.139,159.257,54.147,155.766
388.738,158.857,54.147,155.766
389.139,160.861,54.147,155.766
388.738,158.857,54.147,155.766
389.941,160.861,54.147,155.766
388.738,158.857,54.147,155.766
389.139,160.059,54.147,155.766
387.937,158.857,54.147,155.766
388.338,159.257,54.147,155.766
388.739,158.055,54.147,155.766
389.139,160.861,54.147,155.766
388.739,158.857,54.147,155.766
389.139,160.059,54.147,155.766
388.739,159.658,54.147,155.766
389.941,159.257,54.147,155.766
388.739,158.857,54.147,155.766
389.139,160.861,54.147,155.766
388.739,158.857,54.147,155.766
389.139,160.861,54.147,155.766
387.937,158.857,54.147,155.766
388.338,160.861,54.147,155.766
388.739,159.658,54.147,155.766
389.941,160.059,54.147,155.766
387.937,160.460,54.147,155.766
388.338,159.257,54.147,155.766
388.739,158.055,54.147,155.766
389.140,160.861,54.147,155.766
388.739,158.856,54.147,155.766
389.941,160.059,54.147,155.766
388.739,159.658,54.147,155.766
389.941,159.257,54.147,155.766
388.739,158.857,54.147,155.766
389.140,160.059,54.147,155.766
387.937,159.658,54.147,155.766
388.338,159.257,54.147,155.766
388.739,158.857,54.147,155.766
389.140,160.059,54.147,155.766
387.937,158.857,54.147,155.766
387.536,159.257,54.147,155.766
388.739,157.253,54.147,155.766
390.743,157.654,54.147,155.766
392.748,156.451,54.147,155.766
392.939,160.044,52.993,152.444
395.685,159.652,52.993,152.444
394.359,161.655,51.863,149.194
397.048,162.039,51.863,149.194
395.128,161.655,51.863,149.194
394.744,162.039,51.863,149.194
394.360,161.655,51.863,149.194
394.744,162.039,51.863,149.194
392.055,162.423,51.863,149.194
392.439,162.039,51.863,149.194
392.823,161.655,51.863,149.194
392.439,162.039,51.863,149.194
392.823,161.655,51.863,149.194
392.439,162.039,51.863,149.194
392.823,160.119,51.863,149.194
391.671,160.503,51.863,149.194
392.055,163.191,51.863,149.194
392.439,162.039,51.863,149.194
392.823,161.655,51.863,149.194
391.671,161.271,51.863,149.194
392.823,160.119,51.863,149.194
392.439,159.735,51.863,149.194
394.359,163.191,51.863,149.194
393.207,161.271,51.863,149.194
393.591,160.887,51.863,149.194
392.439,160.503,51.863,149.194
395.127,159.351,51.863,149.194
396.051,162.052,50.757,146.012
396.426,160.925,50.757,146.012
396.802,162.804,50.757,146.012
396.426,161.677,50.757,146.012
397.554,163.556,50.757,146.012
397.178,161.677,50.757,146.012
396.051,161.301,50.757,146.012
397.178,161.677,50.757,146.012
396.802,161.301,50.757,146.012
395.675,160.925,50.757,146.012
396.802,164.307,50.757,146.012
397.178,163.180,50.757,146.012
397.554,162.052,50.757,146.012
397.178,160.925,50.757,146.012
397.554,162.804,50.757,146.012
397.178,161.677,50.757,146.012
397.554,163.556,50.757,146.012
398.681,162.428,50.757,146.012
396.802,162.052,50.757,146.012
397.178,161.677,50.757,146.012
396.802,162.804,50.757,146.012
396.426,162.428,50.757,146.012
398.306,163.556,50.757,146.012
397.760,164.750,49.674,142.898
398.863,163.647,49.674,142.898
398.496,164.015,49.674,142.898
398.128,163.647,49.674,142.898
399.231,163.279,49.674,142.898
397.392,165.118,49.674,142.898
398.496,163.279,49.674,142.898
398.128,165.118,49.674,142.898
399.231,164.015,49.674,142.898
397.392,163.647,49.674,142.898
398.496,163.279,49.674,142.898
398.128,165.854,49.674,142.898
399.012,167.732,48.615,139.851
399.372,166.652,48.615,139.851
398.292,165.572,48.615,139.851
399.372,165.932,48.615,139.851
398.292,166.292,48.615,139.851
399.372,165.212,48.615,139.851
399.012,165.572,48.615,139.851
398.652,166.652,48.615,139.851
399.732,165.572,48.615,139.851
397.932,166.652,48.615,139.851
399.012,165.572,48.615,139.851
399.372,166.652,48.615,139.851
399.012,166.292,48.615,139.851
398.652,165.932,48.615,139.851
399.732,167.732,48.615,139.851
398.652,165.932,48.615,139.851
399.732,167.012,48.615,139.851
398.652,165.932,48.615,139.851
400.452,167.012,48.615,139.851
399.372,166.652,48.615,139.851
399.012,166.292,48.615,139.851
398.652,165.212,48.615,139.851
399.732,165.572,48.615,139.851
397.932,167.372,48.615,139.851
399.732,166.292,48.615,139.851
398.652,166.652,48.615,139.851
399.732,166.292,48.615,139.851
398.652,165.932,48.615,139.851
399.732,166.292,48.615,139.851
398.652,165.212,48.615,139.851
400.452,166.292,48.615,139.851
399.372,165.212,48.615,139.851
399.732,166.292,48.615,139.851
398.652,165.212,48.615,139.851
399.732,164.852,48.615,139.851
398.652,166.652,48.615,139.851
399.732,165.572,48.615,139.851
398.652,165.932,48.615,139.851
399.732,166.292,48.615,139.851
397.932,165.212,48.615,139.851
399.012,165.572,48.615,139.851
398.652,165.932,48.615,139.851
399.732,165.572,48.615,139.851
398.652,165.932,48.615,139.851
399.732,165.572,48.615,139.851
398.652,165.932,48.615,139.851
399.732,166.292,48.615,139.851
397.932,165.212,48.615,139.851
399.012,164.852,48.615,139.851
398.652,166.652,48.615,139.851
399.732,165.572,48.615,139.851
398.652,165.932,48.615,139.851
399.732,166.292,48.615,139.851
397.932,164.492,48.615,139.851
399.012,165.572,48.615,139.851
399.372,165.932,48.615,139.851
399.012,164.852,48.615,139.851
398.652,166.652,48.615,139.851
399.732,165.572,48.615,139.851
397.932,165.212,48.615,139.851
399.012,164.852,48.615,139.851
399.372,166.652,48.615,139.851
399.732,164.852,48.615,139.851
398.652,166.652,48.615,139.851
399.732,165.572,48.615,139.851
397.932,166.652,48.615,139.851
398.292,166.292,48.615,139.851
