84.000,53.000,62.000,70.000
86.338,52.740,62.000,70.000
88.675,53.000,62.000,70.000
91.013,54.299,62.000,70.000
91.272,53.519,62.000,70.000
92.051,53.779,62.000,70.000
91.792,54.039,62.000,70.000
92.571,52.740,62.000,70.000
91.272,53.000,62.000,70.000
89.974,52.221,62.000,70.000
89.714,51.442,62.000,70.000
88.415,52.221,62.000,70.000
86.597,51.961,62.000,70.000
85.818,53.260,62.000,70.000
85.227,52.754,60.678,68.507
83.448,53.517,60.678,68.507
82.177,55.296,60.678,68.507
80.398,55.550,60.678,68.507
79.127,56.821,60.678,68.507
77.856,57.076,60.678,68.507
77.094,58.346,60.678,68.507
76.839,59.109,60.678,68.507
77.094,58.855,60.678,68.507
77.856,58.601,60.678,68.507
78.110,58.855,60.678,68.507
78.873,57.584,60.678,68.507
80.144,58.855,60.678,68.507
81.415,57.076,60.678,68.507
82.686,55.805,60.678,68.507
82.940,55.042,60.678,68.507
84.719,54.788,60.678,68.507
85.482,54.025,60.678,68.507
87.261,54.280,60.678,68.507
88.532,54.534,60.678,68.507
89.803,54.788,60.678,68.507
90.057,53.517,60.678,68.507
91.836,54.788,60.678,68.507
92.599,53.517,60.678,68.507
94.378,54.788,60.678,68.507
94.632,53.517,60.678,68.507
95.903,54.788,60.678,68.507
95.649,53.517,60.678,68.507
97.428,54.788,60.678,68.507
97.682,53.517,60.678,68.507
97.428,55.296,60.678,68.507
99.208,55.042,60.678,68.507
98.953,55.805,60.678,68.507
99.208,56.059,60.678,68.507
99.970,56.313,60.678,68.507
100.372,55.818,59.384,67.046
100.123,57.560,59.384,67.046
100.517,56.596,58.117,65.617
99.786,58.301,58.117,65.617
99.543,57.570,58.117,65.617
98.813,58.301,58.117,65.617
99.056,57.083,58.117,65.617
98.813,56.353,58.117,65.617
97.595,56.596,58.117,65.617
97.352,56.840,58.117,65.617
98.082,55.622,58.117,65.617
96.378,56.840,58.117,65.617
96.621,55.622,58.117,65.617
94.430,56.840,58.117,65.617
95.161,55.622,58.117,65.617
93.456,57.327,58.117,65.617
92.239,56.109,58.117,65.617
91.996,56.353,58.117,65.617
90.778,56.596,58.117,65.617
90.048,56.840,58.117,65.617
89.318,55.622,58.117,65.617
89.074,57.327,58.117,65.617
88.344,56.109,58.117,65.617
87.613,56.353,58.117,65.617
86.396,56.596,58.117,65.617
87.127,56.840,58.117,65.617
86.396,55.623,58.117,65.617
86.153,57.327,58.117,65.617
85.422,56.109,58.117,65.617
85.179,56.353,58.117,65.617
84.448,56.596,58.117,65.617
83.718,56.353,58.117,65.617
83.962,56.109,58.117,65.617
83.718,55.866,58.117,65.617
83.475,55.623,58.117,65.617
82.744,56.840,58.117,65.617
83.475,55.623,58.117,65.617
82.744,56.840,58.117,65.617
83.475,55.623,58.117,65.617
82.257,56.840,58.117,65.617
83.475,55.623,58.117,65.617
82.257,56.840,58.117,65.617
83.475,55.136,58.117,65.617
81.770,55.866,58.117,65.617
82.501,55.136,58.117,65.617
81.770,55.866,58.117,65.617
82.014,55.623,58.117,65.617
82.257,56.353,58.117,65.617
82.501,56.109,58.117,65.617
81.284,56.353,58.117,65.617
82.501,56.109,58.117,65.617
81.770,56.353,58.117,65.617
83.563,56.349,56.878,64.217
82.372,57.063,56.878,64.217
84.040,56.349,56.878,64.217
83.325,57.063,56.878,64.217
84.040,56.349,56.878,64.217
83.802,57.063,56.878,64.217
84.040,56.349,56.878,64.217
84.755,57.063,56.878,64.217
84.516,56.825,56.878,64.217
85.708,57.540,56.878,64.217
84.993,57.302,56.878,64.217
85.708,56.587,56.878,64.217
85.946,57.302,56.878,64.217
86.661,56.587,56.878,64.217
86.423,57.302,56.878,64.217
87.614,57.063,56.878,64.217
86.899,56.349,56.878,64.217
87.614,57.063,56.878,64.217
87.376,56.349,56.878,64.217
88.567,57.540,56.878,64.217
87.852,57.302,56.878,64.217
88.567,57.063,56.878,64.217
88.329,56.825,56.878,64.217
89.520,58.016,56.878,64.217
89.758,56.825,56.878,64.217
89.044,58.016,56.878,64.217
89.758,57.302,56.878,64.217
89.044,57.540,56.878,64.217
89.282,57.778,56.878,64.217
89.044,58.016,56.878,64.217
88.805,57.302,56.878,64.217
88.090,57.540,56.878,64.217
88.329,58.255,56.878,64.217
87.137,57.540,56.878,64.217
86.899,58.731,56.878,64.217
85.708,58.493,56.878,64.217
85.470,58.731,56.878,64.217
86.184,59.446,56.878,64.217
84.993,58.255,56.878,64.217
85.231,58.969,56.878,64.217
84.993,58.255,56.878,64.217
85.708,58.969,56.878,64.217
85.470,57.778,56.878,64.217
87.137,58.493,56.878,64.217
87.376,57.302,56.878,64.217
88.090,57.063,56.878,64.217
87.852,56.825,56.878,64.217
88.090,57.540,56.878,64.217
88.805,56.825,56.878,64.217
88.090,57.540,56.878,64.217
88.805,57.302,56.878,64.217
88.567,56.587,56.878,64.217
87.852,56.825,56.878,64.217
88.090,57.540,56.878,64.217
87.852,56.825,56.878,64.217
87.137,57.063,56.878,64.217
87.376,56.349,56.878,64.217
87.137,56.587,56.878,64.217
86.423,56.349,56.878,64.217
86.184,56.587,56.878,64.217
85.470,56.349,56.878,64.217
84.755,56.110,56.878,64.217
83.563,55.872,56.878,64.217
82.372,56.587,56.878,64.217
83.087,55.872,56.878,64.217
81.896,56.587,56.878,64.217
81.181,55.395,56.878,64.217
80.942,55.634,56.878,64.217
80.228,55.395,56.878,64.217
79.989,55.157,56.878,64.217
79.751,54.919,56.878,64.217
79.036,54.681,56.878,64.217
79.275,55.395,56.878,64.217
79.513,55.157,56.878,64.217
79.751,54.442,56.878,64.217
78.560,55.634,56.878,64.217
79.751,55.395,56.878,64.217
79.036,55.634,56.878,64.217
79.751,55.872,56.878,64.217
79.513,56.110,56.878,64.217
81.181,55.395,56.878,64.217
81.419,55.634,56.878,64.217
82.610,56.349,56.878,64.217
82.849,55.634,56.878,64.217
84.040,56.349,56.878,64.217
85.708,55.634,56.878,64.217
86.423,56.349,56.878,64.217
89.044,56.110,56.878,64.217
90.235,56.349,56.878,64.217
91.903,56.587,56.878,64.217
93.094,57.302,56.878,64.217
94.762,57.063,56.878,64.217
95.477,56.825,56.878,64.217
97.145,57.540,56.878,64.217
97.383,56.349,56.878,64.217
98.098,56.110,56.878,64.217
98.336,55.395,56.878,64.217
98.574,55.634,56.878,64.217
97.383,56.349,56.878,64.217
98.098,56.110,56.878,64.217
96.906,55.395,56.878,64.217
95.715,55.157,56.878,64.217
94.047,53.966,56.878,64.217
92.856,53.251,56.878,64.217
91.188,53.489,56.878,64.217
89.997,53.728,56.878,64.217
88.329,53.489,56.878,64.217
86.661,53.251,56.878,64.217
84.516,52.536,56.878,64.217
83.802,53.251,56.878,64.217
81.657,53.489,56.878,64.217
79.792,53.026,58.137,65.638
78.574,53.270,58.137,65.638
77.357,53.513,58.137,65.638
77.113,53.270,58.137,65.638
76.383,52.539,58.137,65.638
76.626,52.783,58.137,65.638
75.225,50.793,59.423,67.090
75.474,51.540,59.423,67.090
75.075,50.023,60.738,68.575
76.347,49.768,60.738,68.575
76.092,49.005,60.738,68.575
77.874,48.751,60.738,68.575
78.637,47.987,60.738,68.575
79.400,47.733,60.738,68.575
80.672,47.479,60.738,68.575
82.453,47.224,60.738,68.575
84.234,46.461,60.738,68.575
86.015,47.224,60.738,68.575
89.323,46.970,60.738,68.575
91.555,47.003,62.081,70.092
94.936,46.743,62.081,70.092
99.877,48.043,62.081,70.092
104.298,47.263,62.081,70.092
109.239,48.043,62.081,70.092
114.701,47.783,62.081,70.092
121.202,49.084,62.081,70.092
126.664,47.783,62.081,70.092
133.165,48.563,62.081,70.092
138.106,47.783,62.081,70.092
143.568,47.523,62.081,70.092
149.549,47.263,62.081,70.092
155.011,47.003,62.081,70.092
159.432,46.743,62.081,70.092
164.373,47.003,62.081,70.092
168.274,45.703,62.081,70.092
172.175,46.483,62.081,70.092
175.556,46.223,62.081,70.092
178.936,45.963,62.081,70.092
182.317,45.703,62.081,70.092
184.138,46.483,62.081,70.092
185.958,46.743,62.081,70.092
188.299,46.483,62.081,70.092
189.079,46.743,62.081,70.092
190.379,47.003,62.081,70.092
191.159,46.223,62.081,70.092
190.899,46.483,62.081,70.092
191.680,47.263,62.081,70.092
191.419,47.003,62.081,70.092
190.639,46.743,62.081,70.092
189.859,47.523,62.081,70.092
188.559,47.263,62.081,70.092
186.738,47.003,62.081,70.092
185.438,47.263,62.081,70.092
183.097,47.523,62.081,70.092
180.237,47.783,62.081,70.092
177.896,48.043,62.081,70.092
175.556,47.783,62.081,70.092
172.175,48.563,62.081,70.092
168.794,48.823,62.081,70.092
165.413,49.084,62.081,70.092
160.992,48.303,62.081,70.092
156.051,48.563,62.081,70.092
151.630,49.344,62.081,70.092
147.209,49.084,62.081,70.092
142.267,49.344,62.081,70.092
137.846,50.124,62.081,70.092
133.425,50.384,62.081,70.092
127.964,50.644,62.081,70.092
122.503,51.424,62.081,70.092
118.081,51.164,62.081,70.092
113.140,51.424,62.081,70.092
108.719,52.204,62.081,70.092
104.818,52.464,62.081,70.092
101.437,53.245,62.081,70.092
98.057,52.984,62.081,70.092
94.676,52.724,62.081,70.092
92.855,53.505,62.081,70.092
90.515,53.245,62.081,70.092
87.654,52.464,62.081,70.092
86.354,53.245,62.081,70.092
84.013,52.984,62.081,70.092
82.193,52.204,62.081,70.092
81.412,52.984,62.081,70.092
80.632,52.724,62.081,70.092
79.852,53.505,62.081,70.092
79.592,53.245,62.081,70.092
78.812,52.984,62.081,70.092
79.592,52.724,62.081,70.092
79.332,53.505,62.081,70.092
79.592,53.245,62.081,70.092
80.372,52.464,62.081,70.092
81.152,53.245,62.081,70.092
82.453,52.984,62.081,70.092
84.273,52.724,62.081,70.092
86.094,53.505,62.081,70.092
87.914,53.245,62.081,70.092
91.295,53.505,62.081,70.092
93.115,54.285,62.081,70.092
95.976,54.025,62.081,70.092
98.837,54.285,62.081,70.092
103.258,54.545,62.081,70.092
106.639,54.805,62.081,70.092
111.060,55.065,62.081,70.092
114.441,54.285,62.081,70.092
119.382,55.065,62.081,70.092
124.323,55.325,62.081,70.092
129.264,55.065,62.081,70.092
133.685,54.805,62.081,70.092
139.110,54.800,60.757,68.597
144.455,55.564,60.757,68.597
148.782,55.309,60.757,68.597
153.617,55.564,60.757,68.597
158.926,56.541,59.462,67.134
163.161,56.790,59.462,67.134
167.395,57.039,59.462,67.134
171.630,56.790,59.462,67.134
175.366,57.039,59.462,67.134
178.604,56.292,59.462,67.134
182.341,57.039,59.462,67.134
185.579,56.292,59.462,67.134
188.319,57.039,59.462,67.134
191.059,56.292,59.462,67.134
193.301,57.039,59.462,67.134
195.543,56.292,59.462,67.134
197.784,57.039,59.462,67.134
199.030,56.790,59.462,67.134
200.275,57.537,59.462,67.134
202.019,57.288,59.462,67.134
202.268,57.039,59.462,67.134
203.015,56.790,59.462,67.134
202.766,57.537,59.462,67.134
204.012,56.790,59.462,67.134
202.766,57.537,59.462,67.134
203.513,56.790,59.462,67.134
202.268,57.039,59.462,67.134
201.521,55.793,59.462,67.134
200.773,57.039,59.462,67.134
198.532,55.793,59.462,67.134
197.784,56.541,59.462,67.134
196.041,55.793,59.462,67.134
194.795,56.042,59.462,67.134
192.554,54.797,59.462,67.134
191.806,55.544,59.462,67.134
188.568,54.299,59.462,67.134
187.821,54.548,59.462,67.134
184.084,54.299,59.462,67.134
182.341,53.552,59.462,67.134
180.099,53.801,59.462,67.134
176.861,53.552,59.462,67.134
174.121,53.302,59.462,67.134
171.879,53.053,59.462,67.134
168.641,52.306,59.462,67.134
166.897,52.555,59.462,67.134
163.659,52.804,59.462,67.134
161.417,52.555,59.462,67.134
158.677,52.306,59.462,67.134
155.937,51.559,59.462,67.134
152.699,51.808,59.462,67.134
150.457,51.559,59.462,67.134
147.717,51.310,59.462,67.134
145.475,50.562,59.462,67.134
143.234,51.310,59.462,67.134
140.992,50.562,59.462,67.134
138.750,51.310,59.462,67.134
138.501,50.562,59.462,67.134
136.259,51.310,59.462,67.134
134.516,50.562,59.462,67.134
134.266,51.310,59.462,67.134
132.523,50.562,59.462,67.134
131.776,50.812,59.462,67.134
130.032,51.061,59.462,67.134
130.281,49.815,59.462,67.134
130.032,51.061,59.462,67.134
129.285,49.815,59.462,67.134
130.032,51.061,59.462,67.134
129.783,49.815,59.462,67.134
130.530,51.559,59.462,67.134
131.776,50.812,59.462,67.134
131.028,51.061,59.462,67.134
132.772,50.313,59.462,67.134
134.017,50.562,59.462,67.134
135.761,50.812,59.462,67.134
138.003,50.562,59.462,67.134
139.248,49.815,59.462,67.134
140.399,49.848,60.777,68.620
142.182,48.575,60.777,68.620
144.473,47.811,60.777,68.620
147.783,47.556,60.777,68.620
151.602,46.793,60.777,68.620
154.912,47.556,60.777,68.620
159.240,46.283,60.777,68.620
162.041,46.538,60.777,68.620
166.878,45.265,60.777,68.620
170.188,45.010,60.777,68.620
173.498,45.774,60.777,68.620
177.826,44.501,60.777,68.620
181.645,44.247,60.777,68.620
183.878,43.752,62.122,70.138
188.823,44.012,62.122,70.138
192.206,42.711,62.122,70.138
195.589,43.491,62.122,70.138
198.411,42.445,63.497,71.690
201.869,42.179,63.497,71.690
205.327,41.913,63.497,71.690
208.253,42.711,63.497,71.690
211.711,42.977,63.497,71.690
214.637,43.243,63.497,71.690
217.031,41.913,63.497,71.690
219.957,43.243,63.497,71.690
222.351,42.445,63.497,71.690
222.476,41.928,64.901,73.276
224.923,42.200,64.901,73.276
225.195,42.472,64.901,73.276
225.323,41.379,66.337,74.897
226.713,41.657,66.337,74.897
226.991,40.824,66.337,74.897
226.157,41.102,66.337,74.897
226.435,41.379,66.337,74.897
225.601,41.102,66.337,74.897
225.323,40.824,66.337,74.897
223.934,40.546,66.337,74.897
222.335,40.006,67.805,76.554
220.915,40.290,67.805,76.554
218.358,38.869,67.805,76.554
216.938,39.721,67.805,76.554
213.814,38.869,67.805,76.554
211.257,38.585,67.805,76.554
208.701,38.301,67.805,76.554
204.440,38.017,67.805,76.554
201.884,38.301,67.805,76.554
197.055,36.881,67.805,76.554
193.363,37.165,67.805,76.554
189.670,36.881,67.805,76.554
184.842,36.597,67.805,76.554
181.149,36.313,67.805,76.554
177.457,35.461,67.805,76.554
173.764,35.745,67.805,76.554
168.935,36.029,67.805,76.554
164.675,36.313,67.805,76.554
160.414,35.461,67.805,76.554
156.722,36.313,67.805,76.554
151.893,35.461,67.805,76.554
148.768,36.313,67.805,76.554
145.644,36.029,67.805,76.554
142.519,37.449,67.805,76.554
139.963,36.597,67.805,76.554
136.839,36.881,67.805,76.554
134.282,37.165,67.805,76.554
132.862,37.449,67.805,76.554
130.306,36.597,67.805,76.554
129.454,36.881,67.805,76.554
128.033,37.733,67.805,76.554
127.181,37.449,67.805,76.554
126.329,37.733,67.805,76.554
126.613,39.153,67.805,76.554
125.761,39.437,67.805,76.554
126.613,39.722,67.805,76.554
126.897,40.006,67.805,76.554
127.749,41.426,67.805,76.554
128.601,41.142,67.805,76.554
130.022,42.562,67.805,76.554
132.010,41.710,67.805,76.554
133.998,42.562,67.805,76.554
135.418,42.846,67.805,76.554
137.975,43.130,67.805,76.554
138.827,44.550,67.805,76.554
140.247,44.266,67.805,76.554
142.235,44.550,67.805,76.554
143.656,45.970,67.805,76.554
145.748,46.513,66.359,74.922
146.581,47.903,66.359,74.922
148.629,48.434,64.944,73.324
148.901,49.250,64.944,73.324
150.261,50.610,64.944,73.324
151.077,49.794,64.944,73.324
151.349,50.610,64.944,73.324
152.165,50.338,64.944,73.324
151.893,50.610,64.944,73.324
151.621,50.882,64.944,73.324
151.349,51.154,64.944,73.324
152.304,51.674,63.559,71.760
151.505,50.875,63.559,71.760
151.239,51.141,63.559,71.760
149.908,51.940,63.559,71.760
148.576,51.141,63.559,71.760
148.843,51.940,63.559,71.760
146.697,51.935,62.204,70.230
145.395,53.238,62.204,70.230
144.092,53.499,62.204,70.230
141.746,52.717,62.204,70.230
139.922,53.499,62.204,70.230
137.577,53.238,62.204,70.230
135.232,54.541,62.204,70.230
133.408,53.759,62.204,70.230
130.304,54.759,60.877,68.732
127.499,55.525,60.877,68.732
124.693,55.780,60.877,68.732
121.656,56.267,59.579,67.266
118.910,57.514,59.579,67.266
116.165,57.265,59.579,67.266
112.920,59.012,59.579,67.266
109.676,58.762,59.579,67.266
106.431,59.511,59.579,67.266
103.686,59.761,59.579,67.266
101.440,60.509,59.579,67.266
98.694,60.260,59.579,67.266
96.947,62.007,59.579,67.266
95.417,61.521,58.308,65.832
93.219,61.766,58.308,65.832
91.509,62.010,58.308,65.832
90.954,62.476,57.065,64.428
90.715,62.715,57.065,64.428
89.041,62.955,57.065,64.428
88.498,62.950,55.848,63.054
87.328,63.652,55.848,63.054
86.626,63.418,55.848,63.054
86.392,64.120,55.848,63.054
85.690,63.886,55.848,63.054
85.924,63.652,55.848,63.054
86.158,62.950,55.848,63.054
85.456,63.652,55.848,63.054
86.158,62.950,55.848,63.054
85.924,63.184,55.848,63.054
87.094,63.418,55.848,63.054
87.328,63.652,55.848,63.054
88.030,62.014,55.848,63.054
89.668,62.716,55.848,63.054
90.369,62.014,55.848,63.054
91.539,62.248,55.848,63.054
92.709,62.482,55.848,63.054
94.347,61.780,55.848,63.054
95.516,62.014,55.848,63.054
97.622,62.248,55.848,63.054
99.260,62.482,55.848,63.054
100.897,61.313,55.848,63.054
103.471,62.482,55.848,63.054
105.576,61.313,55.848,63.054
107.682,62.482,55.848,63.054
109.787,61.313,55.848,63.054
112.361,62.482,55.848,63.054
114.466,61.313,55.848,63.054
117.040,62.482,55.848,63.054
120.116,62.478,54.657,61.710
123.092,62.707,54.657,61.710
125.611,62.020,54.657,61.710
127.672,62.707,54.657,61.710
130.190,62.478,54.657,61.710
132.251,63.165,54.657,61.710
134.769,62.936,54.657,61.710
137.288,63.165,54.657,61.710
139.349,63.852,54.657,61.710
141.409,64.081,54.657,61.710
143.012,64.310,54.657,61.710
145.531,64.539,54.657,61.710
146.675,64.768,54.657,61.710
148.278,63.623,54.657,61.710
148.965,64.310,54.657,61.710
151.026,64.539,54.657,61.710
152.171,64.310,54.657,61.710
152.857,64.081,54.657,61.710
153.544,63.852,54.657,61.710
153.315,64.081,54.657,61.710
153.544,63.852,54.657,61.710
153.773,63.623,54.657,61.710
154.002,64.310,54.657,61.710
153.773,64.081,54.657,61.710
153.086,63.394,54.657,61.710
152.857,63.623,54.657,61.710
151.713,63.394,54.657,61.710
151.026,62.707,54.657,61.710
150.339,61.562,54.657,61.710
148.278,62.249,54.657,61.710
147.591,61.104,54.657,61.710
146.447,60.418,54.657,61.710
144.844,60.647,54.657,61.710
144.157,59.044,54.657,61.710
143.012,58.815,54.657,61.710
140.951,58.128,54.657,61.710
139.349,57.441,54.657,61.710
137.288,58.128,54.657,61.710
136.143,57.441,54.657,61.710
134.998,57.670,54.657,61.710
133.854,56.983,54.657,61.710
131.586,57.488,55.866,63.075
130.416,56.318,55.866,63.075
128.778,57.020,55.866,63.075
128.544,56.318,55.866,63.075
127.374,56.552,55.866,63.075
126.203,55.850,55.866,63.075
125.501,56.084,55.866,63.075
125.735,56.318,55.866,63.075
124.389,55.377,57.102,64.470
124.628,54.660,57.102,64.470
124.867,55.377,57.102,64.470
125.585,54.660,57.102,64.470
125.346,55.377,57.102,64.470
126.063,55.138,57.102,64.470
126.781,56.334,57.102,64.470
128.455,55.138,57.102,64.470
129.173,56.334,57.102,64.470
130.369,55.138,57.102,64.470
132.044,56.334,57.102,64.470
133.718,55.138,57.102,64.470
136.349,55.377,57.102,64.470
138.502,54.181,57.102,64.470
140.655,54.899,57.102,64.470
143.286,54.181,57.102,64.470
145.385,52.724,58.366,65.897
148.074,52.479,58.366,65.897
150.763,52.235,58.366,65.897
154.431,51.501,58.366,65.897
157.609,51.257,58.366,65.897
161.277,50.523,58.366,65.897
164.455,50.768,58.366,65.897
168.123,50.523,58.366,65.897
171.301,50.279,58.366,65.897
174.480,49.545,58.366,65.897
177.132,49.070,59.657,67.355
179.324,48.066,60.977,68.845
183.156,47.810,60.977,68.845
185.965,47.555,60.977,68.845
188.736,47.058,62.326,70.368
191.086,47.319,62.326,70.368
193.958,46.536,62.326,70.368
196.830,46.797,62.326,70.368
199.180,47.058,62.326,70.368
202.052,47.319,62.326,70.368
204.401,47.058,62.326,70.368
205.707,47.841,62.326,70.368
208.057,47.580,62.326,70.368
210.406,47.319,62.326,70.368
211.190,47.058,62.326,70.368
213.017,47.841,62.326,70.368
213.801,47.058,62.326,70.368
214.062,47.319,62.326,70.368
215.367,46.536,62.326,70.368
215.106,46.797,62.326,70.368
215.889,46.536,62.326,70.368
215.628,46.275,62.326,70.368
215.367,47.058,62.326,70.368
214.584,46.797,62.326,70.368
214.323,46.014,62.326,70.368
214.584,46.275,62.326,70.368
212.756,46.014,62.326,70.368
211.973,45.753,62.326,70.368
211.190,45.492,62.326,70.368
210.406,45.230,62.326,70.368
208.057,45.492,62.326,70.368
206.013,43.900,63.705,71.925
203.611,44.167,63.705,71.925
201.743,43.367,63.705,71.925
198.807,43.634,63.705,71.925
195.872,42.833,63.705,71.925
193.470,42.032,63.705,71.925
191.068,41.766,63.705,71.925
187.599,41.499,63.705,71.925
184.664,41.766,63.705,71.925
180.127,40.431,63.705,71.925
177.725,41.232,63.705,71.925
173.188,40.431,63.705,71.925
170.253,40.164,63.705,71.925
166.784,39.897,63.705,71.925
162.247,39.631,63.705,71.925
158.778,38.830,63.705,71.925
154.241,39.097,63.705,71.925
151.305,38.830,63.705,71.925
147.302,38.029,63.705,71.925
144.367,38.296,63.705,71.925
140.898,38.563,63.705,71.925
137.428,37.763,63.705,71.925
135.027,38.563,63.705,71.925
131.557,37.763,63.705,71.925
129.689,38.563,63.705,71.925
125.686,38.296,63.705,71.925
123.284,39.097,63.705,71.925
121.416,38.830,63.705,71.925
118.220,38.311,65.115,73.516
115.765,38.584,65.115,73.516
114.401,38.857,65.115,73.516
112.492,38.038,65.115,73.516
110.582,38.311,65.115,73.516
109.764,38.584,65.115,73.516
108.946,38.311,65.115,73.516
107.582,38.584,65.115,73.516
107.309,38.311,65.115,73.516
106.491,38.038,65.115,73.516
106.763,38.311,65.115,73.516
107.582,39.130,65.115,73.516
106.012,38.599,66.555,75.143
107.964,38.320,66.555,75.143
107.685,37.484,66.555,75.143
109.079,37.763,66.555,75.143
109.916,38.042,66.555,75.143
111.310,37.205,66.555,75.143
111.589,36.926,66.555,75.143
112.983,38.320,66.555,75.143
114.377,37.484,66.555,75.143
115.771,38.320,66.555,75.143
117.722,38.599,66.555,75.143
119.116,39.436,66.555,75.143
121.068,39.714,66.555,75.143
122.462,40.551,66.555,75.143
123.856,40.272,66.555,75.143
125.808,40.551,66.555,75.143
127.202,41.387,66.555,75.143
129.153,41.666,66.555,75.143
129.990,43.060,66.555,75.143
130.826,42.781,66.555,75.143
131.105,43.618,66.555,75.143
132.499,43.897,66.555,75.143
131.865,44.429,65.136,73.540
133.775,44.702,65.136,73.540
133.502,44.975,65.136,73.540
132.683,44.156,65.136,73.540
134.048,44.975,65.136,73.540
131.592,44.156,65.136,73.540
132.956,44.975,65.136,73.540
129.955,44.702,65.136,73.540
128.591,44.975,65.136,73.540
128.318,44.702,65.136,73.540
125.862,45.520,65.136,73.540
125.043,45.793,65.136,73.540
122.042,44.975,65.136,73.540
119.041,45.248,65.136,73.540
116.039,45.520,65.136,73.540
113.038,45.793,65.136,73.540
109.490,45.520,65.136,73.540
107.292,47.094,63.747,71.972
103.820,47.361,63.747,71.972
98.747,47.628,63.747,71.972
94.207,47.361,63.747,71.972
90.201,48.162,63.747,71.972
86.196,47.895,63.747,71.972
81.656,48.162,63.747,71.972
76.582,48.963,63.747,71.972
73.111,48.696,63.747,71.972
68.571,48.963,63.747,71.972
65.100,49.764,63.747,71.972
61.628,50.031,63.747,71.972
58.157,50.298,63.747,71.972
55.219,50.565,63.747,71.972
53.350,49.764,63.747,71.972
50.946,50.565,63.747,71.972
49.077,50.298,63.747,71.972
48.985,50.808,62.387,70.437
47.155,51.069,62.387,70.437
47.939,51.854,62.387,70.437
46.633,51.069,62.387,70.437
47.939,52.376,62.387,70.437
46.633,51.592,62.387,70.437
47.939,52.899,62.387,70.437
47.155,51.592,62.387,70.437
48.462,52.899,62.387,70.437
49.769,51.592,62.387,70.437
51.075,52.899,62.387,70.437
52.382,52.115,62.387,70.437
54.212,51.854,62.387,70.437
56.041,52.115,62.387,70.437
58.393,52.376,62.387,70.437
60.745,53.160,62.387,70.437
63.620,52.899,62.387,70.437
66.552,52.894,61.057,68.935
68.854,54.173,61.057,68.935
71.668,54.940,61.057,68.935
74.993,55.196,61.057,68.935
78.318,55.964,61.057,68.935
82.667,55.959,59.755,67.465
85.958,56.437,58.481,66.027
90.123,58.152,58.481,66.027
94.287,57.417,58.481,66.027
96.982,58.642,58.481,66.027
100.657,58.397,58.481,66.027
104.822,59.809,57.233,64.618
107.460,59.570,57.233,64.618
109.617,61.727,57.233,64.618
112.255,60.529,57.233,64.618
115.372,62.686,57.233,64.618
117.529,62.926,57.233,64.618
118.728,62.686,57.233,64.618
120.406,63.885,57.233,64.618
121.126,62.686,57.233,64.618
122.891,63.606,56.013,63.240
124.534,63.372,56.013,63.240
125.238,65.014,56.013,63.240
125.003,64.780,56.013,63.240
125.238,65.014,56.013,63.240
125.942,65.249,56.013,63.240
126.176,65.484,56.013,63.240
125.003,64.780,56.013,63.240
124.299,65.484,56.013,63.240
124.065,64.780,56.013,63.240
123.361,65.484,56.013,63.240
123.732,65.027,54.818,61.892
123.502,66.175,54.818,61.892
122.354,66.405,54.818,61.892
122.124,67.553,54.818,61.892
122.045,68.434,53.649,60.572
122.269,68.659,53.649,60.572
121.146,69.333,53.649,60.572
121.820,69.109,53.649,60.572
121.595,69.333,53.649,60.572
121.371,70.008,53.649,60.572
121.146,69.333,53.649,60.572
122.801,70.196,52.505,59.280
123.021,69.976,52.505,59.280
123.681,69.316,52.505,59.280
124.341,69.976,52.505,59.280
125.000,68.876,52.505,59.280
126.980,69.536,52.505,59.280
128.520,70.196,52.505,59.280
129.619,69.096,52.505,59.280
131.159,69.316,52.505,59.280
133.578,69.536,52.505,59.280
135.558,69.316,52.505,59.280
137.538,68.656,52.505,59.280
139.957,68.876,52.505,59.280
143.696,67.776,52.505,59.280
146.555,68.876,52.505,59.280
149.855,67.337,52.505,59.280
153.594,67.996,52.505,59.280
156.893,67.337,52.505,59.280
160.632,67.996,52.505,59.280
164.371,67.337,52.505,59.280
168.110,67.556,52.505,59.280
172.290,67.776,52.505,59.280
175.149,67.996,52.505,59.280
179.328,67.337,52.505,59.280
182.187,67.996,52.505,59.280
185.926,67.337,52.505,59.280
188.346,67.996,52.505,59.280
190.765,67.337,52.505,59.280
193.625,67.996,52.505,59.280
195.604,67.337,52.505,59.280
197.584,67.556,52.505,59.280
199.563,67.776,52.505,59.280
201.543,67.996,52.505,59.280
203.082,66.897,52.505,59.280
205.062,67.117,52.505,59.280
206.162,67.337,52.505,59.280
206.822,67.556,52.505,59.280
207.481,67.776,52.505,59.280
207.261,67.996,52.505,59.280
207.481,66.897,52.505,59.280
207.701,67.117,52.505,59.280
207.481,67.337,52.505,59.280
206.822,67.556,52.505,59.280
206.602,67.776,52.505,59.280
205.502,67.556,52.505,59.280
204.402,67.337,52.505,59.280
202.862,66.677,52.505,59.280
201.141,65.793,53.667,60.592
200.017,64.669,53.667,60.592
197.993,65.343,53.667,60.592
195.970,64.219,53.667,60.592
193.497,63.545,53.667,60.592
191.024,63.769,53.667,60.592
189.001,62.196,53.667,60.592
186.078,61.971,53.667,60.592
183.605,60.397,53.667,60.592
180.233,60.172,53.667,60.592
177.310,59.048,53.667,60.592
174.151,59.078,54.854,61.932
170.704,57.929,54.854,61.932
168.636,57.239,54.854,61.932
165.648,57.929,54.854,61.932
163.580,57.239,54.854,61.932
161.053,57.469,54.854,61.932
157.823,56.546,56.068,63.303
155.985,55.602,57.309,64.703
153.344,56.322,57.309,64.703
152.144,55.121,57.309,64.703
150.463,55.362,57.309,64.703
148.584,54.397,58.577,66.135
146.866,55.133,58.577,66.135
146.130,54.887,58.577,66.135
145.885,54.642,58.577,66.135
145.148,54.397,58.577,66.135
144.903,55.133,58.577,66.135
144.167,54.887,58.577,66.135
144.903,54.642,58.577,66.135
144.658,54.397,58.577,66.135
145.394,55.133,58.577,66.135
144.491,54.656,59.873,67.598
146.247,54.405,59.873,67.598
146.999,54.154,59.873,67.598
147.752,53.402,59.873,67.598
148.504,53.151,59.873,67.598
150.761,52.399,59.873,67.598
151.012,52.148,59.873,67.598
152.768,51.395,59.873,67.598
153.927,49.867,61.197,69.094
155.209,49.610,61.197,69.094
157.003,48.841,61.197,69.094
158.188,47.811,62.551,70.622
160.022,46.501,62.551,70.622
161.857,46.239,62.551,70.622
163.691,44.929,62.551,70.622
166.049,43.619,62.551,70.622
167.359,43.881,62.551,70.622
169.718,42.570,62.551,70.622
172.076,42.832,62.551,70.622
172.743,41.779,63.935,72.185
174.618,42.047,63.935,72.185
176.493,40.708,63.935,72.185
177.832,41.511,63.935,72.185
179.707,40.708,63.935,72.185
180.510,40.440,63.935,72.185
181.192,39.364,65.350,73.782
181.322,38.832,66.796,75.414
182.161,37.433,66.796,75.414
183.000,37.153,66.796,75.414
183.280,37.433,66.796,75.414
182.832,36.889,68.273,77.083
183.118,36.603,68.273,77.083
182.066,34.860,69.784,78.788
181.189,35.152,69.784,78.788
180.896,33.690,69.784,78.788
179.435,33.983,69.784,78.788
178.558,34.275,69.784,78.788
176.511,33.398,69.784,78.788
174.465,33.690,69.784,78.788
172.419,33.983,69.784,78.788
169.788,34.275,69.784,78.788
165.987,33.398,69.784,78.788
162.486,32.830,71.328,80.532
158.004,30.738,71.328,80.532
154.119,30.439,71.328,80.532
149.300,29.858,72.906,82.313
145.330,29.553,72.906,82.313
141.970,29.248,72.906,82.313
138.611,30.164,72.906,82.313
134.030,30.469,72.906,82.313
129.104,29.242,74.519,84.135
126.295,28.930,74.519,84.135
122.236,28.617,74.519,84.135
120.051,27.681,74.519,84.135
117.242,27.993,74.519,84.135
114.432,28.305,74.519,84.135
112.247,29.242,74.519,84.135
110.062,28.930,74.519,84.135
109.750,28.617,74.519,84.135
108.189,29.554,74.519,84.135
107.877,29.866,74.519,84.135
106.940,30.803,74.519,84.135
106.628,31.739,74.519,84.135
106.940,32.051,74.519,84.135
107.252,33.612,74.519,84.135
107.565,34.549,74.519,84.135
109.125,35.485,74.519,84.135
110.686,36.422,74.519,84.135
110.998,38.607,74.519,84.135
112.559,38.295,74.519,84.135
112.871,40.480,74.519,84.135
113.808,40.168,74.519,84.135
114.744,41.728,74.519,84.135
114.432,41.416,74.519,84.135
116.129,42.012,72.930,82.340
115.213,42.929,72.930,82.340
116.285,42.335,71.375,80.584
117.334,42.906,69.853,78.866
117.042,43.784,69.853,78.866
116.164,43.491,69.853,78.866
115.871,43.198,69.853,78.866
114.408,42.906,69.853,78.866
114.115,43.784,69.853,78.866
112.652,43.491,69.853,78.866
111.423,44.050,68.363,77.184
109.991,44.336,68.363,77.184
108.559,45.195,68.363,77.184
106.554,44.909,68.363,77.184
105.351,46.008,66.905,75.538
102.829,46.849,66.905,75.538
101.427,47.129,66.905,75.538
98.344,47.970,66.905,75.538
95.822,48.250,66.905,75.538
93.860,49.091,66.905,75.538
91.338,49.371,66.905,75.538
88.255,50.212,66.905,75.538
85.172,50.492,66.905,75.538
82.649,51.333,66.905,75.538
80.687,52.174,66.905,75.538
78.969,52.709,65.478,73.927
76.501,53.532,65.478,73.927
74.581,54.904,65.478,73.927
73.428,54.899,64.082,72.351
72.086,55.704,64.082,72.351
70.958,55.699,62.715,70.808
69.645,56.487,62.715,70.808
68.331,56.225,62.715,70.808
67.017,55.437,62.715,70.808
67.280,56.225,62.715,70.808
66.683,56.220,61.378,69.298
66.940,56.477,61.378,69.298
65.654,56.734,61.378,69.298
67.052,56.730,60.069,67.820
66.800,56.981,60.069,67.820
68.059,56.730,60.069,67.820
67.807,56.981,60.069,67.820
69.568,56.730,60.069,67.820
70.323,56.478,60.069,67.820
71.078,56.226,60.069,67.820
72.336,55.975,60.069,67.820
74.601,57.233,60.069,67.820
77.369,56.478,60.069,67.820
79.634,56.730,60.069,67.820
83.427,57.695,58.788,66.374
86.629,58.434,58.788,66.374
89.338,57.695,58.788,66.374
93.032,58.927,58.788,66.374
96.726,58.188,58.788,66.374
100.420,58.927,58.788,66.374
105.592,58.680,58.788,66.374
109.779,59.626,57.534,64.958
113.394,60.349,57.534,64.958
118.455,59.626,57.534,64.958
122.553,60.349,57.534,64.958
126.650,60.108,57.534,64.958
130.747,59.867,57.534,64.958
133.881,61.072,57.534,64.958
137.496,60.349,57.534,64.958
141.111,61.072,57.534,64.958
144.244,60.831,57.534,64.958
147.413,62.220,56.308,63.573
150.951,62.456,56.308,63.573
153.074,62.220,56.308,63.573
155.669,61.984,56.308,63.573
158.263,63.164,56.308,63.573
160.386,62.928,56.308,63.573
162.509,63.164,56.308,63.573
164.632,63.400,56.308,63.573
166.283,62.692,56.308,63.573
167.934,62.928,56.308,63.573
169.114,63.164,56.308,63.573
170.293,63.400,56.308,63.573
171.473,62.692,56.308,63.573
173.124,62.928,56.308,63.573
173.831,63.164,56.308,63.573
175.011,63.871,56.308,63.573
175.247,63.164,56.308,63.573
175.954,63.871,56.308,63.573
176.190,63.635,56.308,63.573
176.898,63.400,56.308,63.573
177.134,63.164,56.308,63.573
177.369,63.871,56.308,63.573
178.077,63.635,56.308,63.573
177.841,62.928,56.308,63.573
178.549,63.164,56.308,63.573
178.313,63.400,56.308,63.573
177.605,61.748,56.308,63.573
177.841,61.984,56.308,63.573
177.605,61.748,56.308,63.573
176.426,61.041,56.308,63.573
175.718,60.805,56.308,63.573
175.011,59.625,56.308,63.573
172.888,58.918,56.308,63.573
171.708,58.682,56.308,63.573
171.001,57.974,56.308,63.573
168.878,57.267,56.308,63.573
167.227,56.087,56.308,63.573
166.519,56.795,56.308,63.573
164.868,55.616,56.308,63.573
163.217,54.908,56.308,63.573
162.037,55.144,56.308,63.573
160.858,55.380,56.308,63.573
159.501,54.921,57.553,64.980
158.778,54.680,57.553,64.980
157.090,53.957,57.553,64.980
156.367,54.198,57.553,64.980
156.126,52.992,57.553,64.980
155.402,53.716,57.553,64.980
153.515,51.746,58.827,66.417
154.254,52.978,58.827,66.417
153.515,51.253,58.827,66.417
154.254,51.993,58.827,66.417
153.515,51.253,58.827,66.417
154.254,51.500,58.827,66.417
154.008,51.746,58.827,66.417
154.747,51.993,58.827,66.417
154.501,50.760,58.827,66.417
156.719,51.993,58.827,66.417
156.965,50.760,58.827,66.417
157.593,51.304,60.128,67.887
159.860,50.045,60.128,67.887
161.623,51.304,60.128,67.887
163.386,49.541,60.128,67.887
164.027,49.051,61.459,69.389
166.344,48.279,61.459,69.389
168.147,48.021,61.459,69.389
169.337,45.918,62.818,70.924
171.705,46.181,62.818,70.924
174.600,44.339,62.818,70.924
177.494,44.076,62.818,70.924
180.389,43.287,62.818,70.924
182.757,43.024,62.818,70.924
185.652,42.760,62.818,70.924
187.960,41.157,64.208,72.493
190.919,41.426,64.208,72.493
193.340,40.081,64.208,72.493
196.836,40.350,64.208,72.493
198.719,39.005,64.208,72.493
201.140,39.274,64.208,72.493
204.099,37.929,64.208,72.493
204.784,37.964,65.629,74.097
206.708,37.689,65.629,74.097
207.979,37.155,67.081,75.736
208.694,34.859,68.565,77.412
210.131,35.721,68.565,77.412
210.266,34.567,70.082,79.125
210.560,33.686,70.082,79.125
211.440,33.979,70.082,79.125
210.560,34.273,70.082,79.125
210.266,34.567,70.082,79.125
208.798,33.686,70.082,79.125
208.505,33.979,70.082,79.125
206.449,34.273,70.082,79.125
204.394,34.567,70.082,79.125
201.752,34.273,70.082,79.125
200.871,35.741,70.082,79.125
197.642,34.860,70.082,79.125
195.000,35.154,70.082,79.125
191.183,35.447,70.082,79.125
188.541,35.154,70.082,79.125
185.312,36.035,70.082,79.125
182.082,35.741,70.082,79.125
178.266,35.447,70.082,79.125
175.036,35.154,70.082,79.125
170.633,36.035,70.082,79.125
166.816,35.741,70.082,79.125
162.413,35.447,70.082,79.125
157.422,35.741,70.082,79.125
152.431,35.447,70.082,79.125
147.440,34.567,70.082,79.125
142.449,34.273,70.082,79.125
137.458,34.567,70.082,79.125
133.055,33.686,70.082,79.125
127.477,33.979,70.082,79.125
123.073,34.860,70.082,79.125
118.082,35.154,70.082,79.125
113.678,36.035,70.082,79.125
109.275,36.328,70.082,79.125
104.871,37.209,70.082,79.125
101.055,38.090,70.082,79.125
96.651,38.383,70.082,79.125
94.009,38.677,70.082,79.125
90.192,38.970,70.082,79.125
88.137,39.264,70.082,79.125
85.495,40.145,70.082,79.125
84.027,39.851,70.082,79.125
81.385,39.557,70.082,79.125
80.504,38.677,70.082,79.125
80.210,40.145,70.082,79.125
78.743,41.025,70.082,79.125
79.036,40.732,70.082,79.125
78.155,41.025,70.082,79.125
78.449,41.906,70.082,79.125
78.743,42.200,70.082,79.125
80.210,43.080,70.082,79.125
80.504,43.961,70.082,79.125
81.972,44.255,70.082,79.125
82.853,45.135,70.082,79.125
84.908,46.016,70.082,79.125
86.376,46.310,70.082,79.125
87.843,47.778,70.082,79.125
89.311,48.071,70.082,79.125
90.192,49.539,70.082,79.125
91.073,49.246,70.082,79.125
92.541,51.301,70.082,79.125
94.009,52.181,70.082,79.125
93.715,51.301,70.082,79.125
95.770,52.769,70.082,79.125
97.366,52.197,68.588,77.438
96.159,51.638,67.125,75.786
97.565,53.044,67.125,75.786
95.597,52.201,67.125,75.786
97.003,52.482,67.125,75.786
95.597,52.201,67.125,75.786
94.191,51.920,67.125,75.786
95.034,53.326,67.125,75.786
91.941,51.357,67.125,75.786
91.098,52.763,67.125,75.786
89.129,52.482,67.125,75.786
87.161,52.763,67.125,75.786
84.630,52.482,67.125,75.786
81.537,52.763,67.125,75.786
78.444,53.607,67.125,75.786
75.913,53.888,67.125,75.786
74.190,54.425,65.693,74.170
70.062,55.251,65.693,74.170
68.375,56.307,64.292,72.588
64.874,57.115,64.292,72.588
61.373,56.845,64.292,72.588
58.410,57.653,64.292,72.588
55.447,59.000,64.292,72.588
52.485,59.269,64.292,72.588
50.061,60.616,64.292,72.588
47.098,61.424,64.292,72.588
45.967,61.938,62.921,71.040
45.367,61.934,61.580,69.525
44.781,62.426,60.266,68.043
44.023,63.689,60.266,68.043
43.449,62.224,58.981,66.592
43.696,62.965,58.981,66.592
43.943,63.707,58.981,66.592
43.858,62.273,57.723,65.172
45.551,63.966,57.723,65.172
46.865,62.563,56.492,63.782
47.575,63.746,56.492,63.782
49.232,63.037,56.492,63.782
50.415,63.746,56.492,63.782
52.545,63.037,56.492,63.782
54.675,63.746,56.492,63.782
57.278,62.563,56.492,63.782
59.408,62.800,56.492,63.782
62.957,63.510,56.492,63.782
66.069,63.506,55.288,62.422
69.543,63.274,55.288,62.422
74.407,64.432,55.288,62.422
78.344,63.737,55.288,62.422
83.208,64.432,55.288,62.422
87.608,64.200,55.288,62.422
92.935,65.358,55.288,62.422
97.336,64.200,55.288,62.422
102.662,65.822,55.288,62.422
107.526,65.590,55.288,62.422
111.463,65.358,55.288,62.422
115.401,65.590,55.288,62.422
119.338,66.285,55.288,62.422
122.812,66.980,55.288,62.422
126.286,66.285,55.288,62.422
128.834,66.980,55.288,62.422
131.382,65.822,55.288,62.422
133.466,66.516,55.288,62.422
135.550,65.822,55.288,62.422
137.172,67.443,55.288,62.422
138.330,66.748,55.288,62.422
139.488,67.443,55.288,62.422
140.747,67.439,54.109,61.090
141.542,68.746,52.955,59.788
140.877,67.636,52.955,59.788
141.542,67.858,52.955,59.788
139.989,67.636,52.955,59.788
139.768,67.415,52.955,59.788
137.771,68.080,52.955,59.788
136.662,67.415,52.955,59.788
134.222,67.193,52.955,59.788
131.782,66.971,52.955,59.788
129.785,66.305,52.955,59.788
126.901,66.527,52.955,59.788
124.018,66.305,52.955,59.788
120.690,65.640,52.955,59.788
116.475,64.531,52.955,59.788
112.704,65.196,52.955,59.788
108.489,63.643,52.955,59.788
103.991,62.292,54.126,61.111
98.776,60.704,54.126,61.111
94.921,59.117,54.126,61.111
91.067,59.797,54.126,61.111
85.398,58.210,54.126,61.111
81.544,58.890,54.126,61.111
77.689,57.757,54.126,61.111
73.834,57.530,54.126,61.111
69.980,56.850,54.126,61.111
65.672,57.077,54.126,61.111
63.178,57.303,54.126,61.111
59.050,55.451,55.324,62.463
56.037,55.219,55.324,62.463
53.488,56.378,55.324,62.463
51.402,54.756,55.324,62.463
49.780,55.451,55.324,62.463
48.158,54.292,55.324,62.463
46.072,54.524,55.324,62.463
45.377,54.756,55.324,62.463
45.145,54.988,55.324,62.463
44.450,55.219,55.324,62.463
45.145,55.915,55.324,62.463
44.450,55.219,55.324,62.463
45.608,56.378,55.324,62.463
45.237,55.447,56.548,63.845
45.947,55.683,56.548,63.845
46.551,54.731,57.799,65.257
48.730,54.974,57.799,65.257
50.425,54.731,57.799,65.257
51.635,54.005,57.799,65.257
53.330,53.279,57.799,65.257
55.509,53.037,57.799,65.257
58.173,51.826,57.799,65.257
60.836,51.100,57.799,65.257
63.984,50.373,57.799,65.257
67.616,48.678,57.799,65.257
70.279,48.920,57.799,65.257
73.408,46.440,59.078,66.701
76.625,47.183,59.078,66.701
80.337,45.450,59.078,66.701
83.554,46.193,59.078,66.701
86.772,44.955,59.078,66.701
90.484,46.193,59.078,66.701
93.701,44.955,59.078,66.701
97.908,46.688,59.078,66.701
101.126,45.945,59.078,66.701
104.838,47.183,59.078,66.701
108.055,45.945,59.078,66.701
110.778,47.677,59.078,66.701
113.995,47.430,59.078,66.701
115.139,46.949,60.385,68.177
117.357,46.457,61.721,69.685
119.089,46.491,63.087,71.227
119.882,45.698,63.087,71.227
122.260,46.491,63.087,71.227
122.525,44.641,63.087,71.227
123.846,45.434,63.087,71.227
124.110,44.112,63.087,71.227
124.374,43.848,63.087,71.227
125.167,44.641,63.087,71.227
124.903,43.320,63.087,71.227
126.753,43.055,63.087,71.227
125.432,41.734,63.087,71.227
125.696,42.527,63.087,71.227
125.432,41.205,63.087,71.227
124.639,39.884,63.087,71.227
124.374,40.677,63.087,71.227
121.209,39.066,64.482,72.803
123.100,37.716,64.482,72.803
121.209,37.446,64.482,72.803
120.939,37.176,64.482,72.803
120.128,36.365,64.482,72.803
119.858,36.635,64.482,72.803
119.048,36.365,64.482,72.803
119.318,35.555,64.482,72.803
117.427,36.365,64.482,72.803
118.238,35.015,64.482,72.803
117.967,35.825,64.482,72.803
117.697,35.015,64.482,72.803
117.967,35.285,64.482,72.803
120.477,34.238,63.107,71.250
119.684,33.974,63.107,71.250
121.535,33.181,63.107,71.250
122.328,33.445,63.107,71.250
123.650,33.710,63.107,71.250
125.500,33.974,63.107,71.250
126.822,32.652,63.107,71.250
129.201,32.917,63.107,71.250
131.052,32.124,63.107,71.250
133.960,32.917,63.107,71.250
136.339,33.710,63.107,71.250
139.776,35.560,63.107,71.250
142.095,35.595,64.504,72.827
144.465,35.630,65.931,74.438
148.034,35.666,67.389,76.085
152.268,35.949,67.389,76.085
157.067,36.231,67.389,76.085
161.301,35.682,68.880,77.768
165.629,34.817,68.880,77.768
170.535,35.105,68.880,77.768
173.709,34.817,68.880,77.768
176.883,34.528,68.880,77.768
180.057,35.971,68.880,77.768
182.653,35.105,68.880,77.768
184.673,35.971,68.880,77.768
186.116,35.682,68.880,77.768
186.405,36.548,68.880,77.768
188.424,37.414,68.880,77.768
188.136,35.971,68.880,77.768
188.424,36.836,68.880,77.768
189.867,37.125,68.880,77.768
190.733,37.991,68.880,77.768
191.021,38.856,68.880,77.768
189.001,38.568,68.880,77.768
190.444,40.010,68.880,77.768
191.778,41.246,70.404,79.489
187.696,40.103,68.903,77.794
189.716,42.124,68.903,77.794
190.582,44.144,68.903,77.794
187.985,45.010,68.903,77.794
190.582,46.453,68.903,77.794
192.026,49.051,68.903,77.794
190.813,47.377,67.434,76.135
192.790,49.354,67.434,76.135
191.378,49.637,67.434,76.135
193.920,51.049,67.434,76.135
193.638,52.462,67.434,76.135
195.050,52.744,67.434,76.135
193.638,54.721,67.434,76.135
195.615,54.439,67.434,76.135
195.333,54.721,67.434,76.135
196.745,55.004,67.434,76.135
198.157,54.721,67.434,76.135
198.440,55.004,67.434,76.135
199.852,55.286,67.434,76.135
201.265,55.569,67.434,76.135
202.677,55.851,67.434,76.135
204.655,57.264,67.434,76.135
206.632,58.676,67.434,76.135
208.609,58.959,67.434,76.135
211.152,60.371,67.434,76.135
213.129,61.784,67.434,76.135
214.435,62.407,68.926,77.819
215.170,62.445,70.451,79.541
217.236,60.969,70.451,79.541
219.302,62.445,70.451,79.541
221.368,63.330,70.451,79.541
223.433,64.806,70.451,79.541
226.090,66.871,70.451,79.541
225.418,64.590,68.948,77.845
228.018,67.768,68.948,77.845
225.996,67.479,68.948,77.845
227.930,68.715,70.474,79.567
224.683,66.058,70.474,79.567
226.749,68.125,70.474,79.567
223.233,65.843,68.971,77.870
221.210,67.288,68.971,77.870
217.749,67.326,70.497,79.593
216.273,67.030,70.497,79.593
212.434,69.098,70.497,79.593
209.485,66.246,68.993,77.896
206.306,68.269,68.993,77.896
202.863,69.378,67.522,76.235
198.054,68.530,67.522,76.235
193.811,69.378,67.522,76.235
189.351,69.918,66.082,74.609
184.645,69.642,66.082,74.609
178.832,69.918,66.082,74.609
172.465,69.642,66.082,74.609
166.499,67.502,64.673,73.018
161.894,68.315,64.673,73.018
156.577,65.699,63.294,71.461
151.539,65.434,63.294,71.461
146.502,63.578,63.294,71.461
143.055,63.312,63.294,71.461
139.078,61.987,63.294,71.461
135.631,60.661,63.294,71.461
132.983,61.167,61.944,69.937
130.648,60.389,61.944,69.937
127.275,61.167,61.944,69.937
123.382,60.908,61.944,69.937
120.528,61.686,61.944,69.937
117.155,61.427,61.944,69.937
113.781,60.648,61.944,69.937
111.965,60.389,61.944,69.937
109.874,59.884,60.623,68.445
107.081,60.138,60.623,68.445
104.795,59.884,60.623,68.445
102.509,58.614,60.623,68.445
100.953,58.120,59.330,66.986
99.213,56.878,59.330,66.986
97.970,56.629,59.330,66.986
95.734,54.889,59.330,66.986
95.485,55.138,59.330,66.986
93.003,53.696,58.065,65.557
90.575,54.629,56.827,64.159
88.657,54.166,55.615,62.791
86.780,54.162,54.429,61.452
84.943,53.279,53.268,60.142
83.381,53.502,53.268,60.142
81.372,51.048,53.268,60.142
79.810,50.378,53.268,60.142
78.248,51.048,53.268,60.142
74.901,49.932,53.268,60.142
72.446,50.155,53.268,60.142
69.546,49.039,53.268,60.142
67.537,49.262,53.268,60.142
65.083,49.039,53.268,60.142
62.628,48.816,53.268,60.142
61.066,49.039,53.268,60.142
58.165,50.155,53.268,60.142
55.711,50.824,53.268,60.142
53.702,51.494,53.268,60.142
51.248,52.610,53.268,60.142
47.901,54.172,53.268,60.142
44.553,56.180,53.268,60.142
41.652,57.742,53.268,60.142
38.752,57.965,53.268,60.142
36.297,59.973,53.268,60.142
33.396,61.089,53.268,60.142
30.738,60.655,52.132,58.859
29.209,62.620,52.132,58.859
25.933,61.965,52.132,58.859
24.841,63.931,52.132,58.859
22.002,62.839,52.132,58.859
