58.000,100.000,28.000,23.000
59.504,99.298,28.000,23.000
60.407,99.799,28.000,23.000
62.312,100.702,28.000,23.000
62.211,100.401,28.000,23.000
63.515,100.501,28.000,23.000
65.220,101.404,28.000,23.000
67.726,101.705,28.000,23.000
69.431,102.808,28.000,23.000
70.133,102.908,28.000,23.000
71.236,103.610,28.000,23.000
72.339,103.710,28.000,23.000
71.437,104.211,28.000,23.000
70.534,103.710,28.000,23.000
68.829,105.014,28.000,23.000
68.930,104.312,28.000,23.000
68.027,105.014,28.000,23.000
67.125,104.713,28.000,23.000
67.225,106.417,28.000,23.000
67.125,106.117,28.000,23.000
67.626,106.819,28.000,23.000
66.724,108.122,28.000,23.000
66.102,107.556,28.619,23.509
67.844,108.478,28.619,23.509
69.177,108.171,28.619,23.509
69.689,108.888,28.619,23.509
72.456,108.171,28.619,23.509
75.634,108.068,28.619,23.509
79.631,107.556,28.619,23.509
84.448,106.838,28.619,23.509
88.240,107.556,28.619,23.509
90.187,107.453,28.619,23.509
91.725,107.966,28.619,23.509
91.212,108.478,28.619,23.509
93.394,108.630,28.009,23.008
94.899,109.533,28.009,23.008
95.401,109.834,28.009,23.008
95.902,110.134,28.009,23.008
96.203,109.232,28.009,23.008
98.109,110.134,28.009,23.008
99.012,109.432,28.009,23.008
98.711,109.934,28.009,23.008
100.817,110.837,28.009,23.008
103.124,110.937,28.009,23.008
105.431,111.438,28.009,23.008
106.735,110.736,28.009,23.008
106.234,111.438,28.009,23.008
108.139,109.733,28.009,23.008
109.845,107.627,28.009,23.008
110.433,107.002,27.412,22.517
111.317,105.333,27.412,22.517
112.200,102.290,27.412,22.517
113.476,99.836,27.412,22.517
115.538,98.167,27.412,22.517
117.796,96.891,27.412,22.517
116.912,96.793,27.412,22.517
118.974,95.516,27.412,22.517
120.250,96.204,27.412,22.517
121.919,97.480,27.412,22.517
122.606,96.596,27.412,22.517
123.293,97.087,27.412,22.517
123.980,97.578,27.412,22.517
124.471,97.087,27.412,22.517
126.336,98.363,27.412,22.517
127.416,97.480,27.412,22.517
127.122,97.578,27.412,22.517
128.791,97.873,27.412,22.517
131.048,98.363,27.412,22.517
132.128,98.265,27.412,22.517
133.797,98.560,27.412,22.517
135.073,99.247,27.412,22.517
134.975,98.560,27.412,22.517
136.448,99.443,27.412,22.517
138.313,98.952,27.412,22.517
139.589,99.640,27.412,22.517
141.258,99.149,27.412,22.517
142.730,100.229,27.412,22.517
143.025,100.327,27.412,22.517
144.301,99.640,27.412,22.517
146.166,100.327,27.412,22.517
147.442,99.836,27.412,22.517
149.111,101.112,27.412,22.517
150.780,101.996,27.412,22.517
151.271,101.701,27.412,22.517
152.743,101.603,27.412,22.517
154.412,101.897,27.412,22.517
154.510,101.799,27.412,22.517
156.375,101.701,27.412,22.517
157.898,103.171,26.827,22.037
160.107,102.306,26.827,22.037
159.435,102.595,26.827,22.037
160.876,101.538,26.827,22.037
163.470,102.210,26.827,22.037
164.911,103.459,26.827,22.037
166.736,104.324,26.827,22.037
165.941,103.781,27.421,22.524
166.629,103.683,27.421,22.524
168.298,103.781,27.421,22.524
169.378,103.879,27.421,22.524
170.458,103.978,27.421,22.524
170.164,104.272,27.421,22.524
171.244,103.192,27.421,22.524
172.717,104.469,27.421,22.524
174.583,104.174,27.421,22.524
174.681,105.058,27.421,22.524
176.547,106.138,27.421,22.524
177.431,107.218,27.421,22.524
177.725,107.709,27.421,22.524
178.609,107.022,27.421,22.524
179.100,107.709,27.421,22.524
179.487,108.233,26.836,22.044
179.583,108.137,26.836,22.044
180.888,109.206,26.264,21.574
181.622,109.345,25.704,21.114
183.049,109.837,25.156,20.664
183.499,111.008,25.156,20.664
183.770,110.918,25.156,20.664
184.941,111.909,25.156,20.664
184.671,112.900,25.156,20.664
185.842,113.530,25.156,20.664
186.112,113.440,25.156,20.664
185.301,113.530,25.156,20.664
185.752,113.800,25.156,20.664
186.382,114.611,25.156,20.664
185.571,114.161,25.156,20.664
186.022,115.152,25.156,20.664
185.031,115.242,25.156,20.664
184.580,114.431,25.156,20.664
185.391,115.602,25.156,20.664
185.020,116.028,25.712,21.121
183.875,116.463,26.281,21.588
182.840,116.933,26.281,21.588
181.805,116.651,26.281,21.588
180.830,117.682,26.863,22.066
179.635,116.739,27.457,22.554
179.930,117.624,27.457,22.554
188.091,122.442,27.457,22.554
187.403,121.950,27.457,22.554
184.379,121.148,26.871,22.073
184.475,122.207,26.871,22.073
183.224,122.111,26.871,22.073
182.358,122.784,26.871,22.073
181.684,122.303,26.871,22.073
181.973,123.554,26.871,22.073
181.107,123.073,26.871,22.073
179.312,124.326,27.466,22.561
178.090,123.771,28.074,23.060
176.582,125.078,28.074,23.060
175.476,125.982,28.074,23.060
174.435,124.789,28.695,23.571
174.127,125.713,28.695,23.571
172.996,125.200,28.695,23.571
171.249,126.330,28.695,23.571
169.502,125.611,28.695,23.571
168.989,126.330,28.695,23.571
166.625,125.611,28.695,23.571
165.495,126.330,28.695,23.571
163.748,125.405,28.695,23.571
159.946,124.480,28.695,23.571
159.021,122.939,28.695,23.571
158.302,123.453,28.695,23.571
159.226,119.856,28.695,23.571
157.274,118.109,28.695,23.571
155.116,115.540,28.695,23.571
152.958,112.560,28.695,23.571
151.006,110.402,28.695,23.571
151.314,109.888,28.695,23.571
149.156,108.758,28.695,23.571
146.587,106.805,28.695,23.571
143.196,105.470,28.695,23.571
142.887,105.161,28.695,23.571
140.318,104.031,28.695,23.571
138.941,102.995,28.083,23.068
138.174,101.593,27.484,22.576
137.682,101.494,27.484,22.576
137.189,100.215,27.484,22.576
135.123,99.329,27.484,22.576
133.646,98.837,27.484,22.576
132.367,99.526,27.484,22.576
132.268,99.034,27.484,22.576
130.792,99.526,27.484,22.576
128.528,98.049,27.484,22.576
126.449,97.626,26.898,22.095
126.546,97.722,26.898,22.095
125.811,98.236,26.324,21.623
123.455,97.577,26.324,21.623
123.172,98.236,26.324,21.623
122.700,97.011,26.324,21.623
120.721,96.163,26.324,21.623
118.930,95.503,26.324,21.623
118.270,96.163,26.324,21.623
117.044,95.314,26.324,21.623
116.761,95.785,26.324,21.623
114.593,94.748,26.324,21.623
112.048,94.277,26.324,21.623
112.519,94.937,26.324,21.623
109.408,94.089,26.324,21.623
107.240,94.371,26.324,21.623
106.203,94.089,26.324,21.623
104.600,93.429,26.324,21.623
102.998,93.334,26.324,21.623
102.097,92.384,25.763,21.162
102.558,92.845,25.763,21.162
100.990,92.199,25.763,21.162
98.886,91.104,26.333,21.631
98.415,90.821,26.333,21.631
96.623,89.972,26.333,21.631
97.283,90.255,26.333,21.631
96.812,89.595,26.333,21.631
97.205,90.040,26.915,22.109
101.608,90.696,27.511,22.598
102.019,89.935,28.120,23.098
101.717,90.438,28.120,23.098
102.019,90.942,28.120,23.098
100.911,90.438,28.120,23.098
100.609,90.740,28.120,23.098
100.307,89.834,28.120,23.098
98.998,89.733,28.120,23.098
97.890,89.431,28.120,23.098
96.379,88.726,28.120,23.098
94.063,87.216,28.120,23.098
93.358,87.518,28.120,23.098
91.445,85.605,28.120,23.098
88.928,84.497,28.120,23.098
87.618,83.591,28.120,23.098
87.239,83.546,27.520,22.606
88.323,84.630,27.520,22.606
86.845,83.940,27.520,22.606
85.958,82.659,27.520,22.606
81.461,81.284,28.129,23.106
81.254,81.760,28.751,23.617
78.907,79.683,29.387,24.140
77.749,78.735,29.387,24.140
76.591,77.788,29.387,24.140
77.118,77.052,29.387,24.140
76.802,76.315,29.387,24.140
75.855,75.578,29.387,24.140
76.381,76.525,29.387,24.140
75.013,75.368,29.387,24.140
75.960,75.894,29.387,24.140
74.592,75.157,29.387,24.140
73.224,74.420,29.387,24.140
72.353,73.608,30.037,24.674
71.384,73.070,30.037,24.674
70.201,72.747,30.037,24.674
68.588,71.564,30.037,24.674
65.898,70.380,30.037,24.674
65.576,70.058,30.037,24.674
64.392,70.596,30.037,24.674
63.424,69.412,30.037,24.674
64.177,68.874,30.037,24.674
62.133,68.337,30.037,24.674
61.165,68.014,30.037,24.674
61.703,67.261,30.037,24.674
59.920,66.207,30.702,25.220
61.130,65.657,30.702,25.220
60.580,65.767,30.702,25.220
61.349,64.557,30.702,25.220
60.140,64.667,30.702,25.220
61.569,63.898,30.702,25.220
60.580,62.688,30.702,25.220
60.910,63.458,30.702,25.220
60.580,62.249,30.702,25.220
60.250,61.919,30.702,25.220
59.700,61.149,30.702,25.220
60.250,60.819,30.702,25.220
58.821,61.589,30.702,25.220
59.150,60.379,30.702,25.220
57.721,59.390,30.702,25.220
58.491,59.500,30.702,25.220
57.501,58.730,30.702,25.220
57.611,58.620,30.702,25.220
56.841,58.730,30.702,25.220
57.171,58.620,30.702,25.220
56.402,57.851,30.702,25.220
56.732,57.521,30.702,25.220
56.402,56.531,30.702,25.220
55.632,55.762,30.702,25.220
56.622,56.311,30.702,25.220
56.951,54.882,30.702,25.220
57.061,54.772,30.702,25.220
56.951,53.563,30.702,25.220
57.385,52.878,30.047,24.682
57.492,53.200,30.047,24.682
56.524,52.017,30.047,24.682
56.201,52.985,30.047,24.682
56.954,52.878,30.047,24.682
55.771,51.694,30.047,24.682
55.017,50.941,30.047,24.682
56.479,51.723,29.407,24.155
55.531,50.775,29.407,24.155
55.426,50.248,29.407,24.155
54.688,48.879,29.407,24.155
55.426,49.827,29.407,24.155
54.899,48.458,29.407,24.155
55.426,48.563,29.407,24.155
54.478,47.826,29.407,24.155
55.705,47.373,28.779,23.640
55.396,47.270,28.779,23.640
56.117,46.961,28.779,23.640
56.014,47.476,28.779,23.640
55.705,45.724,28.779,23.640
55.602,45.415,28.779,23.640
56.529,44.281,28.779,23.640
56.426,44.384,28.779,23.640
57.031,44.140,28.166,23.136
55.720,44.240,28.166,23.136
56.895,44.195,27.565,22.643
56.402,43.504,27.565,22.643
55.908,44.195,27.565,22.643
56.402,43.110,27.565,22.643
55.316,43.011,27.565,22.643
54.625,42.122,27.565,22.643
53.736,41.431,27.565,22.643
53.045,41.135,27.565,22.643
52.749,40.049,27.565,22.643
52.256,39.951,27.565,22.643
51.565,39.457,27.565,22.643
50.479,39.951,27.565,22.643
50.183,39.260,27.565,22.643
50.676,39.556,27.565,22.643
49.788,39.852,27.565,22.643
50.084,38.569,27.565,22.643
49.393,39.457,27.565,22.643
48.307,38.371,27.565,22.643
48.998,37.680,27.565,22.643
49.689,36.989,27.565,22.643
48.406,36.891,27.565,22.643
48.899,36.200,27.565,22.643
49.859,37.107,26.977,22.160
48.410,36.238,26.977,22.160
49.086,36.721,26.977,22.160
47.830,36.624,26.977,22.160
46.575,36.334,26.977,22.160
44.773,36.590,27.574,22.650
43.291,36.689,27.574,22.650
41.415,35.405,27.574,22.650
41.119,36.491,27.574,22.650
39.277,35.319,28.184,23.151
37.763,36.227,28.184,23.151
38.268,35.521,28.184,23.151
36.754,35.016,28.184,23.151
37.057,35.722,28.184,23.151
35.341,35.016,28.184,23.151
35.845,35.722,28.184,23.151
36.148,35.218,28.184,23.151
34.029,36.530,28.184,23.151
33.322,35.420,28.184,23.151
33.625,36.732,28.184,23.151
33.726,36.025,28.184,23.151
33.734,37.148,27.583,22.658
32.845,36.654,27.583,22.658
32.352,37.938,27.583,22.658
31.067,37.444,27.583,22.658
31.759,38.728,27.583,22.658
30.870,37.642,27.583,22.658
30.178,39.321,27.583,22.658
29.806,40.610,26.995,22.174
28.510,41.498,26.419,21.702
29.172,40.836,26.419,21.702
28.815,41.888,25.856,21.239
29.359,42.740,25.304,20.786
28.668,42.699,24.765,20.343
29.111,43.497,24.765,20.343
29.555,42.699,24.765,20.343
28.934,43.497,24.765,20.343
29.200,44.118,24.765,20.343
27.870,44.739,24.765,20.343
28.668,45.537,24.765,20.343
27.566,44.484,25.313,20.793
28.200,45.844,25.313,20.793
27.747,47.022,25.313,20.793
28.690,48.015,25.873,21.253
28.412,48.293,25.873,21.253
28.134,48.571,25.873,21.253
27.115,48.849,25.873,21.253
26.732,49.671,26.445,21.723
27.016,49.766,26.445,21.723
26.543,50.239,26.445,21.723
26.638,49.387,26.445,21.723
26.353,50.429,26.445,21.723
25.691,51.470,26.445,21.723
25.406,52.133,26.445,21.723
25.232,53.552,25.881,21.260
24.954,52.903,25.881,21.260
26.159,53.922,25.881,21.260
25.631,53.881,25.329,20.806
25.289,54.540,24.789,20.363
17.767,52.960,24.261,19.928
16.637,53.568,24.261,19.928
17.147,54.032,23.743,19.503
16.042,53.947,23.743,19.503
16.637,55.052,23.743,19.503
15.169,55.834,23.237,19.087
15.918,56.250,23.237,19.087
15.925,56.213,22.741,18.680
16.169,57.109,22.741,18.680
15.548,58.486,22.256,18.282
16.585,57.928,22.256,18.282
17.461,57.210,22.256,18.282
16.140,58.083,22.749,18.687
17.688,57.676,22.749,18.687
17.932,58.409,22.749,18.687
18.666,59.631,22.749,18.687
19.236,60.527,22.749,18.687
19.806,60.283,22.749,18.687
20.214,61.016,22.749,18.687
21.110,60.772,22.749,18.687
21.517,61.342,22.749,18.687
21.924,61.912,22.749,18.687
22.006,61.505,22.749,18.687
22.576,62.727,22.749,18.687
23.472,62.156,22.749,18.687
23.391,63.216,22.749,18.687
22.927,62.865,22.264,18.288
24.317,64.213,21.789,17.898
24.863,65.071,21.789,17.898
25.253,65.617,21.789,17.898
26.424,66.008,21.789,17.898
26.814,67.022,21.789,17.898
26.111,67.412,21.789,17.898
26.814,67.802,21.789,17.898
27.873,67.617,21.324,17.516
27.186,68.457,21.324,17.516
28.331,68.686,21.324,17.516
29.782,69.526,21.324,17.516
30.622,69.755,21.324,17.516
31.768,69.526,21.324,17.516
32.761,70.672,21.324,17.516
33.601,71.664,21.324,17.516
33.127,71.708,21.796,17.904
32.481,71.753,22.278,18.300
33.973,72.461,22.771,18.705
35.196,73.032,22.771,18.705
35.441,72.298,22.771,18.705
36.175,73.195,22.771,18.705
36.582,73.603,22.771,18.705
37.316,74.337,22.771,18.705
38.050,74.908,22.771,18.705
37.479,74.174,22.771,18.705
39.029,75.397,22.771,18.705
39.600,76.131,22.771,18.705
40.823,76.865,22.771,18.705
41.068,76.946,22.771,18.705
41.312,77.028,22.771,18.705
42.046,77.273,22.771,18.705
42.454,77.680,22.771,18.705
43.188,77.436,22.771,18.705
44.248,78.822,22.771,18.705
44.329,77.925,22.771,18.705
45.716,78.985,22.771,18.705
46.733,79.878,23.275,19.119
47.946,80.272,23.790,19.542
47.860,79.335,23.790,19.542
49.138,80.272,23.790,19.542
49.671,81.028,24.316,19.974
50.803,80.593,24.316,19.974
51.935,81.376,24.316,19.974
50.977,80.941,24.316,19.974
52.109,82.073,24.316,19.974
52.893,81.115,24.316,19.974
53.676,81.899,24.316,19.974
54.460,82.683,24.316,19.974
55.070,83.118,24.316,19.974
55.505,82.683,24.316,19.974
57.160,84.163,24.316,19.974
56.724,83.553,24.316,19.974
58.553,84.685,24.316,19.974
59.337,85.643,24.316,19.974
59.946,86.079,24.316,19.974
60.033,85.469,24.316,19.974
60.120,86.079,24.316,19.974
61.078,85.992,24.316,19.974
62.036,87.124,24.316,19.974
63.168,86.688,24.316,19.974
65.345,88.517,24.316,19.974
64.805,87.483,24.854,20.416
66.470,88.458,25.404,20.868
67.470,89.458,25.404,20.868
69.017,90.277,25.404,20.868
70.564,90.550,25.404,20.868
71.928,91.369,25.404,20.868
73.111,91.096,25.404,20.868
73.384,91.187,25.404,20.868
73.952,90.484,25.966,21.329
75.347,91.135,25.966,21.329
75.812,91.972,25.966,21.329
76.277,91.693,25.966,21.329
77.300,92.530,25.966,21.329
79.067,92.809,25.966,21.329
80.462,93.646,25.966,21.329
82.586,94.278,26.541,21.801
83.772,93.938,27.128,22.284
82.968,93.389,27.728,22.777
84.656,94.879,27.728,22.777
85.550,94.382,27.728,22.777
86.840,95.475,27.728,22.777
87.337,95.375,27.728,22.777
88.032,95.673,27.728,22.777
90.316,94.780,27.728,22.777
92.004,95.872,27.728,22.777
93.096,95.773,27.728,22.777
94.784,96.468,27.728,22.777
96.274,97.560,27.728,22.777
97.100,97.617,28.342,23.281
98.014,97.516,28.342,23.281
99.333,97.414,28.342,23.281
100.247,97.313,28.342,23.281
102.175,97.414,28.342,23.281
103.698,97.516,28.342,23.281
104.964,97.363,28.969,23.796
105.067,98.090,28.969,23.796
106.146,97.719,29.610,24.322
109.221,98.249,29.610,24.322
112.296,99.415,29.610,24.322
113.839,98.376,30.265,24.860
113.842,99.113,30.934,25.410
114.617,99.667,30.934,25.410
115.614,99.335,30.934,25.410
116.611,98.781,30.934,25.410
118.051,99.778,30.934,25.410
118.605,99.445,30.934,25.410
119.602,99.113,30.934,25.410
121.264,100.110,30.934,25.410
124.034,99.556,30.934,25.410
124.144,99.002,30.934,25.410
126.914,99.556,30.934,25.410
129.462,99.002,30.934,25.410
131.788,99.778,30.934,25.410
131.456,99.224,30.934,25.410
133.782,99.999,30.934,25.410
134.779,99.445,30.934,25.410
136.220,98.670,30.934,25.410
138.546,99.224,30.934,25.410
137.770,99.999,30.934,25.410
140.540,99.445,30.934,25.410
143.310,98.670,30.934,25.410
146.522,99.002,30.934,25.410
150.843,97.784,30.934,25.410
150.289,97.895,30.934,25.410
153.058,96.898,30.934,25.410
152.504,97.895,30.934,25.410
154.609,97.119,30.934,25.410
151.624,98.332,31.619,25.973
152.331,97.457,32.318,26.547
154.067,96.416,32.318,26.547
154.646,95.837,32.318,26.547
155.456,96.184,32.318,26.547
157.192,94.911,32.318,26.547
164.118,93.521,31.629,25.981
164.005,92.955,31.629,25.981
166.198,94.651,30.955,25.427
164.757,95.649,30.955,25.427
166.198,95.538,30.955,25.427
166.753,94.983,30.955,25.427
168.637,95.981,30.955,25.427
165.866,94.762,30.955,25.427
167.529,93.542,30.955,25.427
168.970,92.988,30.955,25.427
170.854,93.986,30.955,25.427
172.360,93.509,30.295,24.885
171.912,94.022,30.965,25.435
171.224,92.475,31.650,25.998
169.345,91.129,32.350,26.573
170.156,90.549,32.350,26.573
170.640,90.135,33.066,27.161
171.706,90.017,33.066,27.161
172.061,88.951,33.066,27.161
172.179,87.412,33.066,27.161
172.771,87.056,33.066,27.161
173.126,87.175,33.066,27.161
173.482,87.293,33.066,27.161
172.010,86.133,33.798,27.762
172.857,84.801,33.798,27.762
172.107,83.364,34.545,28.377
171.983,82.498,34.545,28.377
171.473,83.596,35.310,29.004
171.346,81.952,35.310,29.004
171.473,82.332,35.310,29.004
171.599,81.699,35.310,29.004
171.473,80.814,35.310,29.004
170.082,80.688,35.310,29.004
170.714,80.561,35.310,29.004
169.930,79.585,36.091,29.646
169.284,79.455,36.091,29.646
169.930,79.068,36.091,29.646
170.318,78.163,36.091,29.646
170.329,78.105,35.321,29.014
171.214,77.726,35.321,29.014
170.076,76.587,35.321,29.014
169.949,75.702,35.321,29.014
169.317,75.828,35.321,29.014
168.431,75.702,35.321,29.014
166.787,75.575,35.321,29.014
168.505,76.494,34.568,28.395
166.400,75.133,34.568,28.395
165.781,75.504,34.568,28.395
164.667,73.895,34.568,28.395
162.562,74.018,34.568,28.395
160.253,72.805,35.333,29.023
158.355,72.426,35.333,29.023
156.457,73.311,35.333,29.023
155.148,71.546,36.115,29.666
155.536,72.193,36.115,29.666
153.660,70.120,36.914,30.322
151.942,70.517,36.914,30.322
151.281,70.649,36.914,30.322
151.677,70.253,36.914,30.322
148.901,69.327,36.914,30.322
147.893,70.033,36.126,29.675
146.907,69.726,35.356,29.042
145.514,68.586,35.356,29.042
146.653,68.206,35.356,29.042
145.514,69.346,35.356,29.042
143.678,67.842,36.138,29.685
142.254,67.713,36.138,29.685
140.377,67.519,36.938,30.342
142.097,67.916,36.938,30.342
139.319,66.725,36.938,30.342
137.600,67.386,36.938,30.342
135.407,65.816,37.755,31.013
133.649,67.033,37.755,31.013
131.351,65.545,37.755,31.013
131.486,66.762,37.755,31.013
129.806,65.157,38.590,31.699
127.420,65.628,37.767,31.023
124.850,65.763,37.767,31.023
122.551,65.087,37.767,31.023
121.259,64.766,36.962,30.362
122.185,65.692,36.962,30.362
120.155,64.613,36.174,29.714
118.730,64.483,36.174,29.714
119.740,63.676,35.402,29.081
118.092,62.789,35.402,29.081
120.303,63.710,34.647,28.460
118.690,64.082,34.647,28.460
116.829,62.965,34.647,28.460
118.992,64.584,33.909,27.853
114.013,62.763,33.909,27.853
116.563,63.613,33.909,27.853
111.099,62.277,33.909,27.853
109.277,62.884,33.909,27.853
111.099,62.277,33.909,27.853
105.391,61.670,33.909,27.853
103.295,62.552,33.185,27.259
104.365,61.482,33.185,27.259
102.344,61.126,33.185,27.259
103.271,61.531,32.478,26.678
101.992,60.950,32.478,26.678
102.340,60.368,32.478,26.678
100.828,60.717,32.478,26.678
101.735,61.338,31.785,26.109
99.345,60.996,31.785,26.109
99.914,60.427,31.785,26.109
97.296,59.858,31.785,26.109
96.271,58.606,31.785,26.109
96.385,57.809,31.785,26.109
95.816,58.151,31.785,26.109
94.564,58.037,31.785,26.109
95.589,57.923,31.785,26.109
94.792,57.354,31.785,26.109
93.995,58.151,31.785,26.109
92.288,57.126,31.785,26.109
89.897,56.329,31.785,26.109
88.873,56.671,31.785,26.109
87.393,55.419,31.785,26.109
85.685,55.760,31.785,26.109
83.067,54.053,31.785,26.109
82.271,54.167,31.785,26.109
82.612,54.508,31.785,26.109
81.588,53.256,31.785,26.109
82.612,54.053,31.785,26.109
81.132,53.256,31.785,26.109
80.108,52.914,31.785,26.109
79.539,52.345,31.785,26.109
78.742,52.914,31.785,26.109
77.035,51.890,31.785,26.109
77.376,51.549,31.785,26.109
76.352,50.296,31.785,26.109
77.020,51.123,31.107,25.552
75.571,50.121,31.107,25.552
76.128,50.232,31.107,25.552
75.126,50.344,31.107,25.552
75.014,50.678,31.107,25.552
74.012,50.121,31.107,25.552
73.455,49.564,31.107,25.552
72.898,50.121,31.107,25.552
71.450,49.118,31.107,25.552
70.670,49.230,31.107,25.552
69.222,48.227,31.107,25.552
66.882,47.002,31.107,25.552
66.462,46.737,30.444,25.008
65.481,46.628,30.444,25.008
64.936,46.083,30.444,25.008
64.173,46.846,30.444,25.008
63.628,46.083,30.444,25.008
63.955,45.756,30.444,25.008
62.973,44.993,30.444,25.008
62.646,45.320,30.444,25.008
63.917,45.061,29.795,24.474
62.743,43.887,29.795,24.474
63.575,43.634,29.159,23.952
63.181,44.594,28.538,23.442
63.897,44.492,28.538,23.442
63.590,44.185,28.538,23.442
62.670,43.470,28.538,23.442
61.751,43.572,28.538,23.442
61.035,43.470,28.538,23.442
61.955,43.776,28.538,23.442
60.626,43.470,28.538,23.442
59.093,42.959,28.538,23.442
57.765,41.630,28.538,23.442
56.789,41.979,27.929,22.942
56.088,42.079,27.929,22.942
55.388,40.578,27.929,22.942
55.288,40.478,27.929,22.942
53.988,39.978,27.929,22.942
53.488,40.478,27.929,22.942
54.388,39.778,27.929,22.942
53.088,39.878,27.929,22.942
52.188,39.378,27.929,22.942
52.196,38.755,27.333,22.452
51.120,38.266,27.333,22.452
52.071,39.166,26.750,21.974
53.003,38.938,26.180,21.505
51.409,37.907,26.180,21.505
52.502,38.407,25.622,21.046
52.686,39.251,25.075,20.598
52.175,38.518,24.541,20.158
51.560,38.255,24.541,20.158
50.593,39.046,24.541,20.158
48.747,38.431,24.541,20.158
47.605,37.640,24.541,20.158
46.111,37.903,24.541,20.158
45.320,38.167,24.541,20.158
43.681,37.123,25.084,20.604
42.872,37.932,25.084,20.604
41.704,37.303,25.084,20.604
41.255,36.674,25.084,20.604
40.267,37.123,25.084,20.604
40.537,37.393,25.084,20.604
39.728,36.405,25.084,20.604
40.716,36.315,25.084,20.604
38.854,36.553,25.638,21.060
37.110,36.094,25.638,21.060
35.733,35.084,25.638,21.060
34.539,34.808,25.638,21.060
35.549,35.635,25.638,21.060
34.027,34.354,26.206,21.526
34.684,35.011,26.206,21.526
33.464,34.354,26.206,21.526
32.432,35.198,26.206,21.526
31.024,34.542,26.206,21.526
32.432,35.198,26.206,21.526
30.461,35.105,26.206,21.526
29.241,35.198,26.206,21.526
28.021,34.729,26.206,21.526
27.364,35.574,26.206,21.526
26.144,35.292,26.206,21.526
24.548,34.635,26.206,21.526
22.765,35.105,26.206,21.526
22.859,34.448,26.206,21.526
22.015,35.668,26.206,21.526
23.108,36.711,25.647,21.067
24.001,36.316,25.100,20.618
23.836,35.756,24.565,20.178
25.539,36.565,24.041,19.748
24.936,36.996,24.041,19.748
24.678,36.048,24.041,19.748
25.681,37.172,23.528,19.327
25.934,36.414,23.528,19.327
25.616,36.863,23.026,18.915
25.204,37.770,23.026,18.915
24.957,38.183,23.026,18.915
25.699,37.276,23.026,18.915
25.122,38.348,23.026,18.915
24.215,39.584,23.026,18.915
26.288,41.614,22.535,18.511
21.204,40.727,22.535,18.511
19.531,41.610,23.034,18.921
18.848,40.288,23.544,19.339
18.090,41.553,23.544,19.339
19.017,42.649,23.544,19.339
17.078,44.082,23.544,19.339
18.174,43.830,23.544,19.339
17.247,44.757,23.544,19.339
16.024,43.931,24.065,19.767
16.282,45.051,24.065,19.767
17.287,46.840,23.551,19.346
17.877,46.250,23.551,19.346
17.884,47.838,23.049,18.933
18.627,48.581,23.049,18.933
18.316,48.385,22.558,18.529
19.569,49.906,22.077,18.134
19.964,50.934,22.077,18.134
18.778,50.064,22.077,18.134
20.004,51.096,21.606,17.748
21.010,52.102,21.606,17.748
21.242,52.179,21.606,17.748
20.081,51.792,21.606,17.748
20.933,53.262,21.606,17.748
21.165,53.959,21.606,17.748
21.552,55.119,21.606,17.748
20.700,55.351,21.606,17.748
21.087,54.964,21.606,17.748
19.965,55.651,22.084,18.140
20.203,56.363,22.084,18.140
20.440,55.968,22.084,18.140
20.835,56.205,22.084,18.140
21.863,56.758,22.084,18.140
21.718,57.485,21.613,17.753
22.724,58.182,21.613,17.753
22.492,57.640,21.613,17.753
22.879,58.956,21.613,17.753
23.420,60.117,21.613,17.753
23.343,60.968,21.613,17.753
23.575,61.510,21.613,17.753
23.807,60.814,21.613,17.753
24.194,61.510,21.613,17.753
23.343,61.123,21.613,17.753
23.885,62.284,21.613,17.753
24.117,62.052,21.613,17.753
24.504,63.368,21.613,17.753
24.185,64.055,22.091,18.146
23.156,64.292,22.091,18.146
23.158,64.994,22.580,18.548
23.562,65.722,22.580,18.548
22.893,66.440,23.079,18.958
23.238,67.345,23.590,19.377
22.013,66.517,24.112,19.806
23.308,67.812,24.112,19.806
23.740,67.207,24.112,19.806
23.204,67.615,24.645,20.244
23.939,68.582,25.191,20.692
24.390,68.853,25.191,20.692
25.202,70.206,25.191,20.692
25.653,69.574,25.191,20.692
26.285,70.567,25.191,20.692
26.736,71.739,25.191,20.692
27.367,72.551,25.191,20.692
26.555,72.822,25.191,20.692
27.006,73.273,25.191,20.692
26.194,72.281,25.191,20.692
26.645,73.634,25.191,20.692
27.277,75.348,25.191,20.692
28.502,77.047,24.653,20.251
29.020,77.688,24.128,19.819
27.409,78.634,24.662,20.258
27.673,79.959,24.662,20.258
28.292,81.637,24.662,20.258
28.810,83.130,24.136,19.826
28.205,84.081,24.136,19.826
28.637,83.303,24.136,19.826
27.859,84.254,24.136,19.826
28.983,83.648,24.136,19.826
29.761,83.216,24.136,19.826
30.193,84.686,24.136,19.826
30.971,85.291,24.136,19.826
30.712,86.069,24.136,19.826
30.971,87.019,24.136,19.826
31.749,87.452,24.136,19.826
32.110,88.039,24.670,20.264
32.728,89.011,24.670,20.264
32.286,89.099,24.670,20.264
31.491,89.895,24.670,20.264
31.860,89.945,25.215,20.713
32.131,91.481,25.215,20.713
30.957,91.932,25.215,20.713
31.334,93.296,25.773,21.171
31.910,94.306,26.344,21.639
32.304,95.339,26.926,22.118
32.786,96.786,26.926,22.118
33.268,96.111,26.926,22.118
33.365,97.171,26.926,22.118
34.488,96.943,26.352,21.646
33.073,97.603,26.352,21.646
34.300,98.830,26.352,21.646
35.715,98.736,26.352,21.646
35.055,98.264,26.352,21.646
36.281,99.679,26.352,21.646
37.067,100.321,26.935,22.125
37.356,102.154,26.935,22.125
38.159,103.210,27.531,22.615
38.652,102.914,27.531,22.615
38.751,103.802,27.531,22.615
39.441,103.900,27.531,22.615
38.751,105.182,27.531,22.615
38.958,106.466,28.140,23.115
39.169,105.688,28.763,23.627
39.684,106.409,28.763,23.627
38.618,107.537,29.399,24.149
39.494,108.908,30.050,24.684
40.463,110.737,30.050,24.684
41.358,111.916,30.715,25.230
40.369,111.366,30.715,25.230
41.056,112.570,31.394,25.788
42.068,112.907,31.394,25.788
42.855,114.144,31.394,25.788
42.967,113.132,31.394,25.788
43.529,113.919,31.394,25.788
44.541,115.381,31.394,25.788
46.003,115.943,31.394,25.788
47.914,117.180,31.394,25.788
48.476,117.292,31.394,25.788
47.079,117.124,32.089,26.359
47.883,118.847,32.089,26.359
48.363,119.629,32.799,26.942
49.420,120.921,32.799,26.942
49.772,122.213,32.799,26.942
50.360,120.921,32.799,26.942
50.712,122.683,32.799,26.942
51.534,123.975,32.799,26.942
52.357,125.502,32.799,26.942
51.534,124.444,32.799,26.942
53.296,126.676,32.799,26.942
54.823,128.673,32.799,26.942
56.115,130.670,32.799,26.942
55.058,131.022,32.799,26.942
56.585,131.609,32.799,26.942
56.702,131.022,32.799,26.942
57.525,132.549,32.799,26.942
58.582,132.197,32.799,26.942
59.874,133.254,32.799,26.942
59.389,132.103,33.524,27.538
59.890,133.916,34.266,28.147
61.485,135.511,34.266,28.147
63.081,136.861,34.266,28.147
63.593,137.950,35.024,28.770
64.220,139.329,35.024,28.770
63.593,138.451,35.024,28.770
64.973,140.082,35.024,28.770
66.352,141.713,35.024,28.770
66.729,142.340,35.024,28.770
68.108,143.719,35.024,28.770
67.481,144.096,35.024,28.770
68.525,144.949,35.799,29.406
67.884,146.872,35.799,29.406
70.064,148.538,35.799,29.406
71.474,149.949,35.799,29.406
70.320,149.564,35.799,29.406
71.919,151.234,36.591,30.057
73.361,152.937,36.591,30.057
74.278,151.758,36.591,30.057
74.933,153.199,36.591,30.057
76.567,154.091,37.401,30.722
76.434,153.957,37.401,30.722
77.907,155.698,37.401,30.722
79.300,157.164,38.228,31.402
81.575,158.379,39.074,32.097
81.156,157.400,39.074,32.097
83.814,159.219,39.074,32.097
85.269,161.332,39.939,32.807
86.843,162.905,39.939,32.807
85.659,161.504,40.822,33.533
87.267,163.112,40.822,33.533
89.168,165.012,40.822,33.533
90.483,166.328,40.822,33.533
92.676,167.351,40.822,33.533
91.360,166.620,40.822,33.533
94.430,169.398,40.822,33.533
96.254,170.999,41.725,34.275
98.794,173.240,41.725,34.275
99.728,174.566,42.649,35.033
99.098,173.070,43.592,35.808
101.439,175.723,43.592,35.808
102.532,176.192,43.592,35.808
103.937,175.723,43.592,35.808
106.279,177.753,43.592,35.808
107.996,179.158,43.592,35.808
111.899,179.939,43.592,35.808
112.367,180.719,43.592,35.808
113.666,181.781,44.557,36.600
116.698,181.621,44.557,36.600
117.815,183.376,44.557,36.600
118.481,184.461,45.543,37.410
120.177,183.878,46.550,38.238
122.602,185.012,47.580,39.084
124.817,184.841,47.580,39.084
125.329,187.397,47.580,39.084
125.840,186.205,47.580,39.084
128.055,188.420,47.580,39.084
130.611,189.953,47.580,39.084
133.848,192.509,47.580,39.084
133.678,191.657,47.580,39.084
136.915,193.191,47.580,39.084
139.130,193.020,47.580,39.084
142.368,194.895,47.580,39.084
145.605,196.769,47.580,39.084
145.094,195.917,47.580,39.084
147.991,197.110,47.580,39.084
150.547,195.917,47.580,39.084
153.784,198.132,47.580,39.084
152.932,197.280,47.580,39.084
156.510,198.132,47.580,39.084
160.770,198.303,47.580,39.084
163.326,199.495,47.580,39.084
167.586,200.006,47.580,39.084
171.164,198.814,47.580,39.084
170.107,199.972,48.633,39.948
173.765,199.102,48.633,39.948
