276.000,161.000,73.000,74.000
278.026,160.711,73.000,74.000
279.920,160.192,74.615,75.637
283.765,159.896,74.615,75.637
286.427,159.009,74.615,75.637
289.089,159.305,74.615,75.637
293.525,159.009,74.615,75.637
296.779,159.305,74.615,75.637
300.624,159.601,74.615,75.637
303.286,160.488,74.615,75.637
305.356,160.784,74.615,75.637
307.427,159.305,74.615,75.637
308.906,157.235,74.615,75.637
309.793,152.206,74.615,75.637
311.272,145.995,74.615,75.637
312.159,140.376,74.615,75.637
313.638,137.714,74.615,75.637
313.342,138.601,74.615,75.637
313.046,141.263,74.615,75.637
312.750,144.516,74.615,75.637
311.863,147.178,74.615,75.637
311.567,148.657,74.615,75.637
310.680,150.136,74.615,75.637
310.384,150.432,74.615,75.637
310.089,151.319,74.615,75.637
309.793,152.798,74.615,75.637
308.314,153.685,74.615,75.637
306.835,155.164,74.615,75.637
307.131,157.235,74.615,75.637
307.427,158.713,74.615,75.637
306.539,159.601,74.615,75.637
306.244,161.080,74.615,75.637
305.356,161.375,74.615,75.637
305.652,161.671,74.615,75.637
305.356,161.967,74.615,75.637
304.469,160.488,74.615,75.637
303.582,160.784,74.615,75.637
302.694,159.896,74.615,75.637
302.399,161.375,74.615,75.637
300.920,163.446,74.615,75.637
300.032,165.516,74.615,75.637
299.737,167.587,74.615,75.637
299.441,169.065,74.615,75.637
299.737,169.953,74.615,75.637
300.032,170.840,74.615,75.637
300.920,171.136,74.615,75.637
301.216,171.432,74.615,75.637
301.511,171.727,74.615,75.637
301.807,170.840,74.615,75.637
302.103,171.136,74.615,75.637
301.807,172.023,74.615,75.637
300.920,172.319,74.615,75.637
300.624,173.206,74.615,75.637
299.737,173.502,74.615,75.637
300.032,173.798,74.615,75.637
299.737,173.502,74.615,75.637
299.441,174.389,74.615,75.637
299.145,175.277,74.615,75.637
299.441,176.164,74.615,75.637
298.554,177.051,74.615,75.637
298.849,177.939,74.615,75.637
299.145,179.417,74.615,75.637
300.624,180.896,74.615,75.637
300.920,178.826,74.615,75.637
302.990,176.755,74.615,75.637
304.469,174.094,74.615,75.637
304.173,172.023,74.615,75.637
305.061,171.727,74.615,75.637
304.765,171.432,74.615,75.637
304.469,174.094,74.615,75.637
304.173,178.530,74.615,75.637
305.061,185.924,74.615,75.637
305.356,191.544,74.615,75.637
304.469,196.572,74.615,75.637
304.173,196.868,74.615,75.637
302.427,195.111,76.266,77.311
300.916,194.204,76.266,77.311
300.009,194.506,76.266,77.311
298.497,197.227,76.266,77.311
296.986,199.948,76.266,77.311
295.474,202.064,76.266,77.311
293.962,204.785,76.266,77.311
293.055,207.505,76.266,77.311
292.149,209.622,76.266,77.311
291.846,211.738,76.266,77.311
290.939,212.645,76.266,77.311
289.155,210.849,77.953,79.021
288.228,208.686,77.953,79.021
287.045,204.285,79.678,80.770
286.729,202.074,79.678,80.770
286.413,200.495,79.678,80.770
286.729,198.916,79.678,80.770
285.781,197.968,79.678,80.770
285.466,197.021,79.678,80.770
285.150,196.705,79.678,80.770
285.466,195.125,79.678,80.770
285.781,193.546,79.678,80.770
286.097,193.230,79.678,80.770
287.045,192.915,79.678,80.770
287.992,193.862,79.678,80.770
288.940,194.178,79.678,80.770
289.887,193.862,79.678,80.770
290.203,194.810,79.678,80.770
291.151,195.125,79.678,80.770
292.098,193.546,79.678,80.770
292.414,193.230,79.678,80.770
292.730,192.283,79.678,80.770
293.046,191.967,79.678,80.770
293.361,192.283,79.678,80.770
293.677,191.335,79.678,80.770
293.361,191.020,79.678,80.770
294.309,191.967,79.678,80.770
293.993,191.020,79.678,80.770
293.677,190.704,79.678,80.770
293.361,189.756,79.678,80.770
293.677,188.809,79.678,80.770
293.361,189.125,79.678,80.770
293.677,188.809,79.678,80.770
293.361,189.125,79.678,80.770
294.309,189.440,79.678,80.770
294.625,189.756,79.678,80.770
294.941,189.440,79.678,80.770
294.625,188.493,79.678,80.770
295.572,188.809,79.678,80.770
294.363,188.243,81.441,82.557
293.395,187.920,81.441,82.557
293.072,187.597,81.441,82.557
293.395,188.566,81.441,82.557
293.072,188.889,81.441,82.557
293.395,187.920,81.441,82.557
293.072,187.597,81.441,82.557
294.040,187.920,81.441,82.557
293.717,186.306,81.441,82.557
293.395,186.629,81.441,82.557
293.072,186.306,81.441,82.557
294.040,184.692,81.441,82.557
293.718,184.369,81.441,82.557
293.395,182.755,81.441,82.557
293.072,181.786,81.441,82.557
293.395,181.463,81.441,82.557
293.072,181.786,81.441,82.557
293.395,180.172,81.441,82.557
292.426,179.204,81.441,82.557
292.103,178.881,81.441,82.557
291.781,177.267,81.441,82.557
291.458,176.944,81.441,82.557
291.135,175.330,81.441,82.557
292.103,174.361,81.441,82.557
290.868,172.443,83.243,84.383
291.198,172.773,83.243,84.383
291.527,172.443,83.243,84.383
290.538,171.453,83.243,84.383
290.868,171.123,83.243,84.383
290.289,170.532,85.085,86.250
289.952,170.195,85.085,86.250
290.289,171.881,85.085,86.250
289.952,171.544,85.085,86.250
290.964,172.556,85.085,86.250
289.952,172.893,85.085,86.250
290.964,174.579,85.085,86.250
289.952,174.242,85.085,86.250
290.964,175.928,85.085,86.250
289.952,174.917,85.085,86.250
290.964,174.579,85.085,86.250
289.952,174.242,85.085,86.250
290.964,173.905,85.085,86.250
289.277,172.893,85.085,86.250
288.940,171.207,85.085,86.250
289.277,170.195,85.085,86.250
287.591,169.183,85.085,86.250
287.928,168.171,85.085,86.250
287.591,167.159,85.085,86.250
286.579,167.497,85.085,86.250
286.242,166.485,85.085,86.250
285.230,168.171,85.085,86.250
284.893,167.834,85.085,86.250
284.301,167.930,86.967,88.158
283.957,168.964,86.967,88.158
284.301,168.619,86.967,88.158
283.957,170.343,86.967,88.158
284.991,172.066,86.967,88.158
284.646,171.032,86.967,88.158
284.301,174.824,86.967,88.158
284.646,173.101,86.967,88.158
283.612,175.514,86.967,88.158
285.335,173.790,86.967,88.158
283.612,176.203,86.967,88.158
285.335,175.169,86.967,88.158
284.301,174.824,86.967,88.158
284.646,174.480,86.967,88.158
284.991,173.445,86.967,88.158
285.335,172.411,86.967,88.158
284.991,173.445,86.967,88.158
286.025,170.343,86.967,88.158
285.680,169.998,86.967,88.158
286.506,166.519,88.891,90.109
288.268,166.872,88.891,90.109
287.916,169.338,88.891,90.109
288.268,168.281,88.891,90.109
290.735,169.338,88.891,90.109
290.382,171.805,88.891,90.109
293.554,171.452,88.891,90.109
293.201,173.919,88.891,90.109
294.963,173.566,88.891,90.109
295.315,176.033,88.891,90.109
296.373,174.271,88.891,90.109
296.725,176.033,88.891,90.109
295.668,174.271,88.891,90.109
294.611,175.328,88.891,90.109
294.258,174.271,88.891,90.109
293.906,173.214,88.891,90.109
292.849,172.862,88.891,90.109
291.792,171.805,88.891,90.109
290.735,171.452,88.891,90.109
290.382,170.395,88.891,90.109
290.030,168.633,88.891,90.109
288.973,167.576,88.891,90.109
288.621,166.519,88.891,90.109
287.564,164.053,88.891,90.109
288.621,160.881,88.891,90.109
287.564,159.120,88.891,90.109
286.507,155.948,88.891,90.109
286.859,153.482,88.891,90.109
285.802,152.425,88.891,90.109
286.859,151.368,88.891,90.109
284.779,151.468,90.858,92.103
284.147,147.833,92.868,94.140
285.988,151.146,92.868,94.140
284.147,145.624,92.868,94.140
287.460,148.937,92.868,94.140
284.884,142.679,92.868,94.140
288.197,145.256,92.868,94.140
284.147,139.734,92.868,94.140
284.266,140.603,94.923,96.223
282.384,135.711,94.923,96.223
281.256,132.325,94.923,96.223
280.879,130.443,94.923,96.223
280.503,127.057,94.923,96.223
279.374,128.186,94.923,96.223
278.245,124.047,94.923,96.223
277.117,125.175,94.923,96.223
276.740,123.294,94.923,96.223
275.612,124.423,94.923,96.223
274.483,120.284,94.923,96.223
274.106,122.918,94.923,96.223
272.978,119.531,94.923,96.223
272.601,121.413,94.923,96.223
271.473,117.274,94.923,96.223
272.601,120.660,94.923,96.223
272.978,121.789,94.923,96.223
271.849,118.403,94.923,96.223
273.730,121.037,94.923,96.223
274.106,122.918,94.923,96.223
271.473,118.026,94.923,96.223
273.936,123.598,97.023,98.352
275.090,127.829,97.023,98.352
275.213,131.130,99.170,100.528
273.708,132.873,101.364,102.752
273.307,130.060,101.364,102.752
275.316,135.284,101.364,102.752
273.307,133.275,101.364,102.752
274.512,137.695,101.364,102.752
275.718,140.507,101.364,102.752
276.923,143.320,101.364,102.752
276.521,145.329,101.364,102.752
278.530,147.338,101.364,102.752
279.736,150.150,101.364,102.752
280.137,152.963,101.364,102.752
280.539,156.579,101.364,102.752
281.745,159.392,101.364,102.752
282.146,161.401,101.364,102.752
281.745,161.803,101.364,102.752
281.343,163.008,101.364,102.752
281.262,162.167,99.202,100.561
280.869,165.706,99.202,100.561
279.689,165.313,99.202,100.561
279.296,168.066,99.202,100.561
282.248,167.243,97.087,98.417
281.429,170.147,95.016,96.318
282.079,170.085,92.990,94.264
283.426,172.866,91.007,92.254
283.065,172.506,91.007,92.254
282.704,172.866,91.007,92.254
284.508,173.949,91.007,92.254
283.426,172.145,91.007,92.254
284.508,173.949,91.007,92.254
285.590,171.423,91.007,92.254
285.951,171.784,91.007,92.254
287.033,172.866,91.007,92.254
285.951,171.784,91.007,92.254
287.755,172.145,91.007,92.254
287.394,171.784,91.007,92.254
287.033,170.702,91.007,92.254
285.951,170.341,91.007,92.254
287.755,169.980,91.007,92.254
286.673,168.177,91.007,92.254
287.033,167.094,91.007,92.254
285.951,166.734,91.007,92.254
285.590,164.930,91.007,92.254
283.787,164.569,91.007,92.254
281.983,162.765,91.007,92.254
280.901,167.455,91.007,92.254
281.983,164.208,91.007,92.254
280.179,160.240,91.007,92.254
278.050,164.085,93.021,94.295
278.418,160.029,93.021,94.295
278.344,155.704,91.037,92.284
279.427,161.117,91.037,92.284
277.622,153.538,91.037,92.284
279.985,159.631,93.051,94.326
276.665,154.098,93.051,94.326
277.772,159.631,93.051,94.326
273.714,150.410,93.051,94.326
271.132,143.402,93.051,94.326
268.550,138.607,93.051,94.326
266.706,138.975,93.051,94.326
266.337,137.869,93.051,94.326
263.755,133.074,93.051,94.326
263.109,133.944,95.110,96.413
260.470,129.043,95.110,96.413
260.847,130.174,95.110,96.413
259.716,127.535,95.110,96.413
258.585,127.158,95.110,96.413
259.716,128.289,95.110,96.413
258.585,127.158,95.110,96.413
259.716,127.535,95.110,96.413
258.585,125.650,95.110,96.413
261.224,125.273,95.110,96.413
261.601,124.896,95.110,96.413
260.470,124.519,95.110,96.413
261.601,126.404,95.110,96.413
261.224,126.027,95.110,96.413
262.355,127.158,95.110,96.413
262.732,128.289,95.110,96.413
262.355,128.666,95.110,96.413
264.994,129.043,95.110,96.413
264.617,130.174,95.110,96.413
264.240,132.059,95.110,96.413
266.125,133.944,95.110,96.413
265.748,134.321,95.110,96.413
265.371,136.960,95.110,96.413
264.994,137.337,95.110,96.413
263.863,139.222,95.110,96.413
262.419,137.764,97.214,98.546
260.145,137.873,99.365,100.726
261.326,138.267,99.365,100.726
261.720,137.086,99.365,100.726
260.212,138.015,101.563,102.955
259.506,135.623,103.811,105.233
259.918,137.680,103.811,105.233
259.196,135.235,106.107,107.561
258.776,139.021,106.107,107.561
260.038,138.600,106.107,107.561
259.617,137.338,106.107,107.561
260.879,139.441,106.107,107.561
260.458,138.179,106.107,107.561
259.721,137.426,108.455,109.941
261.011,135.276,108.455,109.941
258.861,134.846,108.455,109.941
260.151,135.276,108.455,109.941
259.721,132.267,108.455,109.941
260.151,135.276,108.455,109.941
259.721,133.127,108.455,109.941
261.011,136.136,108.455,109.941
258.861,134.846,108.455,109.941
260.151,139.575,108.455,109.941
259.397,135.237,110.855,112.373
257.200,140.950,110.855,112.373
259.165,137.427,113.307,114.859
256.021,141.469,113.307,114.859
259.165,140.122,113.307,114.859
257.817,142.367,113.307,114.859
260.063,142.817,113.307,114.859
257.817,145.961,113.307,114.859
257.368,149.105,113.307,114.859
256.021,149.554,113.307,114.859
258.267,152.698,113.307,114.859
256.919,155.842,113.307,114.859
257.368,157.189,113.307,114.859
257.817,159.435,113.307,114.859
258.267,160.782,113.307,114.859
257.817,163.028,113.307,114.859
259.165,164.376,113.307,114.859
256.919,164.825,113.307,114.859
256.470,166.172,113.307,114.859
256.919,165.723,113.307,114.859
255.572,167.070,113.307,114.859
256.021,165.723,113.307,114.859
256.470,167.070,113.307,114.859
256.021,164.825,113.307,114.859
254.673,165.274,113.307,114.859
259.778,165.200,110.891,112.410
261.384,168.517,108.526,110.013
260.954,167.226,108.526,110.013
264.184,167.985,106.212,107.667
267.345,171.162,103.947,105.371
267.758,169.925,103.947,105.371
265.697,172.810,103.947,105.371
267.758,174.870,103.947,105.371
266.521,172.810,103.947,105.371
268.582,175.694,103.947,105.371
265.697,173.634,103.947,105.371
267.758,171.574,103.947,105.371
266.521,168.689,103.947,105.371
264.461,168.277,103.947,105.371
260.753,167.865,103.947,105.371
257.869,167.453,103.947,105.371
256.632,170.338,103.947,105.371
256.220,167.453,103.947,105.371
257.457,167.041,103.947,105.371
256.220,166.629,103.947,105.371
255.808,166.217,103.947,105.371
254.572,164.157,103.947,105.371
254.160,162.921,103.947,105.371
254.572,160.861,103.947,105.371
253.336,158.800,103.947,105.371
253.748,157.564,103.947,105.371
252.512,154.680,103.947,105.371
254.572,151.796,103.947,105.371
252.512,148.911,103.947,105.371
254.572,145.203,103.947,105.371
251.688,141.495,103.947,105.371
251.276,137.786,103.947,105.371
252.512,134.902,103.947,105.371
250.452,131.194,103.947,105.371
249.216,128.310,103.947,105.371
247.980,125.425,103.947,105.371
247.568,123.365,103.947,105.371
246.332,121.305,103.947,105.371
249.216,120.893,103.947,105.371
247.156,117.184,103.947,105.371
246.744,115.948,103.947,105.371
245.507,114.712,103.947,105.371
247.568,116.772,103.947,105.371
245.507,116.360,103.947,105.371
247.568,118.421,103.947,105.371
246.332,118.833,103.947,105.371
248.392,120.893,103.947,105.371
248.804,122.953,103.947,105.371
248.392,125.837,103.947,105.371
251.276,128.722,103.947,105.371
252.512,133.254,103.947,105.371
254.572,136.138,103.947,105.371
252.512,137.374,103.947,105.371
256.220,140.259,103.947,105.371
255.808,143.143,103.947,105.371
257.869,146.027,103.947,105.371
258.281,148.911,103.947,105.371
261.165,151.796,103.947,105.371
260.753,155.504,103.947,105.371
262.813,159.212,103.947,105.371
264.049,162.921,103.947,105.371
264.461,167.453,103.947,105.371
267.346,171.162,103.947,105.371
266.933,175.694,103.947,105.371
271.616,178.009,101.730,103.124
270.406,180.025,101.730,103.124
272.423,180.429,101.730,103.124
271.213,182.445,101.730,103.124
275.018,182.378,99.561,100.924
274.624,184.352,99.561,100.924
278.348,183.526,97.437,98.772
277.189,185.457,97.437,98.772
278.348,183.526,97.437,98.772
279.507,185.457,97.437,98.772
283.152,183.904,95.360,96.666
282.774,185.038,95.360,96.666
285.420,184.660,95.360,96.666
285.042,183.526,95.360,96.666
287.151,186.379,93.326,94.604
289.741,186.749,93.326,94.604
288.631,185.639,93.326,94.604
290.481,187.488,93.326,94.604
290.851,184.899,93.326,94.604
291.961,183.789,93.326,94.604
292.331,183.419,93.326,94.604
292.700,183.789,93.326,94.604
291.591,181.939,93.326,94.604
291.221,183.789,93.326,94.604
291.591,182.679,93.326,94.604
290.481,185.269,93.326,94.604
290.111,184.899,93.326,94.604
289.741,186.749,93.326,94.604
289.371,186.379,93.326,94.604
288.261,189.708,93.326,94.604
292.331,187.119,93.326,94.604
288.611,190.294,95.391,96.698
292.909,185.858,93.357,94.635
291.799,187.708,93.357,94.635
295.129,184.378,93.357,94.635
294.759,184.748,93.357,94.635
291.039,187.156,95.422,96.729
292.173,183.752,95.422,96.729
287.586,187.784,97.533,98.869
283.699,191.905,99.691,101.057
286.465,187.558,99.691,101.057
280.853,191.770,101.897,103.293
282.872,186.519,101.897,103.293
277.973,189.148,104.151,105.578
279.212,183.780,104.151,105.578
278.799,180.065,104.151,105.578
278.386,180.478,104.151,105.578
279.625,175.936,104.151,105.578
279.212,174.698,104.151,105.578
277.973,172.634,104.151,105.578
277.561,171.395,104.151,105.578
277.973,170.156,104.151,105.578
277.561,171.395,104.151,105.578
279.625,170.982,104.151,105.578
280.863,172.221,104.151,105.578
282.102,171.808,104.151,105.578
280.863,173.046,104.151,105.578
283.753,171.808,104.151,105.578
282.515,171.395,104.151,105.578
282.928,170.982,104.151,105.578
283.340,170.569,104.151,105.578
284.579,169.331,104.151,105.578
284.166,168.092,104.151,105.578
282.102,168.505,104.151,105.578
282.515,166.441,104.151,105.578
282.102,166.028,104.151,105.578
280.863,165.615,104.151,105.578
280.451,163.551,104.151,105.578
279.212,162.312,104.151,105.578
277.973,160.248,104.151,105.578
276.735,159.009,104.151,105.578
276.322,158.597,104.151,105.578
275.083,156.532,104.151,105.578
274.671,155.294,104.151,105.578
275.083,154.055,104.151,105.578
273.019,152.817,104.151,105.578
273.432,150.752,104.151,105.578
273.019,148.688,104.151,105.578
271.781,147.450,104.151,105.578
273.019,146.211,104.151,105.578
270.955,144.972,104.151,105.578
272.194,144.560,104.151,105.578
272.606,143.321,104.151,105.578
273.845,145.385,104.151,105.578
273.432,143.321,104.151,105.578
273.845,142.082,104.151,105.578
275.909,144.147,104.151,105.578
274.671,141.257,104.151,105.578
275.909,140.844,104.151,105.578
277.148,142.082,104.151,105.578
275.909,140.018,104.151,105.578
277.973,139.605,104.151,105.578
276.735,137.541,104.151,105.578
278.243,141.452,101.930,103.327
278.647,139.432,101.930,103.327
278.243,139.028,101.930,103.327
278.647,139.432,101.930,103.327
277.435,143.069,101.930,103.327
277.031,141.856,101.930,103.327
276.627,144.685,101.930,103.327
275.415,144.281,101.930,103.327
275.819,146.301,101.930,103.327
275.415,145.089,101.930,103.327
275.819,144.685,101.930,103.327
273.799,146.705,101.930,103.327
273.395,145.493,101.930,103.327
273.799,145.089,101.930,103.327
272.587,143.877,101.930,103.327
272.183,143.473,101.930,103.327
274.203,145.493,101.930,103.327
270.979,142.254,104.186,105.613
270.566,141.015,104.186,105.613
275.935,143.906,104.186,105.613
272.218,141.841,104.186,105.613
270.153,139.776,104.186,105.613
267.715,138.179,106.491,107.949
264.348,135.671,108.847,110.338
268.231,137.828,108.847,110.338
265.684,136.160,111.255,112.779
269.653,136.601,111.255,112.779
274.504,137.924,111.255,112.779
273.181,136.601,111.255,112.779
276.268,138.806,111.255,112.779
277.591,136.601,111.255,112.779
280.678,136.160,111.255,112.779
282.289,136.937,108.882,110.374
284.447,138.232,108.882,110.374
288.520,138.993,106.561,108.020
291.692,139.738,104.288,105.717
292.932,140.151,104.288,105.717
295.826,140.565,104.288,105.717
296.240,141.805,104.288,105.717
298.306,138.911,104.288,105.717
297.893,140.978,104.288,105.717
299.133,138.911,104.288,105.717
298.720,139.324,104.288,105.717
298.306,138.084,104.288,105.717
299.547,137.671,104.288,105.717
298.306,136.431,104.288,105.717
299.547,137.671,104.288,105.717
298.306,136.431,104.288,105.717
298.720,139.324,104.288,105.717
298.306,137.257,104.288,105.717
297.893,137.671,104.288,105.717
298.306,135.604,104.288,105.717
298.720,138.498,104.288,105.717
297.480,136.431,104.288,105.717
296.240,136.844,104.288,105.717
296.653,135.604,104.288,105.717
294.586,138.498,104.288,105.717
294.173,136.431,104.288,105.717
292.932,136.844,104.288,105.717
291.692,134.777,104.288,105.717
289.625,135.191,104.288,105.717
287.558,135.604,104.288,105.717
285.491,136.017,104.288,105.717
283.424,134.777,104.288,105.717
281.357,135.191,104.288,105.717
279.291,135.604,104.288,105.717
279.704,136.844,104.288,105.717
276.810,134.777,104.288,105.717
275.570,136.017,104.288,105.717
274.330,136.431,104.288,105.717
273.916,138.498,104.288,105.717
271.849,138.084,104.288,105.717
270.609,139.324,104.288,105.717
268.542,140.565,104.288,105.717
267.302,141.805,104.288,105.717
267.716,141.391,104.288,105.717
264.822,143.458,104.288,105.717
263.582,144.699,104.288,105.717
261.515,144.285,104.288,105.717
259.448,147.179,104.288,105.717
258.208,147.592,104.288,105.717
258.621,149.659,104.288,105.717
256.554,148.419,104.288,105.717
256.141,150.486,104.288,105.717
256.554,150.899,104.288,105.717
254.487,148.832,104.288,105.717
254.074,149.246,104.288,105.717
255.314,148.832,104.288,105.717
254.900,147.592,104.288,105.717
255.314,149.659,104.288,105.717
255.727,146.765,104.288,105.717
254.487,148.006,104.288,105.717
253.247,147.592,104.288,105.717
255.314,148.832,104.288,105.717
254.074,147.592,104.288,105.717
253.660,147.179,104.288,105.717
253.247,146.765,104.288,105.717
255.314,148.006,104.288,105.717
253.247,145.939,104.288,105.717
256.141,147.179,104.288,105.717
254.900,145.112,104.288,105.717
257.794,144.699,104.288,105.717
259.034,142.632,104.288,105.717
263.582,145.525,104.288,105.717
261.141,142.211,106.595,108.056
265.789,143.479,106.595,108.056
270.437,146.437,106.595,108.056
274.240,146.014,106.595,108.056
277.198,148.972,106.595,108.056
281.846,151.930,106.595,108.056
283.113,151.507,106.595,108.056
286.916,153.620,106.595,108.056
289.874,154.888,106.595,108.056
293.677,155.310,106.595,108.056
295.789,155.733,106.595,108.056
295.367,157.000,106.595,108.056
297.480,155.733,106.595,108.056
298.747,157.845,106.595,108.056
297.480,154.888,106.595,108.056
299.592,157.000,106.595,108.056
297.480,153.197,106.595,108.056
299.592,151.085,106.595,108.056
297.480,152.352,106.595,108.056
298.747,149.395,106.595,108.056
296.635,152.352,106.595,108.056
299.592,148.549,106.595,108.056
296.635,153.197,106.595,108.056
299.592,149.395,106.595,108.056
296.635,153.197,106.595,108.056
297.902,151.085,106.595,108.056
294.099,154.043,106.595,108.056
291.987,151.930,106.595,108.056
289.029,151.507,106.595,108.056
285.226,148.549,106.595,108.056
282.268,148.127,106.595,108.056
280.155,145.169,106.595,108.056
280.578,144.747,106.595,108.056
280.155,143.479,106.595,108.056
278.888,140.521,106.595,108.056
278.465,136.718,106.595,108.056
280.578,134.606,106.595,108.056
281.846,131.648,106.595,108.056
281.423,127.000,106.595,108.056
280.155,121.507,106.595,108.056
283.958,125.310,106.595,108.056
281.846,121.507,106.595,108.056
284.803,124.465,106.595,108.056
284.381,119.817,106.595,108.056
285.648,121.929,106.595,108.056
283.536,116.436,106.595,108.056
284.803,117.704,106.595,108.056
281.846,118.127,106.595,108.056
281.423,114.324,106.595,108.056
282.691,115.591,106.595,108.056
282.268,116.014,106.595,108.056
281.001,116.436,106.595,108.056
280.578,117.704,106.595,108.056
281.001,119.817,106.595,108.056
280.578,121.084,106.595,108.056
283.536,124.042,106.595,108.056
282.268,121.930,106.595,108.056
285.226,126.577,106.595,108.056
284.803,130.380,106.595,108.056
285.226,126.577,106.595,108.056
284.485,130.204,108.954,110.446
285.781,134.091,108.954,110.446
284.485,131.068,108.954,110.446
285.781,134.091,108.954,110.446
283.621,132.796,108.954,110.446
283.189,134.091,108.954,110.446
287.265,132.355,106.630,108.091
285.997,131.932,106.630,108.091
285.574,132.355,106.630,108.091
286.842,130.242,106.630,108.091
285.574,128.974,106.630,108.091
285.997,129.396,106.630,108.091
285.574,131.510,106.630,108.091
289.378,130.242,106.630,108.091
294.182,134.246,104.356,105.786
297.288,133.380,102.131,103.530
296.074,135.405,102.131,103.530
295.669,134.190,102.131,103.530
295.264,135.405,102.131,103.530
295.963,136.899,99.953,101.322
293.189,136.502,99.953,101.322
295.963,138.484,99.953,101.322
292.397,138.880,99.953,101.322
290.416,140.068,99.953,101.322
289.227,139.672,99.953,101.322
288.831,141.653,99.953,101.322
286.850,139.672,99.953,101.322
286.454,141.653,99.953,101.322
284.473,138.880,99.953,101.322
284.393,138.051,97.822,99.162
283.567,138.734,95.735,97.047
281.670,135.319,95.735,97.047
279.772,134.939,95.735,97.047
277.875,133.042,95.735,97.047
276.736,133.421,95.735,97.047
275.598,131.524,95.735,97.047
274.459,128.109,95.735,97.047
272.562,130.006,95.735,97.047
272.183,128.109,95.735,97.047
269.526,128.488,95.735,97.047
270.665,125.073,95.735,97.047
268.767,126.970,95.735,97.047
269.906,122.796,95.735,97.047
268.008,123.175,95.735,97.047
269.147,119.760,95.735,97.047
267.249,120.898,95.735,97.047
268.388,117.483,95.735,97.047
268.008,118.621,95.735,97.047
271.589,115.632,93.694,94.977
269.732,117.489,93.694,94.977
270.104,120.089,93.694,94.977
268.989,123.432,93.694,94.977
269.361,126.774,93.694,94.977
270.475,127.146,93.694,94.977
273.075,129.003,93.694,94.977
277.160,131.603,93.694,94.977
276.046,131.974,93.694,94.977
279.389,133.831,93.694,94.977
278.274,134.945,93.694,94.977
277.903,137.545,93.694,94.977
277.532,140.145,93.694,94.977
275.675,143.487,93.694,94.977
274.560,143.859,93.694,94.977
273.446,144.973,93.694,94.977
272.332,146.830,93.694,94.977
271.218,147.944,93.694,94.977
270.104,149.801,93.694,94.977
272.703,153.144,93.694,94.977
270.846,147.573,93.694,94.977
270.475,151.658,93.694,94.977
271.589,146.830,93.694,94.977
267.856,150.788,95.767,97.079
268.235,155.723,95.767,97.079
265.206,159.770,97.886,99.227
265.331,162.295,100.051,101.422
263.348,161.898,100.051,101.422
265.331,165.468,100.051,101.422
263.348,165.071,100.051,101.422
265.331,167.847,100.051,101.422
264.935,164.278,100.051,101.422
266.125,167.847,100.051,101.422
266.521,164.278,100.051,101.422
266.125,166.261,100.051,101.422
268.108,163.485,100.051,101.422
266.918,160.709,100.051,101.422
268.901,161.105,100.051,101.422
267.711,159.122,100.051,101.422
268.901,157.932,100.051,101.422
269.297,155.156,100.051,101.422
268.901,153.966,100.051,101.422
271.677,152.777,100.051,101.422
271.280,150.000,100.051,101.422
270.091,147.224,100.051,101.422
270.487,145.241,100.051,101.422
271.677,142.465,100.051,101.422
272.074,138.896,100.051,101.422
271.677,137.706,100.051,101.422
273.660,134.930,100.051,101.422
271.677,135.326,100.051,101.422
273.660,131.757,100.051,101.422
272.470,134.533,100.051,101.422
272.867,130.964,100.051,101.422
272.470,133.740,100.051,101.422
271.280,130.964,100.051,101.422
270.884,132.154,100.051,101.422
271.280,129.377,100.051,101.422
270.091,128.188,100.051,101.422
270.487,130.171,100.051,101.422
270.091,127.394,100.051,101.422
270.487,127.791,100.051,101.422
270.884,128.188,100.051,101.422
271.280,127.791,100.051,101.422
270.884,126.601,100.051,101.422
273.660,126.998,100.051,101.422
271.677,125.808,100.051,101.422
271.280,125.411,100.051,101.422
270.091,125.015,100.051,101.422
268.108,125.411,100.051,101.422
267.711,124.222,100.051,101.422
269.694,127.791,100.051,101.422
268.504,124.222,100.051,101.422
271.280,129.377,100.051,101.422
268.504,125.015,100.051,101.422
272.867,129.377,100.051,101.422
269.703,124.552,102.265,103.666
274.162,127.390,102.265,103.666
270.513,123.741,102.265,103.666
274.972,127.390,102.265,103.666
272.135,124.552,102.265,103.666
273.948,126.349,104.528,105.960
271.876,123.449,104.528,105.960
273.948,126.349,104.528,105.960
271.876,123.449,104.528,105.960
273.948,125.521,104.528,105.960
271.876,121.792,104.528,105.960
270.633,120.549,104.528,105.960
272.704,118.477,104.528,105.960
271.461,116.405,104.528,105.960
271.047,113.505,104.528,105.960
270.633,110.604,104.528,105.960
271.047,106.875,104.528,105.960
271.461,104.804,104.528,105.960
273.533,103.561,104.528,105.960
273.948,100.660,104.528,105.960
274.362,99.417,104.528,105.960
275.605,98.174,104.528,105.960
276.848,97.760,104.528,105.960
277.262,99.831,104.528,105.960
278.505,100.246,104.528,105.960
280.577,100.660,104.528,105.960
280.163,102.732,104.528,105.960
280.577,101.489,104.528,105.960
280.991,102.732,104.528,105.960
279.748,103.146,104.528,105.960
279.334,102.732,104.528,105.960
278.920,104.804,104.528,105.960
277.677,106.047,104.528,105.960
278.091,106.461,104.528,105.960
276.848,108.533,104.528,105.960
275.605,110.604,104.528,105.960
276.019,112.676,104.528,105.960
275.605,114.748,104.528,105.960
276.019,116.820,104.528,105.960
275.605,118.891,104.528,105.960
275.191,122.620,104.528,105.960
273.947,126.349,104.528,105.960
276.019,129.250,104.528,105.960
277.262,132.150,104.528,105.960
274.362,134.222,104.528,105.960
273.119,136.294,104.528,105.960
276.019,137.537,104.528,105.960
270.134,135.075,106.840,108.304
270.270,135.195,109.204,110.700
265.509,133.030,109.204,110.700
266.807,137.792,109.204,110.700
261.180,132.165,109.204,110.700
260.421,126.898,111.620,113.149
255.554,123.801,111.620,113.149
250.687,121.589,111.620,113.149
248.892,124.074,109.240,110.736
246.300,122.334,106.910,108.375
250.114,125.300,106.910,108.375
245.453,123.181,106.910,108.375
249.267,126.148,106.910,108.375
247.148,123.181,106.910,108.375
250.962,126.995,106.910,108.375
253.081,125.724,106.910,108.375
255.200,126.995,106.910,108.375
256.471,125.724,106.910,108.375
258.590,126.995,106.910,108.375
257.319,126.571,106.910,108.375
260.285,128.690,106.910,108.375
258.166,129.114,106.910,108.375
259.438,132.081,106.910,108.375
259.862,134.200,106.910,108.375
260.285,137.166,106.910,108.375
259.014,139.285,106.910,108.375
260.285,142.252,106.910,108.375
258.166,143.523,106.910,108.375
258.590,145.642,106.910,108.375
259.014,146.913,106.910,108.375
259.438,149.032,106.910,108.375
259.014,150.304,106.910,108.375
259.438,152.423,106.910,108.375
258.166,151.151,106.910,108.375
258.590,154.965,106.910,108.375
259.014,156.237,106.910,108.375
260.285,158.356,106.910,108.375
259.862,159.627,106.910,108.375
259.438,158.356,106.910,108.375
259.014,159.627,106.910,108.375
257.743,157.508,106.910,108.375
259.862,159.627,106.910,108.375
260.285,159.203,106.910,108.375
261.557,161.322,106.910,108.375
264.523,164.289,106.910,108.375
265.539,163.529,109.276,110.773
267.705,163.963,109.276,110.773
269.004,166.995,109.276,110.773
268.571,163.963,109.276,110.773
271.603,168.727,109.276,110.773
272.903,165.695,109.276,110.773
274.202,169.594,109.276,110.773
275.785,173.697,106.945,108.410
277.057,171.578,106.945,108.410
276.633,175.393,106.945,108.410
278.752,174.969,106.945,108.410
280.024,177.089,106.945,108.410
281.296,176.665,106.945,108.410
280.872,177.937,106.945,108.410
283.840,177.513,106.945,108.410
283.416,175.393,106.945,108.410
285.535,178.361,106.945,108.410
284.263,175.393,106.945,108.410
286.383,175.817,106.945,108.410
285.959,173.697,106.945,108.410
288.079,173.273,106.945,108.410
285.959,172.849,106.945,108.410
288.927,170.730,106.945,108.410
287.655,169.458,106.945,108.410
288.079,167.338,106.945,108.410
286.807,165.219,106.945,108.410
287.231,163.947,106.945,108.410
285.111,162.675,106.945,108.410
285.535,159.708,106.945,108.410
285.450,158.821,104.665,106.099
285.865,155.917,104.665,106.099
284.620,156.331,104.665,106.099
285.035,153.427,104.665,106.099
283.790,153.012,104.665,106.099
282.546,151.768,104.665,106.099
283.790,150.523,104.665,106.099
282.546,149.278,104.665,106.099
285.661,147.610,102.433,103.836
284.443,148.016,102.433,103.836
283.225,148.422,102.433,103.836
282.819,148.829,102.433,103.836
283.225,145.986,102.433,103.836
282.819,148.016,102.433,103.836
282.413,145.986,102.433,103.836
280.383,148.016,102.433,103.836
282.413,144.362,102.433,103.836
279.570,148.016,102.433,103.836
282.413,143.550,102.433,103.836
280.383,146.392,102.433,103.836
282.413,143.550,102.433,103.836
280.383,148.016,102.433,103.836
281.601,145.174,102.433,103.836
279.570,148.016,102.433,103.836
280.789,145.986,102.433,103.836
279.570,145.580,102.433,103.836
278.352,146.798,102.433,103.836
278.758,144.768,102.433,103.836
277.540,143.550,102.433,103.836
277.134,142.332,102.433,103.836
276.728,141.114,102.433,103.836
276.322,139.896,102.433,103.836
275.916,137.865,102.433,103.836
275.510,137.459,102.433,103.836
275.104,138.678,102.433,103.836
274.698,139.084,102.433,103.836
272.301,141.726,104.699,106.133
271.056,143.801,104.699,106.133
269.811,145.046,104.699,106.133
269.396,143.801,104.699,106.133
268.151,146.707,104.699,106.133
265.701,147.685,107.016,108.482
264.428,148.110,107.016,108.482
266.549,149.382,107.016,108.482
264.045,148.622,109.383,110.882
262.385,145.146,111.803,113.335
265.487,144.703,111.803,113.335
265.931,144.260,111.803,113.335
262.395,141.627,114.277,115.843
259.721,137.995,116.805,118.406
263.888,136.606,116.805,118.406
260.647,135.217,116.805,118.406
262.036,133.828,116.805,118.406
261.573,130.587,116.805,118.406
261.110,127.346,116.805,118.406
262.499,124.105,116.805,118.406
262.036,120.864,116.805,118.406
261.573,117.623,116.805,118.406
265.740,121.790,116.805,118.406
264.351,116.697,116.805,118.406
262.036,110.678,116.805,118.406
268.055,114.845,116.805,118.406
264.814,108.826,116.805,118.406
267.129,112.067,116.805,118.406
263.888,107.900,116.805,118.406
266.203,106.511,116.805,118.406
264.814,105.122,116.805,118.406
269.183,107.723,114.315,115.881
267.824,104.551,114.315,115.881
269.183,106.817,114.315,115.881
268.730,102.738,114.315,115.881
270.089,104.098,114.315,115.881
269.998,102.276,111.877,113.409
271.328,105.380,111.877,113.409
271.239,104.452,109.491,110.991
270.805,107.491,109.491,110.991
268.635,107.057,109.491,110.991
269.069,109.227,109.491,110.991
266.899,107.925,109.491,110.991
264.729,106.623,109.491,110.991
266.899,108.793,109.491,110.991
262.993,106.623,109.491,110.991
265.163,107.925,109.491,110.991
263.861,106.623,109.491,110.991
265.163,106.189,109.491,110.991
266.465,107.491,109.491,110.991
264.295,106.189,109.491,110.991
266.465,105.755,109.491,110.991
265.163,104.452,109.491,110.991
268.201,105.755,109.491,110.991
265.163,103.584,109.491,110.991
260.800,107.310,111.913,113.447
264.792,103.317,111.913,113.447
262.574,108.197,111.913,113.447
258.114,109.243,114.390,115.957
256.754,106.976,114.390,115.957
260.835,111.057,114.390,115.957
257.661,108.790,114.390,115.957
256.300,111.964,114.390,115.957
254.940,109.697,114.390,115.957
256.300,111.964,114.390,115.957
254.940,114.231,114.390,115.957
253.580,111.964,114.390,115.957
255.847,116.045,114.390,115.957
256.300,115.591,114.390,115.957
254.940,117.859,114.390,115.957
257.207,116.498,114.390,115.957
254.033,116.045,114.390,115.957
257.207,114.685,114.390,115.957
253.126,116.045,114.390,115.957
254.487,112.871,114.390,115.957
251.313,116.952,114.390,115.957
255.394,115.591,114.390,115.957
251.313,118.765,114.390,115.957
255.394,117.405,114.390,115.957
254.033,120.579,114.390,115.957
256.301,118.312,114.390,115.957
258.568,121.486,114.390,115.957
259.928,121.033,114.390,115.957
260.381,122.393,114.390,115.957
262.649,122.846,114.390,115.957
264.009,125.114,114.390,115.957
265.369,123.753,114.390,115.957
267.636,126.020,114.390,115.957
268.997,124.660,114.390,115.957
269.450,124.207,114.390,115.957
269.904,124.660,114.390,115.957
272.171,126.927,114.390,115.957
275.345,126.474,114.390,115.957
277.612,126.927,114.390,115.957
278.972,129.194,114.390,115.957
277.612,129.648,114.390,115.957
280.786,131.915,114.390,115.957
281.239,133.275,114.390,115.957
281.693,133.729,114.390,115.957
283.960,135.996,114.390,115.957
283.507,134.636,114.390,115.957
286.911,137.183,111.950,113.484
286.468,139.402,111.950,113.484
285.136,137.183,111.950,113.484
286.468,140.289,111.950,113.484
286.024,138.958,111.950,113.484
288.243,142.065,111.950,113.484
289.864,141.991,109.563,111.064
289.430,145.032,109.563,111.064
292.691,146.634,107.226,108.695
293.116,147.909,107.226,108.695
292.691,149.185,107.226,108.695
293.966,147.909,107.226,108.695
292.691,150.885,107.226,108.695
292.266,150.460,107.226,108.695
291.841,150.885,107.226,108.695
293.966,152.160,107.226,108.695
290.141,148.335,107.226,108.695
289.716,150.460,107.226,108.695
289.291,149.185,107.226,108.695
290.566,151.310,107.226,108.695
288.441,150.035,107.226,108.695
291.416,153.010,107.226,108.695
288.441,151.735,107.226,108.695
291.416,154.710,107.226,108.695
290.991,155.985,107.226,108.695
293.966,158.961,107.226,108.695
290.991,156.835,107.226,108.695
289.716,158.110,107.226,108.695
293.541,159.386,107.226,108.695
289.716,155.560,107.226,108.695
288.441,157.685,107.226,108.695
288.016,156.410,107.226,108.695
290.991,158.535,107.226,108.695
289.716,155.560,107.226,108.695
288.441,157.685,107.226,108.695
288.016,154.710,107.226,108.695
290.991,153.435,107.226,108.695
287.166,150.460,107.226,108.695
282.893,145.288,109.599,111.100
278.525,140.904,112.024,113.558
274.061,137.344,114.502,116.071
273.607,135.983,114.502,116.071
277.692,132.806,114.502,116.071
273.129,129.167,117.035,118.639
272.665,128.703,117.035,118.639
272.201,124.528,117.035,118.639
274.521,124.064,117.035,118.639
272.201,120.817,117.035,118.639
271.737,120.353,117.035,118.639
268.998,116.634,119.625,121.264
270.421,115.211,119.625,121.264
269.947,113.788,119.625,121.264
269.473,114.263,119.625,121.264
268.050,111.892,119.625,121.264
266.627,109.521,119.625,121.264
269.947,112.840,119.625,121.264
265.679,109.521,119.625,121.264
264.257,108.098,119.625,121.264
262.834,105.727,119.625,121.264
262.360,105.253,119.625,121.264
261.886,101.934,119.625,121.264
259.515,98.614,119.625,121.264
260.937,95.295,119.625,121.264
259.515,91.027,119.625,121.264
260.937,87.708,119.625,121.264
261.411,87.234,119.625,121.264
262.834,85.811,119.625,121.264
263.308,88.182,119.625,121.264
264.731,86.760,119.625,121.264
266.153,90.079,119.625,121.264
266.627,87.708,119.625,121.264
268.998,91.027,119.625,121.264
265.679,88.656,119.625,121.264
266.153,88.182,119.625,121.264
264.731,89.605,119.625,121.264
266.153,90.079,119.625,121.264
269.473,89.605,119.625,121.264
268.998,90.079,119.625,121.264
273.266,89.605,119.625,121.264
274.689,90.079,119.625,121.264
274.214,88.656,119.625,121.264
274.689,89.131,119.625,121.264
276.111,89.605,119.625,121.264
276.585,89.131,119.625,121.264
278.008,89.605,119.625,121.264
276.585,89.131,119.625,121.264
277.060,88.656,119.625,121.264
276.585,89.131,119.625,121.264
277.060,85.811,119.625,121.264
278.482,88.182,119.625,121.264
277.060,86.760,119.625,121.264
279.180,88.862,122.272,123.947
275.787,87.408,122.272,123.947
278.211,89.831,122.272,123.947
276.757,87.408,122.272,123.947
277.241,86.923,122.272,123.947
276.757,85.469,122.272,123.947
276.912,87.618,124.977,126.689
271.463,85.141,124.977,126.689
267.995,81.673,124.977,126.689
264.527,79.196,124.977,126.689
262.050,81.673,124.977,126.689
261.555,78.205,124.977,126.689
262.050,76.719,124.977,126.689
264.527,76.224,124.977,126.689
257.096,79.692,124.977,126.689
248.675,78.205,124.977,126.689
244.216,79.692,124.977,126.689
237.776,76.224,124.977,126.689
226.382,71.765,124.977,126.689
218.951,68.297,124.977,126.689
214.492,66.811,124.977,126.689
216.707,64.896,127.742,129.492
211.137,61.351,127.742,129.492
210.631,57.807,127.742,129.492
209.743,54.798,130.568,132.357
210.984,51.723,133.457,135.285
212.571,50.136,133.457,135.285
215.216,46.433,133.457,135.285
217.861,44.846,133.457,135.285
223.680,43.259,133.457,135.285
229.499,41.672,133.457,135.285
233.202,41.143,133.457,135.285
236.905,40.614,133.457,135.285
242.725,44.317,133.457,135.285
239.021,40.614,133.457,135.285
243.783,45.375,133.457,135.285
237.367,42.232,136.410,138.278
235.744,43.854,136.410,138.278
239.529,46.557,136.410,138.278
234.663,43.854,136.410,138.278
237.367,48.720,136.410,138.278
231.419,44.935,136.410,138.278
234.122,50.883,136.410,138.278
229.256,47.098,136.410,138.278
230.878,51.965,136.410,138.278
227.093,49.261,136.410,138.278
229.796,53.046,136.410,138.278
227.093,50.342,136.410,138.278
230.111,54.423,133.501,135.330
300.393,81.879,130.654,132.444
307.126,85.504,130.654,132.444
305.572,80.843,130.654,132.444
308.161,80.325,130.654,132.444
306.608,76.700,130.654,132.444
311.269,81.361,130.654,132.444
307.643,75.664,130.654,132.444
306.090,71.003,130.654,132.444
310.751,77.736,130.654,132.444
305.655,71.660,127.868,129.619
302.107,66.085,127.868,129.619
300.050,65.024,125.141,126.855
302.530,66.512,125.141,126.855
299.562,63.562,122.472,124.150
299.076,63.076,122.472,124.150
297.107,63.932,119.860,121.502
297.927,69.349,117.304,118.911
298.729,67.480,114.803,116.375
298.274,70.665,114.803,116.375
297.305,70.590,112.355,113.894
295.969,71.926,112.355,113.894
293.742,74.153,112.355,113.894
291.515,73.708,112.355,113.894
291.070,75.044,112.355,113.894
288.843,75.489,112.355,113.894
288.398,78.607,112.355,113.894
287.062,76.380,112.355,113.894
291.265,81.458,109.959,111.465
288.214,79.279,109.959,111.465
288.126,81.727,107.614,109.088
291.112,81.301,107.614,109.088
290.203,84.520,105.319,106.762
289.786,83.267,105.319,106.762
292.708,82.850,105.319,106.762
291.819,85.195,103.073,104.485
291.411,84.787,103.073,104.485
293.454,84.378,103.073,104.485
293.371,85.886,100.875,102.257
295.370,85.486,100.875,102.257
294.971,85.886,100.875,102.257
297.770,85.486,100.875,102.257
295.770,85.886,100.875,102.257
296.970,87.086,100.875,102.257
295.770,87.486,100.875,102.257
295.370,86.286,100.875,102.257
294.171,88.285,100.875,102.257
294.571,87.086,100.875,102.257
294.171,87.486,100.875,102.257
293.470,87.599,103.107,104.519
291.057,88.563,105.388,106.832
289.804,89.816,105.388,106.832
289.386,91.905,105.388,106.832
288.133,93.994,105.388,106.832
286.880,96.918,105.388,106.832
285.626,99.842,105.388,106.832
286.044,101.095,105.388,106.832
283.955,103.184,105.388,106.832
284.373,103.602,105.388,106.832
283.120,105.691,105.388,106.832
283.538,105.273,105.388,106.832
282.284,106.526,105.388,106.832
281.867,105.273,105.388,106.832
280.613,104.855,105.388,106.832
281.867,105.273,105.388,106.832
279.778,103.184,105.388,106.832
282.702,102.766,105.388,106.832
281.449,102.349,105.388,106.832
281.867,101.095,105.388,106.832
282.284,100.678,105.388,106.832
283.538,100.260,105.388,106.832
283.955,99.842,105.388,106.832
282.702,101.095,105.388,106.832
283.120,100.678,105.388,106.832
281.867,102.766,105.388,106.832
282.284,104.855,105.388,106.832
282.702,106.108,105.388,106.832
282.284,106.526,105.388,106.832
281.867,108.615,105.388,106.832
281.449,109.033,105.388,106.832
281.031,108.615,105.388,106.832
278.942,107.362,105.388,106.832
277.689,106.108,105.388,106.832
278.107,104.020,105.388,106.832
275.182,104.437,105.388,106.832
276.436,102.349,105.388,106.832
276.018,102.766,105.388,106.832
274.765,102.349,105.388,106.832
276.018,101.931,105.388,106.832
273.929,103.184,105.388,106.832
274.347,103.602,105.388,106.832
273.929,103.184,105.388,106.832
273.511,102.766,105.388,106.832
274.765,102.349,105.388,106.832
274.347,101.931,105.388,106.832
274.765,101.513,105.388,106.832
275.183,99.424,105.388,106.832
275.600,98.171,105.388,106.832
276.018,96.082,105.388,106.832
276.436,96.500,105.388,106.832
277.689,94.411,105.388,106.832
278.942,93.994,105.388,106.832
277.689,94.411,105.388,106.832
279.778,93.994,105.388,106.832
280.196,96.082,105.388,106.832
278.942,95.665,105.388,106.832
281.031,98.589,105.388,106.832
278.942,95.665,105.388,106.832
281.031,99.424,105.388,106.832
278.942,95.665,105.388,106.832
280.196,98.589,105.388,106.832
277.271,94.829,105.388,106.832
279.360,96.918,105.388,106.832
277.271,92.323,105.388,106.832
274.347,89.398,105.388,106.832
278.942,93.158,105.388,106.832
274.347,87.727,105.388,106.832
269.752,83.132,105.388,106.832
265.156,77.701,105.388,106.832
267.245,81.461,105.388,106.832
261.814,76.866,105.388,106.832
259.726,78.119,105.388,106.832
260.143,74.359,105.388,106.832
262.012,77.078,107.720,109.195
257.315,73.235,107.720,109.195
262.012,77.078,107.720,109.195
257.315,72.381,107.720,109.195
260.304,75.370,107.720,109.195
255.607,69.819,107.720,109.195
259.450,74.516,107.720,109.195
254.753,68.965,107.720,109.195
250.551,65.602,105.422,106.867
255.148,70.199,105.422,106.867
252.222,64.767,105.422,106.867
260.161,70.955,107.755,109.231
266.503,71.962,110.139,111.648
271.305,75.018,110.139,111.648
274.163,72.424,112.576,114.118
277.287,73.763,112.576,114.118
279.518,75.102,112.576,114.118
278.179,72.871,112.576,114.118
283.088,74.209,112.576,114.118
285.579,73.276,110.175,111.684
288.858,74.887,107.826,109.303
288.431,73.605,107.826,109.303
289.713,75.742,107.826,109.303
291.850,74.460,107.826,109.303
293.132,74.033,107.826,109.303
291.850,72.750,107.826,109.303
293.132,74.033,107.826,109.303
292.705,73.605,107.826,109.303
293.987,74.887,107.826,109.303
295.269,76.170,107.826,109.303
296.552,78.307,107.826,109.303
298.689,78.734,107.826,109.303
297.407,80.871,107.826,109.303
299.544,79.589,107.826,109.303
299.116,82.581,107.826,109.303
299.854,83.334,105.526,106.972
301.109,86.263,105.526,106.972
303.200,86.681,105.526,106.972
301.945,87.099,105.526,106.972
302.364,88.354,105.526,106.972
301.945,89.609,105.526,106.972
304.037,87.517,105.526,106.972
302.782,89.609,105.526,106.972
303.200,87.517,105.526,106.972
303.619,87.099,105.526,106.972
302.728,88.643,103.276,104.691
300.681,89.871,103.276,104.691
298.634,89.462,103.276,104.691
297.406,90.690,103.276,104.691
297.815,89.462,103.276,104.691
297.733,89.394,101.073,102.458
297.652,90.873,98.918,100.273
296.061,90.052,96.809,98.135
294.142,91.204,96.809,98.135
291.456,91.587,96.809,98.135
289.538,91.204,96.809,98.135
286.851,92.355,96.809,98.135
284.933,91.971,96.809,98.135
285.316,90.820,96.809,98.135
283.398,94.273,96.809,98.135
285.316,92.355,96.809,98.135
283.398,95.041,96.809,98.135
283.781,94.657,96.809,98.135
281.095,98.111,96.809,98.135
283.781,96.960,96.809,98.135
281.095,100.413,96.809,98.135
281.479,100.797,96.809,98.135
278.793,104.251,96.809,98.135
277.641,103.100,96.809,98.135
278.793,101.948,96.809,98.135
278.409,102.332,96.809,98.135
281.095,101.181,96.809,98.135
281.479,102.332,96.809,98.135
284.165,101.181,96.809,98.135
284.549,100.797,96.809,98.135
283.398,102.716,96.809,98.135
284.549,102.332,96.809,98.135
283.398,104.251,96.809,98.135
284.549,103.100,96.809,98.135
281.863,105.018,96.809,98.135
283.014,103.100,96.809,98.135
282.630,102.716,96.809,98.135
282.246,104.635,96.809,98.135
284.933,103.483,96.809,98.135
283.014,105.402,96.809,98.135
285.700,104.251,96.809,98.135
283.781,106.170,96.809,98.135
286.468,105.018,96.809,98.135
286.084,104.635,96.809,98.135
284.933,108.088,96.809,98.135
286.851,106.170,96.809,98.135
285.700,105.786,96.809,98.135
286.084,107.705,96.809,98.135
286.468,107.321,96.809,98.135
287.619,106.170,96.809,98.135
284.933,108.856,96.809,98.135
287.619,107.705,96.809,98.135
284.933,109.623,96.809,98.135
287.619,107.705,96.809,98.135
285.700,109.623,96.809,98.135
287.619,107.705,96.809,98.135
285.700,109.623,96.809,98.135
287.619,107.705,96.809,98.135
284.933,111.158,96.809,98.135
286.851,108.472,96.809,98.135
286.468,108.088,96.809,98.135
286.851,110.007,96.809,98.135
287.235,108.088,96.809,98.135
286.851,111.542,96.809,98.135
288.770,109.623,96.809,98.135
286.084,114.612,96.809,98.135
288.770,112.693,96.809,98.135
286.851,116.147,96.809,98.135
288.770,112.693,96.809,98.135
287.619,116.914,96.809,98.135
289.538,111.926,96.809,98.135
289.154,116.914,96.809,98.135
290.305,112.693,96.809,98.135
289.921,117.682,96.809,98.135
291.073,112.693,96.809,98.135
290.689,118.449,96.809,98.135
291.073,113.461,96.809,98.135
289.154,119.217,96.809,98.135
291.073,113.461,96.809,98.135
289.921,119.217,96.809,98.135
290.305,113.461,96.809,98.135
289.921,118.449,96.809,98.135
287.235,112.693,96.809,98.135
288.386,118.449,96.809,98.135
286.468,113.461,96.809,98.135
289.154,119.217,96.809,98.135
288.003,115.763,96.809,98.135
287.619,121.519,96.809,98.135
288.003,118.833,96.809,98.135
287.619,124.589,96.809,98.135
291.240,122.307,94.744,96.042
289.362,128.691,94.744,96.042
291.240,132.071,94.744,96.042
292.367,127.940,94.744,96.042
291.991,133.574,94.744,96.042
295.535,130.616,92.724,93.994
295.903,135.394,92.724,93.994
298.476,132.086,92.724,93.994
298.108,135.394,92.724,93.994
299.946,132.821,92.724,93.994
300.314,135.394,92.724,93.994
302.151,132.821,92.724,93.994
301.049,134.659,92.724,93.994
301.416,132.821,92.724,93.994
300.314,134.659,92.724,93.994
299.211,132.821,92.724,93.994
297.373,135.394,92.724,93.994
297.006,133.556,92.724,93.994
295.903,136.864,92.724,93.994
294.065,139.437,92.724,93.994
293.698,142.010,92.724,93.994
292.595,144.583,92.724,93.994
295.168,148.626,92.724,93.994
297.006,151.199,92.724,93.994
297.373,151.566,92.724,93.994
297.741,153.404,92.724,93.994
297.373,153.036,92.724,93.994
299.211,154.139,92.724,93.994
298.108,153.036,92.724,93.994
298.476,154.139,92.724,93.994
298.108,152.301,92.724,93.994
297.741,152.669,92.724,93.994
296.638,151.566,92.724,93.994
298.476,150.464,92.724,93.994
298.843,149.361,92.724,93.994
299.211,148.258,92.724,93.994
300.314,147.156,92.724,93.994
301.416,145.318,92.724,93.994
302.519,143.480,92.724,93.994
302.886,140.907,92.724,93.994
303.254,139.070,92.724,93.994
303.622,135.026,92.724,93.994
304.724,131.718,92.724,93.994
305.092,129.881,92.724,93.994
306.194,126.573,92.724,93.994
302.151,125.470,92.724,93.994
301.784,122.162,92.724,93.994
301.416,118.854,92.724,93.994
298.108,118.487,92.724,93.994
294.800,115.179,92.724,93.994
291.105,116.046,94.775,96.073
289.227,113.416,94.775,96.073
286.230,115.081,96.872,98.199
283.166,112.003,99.015,100.372
280.035,111.300,101.206,102.592
278.831,112.503,101.206,102.592
278.430,112.905,101.206,102.592
277.226,111.701,101.206,102.592
277.627,115.312,101.206,102.592
276.424,113.306,101.206,102.592
275.220,115.312,101.206,102.592
276.424,114.108,101.206,102.592
274.418,115.312,101.206,102.592
273.215,114.910,101.206,102.592
275.220,112.905,101.206,102.592
274.819,114.910,101.206,102.592
273.616,113.707,101.206,102.592
274.017,114.108,101.206,102.592
276.023,113.707,101.206,102.592
275.622,113.306,101.206,102.592
275.220,114.509,101.206,102.592
277.226,112.503,101.206,102.592
276.825,112.102,101.206,102.592
276.424,110.096,101.206,102.592
276.825,112.102,101.206,102.592
278.831,109.294,101.206,102.592
279.232,108.893,101.206,102.592
279.633,107.689,101.206,102.592
277.628,111.300,101.206,102.592
278.831,108.492,101.206,102.592
278.430,109.695,101.206,102.592
278.831,109.294,101.206,102.592
279.232,109.695,101.206,102.592
280.436,110.096,101.206,102.592
278.430,108.090,101.206,102.592
279.633,107.689,101.206,102.592
280.035,108.893,101.206,102.592
281.238,106.085,101.206,102.592
281.639,107.288,101.206,102.592
280.436,106.085,101.206,102.592
281.639,107.288,101.206,102.592
280.436,107.689,101.206,102.592
280.837,109.695,101.206,102.592
281.238,108.492,101.206,102.592
280.035,111.300,101.206,102.592
280.436,110.096,101.206,102.592
278.430,113.707,101.206,102.592
278.831,111.701,101.206,102.592
277.628,116.916,101.206,102.592
278.029,114.910,101.206,102.592
277.628,119.323,101.206,102.592
276.424,118.120,101.206,102.592
277.628,120.928,101.206,102.592
277.226,118.922,101.206,102.592
278.430,122.533,101.206,102.592
278.029,119.725,101.206,102.592
280.035,121.730,101.206,102.592
279.633,118.922,101.206,102.592
280.837,121.730,101.206,102.592
282.040,118.922,101.206,102.592
283.244,119.323,101.206,102.592
283.645,117.318,101.206,102.592
286.658,113.385,99.048,100.405
287.050,119.274,99.048,100.405
286.658,121.237,99.048,100.405
285.480,121.630,99.048,100.405
286.658,119.667,99.048,100.405
287.836,113.777,99.048,100.405
290.584,118.096,99.048,100.405
287.050,123.985,99.048,100.405
289.013,122.022,99.048,100.405
290.977,119.274,99.048,100.405
291.369,117.311,99.048,100.405
292.547,115.348,99.048,100.405
292.940,117.311,99.048,100.405
294.903,116.133,99.048,100.405
296.081,118.881,99.048,100.405
297.258,117.703,99.048,100.405
299.222,120.452,99.048,100.405
300.399,120.059,99.048,100.405
303.148,122.808,99.048,100.405
305.111,120.844,99.048,100.405
307.074,123.593,99.048,100.405
309.037,122.415,99.048,100.405
311.000,123.593,99.048,100.405
312.963,122.415,99.048,100.405
315.712,123.593,99.048,100.405
315.319,120.844,99.048,100.405
315.712,122.022,99.048,100.405
314.209,118.060,101.239,102.626
314.610,116.054,101.239,102.626
311.801,117.258,101.239,102.626
312.202,115.251,101.239,102.626
310.195,113.244,101.239,102.626
308.992,112.041,101.239,102.626
304.957,109.656,103.479,104.897
302.906,108.426,103.479,104.897
300.855,106.375,103.479,104.897
298.804,104.324,103.479,104.897
296.753,103.093,103.479,104.897
295.523,101.042,103.479,104.897
294.292,100.632,103.479,104.897
292.241,99.402,103.479,104.897
291.011,99.812,103.479,104.897
288.960,101.863,103.479,104.897
286.909,101.452,103.479,104.897
284.858,102.683,103.479,104.897
283.627,103.093,103.479,104.897
282.057,104.061,105.769,107.218
280.799,104.480,105.769,107.218
279.542,106.576,105.769,107.218
279.122,106.995,105.769,107.218
277.864,106.576,105.769,107.218
277.445,110.350,105.769,107.218
277.026,107.415,105.769,107.218
277.445,110.350,105.769,107.218
278.703,108.253,105.769,107.218
277.968,111.852,108.109,109.590
277.539,107.138,108.109,109.590
273.683,111.852,108.109,109.590
280.968,113.138,108.109,109.590
285.682,112.709,108.109,109.590
286.967,108.852,108.109,109.590
285.682,116.137,108.109,109.590
289.538,115.709,108.109,109.590
289.110,117.851,108.109,109.590
291.253,117.423,108.109,109.590
291.681,119.566,108.109,109.590
292.967,118.280,108.109,109.590
290.824,119.566,108.109,109.590
293.824,118.280,108.109,109.590
291.681,120.423,108.109,109.590
292.967,117.423,108.109,109.590
291.681,120.423,108.109,109.590
294.681,117.423,108.109,109.590
295.109,118.709,108.109,109.590
293.824,117.423,108.109,109.590
296.824,118.709,108.109,109.590
294.681,117.423,108.109,109.590
296.824,120.423,108.109,109.590
294.681,118.280,108.109,109.590
294.252,121.280,108.109,109.590
292.110,119.137,108.109,109.590
290.824,122.994,108.109,109.590
289.538,119.994,108.109,109.590
288.253,122.137,108.109,109.590
286.110,119.137,108.109,109.590
285.682,122.137,108.109,109.590
285.253,119.137,108.109,109.590
284.824,120.423,108.109,109.590
286.110,117.423,108.109,109.590
284.824,120.423,108.109,109.590
288.869,118.700,105.803,107.253
287.610,123.313,105.803,107.253
288.030,120.377,105.803,107.253
290.127,124.152,105.803,107.253
288.869,121.216,105.803,107.253
289.288,124.152,105.803,107.253
289.707,121.216,105.803,107.253
288.449,124.991,105.803,107.253
290.546,122.055,105.803,107.253
288.449,125.830,105.803,107.253
289.707,123.733,105.803,107.253
287.610,126.668,105.803,107.253
288.869,124.571,105.803,107.253
287.610,125.830,105.803,107.253
288.030,123.733,105.803,107.253
287.610,125.830,105.803,107.253
288.030,123.733,105.803,107.253
286.772,126.668,105.803,107.253
288.030,124.571,105.803,107.253
286.772,125.830,105.803,107.253
287.191,124.571,105.803,107.253
286.772,126.668,105.803,107.253
286.352,124.571,105.803,107.253
287.610,126.668,105.803,107.253
285.513,125.410,105.803,107.253
287.610,124.991,105.803,107.253
285.513,124.571,105.803,107.253
286.772,125.830,105.803,107.253
283.836,127.088,105.803,107.253
284.255,125.830,105.803,107.253
282.158,130.443,105.803,107.253
280.900,129.185,105.803,107.253
278.803,132.959,105.803,107.253
275.867,132.540,105.803,107.253
275.448,137.153,105.803,107.253
276.706,136.734,105.803,107.253
277.964,142.186,105.803,107.253
275.028,141.767,105.803,107.253
276.287,145.541,105.803,107.253
275.028,147.638,105.803,107.253
275.448,146.380,105.803,107.253
275.867,147.638,105.803,107.253
274.609,148.896,105.803,107.253
274.190,148.477,105.803,107.253
276.287,149.735,105.803,107.253
275.028,149.316,105.803,107.253
274.609,148.896,105.803,107.253
273.351,147.638,105.803,107.253
272.093,148.896,105.803,107.253
269.157,149.316,105.803,107.253
268.737,149.735,105.803,107.253
266.640,149.316,105.803,107.253
264.543,148.896,105.803,107.253
265.802,147.638,105.803,107.253
263.705,150.574,105.803,107.253
263.285,149.316,105.803,107.253
262.866,151.413,105.803,107.253
262.446,150.993,105.803,107.253
263.705,149.735,105.803,107.253
262.446,152.671,105.803,107.253
264.543,151.413,105.803,107.253
264.963,151.832,105.803,107.253
265.382,153.090,105.803,107.253
267.479,152.671,105.803,107.253
267.060,153.929,105.803,107.253
269.157,150.155,105.803,107.253
269.576,150.574,105.803,107.253
271.673,149.316,105.803,107.253
269.576,148.896,105.803,107.253
273.351,146.799,105.803,107.253
271.254,149.735,105.803,107.253
272.512,147.638,105.803,107.253
272.931,149.735,105.803,107.253
274.190,147.638,105.803,107.253
273.770,148.058,105.803,107.253
273.351,143.444,105.803,107.253
276.287,138.831,105.803,107.253
274.190,141.767,105.803,107.253
272.931,136.315,105.803,107.253
271.673,137.573,105.803,107.253
268.737,134.637,105.803,107.253
266.640,136.734,105.803,107.253
264.543,135.476,105.803,107.253
261.608,133.379,105.803,107.253
259.511,132.959,105.803,107.253
266.702,134.507,103.547,104.966
263.829,133.276,103.547,104.966
259.703,133.392,105.838,107.288
259.618,130.897,103.581,105.000
265.777,134.592,103.581,105.000
264.111,132.941,101.372,102.761
261.298,130.932,101.372,102.761
258.486,133.745,101.372,102.761
254.869,131.736,101.372,102.761
248.038,133.745,101.372,102.761
242.814,132.540,101.372,102.761
238.860,136.346,99.210,100.569
243.186,136.740,99.210,100.569
245.939,138.706,99.210,100.569
249.478,142.245,99.210,100.569
253.947,145.213,97.095,98.425
264.339,140.979,97.095,98.425
273.191,135.206,97.095,98.425
278.964,129.433,97.095,98.425
282.428,124.430,97.095,98.425
286.060,122.140,95.024,96.326
287.190,122.517,95.024,96.326
289.074,119.127,95.024,96.326
290.450,119.065,92.998,94.272
293.218,116.162,91.014,92.261
295.927,115.407,89.074,90.294
296.987,115.760,89.074,90.294
297.340,117.525,89.074,90.294
299.105,118.584,89.074,90.294
298.752,120.350,89.074,90.294
302.765,118.930,87.174,88.368
303.361,122.204,85.315,86.484
305.249,123.452,83.496,84.639
307.096,124.036,81.715,82.834
308.279,125.856,79.972,81.068
310.498,123.636,79.972,81.068
312.879,126.640,78.267,79.339
313.810,128.811,78.267,79.339
314.120,131.604,78.267,79.339
316.795,129.117,79.999,81.095
316.478,132.605,79.999,81.095
315.526,134.825,79.999,81.095
312.338,136.230,81.769,82.889
309.752,132.960,83.578,84.723
307.433,135.279,83.578,84.723
306.439,131.634,83.578,84.723
303.458,133.953,83.578,84.723
303.126,130.309,83.578,84.723
300.807,132.628,83.578,84.723
299.813,134.285,83.578,84.723
302.132,131.303,83.578,84.723
299.813,134.285,83.578,84.723
297.494,136.604,83.578,84.723
295.838,140.248,83.578,84.723
292.507,142.404,85.427,86.597
294.724,137.582,87.317,88.513
292.301,142.081,87.317,88.513
296.109,138.966,87.317,88.513
294.378,141.389,87.317,88.513
296.109,137.582,87.317,88.513
299.375,138.192,85.455,86.626
297.681,136.498,85.455,86.626
300.225,137.748,83.633,84.778
297.904,139.406,83.633,84.778
300.225,136.422,83.633,84.778
298.567,136.754,83.633,84.778
302.974,136.060,81.849,82.970
304.596,138.331,81.849,82.970
306.867,138.656,81.849,82.970
308.489,138.331,81.849,82.970
308.165,140.602,81.849,82.970
310.436,138.980,81.849,82.970
307.848,141.092,83.660,84.806
309.506,142.087,83.660,84.806
309.174,143.082,83.660,84.806
308.179,143.413,83.660,84.806
307.184,143.082,83.660,84.806
306.853,144.740,83.660,84.806
303.519,142.081,85.511,86.682
302.502,145.132,85.511,86.682
299.094,143.821,87.403,88.600
297.049,144.638,89.337,90.561
295.693,145.474,91.313,92.564
293.556,145.576,93.334,94.612
293.186,145.946,93.334,94.612
292.817,146.316,93.334,94.612
293.926,147.426,93.334,94.612
294.296,147.796,93.334,94.612
294.666,147.426,93.334,94.612
293.556,149.276,93.334,94.612
292.447,149.646,93.334,94.612
291.337,149.276,93.334,94.612
288.385,146.310,95.399,96.705
286.494,146.688,95.399,96.705
285.360,144.041,95.399,96.705
283.469,144.419,95.399,96.705
283.091,143.285,95.399,96.705
281.956,141.394,95.399,96.705
282.334,140.260,95.399,96.705
281.956,139.125,95.399,96.705
280.822,138.747,95.399,96.705
281.200,136.100,95.399,96.705
280.822,136.478,95.399,96.705
279.687,134.587,95.399,96.705
280.822,133.453,95.399,96.705
278.175,131.562,95.399,96.705
279.309,128.915,95.399,96.705
276.292,128.237,97.509,98.845
276.679,123.986,97.509,98.845
276.292,124.372,97.509,98.845
275.906,121.667,97.509,98.845
274.746,122.826,97.509,98.845
274.360,121.667,97.509,98.845
275.519,122.826,97.509,98.845
273.587,122.440,97.509,98.845
273.973,122.053,97.509,98.845
272.040,123.213,97.509,98.845
273.973,120.507,97.509,98.845
272.040,119.347,97.509,98.845
273.973,118.188,97.509,98.845
272.040,116.255,97.509,98.845
272.427,115.869,97.509,98.845
271.267,115.482,97.509,98.845
270.881,113.550,97.509,98.845
269.721,113.163,97.509,98.845
270.881,112.004,97.509,98.845
268.948,113.936,97.509,98.845
269.335,112.004,97.509,98.845
271.267,114.709,97.509,98.845
268.986,111.611,99.667,101.032
269.933,115.822,101.872,103.267
269.529,115.418,101.872,103.267
272.355,119.052,101.872,103.267
271.144,117.841,101.872,103.267
273.163,122.283,101.872,103.267
271.952,123.494,101.872,103.267
273.163,126.321,101.872,103.267
273.567,126.725,101.872,103.267
273.163,127.128,101.872,103.267
275.990,125.917,101.872,103.267
274.778,126.321,101.872,103.267
274.374,126.725,101.872,103.267
275.586,127.936,101.872,103.267
275.182,126.725,101.872,103.267
278.009,128.744,101.872,103.267
275.990,129.147,101.872,103.267
278.816,127.128,101.872,103.267
278.413,129.147,101.872,103.267
282.047,129.551,101.872,103.267
280.836,131.570,101.872,103.267
284.470,127.936,101.872,103.267
283.258,130.763,101.872,103.267
282.855,131.166,101.872,103.267
281.643,127.532,101.872,103.267
279.624,128.744,101.872,103.267
278.413,125.109,101.872,103.267
276.029,123.548,104.126,105.552
273.965,119.008,104.126,105.552
271.901,119.420,104.126,105.552
272.034,114.399,106.430,107.887
269.925,115.664,106.430,107.887
268.310,112.282,108.784,110.275
266.153,113.576,108.784,110.275
264.503,111.014,111.191,112.714
261.901,111.139,113.651,115.208
259.648,107.985,113.651,115.208
258.297,106.634,113.651,115.208
254.242,106.183,113.651,115.208
246.909,105.376,116.166,117.757
242.764,101.232,116.166,117.757
235.269,99.452,118.736,120.362
230.091,95.216,118.736,120.362
224.383,93.396,121.363,123.026
220.053,88.104,121.363,123.026
214.219,86.244,124.048,125.747
211.760,77.885,124.048,125.747
210.285,72.476,124.048,125.747
207.382,72.615,126.793,128.530
205.458,64.414,129.598,131.373
206.689,64.560,132.465,134.280
208.265,58.784,132.465,134.280
207.344,60.022,135.396,137.251
208.630,52.379,138.392,140.288
205.392,54.811,141.454,143.391
208.195,47.522,141.454,143.391
205.392,52.568,141.454,143.391
207.074,55.372,141.454,143.391
206.513,59.297,141.454,143.391
209.317,63.222,141.454,143.391
209.878,67.147,141.454,143.391
208.195,67.708,141.454,143.391
206.513,66.025,141.454,143.391
207.074,62.100,141.454,143.391
206.513,59.297,141.454,143.391
204.831,55.372,141.454,143.391
203.848,49.713,144.583,146.564
203.275,42.263,144.583,146.564
207.027,35.290,147.782,149.807
210.862,29.378,151.052,153.121
215.053,26.385,151.052,153.121
219.245,22.193,151.052,153.121
225.831,20.397,151.052,153.121
230.023,17.403,151.052,153.121
235.185,13.846,154.394,156.509
237.922,10.209,157.810,159.972
241.049,12.086,157.810,159.972
244.177,10.209,157.810,159.972
247.305,13.337,157.810,159.972
248.804,12.216,161.302,163.511
246.356,11.071,164.870,167.129
247.923,8.544,168.518,170.827
245.919,11.884,168.518,170.827
251.931,8.544,168.518,170.827
248.591,6.540,168.518,170.827
249.259,4.536,168.518,170.827
247.255,2.532,168.518,170.827
248.856,-1.437,172.247,174.606
246.242,-4.077,176.057,178.469
248.335,-0.587,176.057,178.469
