51.000,53.000,87.000,290.000
53.144,53.715,87.000,290.000
55.288,53.000,87.000,290.000
58.862,53.715,87.000,290.000
61.006,51.571,87.000,290.000
64.580,53.715,87.000,290.000
68.153,51.571,87.000,290.000
70.298,52.285,87.000,290.000
74.670,54.689,85.145,283.816
77.600,58.389,83.329,277.763
81.023,57.704,83.329,277.763
83.077,57.020,83.329,277.763
86.499,57.704,83.329,277.763
89.922,57.020,83.329,277.763
91.976,57.704,83.329,277.763
95.399,57.020,83.329,277.763
97.452,59.074,83.329,277.763
100.875,57.020,83.329,277.763
102.929,59.074,83.329,277.763
106.352,58.389,83.329,277.763
109.775,59.074,83.329,277.763
113.962,60.056,81.552,271.840
115.972,62.066,81.552,271.840
120.662,61.396,81.552,271.840
122.672,62.066,81.552,271.840
124.682,62.736,81.552,271.840
128.032,62.066,81.552,271.840
130.041,64.076,81.552,271.840
133.391,62.066,81.552,271.840
134.061,61.396,81.552,271.840
136.071,62.066,81.552,271.840
139.421,64.076,81.552,271.840
140.091,60.726,81.552,271.840
144.781,58.716,81.552,271.840
145.451,62.066,81.552,271.840
146.966,63.027,79.813,266.043
151.556,63.683,79.813,266.043
153.039,65.887,78.111,260.369
156.247,66.529,78.111,260.369
159.456,64.604,78.111,260.369
161.381,67.812,78.111,260.369
164.589,64.604,78.111,260.369
165.231,67.812,78.111,260.369
164.589,63.321,78.111,260.369
166.514,66.529,78.111,260.369
168.440,64.604,78.111,260.369
171.648,66.529,78.111,260.369
173.573,64.604,78.111,260.369
174.215,66.529,78.111,260.369
174.856,64.604,78.111,260.369
176.782,66.529,78.111,260.369
179.470,66.213,76.445,254.817
181.354,68.097,76.445,254.817
183.238,67.469,76.445,254.817
185.122,68.097,76.445,254.817
187.006,67.469,76.445,254.817
188.890,68.097,76.445,254.817
190.774,67.469,76.445,254.817
193.914,69.353,76.445,254.817
194.542,67.469,76.445,254.817
196.426,69.353,76.445,254.817
198.310,67.469,76.445,254.817
198.938,69.353,76.445,254.817
202.078,67.469,76.445,254.817
202.706,69.353,76.445,254.817
205.846,67.469,76.445,254.817
206.474,70.609,76.445,254.817
209.614,66.213,76.445,254.817
210.242,69.353,76.445,254.817
210.871,66.213,76.445,254.817
211.499,68.097,76.445,254.817
213.383,68.725,76.445,254.817
216.014,69.626,74.815,249.383
218.589,74.062,73.219,244.065
219.949,76.085,71.658,238.860
222.415,78.064,70.130,233.766
223.718,82.223,68.634,228.781
223.155,80.531,68.634,228.781
222.591,82.223,68.634,228.781
224.282,81.659,68.634,228.781
223.718,82.223,68.634,228.781
224.282,85.042,68.634,228.781
228.229,82.223,68.634,228.781
226.538,83.914,68.634,228.781
231.074,87.984,67.171,223.902
229.418,87.432,67.171,223.902
233.858,92.479,65.738,219.127
232.237,89.779,65.738,219.127
234.500,94.718,64.336,214.454
238.752,94.457,62.964,209.881
236.166,98.078,62.964,209.881
241.324,94.832,61.622,205.405
244.421,95.558,60.308,201.025
241.944,96.054,60.308,201.025
244.421,93.576,60.308,201.025
242.935,95.063,60.308,201.025
244.421,96.549,60.308,201.025
246.898,92.090,60.308,201.025
248.384,90.604,60.308,201.025
249.871,91.099,60.308,201.025
250.366,93.576,60.308,201.025
252.843,91.099,60.308,201.025
254.330,90.604,60.308,201.025
255.816,90.108,60.308,201.025
257.302,90.604,60.308,201.025
257.798,90.108,60.308,201.025
259.284,91.595,60.308,201.025
259.780,90.108,60.308,201.025
262.257,92.586,60.308,201.025
261.761,92.090,60.308,201.025
262.257,93.576,60.308,201.025
263.743,91.099,60.308,201.025
265.230,90.604,60.308,201.025
264.734,90.108,60.308,201.025
264.239,92.586,60.308,201.025
265.725,91.099,60.308,201.025
267.211,95.558,60.308,201.025
265.725,93.081,60.308,201.025
269.193,93.576,60.308,201.025
265.725,91.099,60.308,201.025
268.756,91.810,59.021,196.738
267.301,91.325,59.021,196.738
267.786,89.871,59.021,196.738
266.331,89.386,59.021,196.738
267.786,90.840,59.021,196.738
266.331,86.477,59.021,196.738
268.756,88.901,59.021,196.738
267.301,84.537,59.021,196.738
268.756,86.961,59.021,196.738
267.301,83.567,59.021,196.738
267.786,85.022,59.021,196.738
267.301,82.598,59.021,196.738
268.756,83.082,59.021,196.738
267.301,81.628,59.021,196.738
268.756,83.082,59.021,196.738
267.301,82.598,59.021,196.738
270.267,84.228,57.763,192.543
270.742,83.753,57.763,192.543
270.267,82.330,57.763,192.543
272.640,80.906,57.763,192.543
273.114,80.432,57.763,192.543
275.487,79.957,57.763,192.543
275.962,79.483,57.763,192.543
276.436,79.008,57.763,192.543
278.809,79.483,57.763,192.543
277.385,79.008,57.763,192.543
280.707,78.534,57.763,192.543
279.283,79.008,57.763,192.543
282.605,78.534,57.763,192.543
283.080,78.059,57.763,192.543
282.605,79.483,57.763,192.543
285.927,78.059,57.763,192.543
284.503,78.534,57.763,192.543
287.825,78.059,57.763,192.543
288.898,81.484,56.531,188.437
289.363,81.949,56.531,188.437
288.898,82.413,56.531,188.437
292.149,81.020,56.531,188.437
290.756,83.342,56.531,188.437
292.702,84.903,55.325,184.418
293.156,84.449,55.325,184.418
291.792,83.085,55.325,184.418
294.974,83.540,55.325,184.418
292.702,82.176,55.325,184.418
295.883,84.449,55.325,184.418
295.159,85.101,54.146,180.485
297.383,83.767,54.146,180.485
296.048,85.101,54.146,180.485
298.272,83.767,54.146,180.485
297.828,83.322,54.146,180.485
299.162,83.767,54.146,180.485
299.607,83.322,54.146,180.485
300.052,81.987,54.146,180.485
302.773,84.341,52.991,176.637
302.337,83.905,52.991,176.637
303.643,83.470,52.991,176.637
304.079,83.035,52.991,176.637
303.643,82.599,52.991,176.637
307.146,84.063,51.861,172.870
307.288,85.496,50.755,169.183
308.231,86.898,49.673,165.575
310.727,90.630,48.613,162.044
310.328,89.432,48.613,162.044
312.771,92.314,47.577,158.589
312.380,91.142,47.577,158.589
312.771,90.751,47.577,158.589
313.944,90.360,47.577,158.589
313.553,91.533,47.577,158.589
315.190,91.340,46.562,155.207
316.338,93.252,46.562,155.207
315.955,92.105,46.562,155.207
317.103,90.957,46.562,155.207
319.015,92.870,46.562,155.207
318.633,94.018,46.562,155.207
320.235,94.566,45.569,151.897
319.861,94.192,45.569,151.897
322.151,96.894,44.597,148.658
323.250,95.795,44.597,148.658
322.151,96.161,44.597,148.658
324.716,96.528,44.597,148.658
324.838,97.760,43.646,145.488
323.762,97.401,43.646,145.488
324.838,98.477,43.646,145.488
327.032,98.991,42.715,142.385
327.382,99.342,42.715,142.385
327.032,98.289,42.715,142.385
328.084,100.044,42.715,142.385
327.525,99.871,41.805,139.349
327.868,100.215,41.805,139.349
328.212,100.558,41.805,139.349
328.555,100.215,41.805,139.349
329.586,99.871,41.805,139.349
330.616,99.528,41.805,139.349
328.899,101.245,41.805,139.349
329.929,99.528,41.805,139.349
329.586,100.558,41.805,139.349
330.616,99.528,41.805,139.349
330.273,99.871,41.805,139.349
331.990,98.154,41.805,139.349
332.104,101.295,40.913,136.377
332.217,102.425,40.041,133.469
332.546,101.438,40.041,133.469
332.875,101.767,40.041,133.469
333.204,100.122,40.041,133.469
332.875,101.767,40.041,133.469
332.546,100.780,40.041,133.469
332.875,100.451,40.041,133.469
333.861,101.438,40.041,133.469
333.532,100.451,40.041,133.469
333.203,100.780,40.041,133.469
333.532,99.136,40.041,133.469
332.546,100.122,40.041,133.469
335.826,101.229,39.187,130.622
334.860,100.907,39.187,130.622
336.830,102.610,38.351,127.837
335.254,102.925,38.351,127.837
337.789,102.769,37.533,125.111
336.864,103.694,37.533,125.111
336.556,102.769,37.533,125.111
336.864,102.461,37.533,125.111
337.172,101.536,37.533,125.111
337.481,102.461,37.533,125.111
336.556,102.153,37.533,125.111
336.864,103.694,37.533,125.111
338.156,103.542,36.733,122.443
337.250,104.448,36.733,122.443
337.552,104.146,36.733,122.443
337.854,105.655,36.733,122.443
338.759,104.146,36.733,122.443
337.854,105.655,36.733,122.443
338.156,104.146,36.733,122.443
337.250,106.258,36.733,122.443
337.552,105.353,36.733,122.443
338.457,105.051,36.733,122.443
337.552,105.957,36.733,122.443
338.457,106.258,36.733,122.443
339.140,106.691,35.949,119.832
337.663,107.577,35.949,119.832
338.549,106.691,35.949,119.832
338.079,107.684,35.183,117.276
338.732,110.328,34.433,114.775
340.147,109.479,34.433,114.775
338.732,109.762,34.433,114.775
340.147,108.348,34.433,114.775
338.732,109.762,34.433,114.775
340.712,107.782,34.433,114.775
340.262,110.369,33.698,112.328
341.092,108.985,33.698,112.328
340.262,110.369,33.698,112.328
340.539,108.431,33.698,112.328
340.815,109.262,33.698,112.328
339.985,110.092,33.698,112.328
341.369,108.708,33.698,112.328
342.200,108.431,33.698,112.328
341.923,108.708,33.698,112.328
342.200,108.431,33.698,112.328
342.476,108.708,33.698,112.328
342.753,108.985,33.698,112.328
341.369,109.262,33.698,112.328
343.062,110.193,32.980,109.932
342.250,109.380,32.980,109.932
342.521,110.193,32.980,109.932
342.792,108.838,32.980,109.932
343.604,108.567,32.980,109.932
343.875,108.296,32.980,109.932
344.488,110.774,32.276,107.588
343.162,109.448,32.276,107.588
344.273,110.340,31.588,105.293
343.495,111.637,31.588,105.293
344.273,109.821,31.588,105.293
344.014,111.118,31.588,105.293
345.311,110.340,31.588,105.293
344.014,111.637,31.588,105.293
345.311,110.340,31.588,105.293
344.533,111.637,31.588,105.293
345.120,111.509,30.914,103.048
345.882,110.747,30.914,103.048
345.628,112.017,30.914,103.048
345.374,111.255,30.914,103.048
345.948,112.109,30.255,100.850
346.510,112.945,29.610,98.700
346.591,114.232,28.979,96.595
346.829,114.470,28.979,96.595
347.068,114.232,28.979,96.595
347.306,114.470,28.979,96.595
347.544,114.232,28.979,96.595
346.829,114.470,28.979,96.595
347.068,114.708,28.979,96.595
346.829,113.518,28.979,96.595
346.591,114.708,28.979,96.595
346.353,113.042,28.979,96.595
346.892,115.219,28.361,94.535
346.520,115.104,27.756,92.519
346.749,115.332,27.756,92.519
346.977,115.104,27.756,92.519
346.749,114.876,27.756,92.519
346.520,114.648,27.756,92.519
346.292,115.788,27.756,92.519
345.608,114.648,27.756,92.519
346.292,115.788,27.756,92.519
345.608,114.648,27.756,92.519
345.836,115.332,27.756,92.519
345.913,114.780,27.164,90.546
346.582,115.896,27.164,90.546
345.796,116.216,26.585,88.615
345.578,116.435,26.585,88.615
346.233,116.653,26.585,88.615
346.015,116.871,26.585,88.615
345.796,115.779,26.585,88.615
345.578,115.561,26.585,88.615
346.233,116.653,26.585,88.615
346.015,116.435,26.585,88.615
345.796,116.216,26.585,88.615
345.578,115.998,26.585,88.615
346.233,115.779,26.585,88.615
346.015,115.561,26.585,88.615
345.360,116.653,26.585,88.615
346.015,116.435,26.585,88.615
345.360,116.653,26.585,88.615
346.015,116.435,26.585,88.615
345.796,116.653,26.585,88.615
345.578,117.308,26.585,88.615
346.670,116.653,26.585,88.615
346.452,117.308,26.585,88.615
346.233,116.216,26.585,88.615
346.452,116.435,26.585,88.615
346.670,117.090,26.585,88.615
347.325,115.998,26.585,88.615
347.107,116.653,26.585,88.615
346.888,117.308,26.585,88.615
347.107,117.090,26.585,88.615
