163.000,44.000,47.000,164.000
163.722,40.944,48.040,167.628
163.614,36.973,49.103,171.337
164.368,33.780,50.189,175.128
164.255,30.516,51.300,179.003
165.044,27.180,52.435,182.963
164.002,26.542,53.595,187.011
164.825,24.001,54.780,191.149
165.290,26.327,54.780,191.149
166.686,29.583,54.780,191.149
169.011,31.909,54.780,191.149
160.174,-18.791,54.780,191.149
160.639,-25.768,54.780,191.149
161.104,-24.373,54.780,191.149
161.240,-23.680,53.612,187.073
161.695,-17.762,53.612,187.073
161.240,-10.023,53.612,187.073
165.842,11.049,54.798,191.212
171.511,27.761,56.011,195.442
174.346,32.013,57.250,199.766
170.943,37.360,57.250,199.766
177.262,39.791,57.250,199.766
169.971,39.305,57.250,199.766
176.290,37.846,57.250,199.766
169.971,40.277,57.250,199.766
173.373,36.874,57.250,199.766
165.110,40.277,57.250,199.766
156.846,38.819,57.250,199.766
153.239,40.480,56.029,195.506
146.042,44.857,54.834,191.337
138.997,42.859,53.665,187.257
138.542,39.669,53.665,187.257
138.086,34.657,53.665,187.257
135.808,31.467,53.665,187.257
130.795,28.277,53.665,187.257
134.896,27.822,53.665,187.257
134.441,26.455,53.665,187.257
138.542,25.999,53.665,187.257
144.465,26.455,53.665,187.257
148.566,25.088,53.665,187.257
151.756,25.543,53.665,187.257
154.034,25.088,53.665,187.257
155.046,28.402,52.521,183.263
153.456,35.084,51.401,179.355
153.893,33.775,51.401,179.355
156.075,35.084,51.401,179.355
156.203,39.100,50.304,175.530
151.504,46.361,50.304,175.530
150.223,47.643,50.304,175.530
152.358,48.070,50.304,175.530
151.931,48.497,50.304,175.530
153.213,50.632,50.304,175.530
152.785,54.477,50.304,175.530
150.650,58.321,50.304,175.530
151.931,55.331,50.304,175.530
148.087,60.884,50.304,175.530
146.806,59.602,50.304,175.530
142.962,66.009,50.304,175.530
137.530,61.852,51.417,179.414
131.979,56.696,52.555,183.384
125.286,52.680,52.555,183.384
118.592,51.341,52.555,183.384
112.791,51.788,52.555,183.384
107.882,54.911,52.555,183.384
107.764,52.420,53.718,187.441
101.834,53.788,53.718,187.441
104.115,56.068,53.718,187.441
102.747,56.525,53.718,187.441
104.115,56.068,53.718,187.441
103.369,60.265,52.572,183.444
105.601,58.926,52.572,183.444
106.940,54.909,52.572,183.444
108.791,54.713,51.451,179.532
111.445,53.680,50.354,175.703
111.873,52.397,50.354,175.703
112.822,53.035,49.280,171.956
114.914,47.595,49.280,171.956
117.843,44.666,49.280,171.956
118.772,47.709,48.229,168.289
119.681,49.898,47.201,164.700
119.798,52.814,46.194,161.188
119.912,56.422,45.209,157.751
121.831,53.735,45.209,157.751
123.423,58.007,44.245,154.387
126.805,56.129,44.245,154.387
129.434,56.505,44.245,154.387
129.059,56.880,44.245,154.387
132.789,57.440,43.301,151.094
136.440,57.988,42.378,147.872
140.014,58.524,41.474,144.719
142.479,60.989,41.474,144.719
144.944,63.455,41.474,144.719
145.296,61.694,41.474,144.719
143.535,65.567,41.474,144.719
144.592,68.737,41.474,144.719
146.352,73.315,41.474,144.719
146.705,77.188,41.474,144.719
148.465,80.358,41.474,144.719
150.930,83.527,41.474,144.719
154.804,84.584,41.474,144.719
157.269,84.232,41.474,144.719
160.439,83.879,41.474,144.719
159.382,83.527,41.474,144.719
163.960,83.175,41.474,144.719
165.721,80.710,41.474,144.719
165.369,78.245,41.474,144.719
167.129,77.188,41.474,144.719
170.299,76.132,41.474,144.719
170.651,77.188,41.474,144.719
168.890,74.723,41.474,144.719
167.834,77.188,41.474,144.719
166.777,76.836,41.474,144.719
166.425,78.597,41.474,144.719
165.369,77.541,41.474,144.719
165.472,80.781,40.590,141.633
162.370,79.747,40.590,141.633
159.268,78.713,40.590,141.633
157.545,77.679,40.590,141.633
158.579,78.024,40.590,141.633
156.166,75.611,40.590,141.633
154.443,73.888,40.590,141.633
150.652,72.165,40.590,141.633
150.307,73.199,40.590,141.633
147.205,70.786,40.590,141.633
146.171,69.063,40.590,141.633
146.080,67.139,41.488,144.766
146.717,65.172,42.406,147.969
148.863,67.644,43.344,151.243
149.529,68.644,44.303,154.589
150.991,69.665,45.283,158.010
152.913,70.819,45.283,158.010
154.836,71.203,45.283,158.010
155.989,68.512,45.283,158.010
155.605,65.051,45.283,158.010
157.527,64.667,45.283,158.010
159.122,67.464,44.318,154.640
157.993,66.335,44.318,154.640
160.279,69.797,43.372,151.342
160.647,68.692,43.372,151.342
159.542,67.587,43.372,151.342
155.491,65.009,43.372,151.342
149.967,64.641,43.372,151.342
144.443,65.009,43.372,151.342
139.656,63.168,43.372,151.342
133.395,63.536,43.372,151.342
126.398,61.695,43.372,151.342
120.137,61.327,43.372,151.342
115.350,60.958,43.372,151.342
112.960,58.902,44.332,154.691
111.298,60.706,45.313,158.113
111.994,60.952,46.315,161.611
110.257,62.021,47.340,165.187
109.855,65.638,47.340,165.187
110.583,65.896,48.388,168.842
111.815,69.594,48.388,168.842
113.048,73.291,48.388,168.842
115.102,76.989,48.388,168.842
117.978,76.578,48.388,168.842
120.854,76.167,48.388,168.842
123.730,72.470,48.388,168.842
127.428,69.594,48.388,168.842
131.126,65.896,48.388,168.842
132.829,68.884,47.356,165.241
133.232,64.461,47.356,165.241
134.124,67.386,46.346,161.717
132.156,63.844,46.346,161.717
129.996,65.948,45.358,158.269
128.070,63.252,45.358,158.269
127.440,68.280,44.390,154.894
125.555,64.134,44.390,154.894
122.759,68.329,43.444,151.591
119.311,70.301,42.517,148.358
117.329,72.231,41.610,145.194
114.027,78.206,40.723,142.098
115.064,77.169,40.723,142.098
113.335,80.281,40.723,142.098
112.989,79.935,40.723,142.098
112.424,83.783,39.855,139.067
112.085,82.768,39.855,139.067
110.227,86.534,39.005,136.102
109.896,85.540,39.005,136.102
108.902,86.534,39.005,136.102
108.361,87.666,38.173,133.199
108.037,86.045,38.173,133.199
106.416,85.073,38.173,133.199
104.795,84.100,38.173,133.199
106.416,84.424,38.173,133.199
104.147,81.507,38.173,133.199
101.230,79.239,38.173,133.199
97.016,79.563,38.173,133.199
92.155,77.942,38.173,133.199
87.941,78.266,38.173,133.199
83.727,77.942,38.173,133.199
79.514,76.970,38.173,133.199
75.948,75.997,38.173,133.199
73.031,75.025,38.173,133.199
71.411,73.404,38.173,133.199
74.328,72.432,38.173,133.199
75.300,72.756,38.173,133.199
76.273,75.025,38.173,133.199
77.893,74.701,38.173,133.199
79.514,75.025,38.173,133.199
76.597,75.997,38.173,133.199
78.866,74.377,38.173,133.199
76.461,77.984,37.359,130.359
79.316,75.763,37.359,130.359
79.633,74.812,37.359,130.359
81.560,79.565,36.562,127.579
85.343,73.966,37.371,130.402
95.814,74.284,37.371,130.402
101.843,74.601,37.371,130.402
107.237,72.380,37.371,130.402
111.997,72.697,37.371,130.402
116.122,73.649,37.371,130.402
118.343,78.409,37.371,130.402
118.026,83.169,37.371,130.402
117.709,85.390,37.371,130.402
118.661,85.072,37.371,130.402
118.343,86.024,37.371,130.402
114.154,92.003,36.574,127.621
113.048,96.057,35.794,124.899
110.920,94.538,35.794,124.899
111.009,100.849,35.031,122.236
108.332,101.742,35.031,122.236
108.034,102.039,35.031,122.236
108.332,100.552,35.031,122.236
111.009,99.660,35.031,122.236
115.471,104.121,35.031,122.236
119.337,107.393,35.031,122.236
123.799,106.501,35.031,122.236
125.572,102.988,35.806,124.940
128.645,99.398,36.598,127.704
133.076,93.794,37.408,130.530
135.628,90.043,38.236,133.418
139.584,84.189,39.082,136.370
139.496,82.336,39.946,139.387
137.998,79.738,40.830,142.471
141.119,81.472,40.830,142.471
141.465,80.432,40.830,142.471
143.531,77.776,41.733,145.623
144.908,75.798,42.657,148.845
149.616,78.333,42.657,148.845
154.781,73.305,43.601,152.138
151.610,69.701,44.565,155.504
143.658,66.803,45.551,158.945
161.836,69.510,45.551,158.945
159.326,64.943,46.559,162.461
155.940,66.017,47.589,166.056
156.671,59.569,48.642,169.730
152.954,61.634,48.642,169.730
145.933,61.221,48.642,169.730
153.780,61.634,48.642,169.730
150.889,62.873,48.642,169.730
131.477,60.808,48.642,169.730
126.934,59.569,48.642,169.730
132.303,57.503,48.642,169.730
138.793,60.508,47.605,166.110
143.239,57.678,47.605,166.110
149.591,59.839,46.590,162.568
164.228,56.279,46.590,162.568
164.343,56.106,45.596,159.101
167.053,54.170,45.596,159.101
169.763,56.106,45.596,159.101
171.699,55.718,45.596,159.101
174.409,53.008,45.596,159.101
176.761,59.556,44.624,155.708
177.140,59.177,44.624,155.708
168.391,56.275,45.611,159.153
165.878,53.309,46.620,162.675
160.844,49.456,47.652,166.274
150.662,43.839,48.706,169.953
150.783,51.630,47.667,166.328
134.189,52.035,47.667,166.328
124.070,54.868,47.667,166.328
124.475,54.463,47.667,166.328
115.976,56.487,47.667,166.328
110.714,56.891,47.667,166.328
107.881,58.915,47.667,166.328
110.714,58.510,47.667,166.328
111.928,58.106,47.667,166.328
113.952,60.129,47.667,166.328
117.204,59.549,48.722,170.008
120.100,58.308,48.722,170.008
122.565,61.149,49.800,173.770
122.988,59.034,49.800,173.770
124.631,60.183,50.902,177.614
124.198,59.751,50.902,177.614
128.088,53.268,50.902,177.614
129.767,47.267,52.028,181.544
133.317,39.301,53.179,185.561
136.944,34.906,54.356,189.666
137.780,30.413,55.558,193.863
133.739,33.652,56.787,198.152
136.613,27.958,58.044,202.536
132.177,33.380,58.044,202.536
133.656,34.858,58.044,202.536
133.163,34.365,58.044,202.536
131.684,38.801,58.044,202.536
132.177,39.294,58.044,202.536
128.727,41.758,58.044,202.536
129.220,41.265,58.044,202.536
125.770,47.672,58.044,202.536
129.730,39.807,59.328,207.017
127.211,43.333,59.328,207.017
127.715,41.822,59.328,207.017
127.211,43.333,59.328,207.017
126.707,40.815,59.328,207.017
129.226,41.318,59.328,207.017
131.745,37.792,59.328,207.017
133.256,37.288,59.328,207.017
133.760,36.785,59.328,207.017
135.271,40.311,59.328,207.017
137.360,45.917,58.063,202.602
138.839,39.508,58.063,202.602
140.318,44.931,58.063,202.602
138.839,39.508,58.063,202.602
136.374,44.931,58.063,202.602
135.221,36.040,59.348,207.085
133.709,37.552,59.348,207.085
132.197,37.048,59.348,207.085
128.670,37.552,59.348,207.085
129.174,36.040,59.348,207.085
126.654,41.583,59.348,207.085
128.166,43.095,59.348,207.085
128.670,42.591,59.348,207.085
130.181,45.111,59.348,207.085
133.709,49.646,59.348,207.085
140.260,50.150,59.348,207.085
142.779,49.646,59.348,207.085
143.283,49.142,59.348,207.085
140.764,47.630,59.348,207.085
139.252,46.118,59.348,207.085
135.724,42.591,59.348,207.085
132.197,41.079,59.348,207.085
126.654,38.560,59.348,207.085
122.119,36.040,59.348,207.085
121.615,35.536,59.348,207.085
116.072,32.009,59.348,207.085
110.529,27.474,59.348,207.085
107.001,23.946,59.348,207.085
104.482,19.411,59.348,207.085
105.394,14.506,60.661,211.667
102.818,15.021,60.661,211.667
103.333,17.597,60.661,211.667
102.491,22.336,59.367,207.153
105.011,18.807,59.367,207.153
104.507,19.311,59.367,207.153
104.003,18.807,59.367,207.153
101.235,24.417,58.101,202.735
101.379,28.956,56.862,198.412
98.965,26.542,56.862,198.412
100.968,32.846,55.649,194.181
97.660,28.593,55.649,194.181
101.441,35.674,54.463,190.040
100.054,33.361,54.463,190.040
103.755,39.399,53.301,185.987
106.504,42.691,52.165,182.021
110.049,47.620,51.052,178.139
113.083,45.453,51.052,178.139
117.851,45.019,51.052,178.139
120.886,45.453,51.052,178.139
124.787,44.152,51.052,178.139
127.821,44.586,51.052,178.139
129.989,45.886,51.052,178.139
131.289,46.320,51.052,178.139
134.324,47.620,51.052,178.139
137.358,48.054,51.052,178.139
138.658,49.354,51.052,178.139
138.225,49.788,51.052,178.139
139.525,49.354,51.052,178.139
141.693,51.521,51.052,178.139
142.993,49.354,51.052,178.139
145.160,51.521,51.052,178.139
149.062,61.491,51.052,178.139
145.846,64.644,49.963,174.340
141.881,67.730,48.898,170.622
133.998,71.550,47.855,166.984
129.529,69.518,47.855,166.984
127.297,76.390,46.835,163.423
126.647,82.349,45.836,159.938
123.760,84.430,44.858,156.527
123.136,87.200,43.902,153.189
121.808,92.785,42.966,149.922
122.618,96.142,42.049,146.725
123.689,95.071,42.049,146.725
124.481,99.045,41.153,143.596
126.229,97.297,41.153,143.596
129.373,98.346,41.153,143.596
134.615,97.996,41.153,143.596
138.458,96.948,41.153,143.596
141.603,96.599,41.153,143.596
141.254,98.346,41.153,143.596
146.495,96.599,41.153,143.596
151.038,95.550,41.153,143.596
161.821,89.249,42.063,146.773
167.892,88.892,42.063,146.773
173.249,87.820,42.063,146.773
176.464,90.320,42.063,146.773
181.107,87.820,42.063,146.773
186.464,87.463,42.063,146.773
191.821,82.106,42.063,146.773
196.464,81.034,42.063,146.773
199.334,84.228,42.994,150.021
198.480,80.675,43.945,153.340
202.584,84.779,43.945,153.340
204.450,86.645,43.945,153.340
205.278,89.359,43.008,150.070
208.564,91.915,43.008,150.070
214.303,96.683,42.091,146.870
218.949,93.466,42.091,146.870
224.309,90.965,42.091,146.870
220.280,92.186,41.193,143.738
222.029,92.536,41.193,143.738
223.778,92.186,41.193,143.738
223.428,89.738,41.193,143.738
222.379,87.289,41.193,143.738
219.383,78.079,42.104,146.918
221.885,84.156,42.104,146.918
218.668,70.214,42.104,146.918
210.413,54.865,43.036,150.168
209.317,56.692,43.036,150.168
203.836,43.171,43.036,150.168
204.201,43.537,43.036,150.168
204.566,43.902,43.036,150.168
204.932,45.729,43.036,150.168
205.593,44.447,43.988,153.491
205.967,41.833,43.988,153.491
203.352,36.230,43.988,153.491
199.991,44.074,43.988,153.491
195.882,45.194,43.988,153.491
192.683,47.759,44.961,156.887
190.774,49.668,44.961,156.887
195.737,58.448,44.961,156.887
192.169,68.584,44.003,153.541
185.070,67.463,44.003,153.541
