289.000,67.000,64.000,236.000
287.303,66.434,64.000,236.000
285.605,67.000,64.000,236.000
281.645,65.303,64.000,236.000
279.948,67.000,64.000,236.000
274.856,68.697,64.000,236.000
272.027,70.395,64.000,236.000
265.804,70.960,64.000,236.000
262.975,72.658,64.000,236.000
256.751,73.223,64.000,236.000
253.923,73.789,64.000,236.000
249.962,77.750,64.000,236.000
247.133,79.447,64.000,236.000
243.173,82.276,64.000,236.000
237.857,88.609,62.635,230.967
237.303,89.163,62.635,230.967
235.642,89.717,62.635,230.967
231.766,85.841,62.635,230.967
234.535,78.643,62.635,230.967
237.303,76.982,62.635,230.967
243.394,74.213,62.635,230.967
239.518,76.982,62.635,230.967
242.286,79.750,62.635,230.967
238.411,79.196,62.635,230.967
231.212,85.287,62.635,230.967
227.647,85.604,64.021,236.077
230.477,90.698,64.021,236.077
235.571,85.604,64.021,236.077
246.019,75.359,65.437,241.301
253.539,71.310,65.437,241.301
261.059,66.104,65.437,241.301
265.108,62.055,65.437,241.301
271.939,62.955,64.042,236.155
270.241,58.992,64.042,236.155
265.145,50.500,64.042,236.155
258.918,54.463,64.042,236.155
258.352,52.764,64.042,236.155
254.389,53.330,64.042,236.155
250.161,64.034,62.676,231.119
252.431,76.645,61.340,226.190
258.834,87.941,60.032,221.366
258.963,90.813,58.751,216.646
269.101,85.614,57.499,212.026
271.183,84.446,56.272,207.504
294.319,83.302,55.072,203.079
314.279,88.657,55.072,203.079
307.950,88.170,55.072,203.079
305.516,89.631,55.072,203.079
304.056,86.223,55.072,203.079
301.621,84.762,55.072,203.079
303.082,81.355,55.072,203.079
302.595,81.841,55.072,203.079
306.003,80.381,55.072,203.079
307.919,79.650,56.291,207.572
304.715,76.837,57.536,212.165
302.172,77.346,57.536,212.165
295.560,77.854,57.536,212.165
299.120,78.363,57.536,212.165
303.698,80.906,57.536,212.165
307.258,80.397,57.536,212.165
307.767,80.906,57.536,212.165
309.293,76.328,57.536,212.165
313.870,74.803,57.536,212.165
317.431,76.328,57.536,212.165
314.888,71.751,57.536,212.165
313.362,71.242,57.536,212.165
305.732,64.630,57.536,212.165
301.155,61.070,57.536,212.165
294.543,58.527,57.536,212.165
289.965,59.035,57.536,212.165
284.370,57.509,57.536,212.165
279.792,60.052,57.536,212.165
274.198,61.578,57.536,212.165
270.637,62.087,57.536,212.165
269.111,53.440,57.536,212.165
274.706,46.828,57.536,212.165
279.732,46.639,56.309,207.640
277.933,47.414,55.108,203.212
274.295,46.294,53.933,198.879
270.734,52.550,52.783,194.638
259.984,57.659,53.951,198.944
252.830,77.213,53.951,198.944
264.753,70.059,53.951,198.944
270.000,67.674,53.951,198.944
277.154,63.382,53.951,198.944
286.215,59.089,53.951,198.944
280.969,54.797,53.951,198.944
275.723,58.135,53.951,198.944
276.200,61.474,53.951,198.944
274.769,63.859,53.951,198.944
270.476,64.336,53.951,198.944
269.046,60.043,53.951,198.944
266.661,59.566,53.951,198.944
266.777,61.228,52.800,194.701
266.310,63.562,52.800,194.701
264.910,64.028,52.800,194.701
270.044,63.562,52.800,194.701
267.710,62.161,52.800,194.701
266.024,59.289,51.674,190.549
266.874,56.707,52.818,194.765
263.605,53.438,52.818,194.765
262.205,52.971,52.818,194.765
258.936,49.703,52.818,194.765
257.249,51.330,51.691,190.612
253.837,54.683,50.589,186.547
252.495,54.236,50.589,186.547
252.048,52.000,50.589,186.547
255.178,54.236,50.589,186.547
251.153,50.211,50.589,186.547
249.812,52.447,50.589,186.547
245.787,54.683,50.589,186.547
243.551,53.342,50.589,186.547
241.315,58.261,50.589,186.547
241.762,65.864,50.589,186.547
241.315,60.944,50.589,186.547
241.762,69.441,50.589,186.547
243.998,76.150,50.589,186.547
245.758,75.478,51.708,190.674
250.403,75.740,52.852,194.893
251.272,75.038,54.022,199.205
254.143,70.357,55.217,203.612
256.064,67.598,56.439,208.117
259.063,65.813,57.687,212.722
259.573,63.264,57.687,212.722
264.755,57.207,58.964,217.428
267.361,59.813,58.964,217.428
271.010,63.462,58.964,217.428
274.659,69.195,58.964,217.428
279.955,75.984,60.268,222.239
281.554,80.779,60.268,222.239
282.086,87.705,60.268,222.239
284.750,89.303,60.268,222.239
287.414,94.098,60.268,222.239
287.947,91.434,60.268,222.239
295.265,97.398,58.983,217.500
298.407,99.215,57.725,212.862
294.835,93.602,57.725,212.862
294.325,85.947,57.725,212.862
291.039,75.651,59.002,217.571
286.345,80.345,59.002,217.571
270.175,67.306,59.002,217.571
266.524,60.525,59.002,217.571
263.916,68.349,59.002,217.571
263.395,68.870,59.002,217.571
268.089,65.219,59.002,217.571
270.226,69.047,57.744,212.931
268.382,60.985,56.513,208.391
269.881,57.488,56.513,208.391
274.817,62.118,55.308,203.947
271.395,62.607,55.308,203.947
267.972,70.919,55.308,203.947
273.955,74.242,56.531,208.459
283.180,66.233,57.782,213.071
289.821,63.679,57.782,213.071
292.891,67.151,59.060,217.785
293.413,67.673,59.060,217.785
295.468,67.973,60.367,222.604
297.569,68.278,61.703,227.529
303.569,69.915,61.703,227.529
301.933,68.278,61.703,227.529
304.660,68.824,61.703,227.529
304.114,65.006,61.703,227.529
309.023,62.278,61.703,227.529
306.296,58.460,61.703,227.529
302.478,53.551,61.703,227.529
307.387,56.278,61.703,227.529
314.478,53.551,61.703,227.529
317.205,47.551,61.703,227.529
323.205,53.551,61.703,227.529
321.569,53.006,61.703,227.529
323.205,54.642,61.703,227.529
320.478,55.187,61.703,227.529
314.478,52.460,61.703,227.529
318.296,55.187,61.703,227.529
315.569,53.551,61.703,227.529
315.023,54.096,61.703,227.529
310.114,50.278,61.703,227.529
309.569,51.915,61.703,227.529
316.660,48.096,61.703,227.529
318.296,50.824,61.703,227.529
321.023,47.006,61.703,227.529
323.751,46.460,61.703,227.529
325.387,42.642,61.703,227.529
329.205,45.369,61.703,227.529
322.114,45.915,61.703,227.529
319.092,45.712,60.387,222.677
317.491,48.381,60.387,222.677
313.754,43.577,60.387,222.677
315.355,46.246,60.387,222.677
318.024,49.983,60.387,222.677
319.626,52.652,60.387,222.677
319.092,59.591,60.387,222.677
316.423,56.922,60.387,222.677
313.754,53.185,60.387,222.677
312.152,54.787,60.387,222.677
309.483,48.915,60.387,222.677
306.046,49.221,61.723,227.603
303.665,45.005,63.089,232.639
300.074,39.538,64.484,237.786
293.803,40.108,64.484,237.786
287.533,37.258,64.484,237.786
276.765,26.939,65.911,243.047
271.290,30.092,64.506,237.864
261.596,34.083,64.506,237.864
266.728,35.794,64.506,237.864
274.889,36.121,65.933,243.127
266.146,33.207,65.933,243.127
273.723,33.789,65.933,243.127
264.981,29.710,65.933,243.127
267.369,29.493,64.527,237.942
264.208,30.381,63.151,232.868
270.801,26.945,61.804,227.902
262.507,26.742,60.486,223.042
267.320,31.554,60.486,223.042
274.271,28.881,60.486,223.042
283.361,35.832,60.486,223.042
284.965,36.366,60.486,223.042
287.156,42.352,59.196,218.286
285.586,47.062,59.196,218.286
285.063,54.911,59.196,218.286
285.586,58.575,59.196,218.286
286.722,59.389,57.934,213.631
286.846,62.160,56.698,209.075
286.001,63.907,55.489,204.616
284.229,64.670,54.306,200.253
287.121,62.641,53.148,195.982
288.531,60.292,53.148,195.982
293.699,61.701,53.148,195.982
298.341,64.244,52.014,191.803
305.238,65.623,52.014,191.803
300.032,65.452,50.905,187.713
312.182,66.802,50.905,187.713
316.232,65.452,50.905,187.713
319.382,63.202,50.905,187.713
314.432,66.352,50.905,187.713
311.282,73.102,50.905,187.713
307.232,76.252,50.905,187.713
288.256,73.483,49.820,183.710
286.935,72.161,49.820,183.710
291.410,72.414,50.922,187.774
284.658,65.661,50.922,187.774
278.806,59.809,50.922,187.774
281.957,58.459,50.922,187.774
277.190,53.112,52.048,191.929
278.046,51.467,53.200,196.175
278.517,58.521,53.200,196.175
276.165,60.873,53.200,196.175
271.933,60.402,53.200,196.175
273.343,59.932,53.200,196.175
280.398,64.165,53.200,196.175
285.571,63.694,53.200,196.175
290.744,63.224,53.200,196.175
291.215,61.813,53.200,196.175
289.804,60.402,53.200,196.175
291.215,59.932,53.200,196.175
293.566,65.105,53.200,196.175
298.739,71.219,53.200,196.175
302.031,78.273,53.200,196.175
301.239,84.445,52.066,191.992
307.222,88.587,52.066,191.992
310.444,90.888,52.066,191.992
313.666,90.428,52.066,191.992
309.523,87.206,52.066,191.992
289.228,78.163,50.955,187.897
281.522,72.785,49.869,183.890
275.680,74.321,48.805,179.969
270.934,78.204,48.805,179.969
262.737,76.910,48.805,179.969
257.128,79.930,48.805,179.969
257.560,82.950,48.805,179.969
259.328,87.780,47.764,176.131
251.290,91.693,46.746,172.375
247.408,95.522,45.749,168.699
238.106,94.309,45.749,168.699
235.275,95.522,45.749,168.699
232.254,96.931,44.773,165.101
230.824,100.599,43.818,161.581
231.986,100.987,43.818,161.581
235.473,100.599,43.818,161.581
241.540,90.001,42.884,158.135
249.671,90.591,41.969,154.763
251.191,98.321,41.074,151.462
250.579,102.386,40.199,148.232
260.826,98.902,41.088,151.512
263.763,102.125,41.997,154.864
269.847,103.108,42.926,158.290
272.503,104.247,42.926,158.290
276.677,108.421,42.926,158.290
275.539,108.041,42.926,158.290
274.400,105.385,42.926,158.290
277.057,105.765,42.926,158.290
273.826,104.407,43.876,161.793
274.214,101.692,43.876,161.793
276.153,97.426,43.876,161.793
274.990,96.262,43.876,161.793
276.153,91.995,43.876,161.793
274.990,89.280,43.876,161.793
276.153,92.771,43.876,161.793
276.541,87.729,43.876,161.793
281.583,96.650,43.876,161.793
286.163,105.478,42.940,158.342
288.821,114.209,42.940,158.342
288.441,119.903,42.940,158.342
285.784,124.078,42.940,158.342
281.608,122.180,42.940,158.342
276.674,121.801,42.940,158.342
274.016,118.384,42.940,158.342
266.846,114.663,43.890,161.846
259.474,113.499,43.890,161.846
246.670,118.543,43.890,161.846
241.627,115.051,43.890,161.846
234.255,56.464,43.890,161.846
236.195,52.972,43.890,161.846
234.255,48.704,43.890,161.846
240.075,45.988,43.890,161.846
235.031,42.497,43.890,161.846
239.299,45.212,43.890,161.846
243.567,42.497,43.890,161.846
248.610,45.212,43.890,161.846
254.430,47.928,43.890,161.846
260.508,50.776,42.954,158.394
266.963,54.194,42.954,158.394
271.900,53.054,42.954,158.394
270.001,51.156,42.954,158.394
273.021,54.675,42.038,155.016
268.190,52.073,42.038,155.016
268.561,50.958,42.038,155.016
261.542,47.316,42.968,158.446
263.441,46.936,42.968,158.446
256.984,45.037,42.968,158.446
252.962,45.254,43.919,161.952
248.691,46.419,43.919,161.952
249.533,47.023,42.983,158.498
244.594,46.643,42.983,158.498
246.878,47.649,43.934,162.005
248.043,48.038,43.934,162.005
250.762,53.087,43.934,162.005
254.599,58.932,42.997,158.550
287.663,69.781,42.080,155.169
292.056,75.380,41.182,151.860
290.039,79.455,40.304,148.622
286.004,82.757,39.445,145.452
280.774,83.803,39.445,145.452
265.780,79.270,39.445,145.452
260.549,76.829,39.445,145.452
265.780,79.270,39.445,145.452
264.734,75.434,39.445,145.452
272.884,124.374,38.603,142.350
270.336,122.932,37.780,139.315
266.662,122.598,37.780,139.315
264.168,127.624,36.975,136.344
263.617,130.653,36.186,133.436
258.818,133.532,36.186,133.436
255.300,133.212,36.186,133.436
249.921,130.077,36.987,136.388
245.670,128.442,36.987,136.388
240.766,126.153,36.987,136.388
237.169,124.518,36.987,136.388
224.012,123.767,36.198,133.480
218.573,123.447,36.198,133.480
214.413,119.287,36.198,133.480
212.173,117.687,36.198,133.480
216.752,118.534,36.999,136.433
220.754,115.328,37.817,139.452
219.751,116.331,37.817,139.452
223.429,117.334,37.817,139.452
231.243,123.010,37.011,136.478
235.107,136.133,36.222,133.567
247.595,140.936,36.222,133.567
255.079,143.903,35.449,130.719
262.287,146.724,35.449,130.719
267.614,147.037,35.449,130.719
274.195,149.231,35.449,130.719
280.149,145.784,35.449,130.719
291.744,132.309,35.449,130.719
297.071,128.235,35.449,130.719
295.505,122.281,35.449,130.719
293.487,117.258,36.234,133.611
290.095,110.131,37.035,136.567
287.987,106.242,37.855,139.589
289.304,109.906,38.692,142.677
287.102,107.972,39.548,145.834
285.354,113.217,39.548,145.834
261.231,113.566,39.548,145.834
258.084,116.713,39.548,145.834
272.518,113.286,40.423,149.061
288.013,104.593,41.318,152.359
283.387,99.497,42.232,155.730
287.181,96.612,43.166,159.175
283.932,97.622,44.121,162.697
292.123,97.232,44.121,162.697
296.086,99.074,45.097,166.297
301.269,102.662,45.097,166.297
298.478,104.656,45.097,166.297
290.120,101.575,46.095,169.976
282.378,97.908,46.095,169.976
264.041,82.016,46.095,169.976
259.559,63.679,46.095,169.976
256.090,55.457,47.115,173.737
252.544,86.809,48.157,177.581
255.524,94.897,48.157,177.581
251.692,92.769,48.157,177.581
255.524,88.937,48.157,177.581
252.783,77.697,49.223,181.509
255.829,72.041,49.223,181.509
253.027,72.290,50.312,185.525
256.140,69.177,50.312,185.525
254.806,74.959,50.312,185.525
251.692,84.299,50.312,185.525
248.579,79.406,50.312,185.525
243.687,75.403,50.312,185.525
237.905,83.854,50.312,185.525
218.780,91.415,50.312,185.525
212.109,93.639,50.312,185.525
208.995,89.636,50.312,185.525
206.772,88.301,50.312,185.525
206.327,81.630,50.312,185.525
209.440,77.627,50.312,185.525
198.270,78.805,51.425,189.630
194.400,80.009,52.563,193.826
191.147,86.049,52.563,193.826
191.612,90.231,52.563,193.826
190.218,96.272,52.563,193.826
189.753,98.595,52.563,193.826
187.430,99.060,52.563,193.826
186.036,94.878,52.563,193.826
178.223,87.431,53.726,198.114
173.194,79.819,54.914,202.497
172.709,75.450,54.914,202.497
170.282,77.877,54.914,202.497
162.119,72.111,56.129,206.978
155.836,70.336,57.371,211.557
161.414,70.843,57.371,211.557
159.893,68.308,57.371,211.557
152.418,66.493,58.641,216.238
144.777,65.715,59.938,221.022
151.034,72.668,58.660,216.309
155.701,73.186,58.660,216.309
160.368,73.705,58.660,216.309
162.961,75.261,58.660,216.309
162.442,76.816,58.660,216.309
163.998,77.335,58.660,216.309
204.964,70.594,58.660,216.309
201.334,74.224,58.660,216.309
196.667,79.928,58.660,216.309
196.793,85.733,57.409,211.696
201.360,89.285,57.409,211.696
197.808,87.763,57.409,211.696
194.996,92.466,56.185,207.181
192.244,98.026,54.987,202.763
186.740,103.468,53.814,198.439
190.070,96.332,53.814,198.439
194.770,93.404,52.666,194.207
187.787,98.525,52.666,194.207
183.412,109.122,51.543,190.066
187.513,103.199,51.543,190.066
191.137,113.570,50.444,186.013
183.556,122.042,50.444,186.013
185.383,123.596,49.368,182.046
187.171,129.323,48.316,178.164
190.161,125.479,48.316,178.164
194.005,117.364,48.316,178.164
196.141,108.394,48.316,178.164
202.547,101.988,48.316,178.164
209.808,104.123,48.316,178.164
214.507,105.405,48.316,178.164
222.622,99.852,48.316,178.164
230.737,96.008,48.316,178.164
240.561,98.144,48.316,178.164
249.721,96.338,47.285,174.364
259.172,86.169,48.331,178.222
263.018,88.306,48.331,178.222
270.281,86.169,48.331,178.222
