347.000,58.000,103.000,251.000
342.230,60.044,103.000,251.000
342.911,58.000,103.000,251.000
339.504,58.681,103.000,251.000
337.460,58.000,103.000,251.000
332.689,60.044,103.000,251.000
327.919,60.726,103.000,251.000
320.423,61.407,103.000,251.000
317.016,63.452,103.000,251.000
310.883,64.133,103.000,251.000
307.476,63.452,103.000,251.000
299.980,68.222,103.000,251.000
302.024,68.903,103.000,251.000
294.584,73.550,100.803,245.647
288.581,76.885,100.803,245.647
290.582,74.884,100.803,245.647
281.912,78.219,100.803,245.647
278.577,77.552,100.803,245.647
276.577,72.883,100.803,245.647
277.244,69.549,100.803,245.647
283.246,64.880,100.803,245.647
274.576,69.549,100.803,245.647
272.575,66.214,100.803,245.647
269.240,74.884,100.803,245.647
268.574,86.222,100.803,245.647
276.454,75.893,103.034,251.082
284.508,65.336,105.313,256.638
286.957,69.003,107.643,262.316
297.640,58.320,107.643,262.316
306.898,49.062,107.643,262.316
306.186,44.076,107.643,262.316
301.201,43.364,107.643,262.316
294.791,45.501,107.643,262.316
294.079,41.940,107.643,262.316
289.094,41.228,107.643,262.316
289.806,40.516,107.643,262.316
287.669,36.955,107.643,262.316
291.230,34.818,107.643,262.316
286.200,49.285,105.348,256.722
292.473,58.345,105.348,256.722
295.612,73.847,103.101,251.247
300.387,67.708,103.101,251.247
308.718,81.564,100.903,245.889
322.020,73.247,98.751,240.645
338.353,60.833,98.751,240.645
347.593,62.770,96.645,235.514
343.076,68.362,94.584,230.491
344.954,66.485,94.584,230.491
343.076,68.362,94.584,230.491
343.702,65.233,94.584,230.491
343.076,62.105,94.584,230.491
343.702,62.730,94.584,230.491
349.334,67.111,94.584,230.491
353.714,70.240,94.584,230.491
360.598,68.362,94.584,230.491
361.224,68.988,94.584,230.491
358.095,67.111,94.584,230.491
362.475,68.988,94.584,230.491
361.850,69.614,94.584,230.491
367.482,68.988,94.584,230.491
367.084,63.192,96.677,235.591
366.679,61.249,98.816,240.803
368.640,61.903,98.816,240.803
365.371,58.634,98.816,240.803
362.102,56.673,98.816,240.803
356.218,52.097,98.816,240.803
346.412,46.213,98.816,240.803
340.528,46.866,98.816,240.803
334.644,46.213,98.816,240.803
328.760,48.174,98.816,240.803
321.568,46.213,98.816,240.803
316.992,46.866,98.816,240.803
309.800,48.828,98.816,240.803
305.224,48.174,98.816,240.803
311.108,40.982,98.816,240.803
311.762,37.714,98.816,240.803
308.493,33.137,98.816,240.803
309.147,33.791,98.816,240.803
303.263,29.215,98.816,240.803
303.686,33.673,96.708,235.668
299.207,36.872,96.708,235.668
301.127,38.791,96.708,235.668
301.767,40.711,96.708,235.668
304.966,42.630,96.708,235.668
311.547,43.293,94.646,230.642
315.931,42.667,94.646,230.642
312.800,39.536,94.646,230.642
310.921,41.414,94.646,230.642
311.547,47.050,94.646,230.642
314.678,50.181,94.646,230.642
316.557,52.060,94.646,230.642
317.183,52.686,94.646,230.642
314.052,53.312,94.646,230.642
312.174,55.191,94.646,230.642
311.547,57.069,94.646,230.642
313.426,57.695,94.646,230.642
315.304,55.817,94.646,230.642
317.183,57.695,94.646,230.642
316.557,52.060,94.646,230.642
317.183,53.938,94.646,230.642
311.547,44.545,94.646,230.642
312.174,46.424,94.646,230.642
302.781,38.284,94.646,230.642
299.650,37.657,94.646,230.642
295.267,38.284,94.646,230.642
292.136,36.405,94.646,230.642
287.752,32.022,94.646,230.642
286.951,35.084,92.628,225.724
282.661,32.020,92.628,225.724
281.877,32.655,90.652,220.910
277.678,33.255,90.652,220.910
277.079,33.855,90.652,220.910
278.878,39.252,90.652,220.910
277.079,35.054,90.652,220.910
278.878,35.654,90.652,220.910
278.278,38.653,90.652,220.910
280.077,32.055,90.652,220.910
283.076,33.855,90.652,220.910
288.474,27.257,90.652,220.910
291.175,33.659,88.719,216.199
298.806,42.464,88.719,216.199
299.393,45.399,88.719,216.199
308.197,37.768,88.719,216.199
312.306,46.573,88.719,216.199
316.415,50.681,88.719,216.199
314.654,43.051,88.719,216.199
321.589,51.012,90.682,220.983
323.389,57.611,90.682,220.983
327.589,70.211,90.682,220.983
326.989,75.610,90.682,220.983
327.589,79.810,90.682,220.983
328.189,82.810,90.682,220.983
328.789,85.809,90.682,220.983
332.988,84.010,90.682,220.983
337.188,84.610,90.682,220.983
336.588,86.409,90.682,220.983
338.388,78.610,90.682,220.983
334.188,75.610,90.682,220.983
329.988,66.611,90.682,220.983
318.589,61.211,90.682,220.983
305.990,57.011,90.682,220.983
304.190,51.612,90.682,220.983
304.790,63.011,90.682,220.983
305.390,63.611,90.682,220.983
302.390,69.011,90.682,220.983
300.590,66.011,90.682,220.983
310.231,97.859,88.748,216.270
301.557,109.786,86.856,211.658
297.534,73.584,86.856,211.658
294.583,71.963,85.004,207.144
286.147,75.900,85.004,207.144
285.428,87.324,83.191,202.727
288.180,93.378,83.191,202.727
294.902,88.643,81.417,198.404
307.973,82.536,83.218,202.793
307.422,76.480,83.218,202.793
313.928,82.805,85.059,207.280
318.241,77.593,86.941,211.866
325.719,80.469,86.941,211.866
323.994,77.593,86.941,211.866
326.870,80.469,86.941,211.866
326.294,78.743,86.941,211.866
331.471,73.566,86.941,211.866
328.595,70.690,86.941,211.866
319.967,67.814,86.941,211.866
329.746,69.540,86.941,211.866
337.880,73.462,85.087,207.348
328.310,70.647,85.087,207.348
337.880,68.958,85.087,207.348
335.065,67.270,85.087,207.348
345.761,67.833,85.087,207.348
342.947,66.144,85.087,207.348
344.635,65.581,85.087,207.348
341.821,68.396,85.087,207.348
345.761,64.455,85.087,207.348
345.198,67.270,85.087,207.348
341.258,62.203,85.087,207.348
347.450,59.388,85.087,207.348
353.642,56.574,85.087,207.348
357.583,59.388,85.087,207.348
358.146,55.448,85.087,207.348
362.087,53.759,85.087,207.348
363.775,52.070,85.087,207.348
366.590,47.004,85.087,207.348
362.650,53.196,85.087,207.348
357.583,50.381,85.087,207.348
357.020,47.567,85.087,207.348
354.205,42.500,85.087,207.348
360.398,48.693,85.087,207.348
358.709,52.633,85.087,207.348
361.524,50.944,85.087,207.348
363.212,49.255,85.087,207.348
359.272,53.196,85.087,207.348
362.892,57.035,83.273,202.926
363.443,55.382,83.273,202.926
363.994,50.423,83.273,202.926
361.239,52.076,83.273,202.926
358.485,49.322,83.273,202.926
354.705,45.362,85.115,207.416
349.637,51.556,85.115,207.416
339.932,45.172,86.998,212.005
331.206,39.841,88.923,216.696
340.599,30.729,90.890,221.490
343.606,40.952,90.890,221.490
343.004,45.162,90.890,221.490
346.011,44.560,90.890,221.490
345.410,48.770,90.890,221.490
346.011,44.560,90.890,221.490
343.004,43.959,90.890,221.490
337.592,38.547,90.890,221.490
330.972,29.234,92.901,226.391
338.234,13.338,94.957,231.400
330.067,21.505,94.957,231.400
336.978,27.159,94.957,231.400
331.324,25.275,94.957,231.400
334.465,33.442,94.957,231.400
335.093,32.813,94.957,231.400
331.867,43.153,92.932,226.465
332.752,45.113,94.988,231.476
330.867,53.283,94.988,231.476
327.725,52.654,94.988,231.476
324.583,54.539,94.988,231.476
323.954,56.425,94.988,231.476
320.727,63.133,92.962,226.539
318.754,62.584,90.980,221.708
322.967,57.167,90.980,221.708
318.716,55.470,89.040,216.980
326.374,52.524,89.040,216.980
331.298,58.813,87.141,212.353
341.099,53.624,87.141,212.353
343.982,51.894,87.141,212.353
346.865,50.165,87.141,212.353
347.441,49.588,87.141,212.353
353.783,43.246,87.141,212.353
349.747,39.211,87.141,212.353
343.405,44.399,87.141,212.353
340.523,48.435,87.141,212.353
334.181,42.093,87.141,212.353
338.217,46.129,87.141,212.353
343.405,51.318,87.141,212.353
338.254,41.193,89.069,217.051
328.236,34.710,89.069,217.051
322.933,32.943,89.069,217.051
322.559,27.485,91.040,221.854
323.161,31.701,91.040,221.854
317.740,25.075,91.040,221.854
315.933,32.905,91.040,221.854
314.126,28.689,91.040,221.854
314.729,32.905,91.040,221.854
315.331,43.145,91.040,221.854
314.560,49.574,89.098,217.123
321.044,46.627,89.098,217.123
316.918,44.859,89.098,217.123
318.686,37.195,89.098,217.123
317.932,48.033,87.198,212.492
319.663,40.533,87.198,212.492
319.086,50.341,87.198,212.492
316.201,37.072,87.198,212.492
321.023,67.696,85.339,207.961
333.362,80.254,83.519,203.526
339.440,78.596,83.519,203.526
311.259,75.833,83.519,203.526
314.022,73.070,83.519,203.526
323.415,69.202,83.519,203.526
310.706,60.914,83.519,203.526
305.738,55.095,81.738,199.186
300.871,49.146,81.738,199.186
302.772,51.992,83.546,203.593
297.798,45.912,83.546,203.593
298.350,49.781,83.546,203.593
298.903,49.229,83.546,203.593
293.928,50.887,83.546,203.593
288.990,48.061,85.395,208.097
290.976,42.828,87.284,212.701
267.973,45.653,85.423,208.166
252.713,49.609,85.423,208.166
242.185,78.521,83.601,203.726
252.694,72.436,83.601,203.726
260.991,79.627,83.601,203.726
274.818,70.224,83.601,203.726
282.009,75.202,83.601,203.726
270.393,80.180,83.601,203.726
274.265,77.414,83.601,203.726
279.243,84.605,83.601,203.726
282.009,80.733,83.601,203.726
274.818,84.605,83.601,203.726
280.902,80.733,83.601,203.726
275.924,90.136,83.601,203.726
279.481,90.709,81.818,199.382
285.436,88.002,81.818,199.382
292.473,85.296,81.818,199.382
300.593,83.672,81.818,199.382
301.134,80.965,81.818,199.382
304.923,76.093,81.818,199.382
304.382,72.304,81.818,199.382
307.088,68.515,81.818,199.382
304.382,73.387,81.818,199.382
303.841,68.515,81.818,199.382
304.620,61.255,83.628,203.793
304.067,68.447,83.628,203.793
300.194,61.255,83.628,203.793
300.991,65.315,85.479,208.302
302.688,77.191,85.479,208.302
296.467,87.936,85.479,208.302
295.901,86.239,85.479,208.302
301.718,96.637,83.656,203.860
303.379,93.869,83.656,203.860
298.398,95.530,83.656,203.860
291.202,90.549,83.656,203.860
265.189,51.252,83.656,203.860
259.101,44.057,83.656,203.860
257.441,41.290,83.656,203.860
260.208,45.164,83.656,203.860
260.762,40.183,83.656,203.860
261.315,36.308,83.656,203.860
267.403,42.396,83.656,203.860
270.171,40.736,83.656,203.860
274.045,47.931,83.656,203.860
273.491,52.912,83.656,203.860
277.366,54.573,83.656,203.860
279.311,54.040,85.507,208.370
282.140,55.738,85.507,208.370
284.969,54.040,85.507,208.370
281.009,56.869,85.507,208.370
286.828,49.821,83.683,203.927
290.703,39.302,83.683,203.927
288.927,40.942,81.899,199.578
287.189,38.370,80.152,195.322
288.555,37.897,78.443,191.157
284.889,41.436,76.770,187.080
285.218,43.920,75.133,183.091
285.540,48.268,73.531,179.186
287.731,50.648,71.963,175.365
286.303,53.028,71.963,175.365
285.827,49.696,71.963,175.365
285.351,53.028,71.963,175.365
288.683,52.552,71.963,175.365
289.160,54.933,71.963,175.365
290.386,58.179,70.428,171.625
289.920,62.373,70.428,171.625
288.522,63.771,70.428,171.625
286.192,65.169,70.428,171.625
284.794,66.566,70.428,171.625
283.396,69.828,70.428,171.625
287.590,74.954,70.428,171.625
288.988,77.283,70.428,171.625
289.454,74.954,70.428,171.625
291.784,81.943,70.428,171.625
294.113,99.183,70.428,171.625
288.056,103.377,70.428,171.625
281.067,104.775,70.428,171.625
278.674,107.054,68.926,167.965
273.658,112.070,68.926,167.965
269.553,111.614,68.926,167.965
266.361,114.806,68.926,167.965
275.938,90.637,68.926,167.965
280.954,81.061,68.926,167.965
282.322,76.045,68.926,167.965
275.409,76.552,70.451,171.682
249.773,101.256,70.451,171.682
241.849,97.993,70.451,171.682
244.180,99.391,70.451,171.682
249.307,94.264,70.451,171.682
253.847,93.816,72.010,175.480
257.499,86.437,73.603,179.363
257.986,89.846,73.603,179.363
265.760,85.336,75.231,183.331
271.641,79.693,76.896,187.387
279.764,79.203,78.597,191.533
284.444,75.563,78.597,191.533
291.204,74.003,78.597,191.533
293.804,72.443,78.597,191.533
298.484,72.963,78.597,191.533
303.164,72.443,78.597,191.533
311.466,74.101,80.336,195.771
315.187,67.191,80.336,195.771
320.364,73.297,82.114,200.102
318.734,78.187,82.114,200.102
323.623,72.211,82.114,200.102
323.080,74.927,82.114,200.102
326.883,74.384,82.114,200.102
328.513,77.100,82.114,200.102
333.402,80.903,82.114,200.102
336.119,81.446,82.114,200.102
331.229,81.990,82.114,200.102
329.599,83.619,82.114,200.102
326.883,78.730,82.114,200.102
325.253,74.927,82.114,200.102
324.908,69.895,83.930,204.529
325.464,70.451,83.930,204.529
331.572,67.674,83.930,204.529
328.795,71.561,83.930,204.529
333.793,76.559,83.930,204.529
334.348,80.446,83.930,204.529
324.778,70.694,85.787,209.055
299.237,64.450,85.787,209.055
288.453,57.072,85.787,209.055
286.751,54.234,85.787,209.055
287.318,63.883,85.787,209.055
287.886,66.721,85.787,209.055
281.643,72.964,85.787,209.055
281.075,71.261,85.787,209.055
282.778,68.423,85.787,209.055
283.345,64.450,85.787,209.055
285.048,62.748,85.787,209.055
290.156,56.504,85.787,209.055
289.589,54.802,85.787,209.055
290.156,58.775,85.787,209.055
282.778,67.288,85.787,209.055
277.669,65.586,85.787,209.055
270.291,69.559,85.787,209.055
266.318,74.667,85.787,209.055
257.804,78.640,85.787,209.055
256.102,79.207,85.787,209.055
248.723,79.775,85.787,209.055
243.620,81.457,83.958,204.596
240.768,79.891,82.168,200.233
240.224,76.085,82.168,200.233
235.331,73.367,82.168,200.233
232.613,74.998,82.168,200.233
227.721,78.804,82.168,200.233
226.090,81.522,82.168,200.233
223.372,88.589,82.168,200.233
219.566,93.481,82.168,200.233
216.848,92.938,82.168,200.233
219.566,89.132,82.168,200.233
219.023,83.153,82.168,200.233
219.566,77.173,82.168,200.233
214.674,72.280,82.168,200.233
209.817,74.013,83.985,204.664
209.261,75.680,83.985,204.664
213.150,75.124,83.985,204.664
214.817,80.125,83.985,204.664
215.177,86.056,82.194,200.299
214.481,88.716,80.442,196.028
212.885,88.184,80.442,196.028
207.030,85.523,80.442,196.028
206.498,83.926,80.442,196.028
208.095,86.587,80.442,196.028
207.563,86.055,80.442,196.028
211.288,87.652,80.442,196.028
210.756,83.926,80.442,196.028
216.610,82.330,80.442,196.028
221.400,84.991,80.442,196.028
227.254,89.781,80.442,196.028
230.980,93.506,80.442,196.028
232.576,98.296,80.442,196.028
230.980,98.828,80.442,196.028
227.254,97.232,80.442,196.028
225.547,101.887,78.726,191.847
222.943,102.407,78.726,191.847
223.464,96.678,78.726,191.847
217.734,100.324,78.726,191.847
214.055,106.888,77.047,187.756
217.624,102.300,77.047,187.756
221.192,106.888,77.047,187.756
219.663,116.573,77.047,187.756
216.062,125.945,75.404,183.752
221.194,118.768,73.796,179.834
222.910,121.338,75.429,183.812
224.407,112.854,75.429,183.812
224.906,103.372,75.429,183.812
232.392,98.881,75.429,183.812
237.882,101.376,75.429,183.812
242.053,110.551,73.820,179.893
245.472,120.807,73.820,179.893
251.242,124.391,75.454,183.873
294.673,82.957,75.454,183.873
300.165,75.469,75.454,183.873
300.664,74.970,75.454,183.873
304.158,77.466,75.454,183.873
307.653,74.970,75.454,183.873
312.146,78.464,75.454,183.873
