302.000,135.000,67.000,81.000
301.709,139.365,67.000,81.000
297.926,146.058,67.000,81.000
298.694,149.087,68.482,82.792
301.371,151.765,68.482,82.792
302.264,149.682,68.482,82.792
304.346,147.600,68.482,82.792
307.023,147.898,68.482,82.792
307.320,148.790,68.482,82.792
309.402,152.062,68.482,82.792
309.700,154.144,68.482,82.792
313.571,151.685,69.998,84.624
319.348,148.341,69.998,84.624
326.341,141.956,69.998,84.624
331.509,137.396,69.998,84.624
333.638,134.051,69.998,84.624
335.766,134.355,69.998,84.624
333.638,132.835,69.998,84.624
336.374,130.707,69.998,84.624
340.326,126.755,69.998,84.624
345.495,121.586,69.998,84.624
350.083,115.287,71.546,86.496
354.128,112.074,73.129,88.410
358.892,113.662,73.129,88.410
367.468,119.697,73.129,88.410
378.193,129.594,74.747,90.366
381.745,130.952,76.401,92.365
377.113,123.389,78.091,94.409
365.920,111.517,78.091,94.409
353.370,95.575,78.091,94.409
346.247,88.453,78.091,94.409
339.124,82.686,78.091,94.409
338.106,83.026,78.091,94.409
337.767,86.078,78.091,94.409
340.142,93.201,78.091,94.409
345.229,106.429,78.091,94.409
358.458,119.658,78.091,94.409
368.973,128.137,78.091,94.409
366.349,123.222,79.819,96.498
362.536,113.168,79.819,96.498
367.042,107.274,79.819,96.498
361.149,92.367,79.819,96.498
358.028,86.473,79.819,96.498
361.149,87.513,79.819,96.498
362.189,89.940,79.819,96.498
365.309,93.060,79.819,96.498
369.816,106.581,79.819,96.498
343.121,88.900,79.819,96.498
345.548,94.100,79.819,96.498
325.093,54.230,79.819,96.498
324.746,41.403,79.819,96.498
317.466,25.108,79.819,96.498
312.265,44.870,79.819,96.498
304.985,-17.882,79.819,96.498
308.105,-14.761,79.819,96.498
306.371,-13.028,79.819,96.498
310.185,-11.294,79.819,96.498
316.856,-6.967,81.585,98.633
322.171,7.562,81.585,98.633
323.943,34.140,81.585,98.633
325.006,40.872,81.585,98.633
300.555,70.285,81.585,98.633
327.725,141.355,79.845,96.529
323.562,136.701,78.143,94.471
314.598,136.713,79.871,96.561
307.313,134.284,79.871,96.561
304.884,135.325,79.871,96.561
301.762,141.223,79.871,96.561
304.884,150.590,79.871,96.561
300.761,162.119,81.639,98.697
292.606,163.892,81.639,98.697
286.920,167.583,83.445,100.881
292.351,174.597,81.665,98.730
279.227,166.439,81.665,98.730
274.616,160.409,81.665,98.730
272.409,149.495,79.924,96.624
268.243,144.168,78.219,94.564
268.582,145.187,78.219,94.564
265.525,141.450,78.219,94.564
260.137,142.131,76.551,92.547
256.479,155.098,76.551,92.547
256.812,160.751,76.551,92.547
258.474,163.743,76.551,92.547
256.147,176.046,76.551,92.547
251.824,192.338,76.551,92.547
246.837,186.686,76.551,92.547
242.846,176.456,74.919,90.574
238.940,176.481,73.321,88.642
235.437,179.347,73.321,88.642
232.571,182.850,73.321,88.642
277.475,141.767,73.321,88.642
279.067,155.462,73.321,88.642
280.023,171.067,73.321,88.642
278.042,184.597,71.758,86.752
282.717,196.752,71.758,86.752
278.366,188.355,73.345,88.671
282.513,181.095,74.968,90.633
288.102,156.781,76.627,92.638
290.432,133.816,76.627,92.638
291.570,121.652,74.993,90.663
303.986,114.142,73.393,88.729
315.781,111.272,73.393,88.729
337.777,126.255,73.393,88.729
339.280,130.235,75.017,90.692
353.942,157.279,75.017,90.692
329.505,150.437,75.017,90.692
325.269,167.706,75.017,90.692
328.201,173.897,75.017,90.692
307.674,158.582,75.017,90.692
322.606,166.145,73.417,88.758
308.943,142.810,71.852,86.866
315.425,162.085,70.320,85.013
309.403,165.052,68.820,83.200
312.730,170.261,67.352,81.426
310.097,172.894,67.352,81.426
304.539,179.622,67.352,81.426
308.923,176.261,65.916,79.690
298.985,163.201,67.374,81.453
293.216,159.838,65.938,79.716
285.362,157.100,64.532,78.016
281.998,109.573,63.155,76.352
328.905,36.331,63.155,76.352
330.825,37.154,63.155,76.352
335.465,38.762,61.809,74.724
338.418,45.473,61.809,74.724
356.953,32.113,63.176,76.377
354.188,30.547,61.829,74.748
356.659,41.956,60.510,73.154
328.172,65.282,59.220,71.594
332.030,67.597,59.220,71.594
367.123,55.221,57.957,70.067
372.836,54.755,56.721,68.573
374.561,60.914,56.721,68.573
366.855,76.130,55.511,67.111
369.993,69.134,56.740,68.596
365.310,72.338,56.740,68.596
344.362,114.973,56.740,68.596
331.301,143.807,56.740,68.596
322.166,166.155,55.530,67.133
324.820,177.008,55.530,67.133
325.957,172.012,56.758,68.618
327.683,167.821,56.758,68.618
328.525,178.770,55.548,67.155
323.656,173.271,56.777,68.641
326.861,177.957,56.777,68.641
335.786,188.434,55.566,67.177
342.194,193.570,54.381,65.744
348.921,190.856,53.221,64.342
351.494,189.983,52.086,62.970
354.012,188.255,50.976,61.627
358.661,190.691,50.976,61.627
361.979,194.122,49.889,60.313
336.922,204.921,50.992,61.648
288.417,175.906,50.992,61.648
280.730,167.182,52.121,63.012
286.389,149.297,52.121,63.012
297.201,100.001,51.009,61.668
297.865,100.666,51.009,61.668
299.416,101.773,51.009,61.668
294.944,95.804,52.138,63.032
299.247,97.842,52.138,63.032
307.173,74.970,52.138,63.032
309.211,64.326,52.138,63.032
311.295,73.511,51.026,61.688
315.506,77.279,51.026,61.688
323.527,87.550,49.938,60.373
327.214,96.009,49.938,60.373
334.227,105.642,48.873,59.085
338.261,107.977,48.873,59.085
346.115,103.095,48.873,59.085
351.080,110.150,49.954,60.392
359.108,120.347,49.954,60.392
369.052,119.527,48.889,59.104
372.697,122.619,49.970,60.412
376.387,126.309,49.970,60.412
381.379,119.146,49.970,60.412
384.631,127.531,48.905,59.124
389.092,118.397,48.905,59.124
393.978,125.406,48.905,59.124
396.739,130.717,48.905,59.124
407.572,119.034,48.905,59.124
409.936,117.412,47.862,57.863
406.818,121.362,47.862,57.863
398.710,176.868,47.862,57.863
405.571,171.671,47.862,57.863
409.888,170.484,46.841,56.629
412.126,168.653,46.841,56.629
371.641,173.375,45.842,55.421
375.059,176.274,46.857,56.648
379.285,180.997,45.857,55.440
377.493,180.400,45.857,55.440
367.686,177.513,46.872,56.666
365.267,168.226,47.909,57.920
343.417,175.926,47.909,57.920
347.338,164.710,46.887,56.685
355.687,168.987,46.887,56.685
346.116,190.370,46.887,56.685
349.985,195.869,46.887,56.685
357.928,199.331,46.887,56.685
359.016,191.102,45.887,55.476
354.831,185.721,45.887,55.476
353.591,178.820,44.909,54.293
345.984,175.504,44.909,54.293
349.690,158.534,44.909,54.293
351.055,155.608,44.909,54.293
403.136,125.374,44.909,54.293
392.319,178.402,45.903,55.494
388.929,195.748,45.903,55.494
385.938,204.720,45.903,55.494
381.087,201.417,46.918,56.722
376.400,192.247,46.918,56.722
411.247,175.740,46.918,56.722
409.980,179.684,45.918,55.512
369.892,136.405,45.918,55.512
374.034,134.113,44.938,54.329
369.284,146.675,45.933,55.531
357.392,169.451,46.949,56.759
354.333,176.996,46.949,56.759
357.410,178.695,47.988,58.015
385.549,167.231,47.988,58.015
384.090,167.440,47.988,58.015
381.186,163.036,46.964,56.778
378.126,160.384,46.964,56.778
376.698,156.508,46.964,56.778
380.574,146.105,46.964,56.778
378.126,147.300,45.963,55.567
381.117,151.164,44.983,54.382
377.796,156.830,44.983,54.382
377.210,161.714,44.983,54.382
375.060,159.565,44.983,54.382
373.693,156.635,44.983,54.382
375.060,158.784,44.983,54.382
375.728,155.409,44.023,53.222
378.594,149.894,43.085,52.087
387.170,181.293,42.166,50.977
384.423,184.041,42.166,50.977
385.705,185.689,42.166,50.977
387.743,188.527,41.267,49.889
386.130,187.273,41.267,49.889
382.884,184.675,42.180,50.993
398.574,144.765,43.113,52.121
398.386,140.833,43.113,52.121
402.693,142.518,43.113,52.121
401.383,138.960,43.113,52.121
403.068,139.522,43.113,52.121
404.340,134.477,44.067,53.275
406.828,131.989,44.067,53.275
407.730,128.024,45.042,54.453
411.447,126.263,45.042,54.453
413.994,122.616,46.038,55.658
416.993,121.216,46.038,55.658
420.841,120.808,47.057,56.890
425.950,117.333,47.057,56.890
429.883,113.947,48.098,58.148
432.599,112.485,48.098,58.148
435.751,114.226,49.162,59.435
435.111,117.429,49.162,59.435
431.054,125.330,49.162,59.435
452.194,103.763,49.162,59.435
457.105,105.257,49.162,59.435
459.454,106.325,49.162,59.435
462.230,107.820,49.162,59.435
465.860,105.898,49.162,59.435
469.490,106.539,49.162,59.435
472.266,104.617,49.162,59.435
476.750,105.257,49.162,59.435
481.234,102.054,49.162,59.435
484.437,101.414,49.162,59.435
487.213,102.481,49.162,59.435
491.270,103.122,49.162,59.435
494.493,102.243,50.250,60.750
499.513,103.334,50.250,60.750
502.806,101.530,51.362,62.094
505.710,100.612,52.498,63.468
509.624,102.512,53.659,64.872
514.592,102.520,54.847,66.307
518.681,99.067,56.060,67.774
522.821,99.798,56.060,67.774
527.506,100.817,57.300,69.274
531.261,99.792,58.568,70.806
535.628,99.800,59.864,72.373
540.631,96.572,61.189,73.974
545.149,93.117,61.189,73.974
551.793,90.725,61.189,73.974
556.356,92.388,62.542,75.611
566.655,89.579,63.926,77.284
571.887,90.671,62.563,75.636
573.732,90.680,63.947,77.309
576.787,84.847,63.947,77.309
576.944,84.856,65.362,79.020
578.283,87.222,66.808,80.768
578.573,93.316,66.808,80.768
580.125,92.778,65.383,79.046
581.464,88.074,66.830,80.794
584.657,84.300,66.830,80.794
584.947,80.527,66.830,80.794
578.486,96.197,68.309,82.582
570.475,111.921,68.309,82.582
569.585,109.845,68.309,82.582
572.315,111.583,66.852,80.821
536.924,116.643,65.426,79.097
538.991,97.491,64.031,77.411
552.999,81.919,65.448,79.123
556.699,71.311,66.896,80.874
558.151,67.534,66.896,80.874
563.139,66.941,68.376,82.663
569.376,73.771,68.376,82.663
573.241,81.792,69.889,84.492
570.893,86.212,71.435,86.362
517.836,92.727,71.435,86.362
521.231,92.738,73.015,88.272
524.701,85.510,74.631,90.225
528.915,78.702,74.631,90.225
530.023,82.476,73.039,88.301
528.437,82.159,73.039,88.301
474.823,114.835,73.039,88.301
473.236,110.711,73.039,88.301
477.360,116.739,73.039,88.301
478.947,118.325,73.039,88.301
478.629,114.835,73.039,88.301
480.326,114.859,71.482,86.418
480.015,112.065,71.482,86.418
481.567,108.650,71.482,86.418
478.152,107.718,71.482,86.418
472.530,111.594,73.063,88.330
465.050,113.454,71.505,86.447
465.870,108.308,73.087,88.359
467.367,105.026,74.704,90.314
455.361,107.297,74.704,90.314
452.718,108.573,73.111,88.388
450.495,106.350,73.111,88.388
447.637,103.492,73.111,88.388
442.874,99.999,73.111,88.388
439.759,96.056,74.729,90.344
455.433,87.984,76.382,92.343
461.044,85.451,74.753,90.373
517.215,66.944,74.753,90.373
511.695,71.165,74.753,90.373
505.815,73.197,76.407,92.373
501.501,70.210,76.407,92.373
498.514,73.197,76.407,92.373
504.820,68.883,76.407,92.373
507.143,69.878,76.407,92.373
513.448,66.228,76.407,92.373
510.744,61.135,74.778,90.403
509.350,54.899,73.183,88.475
505.854,49.495,73.183,88.475
504.489,48.294,71.622,86.588
567.321,48.917,70.095,84.742
564.254,54.809,68.600,82.935
560.103,58.853,67.137,81.166
553.396,61.477,67.137,81.166
550.771,63.519,67.137,81.166
553.455,67.476,65.706,79.435
557.181,63.647,64.304,77.741
560.253,58.340,64.304,77.741
560.533,53.033,64.304,77.741
571.717,-16.940,62.933,76.083
546.348,4.623,64.326,77.767
549.458,-5.051,62.954,76.108
555.286,-11.283,64.347,77.792
549.776,-7.490,62.974,76.133
539.639,-3.251,61.631,74.510
528.663,-6.196,61.631,74.510
495.004,30.463,60.317,72.921
491.598,18.150,60.317,72.921
489.968,7.059,59.031,71.366
491.339,2.630,57.772,69.844
489.081,2.380,57.772,69.844
487.324,5.140,57.772,69.844
485.764,9.996,56.540,68.354
486.412,22.744,57.791,69.867
491.763,34.732,59.070,71.413
487.401,31.396,59.070,71.413
482.013,19.851,59.070,71.413
477.138,2.148,59.070,71.413
475.048,-6.241,57.810,69.890
474.454,-9.610,56.577,68.399
472.452,-8.170,55.371,66.941
475.129,-3.515,54.190,65.513
478.189,-6.575,54.190,65.513
476.070,-6.811,54.190,65.513
471.127,-9.400,54.190,65.513
467.395,-14.826,53.034,64.116
467.047,-11.951,54.208,65.535
434.320,50.914,54.208,65.535
458.571,98.239,54.208,65.535
461.161,101.300,54.208,65.535
464.689,104.041,53.052,64.137
467.224,106.576,53.052,64.137
468.456,106.593,51.920,62.769
465.975,105.015,51.920,62.769
