16.000,88.000,19.000,51.000
17.476,86.793,19.000,51.000
19.488,87.463,19.000,51.000
20.963,87.598,19.000,51.000
21.902,86.122,19.000,51.000
23.378,87.061,19.000,51.000
25.122,86.122,19.000,51.000
26.598,87.598,19.000,51.000
27.537,86.927,19.000,51.000
29.281,88.402,19.000,51.000
31.561,89.610,19.000,51.000
32.232,88.671,19.000,51.000
34.244,89.073,19.000,51.000
35.988,89.476,19.000,51.000
37.464,90.415,19.000,51.000
39.476,90.012,19.000,51.000
41.220,89.878,19.000,51.000
42.427,88.939,19.000,51.000
44.171,89.073,19.000,51.000
45.647,88.402,19.000,51.000
46.854,89.341,19.000,51.000
48.598,88.939,19.000,51.000
50.073,89.073,19.000,51.000
52.354,90.281,19.000,51.000
54.098,89.341,19.000,51.000
55.842,90.281,19.000,51.000
57.317,89.878,19.000,51.000
59.598,90.281,19.000,51.000
60.805,89.878,19.000,51.000
62.281,89.207,19.000,51.000
64.293,88.537,19.000,51.000
65.769,87.329,19.000,51.000
66.976,87.732,19.000,51.000
68.452,86.524,19.000,51.000
71.000,87.195,19.000,51.000
72.476,88.939,19.000,51.000
73.952,90.951,19.000,51.000
72.476,92.695,19.000,51.000
71.292,93.384,19.420,52.128
68.374,94.941,19.850,53.282
68.881,105.257,20.289,54.461
85.928,89.642,20.289,54.461
87.338,89.189,20.738,55.666
86.572,88.230,20.296,54.478
88.031,87.844,19.863,53.317
89.460,87.466,19.439,52.180
90.695,87.329,19.439,52.180
92.754,88.564,19.439,52.180
94.538,88.427,19.439,52.180
95.773,88.564,19.439,52.180
97.557,87.603,19.439,52.180
98.955,88.557,19.025,51.067
100.970,88.960,19.025,51.067
102.985,89.631,19.025,51.067
105.000,88.422,19.025,51.067
107.283,90.168,19.025,51.067
109.567,88.960,19.025,51.067
110.776,87.751,19.025,51.067
112.253,86.810,19.025,51.067
114.268,87.213,19.025,51.067
116.014,88.422,19.025,51.067
117.223,88.557,19.025,51.067
118.701,87.885,19.025,51.067
119.910,88.825,19.025,51.067
121.387,89.228,19.025,51.067
123.402,89.900,19.025,51.067
124.880,89.766,19.025,51.067
126.088,90.706,19.025,51.067
128.103,89.497,19.025,51.067
129.426,91.022,19.446,52.197
131.211,90.610,19.446,52.197
132.847,91.030,19.876,53.352
135.514,90.890,19.876,53.352
137.899,89.907,19.876,53.352
140.285,89.486,19.876,53.352
141.267,87.943,19.876,53.352
141.969,88.925,19.876,53.352
143.513,88.785,19.876,53.352
144.776,88.925,19.876,53.352
146.600,88.785,19.876,53.352
148.424,88.364,19.876,53.352
149.687,87.101,19.876,53.352
151.512,88.083,19.876,53.352
153.055,87.662,19.876,53.352
155.160,86.680,19.876,53.352
155.862,86.820,19.876,53.352
157.686,85.838,19.876,53.352
159.511,86.259,19.876,53.352
160.774,86.680,19.876,53.352
162.598,85.978,19.876,53.352
164.422,86.118,19.876,53.352
165.966,85.417,19.876,53.352
168.071,83.873,19.876,53.352
168.959,83.225,19.452,52.214
170.358,82.325,19.037,51.100
171.986,82.222,18.631,50.011
175.012,84.196,18.631,50.011
176.722,85.379,18.631,50.011
178.169,86.300,18.631,50.011
179.879,85.379,18.631,50.011
181.326,86.563,18.631,50.011
182.510,85.116,18.631,50.011
184.483,86.826,18.631,50.011
186.193,88.273,18.631,50.011
187.903,89.720,18.631,50.011
189.876,88.010,18.631,50.011
191.849,89.194,18.631,50.011
193.559,88.273,18.631,50.011
195.269,89.194,18.631,50.011
196.980,88.537,18.631,50.011
199.216,87.616,18.631,50.011
200.400,86.169,18.631,50.011
201.695,86.025,19.044,51.117
203.174,87.504,19.044,51.117
204.653,86.294,19.044,51.117
205.863,87.504,19.044,51.117
207.466,85.404,19.465,52.248
207.963,85.824,19.896,53.404
209.346,83.630,20.336,54.586
210.352,82.912,20.336,54.586
212.063,83.649,20.786,55.793
214.558,83.502,20.786,55.793
216.172,84.823,20.786,55.793
217.787,84.383,20.786,55.793
220.281,85.410,20.786,55.793
221.602,84.970,20.786,55.793
223.804,83.943,20.786,55.793
225.711,83.502,20.786,55.793
227.619,84.530,20.786,55.793
229.527,86.144,20.786,55.793
231.141,85.410,20.786,55.793
232.756,86.144,20.786,55.793
234.370,85.117,20.786,55.793
235.984,85.850,20.786,55.793
237.892,84.823,20.786,55.793
239.800,86.144,20.786,55.793
241.414,86.878,20.786,55.793
242.442,85.850,20.786,55.793
243.762,84.823,20.786,55.793
245.083,83.502,20.786,55.793
246.697,82.475,20.786,55.793
248.018,81.448,20.786,55.793
249.633,79.833,20.786,55.793
250.660,80.274,20.786,55.793
252.568,81.888,20.786,55.793
254.476,83.209,20.786,55.793
256.677,84.236,20.786,55.793
258.585,83.796,20.786,55.793
261.080,85.117,20.786,55.793
263.281,83.796,20.786,55.793
264.895,84.236,20.786,55.793
266.509,82.915,20.786,55.793
267.830,81.888,20.786,55.793
269.445,82.035,20.786,55.793
271.059,82.475,20.786,55.793
273.260,83.796,20.786,55.793
274.581,84.530,20.786,55.793
276.782,86.144,20.786,55.793
278.690,85.117,20.786,55.793
280.598,85.557,20.786,55.793
282.506,85.704,20.786,55.793
283.827,84.383,20.786,55.793
286.322,85.997,20.786,55.793
287.642,84.676,20.786,55.793
289.257,83.649,20.786,55.793
290.871,84.383,20.786,55.793
292.485,83.356,20.786,55.793
294.100,84.089,20.786,55.793
296.007,83.062,20.786,55.793
297.328,82.035,20.786,55.793
298.649,82.475,20.786,55.793
300.557,83.502,20.786,55.793
302.465,84.823,20.786,55.793
304.079,83.502,20.786,55.793
306.574,85.410,20.786,55.793
