275.000,137.000,23.000,26.000
277.217,134.590,23.000,26.000
278.278,132.951,23.000,26.000
278.567,133.433,23.000,26.000
279.821,134.686,23.000,26.000
277.025,136.325,23.000,26.000
271.336,142.592,23.000,26.000
268.733,149.437,23.000,26.000
269.023,150.305,23.000,26.000
268.733,153.872,23.000,26.000
272.686,152.426,23.000,26.000
276.446,150.787,23.000,26.000
278.278,143.170,23.000,26.000
277.989,143.267,23.000,26.000
278.856,131.987,23.000,26.000
277.796,118.200,23.000,26.000
276.350,103.256,23.000,26.000
273.747,86.770,23.000,26.000
274.614,86.095,23.000,26.000
274.711,75.007,23.000,26.000
278.085,66.620,23.000,26.000
279.146,57.653,23.000,26.000
280.785,52.736,23.000,26.000
281.267,51.483,23.000,26.000
280.785,52.929,23.000,26.000
283.002,57.268,23.000,26.000
284.834,64.306,23.000,26.000
285.895,70.765,23.000,26.000
285.991,70.090,23.000,26.000
283.002,72.308,23.000,26.000
279.049,70.090,23.000,26.000
277.603,62.474,23.000,26.000
278.249,57.085,23.509,26.575
277.362,55.804,23.509,26.575
277.066,54.129,23.509,26.575
276.377,52.059,23.509,26.575
276.475,47.822,23.509,26.575
278.347,46.344,23.509,26.575
278.840,47.230,23.509,26.575
277.362,44.767,23.509,26.575
272.336,39.741,23.509,26.575
266.916,31.956,23.509,26.575
263.664,26.339,23.509,26.575
262.777,25.255,23.509,26.575
261.496,27.719,23.509,26.575
256.865,31.759,23.509,26.575
251.642,32.252,23.509,26.575
250.755,33.533,23.509,26.575
250.853,33.828,23.509,26.575
258.244,41.811,23.509,26.575
267.803,52.946,23.509,26.575
275.194,60.140,23.509,26.575
283.964,64.574,23.509,26.575
284.260,65.658,23.509,26.575
292.636,73.049,23.509,26.575
297.465,84.579,23.509,26.575
293.228,96.109,23.509,26.575
283.866,100.937,23.509,26.575
282.979,100.839,23.509,26.575
272.435,97.193,23.509,26.575
261.693,88.422,23.509,26.575
254.105,79.455,23.509,26.575
248.685,74.626,23.509,26.575
247.799,73.739,23.509,26.575
245.138,72.064,23.509,26.575
243.857,71.374,23.509,26.575
243.167,70.684,23.509,26.575
242.871,69.009,23.509,26.575
242.576,68.122,23.509,26.575
242.477,66.250,23.509,26.575
241.984,64.771,23.509,26.575
242.083,63.490,23.509,26.575
240.802,64.377,23.509,26.575
240.309,63.885,23.509,26.575
240.802,68.122,23.509,26.575
242.871,73.148,23.509,26.575
241.196,78.765,23.509,26.575
236.367,87.535,23.509,26.575
235.480,89.210,23.509,26.575
230.652,98.375,23.509,26.575
225.382,102.886,24.029,27.163
218.432,103.994,24.029,27.163
210.273,102.484,24.029,27.163
209.770,101.577,24.029,27.163
199.999,102.685,24.029,27.163
191.478,103.952,24.561,27.764
189.933,101.584,24.561,27.764
189.128,96.257,25.104,28.378
188.602,95.099,25.104,28.378
189.759,95.204,25.104,28.378
190.706,97.625,25.104,28.378
192.495,99.203,25.104,28.378
196.389,96.362,25.104,28.378
197.125,95.204,25.104,28.378
199.756,91.732,25.104,28.378
196.283,93.521,25.104,28.378
190.496,97.414,25.104,28.378
182.603,98.572,25.104,28.378
182.498,99.098,25.104,28.378
179.867,98.151,25.104,28.378
179.341,98.677,25.104,28.378
176.334,100.219,25.659,29.006
169.773,101.832,25.659,29.006
168.805,102.800,25.659,29.006
165.731,107.501,26.227,29.648
166.501,108.711,26.227,29.648
166.831,105.962,26.227,29.648
163.233,97.308,26.807,30.304
162.896,96.072,26.807,30.304
158.064,88.093,26.807,30.304
154.131,81.688,26.807,30.304
151.097,75.957,26.807,30.304
145.590,64.832,26.807,30.304
144.579,62.922,26.807,30.304
137.724,50.224,26.807,30.304
130.549,44.409,27.401,30.975
130.365,42.041,28.007,31.660
134.562,40.107,28.626,32.360
134.868,40.870,29.260,33.076
136.453,38.595,29.907,33.808
137.033,40.432,30.569,34.556
141.347,46.298,31.245,35.321
147.765,56.121,31.245,35.321
148.944,57.562,31.245,35.321
153.790,66.599,31.245,35.321
155.755,75.898,31.245,35.321
155.273,85.427,31.937,36.102
158.948,94.611,32.643,36.901
159.358,94.748,32.643,36.901
167.941,99.876,33.365,37.717
179.325,101.346,34.104,38.552
189.189,97.772,34.104,38.552
195.908,91.339,34.104,38.552
196.337,90.052,34.104,38.552
204.200,83.905,34.104,38.552
209.489,76.042,34.104,38.552
208.202,63.319,34.104,38.552
203.485,46.880,34.104,38.552
201.912,44.163,34.104,38.552
195.193,33.442,34.104,38.552
191.334,24.721,34.104,38.552
189.189,17.431,34.104,38.552
186.759,7.281,34.104,38.552
185.758,5.994,34.104,38.552
183.614,-0.725,34.104,38.552
184.275,-0.706,34.858,39.405
185.590,4.408,34.858,39.405
181.937,8.353,34.858,39.405
182.375,9.084,34.858,39.405
174.631,15.951,34.858,39.405
163.672,28.371,34.858,39.405
156.512,46.052,34.858,39.405
151.730,62.746,35.629,40.277
150.386,64.091,35.629,40.277
142.769,74.097,35.629,40.277
135.451,77.532,35.629,40.277
134.107,75.889,35.629,40.277
133.062,69.467,35.629,40.277
133.510,69.617,35.629,40.277
129.477,58.116,35.629,40.277
123.354,46.616,35.629,40.277
117.529,36.311,35.629,40.277
112.899,34.071,35.629,40.277
111.555,33.025,35.629,40.277
112.003,39.149,35.629,40.277
114.243,45.571,35.629,40.277
121.263,47.811,35.629,40.277
131.867,50.051,35.629,40.277
132.315,50.798,35.629,40.277
143.217,50.948,35.629,40.277
151.432,49.305,35.629,40.277
158.750,44.376,35.629,40.277
161.588,36.162,35.629,40.277
162.633,35.714,35.629,40.277
160.393,27.798,35.629,40.277
158.750,24.960,35.629,40.277
158.899,28.396,35.629,40.277
162.036,35.116,35.629,40.277
162.484,36.461,35.629,40.277
167.412,46.168,35.629,40.277
171.445,60.058,35.629,40.277
175.477,71.857,35.629,40.277
180.107,78.578,35.629,40.277
179.958,78.428,35.629,40.277
181.899,80.370,35.629,40.277
182.347,81.117,35.629,40.277
182.497,82.162,35.629,40.277
181.750,81.714,35.629,40.277
181.003,81.266,35.629,40.277
181.750,83.207,35.629,40.277
183.692,89.331,35.629,40.277
186.828,96.948,35.629,40.277
192.055,105.760,35.629,40.277
192.802,106.805,35.629,40.277
196.835,112.630,35.629,40.277
200.270,115.169,35.629,40.277
203.107,119.500,35.629,40.277
204.153,122.636,35.629,40.277
204.965,124.649,34.870,39.418
201.895,126.842,34.870,39.418
199.590,130.502,34.126,38.577
197.158,132.934,34.126,38.577
194.902,131.829,33.398,37.754
195.602,132.529,33.398,37.754
193.782,130.709,33.398,37.754
194.482,130.289,33.398,37.754
196.001,129.726,34.137,38.590
197.575,126.721,34.137,38.590
198.291,124.861,34.137,38.590
199.865,118.994,34.137,38.590
202.308,111.589,34.892,39.444
203.917,104.422,34.892,39.444
205.233,99.303,34.892,39.444
211.522,93.891,34.892,39.444
216.934,94.330,34.892,39.444
214.879,96.473,35.664,40.316
215.260,98.974,36.453,41.208
216.283,99.945,37.260,42.120
217.377,98.852,37.260,42.120
219.071,96.280,38.084,43.052
221.797,92.988,38.927,44.004
228.161,88.908,38.927,44.004
229.931,82.496,39.788,44.978
231.098,81.329,39.788,44.978
232.562,74.083,40.669,45.973
231.027,71.185,40.669,45.973
229.834,71.014,40.669,45.973
227.959,73.230,40.669,45.973
228.811,74.083,40.669,45.973
226.254,76.981,40.669,45.973
223.015,83.970,40.669,45.973
220.458,87.550,40.669,45.973
220.628,90.107,40.669,45.973
221.140,90.960,40.669,45.973
222.333,92.153,40.669,45.973
223.867,89.255,40.669,45.973
228.470,80.561,40.669,45.973
233.997,69.056,39.801,44.993
234.832,68.222,39.801,44.993
239.003,59.713,39.801,44.993
241.839,53.278,38.953,44.033
244.942,50.176,38.953,44.033
249.291,47.340,38.122,43.094
249.852,48.262,37.309,42.175
254.018,42.531,36.513,41.276
259.571,37.218,35.735,40.396
263.850,34.039,34.973,39.534
268.688,30.960,34.973,39.534
268.919,30.393,34.227,38.691
271.932,28.241,34.227,38.691
273.511,29.245,34.227,38.691
273.080,31.110,34.227,38.691
273.224,37.567,34.227,38.691
273.367,37.136,34.227,38.691
272.363,45.027,34.227,38.691
271.071,55.500,34.227,38.691
269.780,63.391,34.227,38.691
269.350,70.135,34.227,38.691
270.067,71.713,34.227,38.691
268.776,73.004,34.227,38.691
267.772,72.000,34.227,38.691
268.776,69.848,34.227,38.691
269.780,66.261,34.227,38.691
269.637,64.683,34.227,38.691
270.928,60.522,34.227,38.691
271.358,55.500,34.227,38.691
271.789,53.061,34.227,38.691
271.358,50.909,34.227,38.691
271.789,50.479,34.227,38.691
272.219,48.327,34.227,38.691
273.797,44.740,34.227,38.691
275.089,43.449,34.227,38.691
277.241,45.027,34.227,38.691
277.671,45.744,34.227,38.691
276.380,46.462,34.227,38.691
275.089,48.040,34.227,38.691
273.797,50.479,34.227,38.691
272.219,53.492,34.227,38.691
272.650,54.496,34.227,38.691
269.350,58.370,34.227,38.691
266.624,62.244,34.227,38.691
261.602,64.396,34.227,38.691
253.137,63.965,34.227,38.691
253.568,65.257,34.227,38.691
243.668,63.678,34.227,38.691
235.490,65.830,34.227,38.691
228.747,66.548,34.227,38.691
222.865,64.683,34.227,38.691
223.008,65.113,34.227,38.691
215.978,66.691,34.227,38.691
208.948,70.565,34.227,38.691
204.500,80.465,34.227,38.691
201.201,88.069,34.227,38.691
201.918,89.647,34.227,38.691
200.340,95.529,34.227,38.691
200.770,99.403,34.227,38.691
200.914,103.277,34.227,38.691
203.640,108.872,34.227,38.691
204.357,110.163,34.227,38.691
209.092,113.463,34.227,38.691
210.957,119.919,34.227,38.691
211.674,125.515,34.227,38.691
210.670,127.954,34.227,38.691
211.100,128.671,34.227,38.691
209.667,128.392,33.497,37.866
210.650,130.218,33.497,37.866
211.072,132.324,33.497,37.866
212.012,134.673,34.238,38.704
212.080,135.287,34.996,39.560
212.149,134.697,35.770,40.435
210.800,136.646,35.770,40.435
210.650,137.696,35.770,40.435
209.600,139.045,35.770,40.435
209.750,137.996,35.770,40.435
211.100,139.645,35.770,40.435
212.149,143.094,35.770,40.435
212.899,149.541,35.770,40.435
214.249,157.188,35.770,40.435
214.099,157.038,35.770,40.435
215.148,161.087,35.770,40.435
214.099,163.636,35.770,40.435
217.903,162.410,36.561,41.330
223.382,158.932,37.370,42.245
222.599,157.836,37.370,42.245
226.202,150.473,37.370,42.245
227.298,139.038,37.370,42.245
229.021,128.542,37.370,42.245
231.998,118.047,37.370,42.245
232.467,118.204,37.370,42.245
237.324,111.781,37.370,42.245
239.987,104.833,36.573,41.344
242.593,97.628,36.573,41.344
244.586,90.729,36.573,41.344
244.126,89.962,36.573,41.344
249.185,83.370,36.573,41.344
255.164,78.618,36.573,41.344
259.917,73.252,36.573,41.344
262.830,68.193,36.573,41.344
262.676,67.119,36.573,41.344
264.976,61.447,36.573,41.344
267.889,55.775,36.573,41.344
269.575,52.862,36.573,41.344
269.728,50.256,36.573,41.344
269.882,51.022,36.573,41.344
269.728,52.402,36.573,41.344
268.962,55.315,36.573,41.344
270.955,58.228,36.573,41.344
275.401,61.140,36.573,41.344
275.248,62.214,36.573,41.344
280.000,63.900,36.573,41.344
286.592,64.360,36.573,41.344
291.958,64.820,36.573,41.344
297.324,65.893,36.573,41.344
297.170,64.207,36.573,41.344
302.843,66.506,36.573,41.344
309.435,71.565,36.573,41.344
318.174,74.785,36.573,41.344
328.139,76.778,36.573,41.344
328.599,76.931,36.573,41.344
337.030,75.245,36.573,41.344
346.382,76.011,36.573,41.344
351.748,77.084,36.573,41.344
354.967,76.011,36.573,41.344
355.427,76.471,36.573,41.344
356.807,72.945,36.573,41.344
357.880,70.032,36.573,41.344
357.114,70.799,36.573,41.344
355.287,73.456,35.793,40.462
355.524,72.586,35.030,39.599
353.322,76.844,35.030,39.599
354.056,78.753,35.030,39.599
353.211,73.288,35.805,40.475
362.066,80.942,35.805,40.475
365.819,81.393,35.805,40.475
353.121,87.641,36.597,41.371
372.297,128.601,36.597,41.371
