142.000,125.000,91.000,40.000
138.712,124.747,91.000,40.000
134.918,125.000,91.000,40.000
129.100,124.747,91.000,40.000
124.800,125.506,91.000,40.000
120.500,123.229,91.000,40.000
116.200,123.988,91.000,40.000
110.888,122.724,91.000,40.000
106.588,122.471,91.000,40.000
101.276,122.218,91.000,40.000
95.965,120.953,91.000,40.000
92.171,120.194,91.000,40.000
86.353,119.435,91.000,40.000
81.547,119.688,91.000,40.000
76.741,117.412,91.000,40.000
72.441,117.665,91.000,40.000
67.635,116.400,91.000,40.000
62.324,116.653,91.000,40.000
56.506,115.388,91.000,40.000
51.194,115.641,91.000,40.000
45.376,114.376,91.000,40.000
40.065,114.629,91.000,40.000
33.741,114.376,91.000,40.000
27.418,113.618,91.000,40.000
22.106,114.376,91.000,40.000
15.782,115.641,91.000,40.000
8.740,115.986,93.013,40.885
2.793,117.796,93.013,40.885
-3.153,119.088,93.013,40.885
-8.065,119.864,93.013,40.885
-12.977,121.157,93.013,40.885
-16.855,122.449,93.013,40.885
-20.216,123.225,93.013,40.885
-23.060,125.035,93.013,40.885
-24.870,126.327,93.013,40.885
-25.129,127.103,93.013,40.885
-24.353,126.845,93.013,40.885
-25.646,128.137,93.013,40.885
-25.904,126.327,93.013,40.885
-25.646,127.103,93.013,40.885
-26.421,125.810,93.013,40.885
-25.646,127.103,93.013,40.885
-23.408,124.798,91.030,40.013
-23.155,124.039,91.030,40.013
-21.890,122.774,91.030,40.013
-22.649,121.509,91.030,40.013
-20.372,119.737,91.030,40.013
-18.600,118.472,91.030,40.013
-17.335,119.737,91.030,40.013
-15.058,116.448,91.030,40.013
-13.793,117.207,91.030,40.013
-14.552,114.930,91.030,40.013
-12.275,113.159,91.030,40.013
-10.504,112.400,91.030,40.013
-9.239,111.135,91.030,40.013
-3.925,110.376,91.030,40.013
-1.648,109.110,91.030,40.013
5.690,106.833,91.030,40.013
8.979,106.074,91.030,40.013
15.305,105.315,91.030,40.013
20.618,104.556,91.030,40.013
24.414,103.291,91.030,40.013
31.245,103.544,91.030,40.013
35.041,102.785,91.030,40.013
39.342,103.038,91.030,40.013
45.668,103.797,91.030,40.013
49.969,104.050,91.030,40.013
54.777,104.809,91.030,40.013
54.017,106.580,91.030,40.013
54.270,107.845,91.030,40.013
54.523,109.110,91.030,40.013
54.777,111.388,91.030,40.013
56.042,112.653,91.030,40.013
55.789,112.906,91.030,40.013
57.560,115.183,91.030,40.013
56.801,116.448,91.030,40.013
57.560,117.713,91.030,40.013
56.801,117.966,91.030,40.013
56.548,119.737,91.030,40.013
56.801,118.978,91.030,40.013
58.066,120.750,91.030,40.013
57.813,121.509,91.030,40.013
57.560,121.256,91.030,40.013
57.307,124.039,91.030,40.013
57.054,123.786,91.030,40.013
57.307,124.545,91.030,40.013
56.548,125.304,91.030,40.013
56.801,126.569,91.030,40.013
57.054,127.328,91.030,40.013
56.295,128.593,91.030,40.013
56.042,128.340,91.030,40.013
56.295,130.111,91.030,40.013
56.042,130.871,91.030,40.013
56.295,132.136,91.030,40.013
56.548,132.389,91.030,40.013
57.307,134.160,91.030,40.013
57.560,134.413,91.030,40.013
59.331,136.184,91.030,40.013
61.102,136.437,91.030,40.013
63.379,137.702,91.030,40.013
64.644,138.461,91.030,40.013
67.428,139.220,91.030,40.013
68.693,140.991,91.030,40.013
69.452,140.232,91.030,40.013
71.223,142.004,91.030,40.013
74.512,143.269,91.030,40.013
78.308,143.522,91.030,40.013
81.763,145.442,93.044,40.898
84.091,146.735,93.044,40.898
88.160,147.624,95.102,41.803
91.596,148.417,95.102,41.803
97.148,149.210,95.102,41.803
101.113,150.532,95.102,41.803
103.078,151.441,97.207,42.728
107.671,151.711,97.207,42.728
112.264,153.602,97.207,42.728
115.777,153.872,97.207,42.728
120.910,155.764,97.207,42.728
123.342,156.034,97.207,42.728
127.395,157.385,97.207,42.728
130.907,157.655,97.207,42.728
133.339,158.466,97.207,42.728
139.013,158.736,97.207,42.728
142.526,159.546,97.207,42.728
147.659,160.357,97.207,42.728
151.712,160.087,97.207,42.728
156.846,161.438,97.207,42.728
160.899,160.627,97.207,42.728
164.411,161.978,97.207,42.728
169.545,163.329,97.207,42.728
171.977,162.518,97.207,42.728
176.570,163.329,97.207,42.728
179.542,164.140,97.207,42.728
183.595,164.950,97.207,42.728
188.188,165.761,97.207,42.728
190.620,167.652,97.207,42.728
195.213,167.922,97.207,42.728
199.266,168.733,97.207,42.728
200.617,169.543,97.207,42.728
203.589,169.814,97.207,42.728
204.940,172.245,97.207,42.728
206.291,169.814,97.207,42.728
206.618,172.985,99.357,43.674
206.341,173.814,99.357,43.674
208.275,173.538,99.357,43.674
208.551,176.023,99.357,43.674
209.379,175.747,99.357,43.674
207.998,176.575,99.357,43.674
204.961,177.956,99.357,43.674
204.684,178.232,99.357,43.674
204.961,180.166,99.357,43.674
203.027,179.889,99.357,43.674
201.646,180.718,99.357,43.674
201.923,180.442,99.357,43.674
200.542,184.032,99.357,43.674
201.370,183.204,99.357,43.674
199.437,185.689,99.357,43.674
197.504,185.413,99.357,43.674
198.332,188.451,99.357,43.674
197.504,187.622,99.357,43.674
198.332,189.555,99.357,43.674
194.655,191.078,101.556,44.640
194.937,191.925,101.556,44.640
192.396,192.772,101.556,44.640
193.808,192.489,101.556,44.640
191.267,192.772,101.556,44.640
189.856,193.054,101.556,44.640
187.880,193.901,101.556,44.640
185.904,193.619,101.556,44.640
185.622,193.901,101.556,44.640
187.597,192.489,101.556,44.640
183.928,191.078,101.556,44.640
181.952,191.925,101.556,44.640
179.976,190.513,101.556,44.640
180.823,188.538,101.556,44.640
178.282,187.691,101.556,44.640
178.000,185.715,101.556,44.640
178.282,184.303,101.556,44.640
176.871,182.892,101.556,44.640
176.024,182.610,101.556,44.640
172.919,180.069,101.556,44.640
173.766,179.787,101.556,44.640
170.661,177.811,101.556,44.640
171.507,176.399,101.556,44.640
170.096,174.988,101.556,44.640
168.120,174.706,101.556,44.640
167.838,172.730,101.556,44.640
166.426,171.318,101.556,44.640
165.580,169.907,101.556,44.640
165.297,168.496,101.556,44.640
162.757,167.084,101.556,44.640
160.781,165.673,101.556,44.640
160.498,164.261,101.556,44.640
159.652,163.414,101.556,44.640
158.240,161.438,101.556,44.640
158.523,160.592,101.556,44.640
156.547,159.180,101.556,44.640
155.135,158.898,101.556,44.640
149.619,157.526,103.803,45.627
147.022,156.083,103.803,45.627
148.465,155.794,103.803,45.627
144.714,154.352,103.803,45.627
145.579,153.486,103.803,45.627
147.022,151.466,103.803,45.627
147.888,150.024,103.803,45.627
145.291,152.044,103.803,45.627
143.271,149.447,103.803,45.627
140.097,150.889,103.803,45.627
134.038,148.293,103.803,45.627
131.441,148.004,103.803,45.627
129.422,147.139,103.803,45.627
127.402,145.696,103.803,45.627
128.845,146.562,103.803,45.627
127.402,144.542,103.803,45.627
125.959,145.984,103.803,45.627
121.632,142.811,103.803,45.627
119.035,142.522,103.803,45.627
117.592,143.965,103.803,45.627
117.304,141.368,103.803,45.627
118.746,142.811,103.803,45.627
116.727,140.791,103.803,45.627
115.284,141.657,103.803,45.627
112.687,141.945,103.803,45.627
109.513,141.657,103.803,45.627
109.225,141.945,103.803,45.627
108.936,141.079,103.803,45.627
109.802,141.945,103.803,45.627
106.628,140.502,103.803,45.627
105.186,140.214,103.803,45.627
102.589,139.925,103.803,45.627
101.723,139.637,103.803,45.627
98.549,140.502,103.803,45.627
97.684,139.060,103.803,45.627
95.664,139.925,103.803,45.627
93.644,139.060,103.803,45.627
91.048,139.925,103.803,45.627
89.028,140.214,103.803,45.627
87.585,139.925,103.803,45.627
86.143,140.214,103.803,45.627
85.854,140.502,103.803,45.627
87.874,139.637,103.803,45.627
87.585,141.079,103.803,45.627
87.874,138.483,103.803,45.627
90.471,139.925,103.803,45.627
94.222,137.329,103.803,45.627
99.127,137.617,103.803,45.627
101.723,137.329,103.803,45.627
104.897,134.732,103.803,45.627
109.802,133.866,103.803,45.627
114.130,132.424,103.803,45.627
117.881,132.135,103.803,45.627
121.055,130.115,103.803,45.627
124.805,128.673,103.803,45.627
126.825,128.384,103.803,45.627
131.730,126.942,103.803,45.627
133.750,125.499,103.803,45.627
135.769,125.788,103.803,45.627
142.406,123.768,103.803,45.627
143.271,124.633,103.803,45.627
149.330,124.345,103.803,45.627
151.927,123.479,103.803,45.627
153.947,122.614,103.803,45.627
158.274,122.325,103.803,45.627
159.140,121.460,103.803,45.627
165.199,120.594,103.803,45.627
166.642,119.729,103.803,45.627
168.661,118.286,103.803,45.627
168.950,119.729,103.803,45.627
170.970,118.286,103.803,45.627
171.258,120.306,103.803,45.627
172.701,120.594,103.803,45.627
174.143,120.306,103.803,45.627
174.432,121.748,103.803,45.627
172.989,120.306,103.803,45.627
170.970,122.902,103.803,45.627
167.219,124.345,103.803,45.627
166.353,125.788,103.803,45.627
164.334,127.807,103.803,45.627
160.583,128.673,103.803,45.627
160.871,131.847,103.803,45.627
154.812,133.289,103.803,45.627
154.524,134.732,103.803,45.627
150.196,137.329,103.803,45.627
148.753,138.771,103.803,45.627
142.694,141.368,103.803,45.627
142.406,143.388,103.803,45.627
138.655,144.830,103.803,45.627
136.635,146.273,103.803,45.627
135.192,145.984,103.803,45.627
133.173,147.427,103.803,45.627
132.884,147.139,103.803,45.627
130.864,145.119,103.803,45.627
128.268,144.830,103.803,45.627
125.671,142.811,103.803,45.627
124.228,142.522,103.803,45.627
121.632,140.502,103.803,45.627
119.612,139.637,103.803,45.627
117.592,137.617,103.803,45.627
116.150,136.174,103.803,45.627
115.284,134.155,103.803,45.627
110.379,132.712,103.803,45.627
111.245,130.693,103.803,45.627
108.071,129.827,103.803,45.627
106.051,128.384,103.803,45.627
105.186,128.096,103.803,45.627
102.012,127.807,103.803,45.627
99.992,126.942,103.803,45.627
98.549,127.230,103.803,45.627
99.992,128.673,103.803,45.627
100.858,128.384,103.803,45.627
101.146,129.250,103.803,45.627
102.589,128.961,103.803,45.627
103.454,128.673,103.803,45.627
104.320,130.115,103.803,45.627
105.763,128.673,103.803,45.627
105.474,129.538,103.803,45.627
109.225,128.096,103.803,45.627
111.245,127.807,103.803,45.627
114.996,126.365,103.803,45.627
118.169,127.230,103.803,45.627
121.343,125.211,103.803,45.627
125.671,123.768,103.803,45.627
128.268,122.902,103.803,45.627
132.019,122.614,103.803,45.627
135.769,120.594,103.803,45.627
138.366,119.151,103.803,45.627
142.117,115.978,103.803,45.627
144.714,113.381,103.803,45.627
146.156,111.361,103.803,45.627
148.176,108.187,103.803,45.627
149.619,106.168,103.803,45.627
149.907,104.725,103.803,45.627
151.350,103.282,103.803,45.627
151.638,104.725,103.803,45.627
151.350,104.437,103.803,45.627
152.215,106.456,103.803,45.627
153.081,107.322,103.803,45.627
153.947,107.610,103.803,45.627
154.235,109.053,103.803,45.627
156.255,109.342,103.803,45.627
156.543,110.207,103.803,45.627
156.832,111.650,103.803,45.627
154.812,111.938,103.803,45.627
156.255,112.227,103.803,45.627
156.543,113.669,103.803,45.627
159.140,114.535,103.803,45.627
161.160,115.401,103.803,45.627
160.294,115.689,103.803,45.627
161.160,115.978,103.803,45.627
156.832,117.997,103.803,45.627
157.697,118.863,103.803,45.627
158.563,119.729,103.803,45.627
161.160,118.863,103.803,45.627
159.717,119.729,103.803,45.627
161.160,118.863,103.803,45.627
163.179,119.729,103.803,45.627
161.737,121.171,103.803,45.627
162.602,120.883,103.803,45.627
160.583,121.748,103.803,45.627
163.180,120.883,103.803,45.627
164.045,121.748,103.803,45.627
164.911,121.460,103.803,45.627
164.622,122.902,103.803,45.627
165.488,122.037,103.803,45.627
166.353,121.748,103.803,45.627
166.642,123.191,103.803,45.627
166.930,122.902,103.803,45.627
165.488,123.191,103.803,45.627
166.930,124.056,103.803,45.627
163.757,122.614,103.803,45.627
161.737,124.633,103.803,45.627
160.871,123.768,103.803,45.627
157.120,124.633,103.803,45.627
156.255,124.345,103.803,45.627
152.504,126.365,103.803,45.627
150.484,124.922,103.803,45.627
147.888,125.211,103.803,45.627
145.291,126.653,103.803,45.627
145.002,125.211,103.803,45.627
142.406,126.653,103.803,45.627
140.386,126.365,103.803,45.627
138.943,126.076,103.803,45.627
136.347,125.210,103.803,45.627
135.481,126.076,103.803,45.627
134.038,125.210,103.803,45.627
129.133,124.922,103.803,45.627
126.537,127.519,103.803,45.627
125.094,125.499,103.803,45.627
121.343,126.942,103.803,45.627
118.746,127.807,103.803,45.627
117.881,126.942,103.803,45.627
114.707,128.961,103.803,45.627
113.264,127.519,103.803,45.627
110.668,128.384,103.803,45.627
106.340,129.250,103.803,45.627
106.051,127.807,103.803,45.627
103.454,129.250,103.803,45.627
101.435,127.807,103.803,45.627
99.992,128.673,103.803,45.627
95.087,130.693,103.803,45.627
93.645,128.673,103.803,45.627
89.317,131.847,103.803,45.627
86.720,129.250,103.803,45.627
85.277,131.270,103.803,45.627
81.526,130.981,103.803,45.627
81.238,130.115,103.803,45.627
77.487,130.981,103.803,45.627
75.467,130.115,103.803,45.627
72.294,132.135,103.803,45.627
69.120,131.270,103.803,45.627
67.100,132.712,103.803,45.627
63.926,131.270,103.803,45.627
62.484,131.558,103.803,45.627
59.887,133.578,103.803,45.627
56.713,131.558,103.803,45.627
55.271,133.001,103.803,45.627
49.789,132.712,103.803,45.627
47.192,133.001,103.803,45.627
46.326,132.712,103.803,45.627
43.729,133.001,103.803,45.627
41.133,133.289,103.803,45.627
38.536,134.155,103.803,45.627
36.516,132.712,103.803,45.627
33.920,133.578,103.803,45.627
30.169,133.866,103.803,45.627
29.880,133.001,103.803,45.627
27.283,133.289,103.803,45.627
26.418,133.001,103.803,45.627
23.821,133.289,103.803,45.627
21.224,133.001,103.803,45.627
19.205,133.289,103.803,45.627
18.916,131.847,103.803,45.627
15.742,130.981,103.803,45.627
13.723,129.538,103.803,45.627
10.549,130.404,103.803,45.627
9.683,129.538,103.803,45.627
6.510,128.673,103.803,45.627
5.067,128.384,103.803,45.627
2.470,126.942,103.803,45.627
1.028,125.499,103.803,45.627
-0.415,124.633,103.803,45.627
1.028,122.614,103.803,45.627
1.316,121.748,103.803,45.627
1.605,119.151,103.803,45.627
3.624,117.709,103.803,45.627
3.913,115.689,103.803,45.627
5.355,113.669,103.803,45.627
6.221,112.804,103.803,45.627
7.664,110.784,103.803,45.627
7.952,109.342,103.803,45.627
9.972,107.322,103.803,45.627
9.683,107.610,103.803,45.627
10.549,106.168,103.803,45.627
11.992,106.456,103.803,45.627
10.549,107.322,103.803,45.627
11.992,105.879,103.803,45.627
12.280,106.745,103.803,45.627
12.569,106.456,103.803,45.627
13.434,107.899,103.803,45.627
13.723,108.765,103.803,45.627
13.434,108.476,103.803,45.627
15.454,111.073,103.803,45.627
15.165,110.784,103.803,45.627
15.454,112.227,103.803,45.627
16.319,114.247,103.803,45.627
16.031,115.112,103.803,45.627
16.978,116.703,106.099,46.637
15.503,114.638,106.099,46.637
18.747,117.882,106.099,46.637
19.042,116.408,106.099,46.637
19.927,119.062,106.099,46.637
21.402,120.537,106.099,46.637
21.107,121.421,106.099,46.637
23.761,122.896,106.099,46.637
24.056,121.421,106.099,46.637
24.941,124.665,106.099,46.637
27.005,126.140,106.099,46.637
26.120,126.435,106.099,46.637
27.595,127.909,106.099,46.637
29.659,129.974,106.099,46.637
28.774,130.858,106.099,46.637
32.018,131.153,106.099,46.637
29.954,133.218,106.099,46.637
32.018,133.513,106.099,46.637
33.493,135.577,106.099,46.637
36.737,135.872,106.099,46.637
38.801,136.757,106.099,46.637
37.917,137.641,106.099,46.637
40.571,139.706,106.099,46.637
41.456,138.231,106.099,46.637
41.750,140.296,106.099,46.637
44.405,141.180,106.099,46.637
46.469,140.885,106.099,46.637
47.944,140.591,106.099,46.637
51.188,141.475,106.099,46.637
55.446,139.983,103.837,45.642
52.271,141.426,103.837,45.642
56.994,143.860,101.622,44.669
56.717,144.608,99.455,43.717
58.044,147.473,97.334,42.784
57.773,148.825,97.334,42.784
57.503,150.178,97.334,42.784
58.855,152.072,97.334,42.784
62.372,155.048,97.334,42.784
65.348,155.319,97.334,42.784
67.242,156.130,97.334,42.784
65.348,157.483,97.334,42.784
65.619,158.295,97.334,42.784
68.054,158.024,97.334,42.784
68.324,156.671,97.334,42.784
72.383,158.565,97.334,42.784
72.709,158.372,99.488,43.731
73.043,159.897,101.689,44.698
72.798,156.763,103.939,45.687
70.198,155.897,103.939,45.687
74.532,156.185,103.939,45.687
83.488,157.630,103.939,45.687
85.635,159.822,106.238,46.698
95.970,156.574,106.238,46.698
103.943,159.822,106.238,46.698
110.735,158.346,106.238,46.698
125.795,161.003,106.238,46.698
127.990,162.631,108.589,47.731
133.725,164.141,108.589,47.731
73.057,163.235,108.589,47.731
76.981,165.952,108.589,47.731
85.734,164.442,108.589,47.731
91.109,166.106,110.991,48.787
93.268,165.181,110.991,48.787
104.683,164.255,110.991,48.787
111.779,166.415,110.991,48.787
119.193,164.915,113.447,49.867
128.734,165.345,115.957,50.970
216.736,165.115,118.523,52.098
224.972,162.150,118.523,52.098
227.420,166.017,121.145,53.251
225.731,168.573,123.825,54.429
188.295,163.328,126.565,55.633
192.370,162.348,129.365,56.864
199.921,164.865,129.365,56.864
206.753,163.067,129.365,56.864
212.147,164.865,129.365,56.864
217.541,160.910,129.365,56.864
212.752,157.669,132.227,58.122
213.196,151.306,135.153,59.408
192.603,144.023,138.143,60.722
189.879,142.156,141.200,62.066
99.142,148.392,144.324,63.439
100.459,148.106,147.517,64.843
110.710,146.056,147.517,64.843
119.320,149.747,147.517,64.843
129.983,146.091,144.371,63.460
143.513,147.928,141.292,62.106
154.117,148.320,141.292,62.106
170.219,148.713,141.292,62.106
178.466,150.677,141.292,62.106
183.572,144.000,141.292,62.106
191.034,147.535,141.292,62.106
196.139,149.499,141.292,62.106
194.175,143.608,141.292,62.106
90.101,134.575,141.292,62.106
97.563,131.826,141.292,62.106
100.312,133.789,141.292,62.106
95.207,133.396,141.292,62.106
95.600,133.004,141.292,62.106
85.781,134.967,141.292,62.106
78.582,134.494,138.279,60.782
75.122,135.647,138.279,60.782
67.335,133.702,135.330,59.486
63.197,134.830,135.330,59.486
61.377,132.202,132.444,58.217
64.691,133.306,132.444,58.217
63.586,132.202,132.444,58.217
59.537,130.361,132.444,58.217
59.175,129.917,129.620,56.976
58.126,131.566,126.856,55.761
57.773,129.803,126.856,55.761
60.145,130.738,124.151,54.572
57.040,128.322,124.151,54.572
55.314,127.977,124.151,54.572
54.310,127.561,121.503,53.408
53.297,127.899,121.503,53.408
51.608,126.210,121.503,53.408
50.595,125.197,121.503,53.408
50.257,125.535,121.503,53.408
47.218,124.522,121.503,53.408
46.880,126.210,121.503,53.408
43.840,123.846,121.503,53.408
43.503,124.184,121.503,53.408
41.814,124.522,121.503,53.408
40.801,123.508,121.503,53.408
39.788,124.522,121.503,53.408
40.125,122.158,121.503,53.408
37.761,120.469,121.503,53.408
38.099,122.158,121.503,53.408
33.033,121.144,121.503,53.408
34.046,122.158,121.503,53.408
30.331,120.469,121.503,53.408
29.993,120.807,121.503,53.408
27.629,119.793,121.503,53.408
26.616,120.807,121.503,53.408
27.629,117.767,121.503,53.408
25.941,120.131,121.503,53.408
24.252,115.741,121.503,53.408
22.564,116.754,121.503,53.408
24.836,115.045,118.912,52.269
28.471,112.070,118.912,52.269
3.021,163.301,118.912,52.269
17.895,164.293,118.912,52.269
40.701,167.268,118.912,52.269
60.863,165.615,118.912,52.269
80.927,165.854,116.376,51.154
36.611,119.597,116.376,51.154
42.757,117.332,116.376,51.154
46.962,115.715,116.376,51.154
52.256,117.819,113.894,50.063
57.005,115.603,113.894,50.063
61.120,115.920,113.894,50.063
62.703,116.236,113.894,50.063
69.351,114.020,113.894,50.063
72.833,113.704,113.894,50.063
78.215,112.754,113.894,50.063
79.165,113.704,113.894,50.063
81.381,111.488,113.894,50.063
83.597,111.171,113.894,50.063
86.446,109.588,113.894,50.063
87.396,109.905,113.894,50.063
88.979,110.855,113.894,50.063
92.461,109.905,113.894,50.063
94.044,110.855,113.894,50.063
96.893,109.905,113.894,50.063
97.843,111.488,113.894,50.063
98.793,109.905,113.894,50.063
101.642,110.855,113.894,50.063
103.858,110.538,113.894,50.063
107.340,108.955,113.894,50.063
108.923,111.171,113.894,50.063
110.506,108.955,113.894,50.063
113.355,110.538,113.894,50.063
113.039,110.855,113.894,50.063
117.154,109.272,113.894,50.063
118.104,110.222,113.894,50.063
119.687,108.639,113.894,50.063
121.903,109.588,113.894,50.063
124.119,108.639,113.894,50.063
126.968,107.689,113.894,50.063
129.817,108.005,113.894,50.063
132.033,106.423,113.894,50.063
131.717,107.372,113.894,50.063
125.069,107.056,113.894,50.063
120.953,105.473,113.894,50.063
112.406,107.056,113.894,50.063
105.758,104.207,113.894,50.063
101.642,104.523,113.894,50.063
96.260,103.573,113.894,50.063
91.512,106.423,113.894,50.063
86.763,102.940,113.894,50.063
76.316,105.789,113.894,50.063
72.833,104.840,113.894,50.063
71.251,106.423,113.894,50.063
76.632,105.473,113.894,50.063
85.180,103.890,113.894,50.063
101.325,102.307,113.894,50.063
116.205,100.724,113.894,50.063
129.068,100.499,116.414,51.171
143.629,97.587,116.414,51.171
155.602,98.557,116.414,51.171
169.516,96.292,116.414,51.171
175.664,97.263,116.414,51.171
181.165,94.351,116.414,51.171
186.018,94.674,116.414,51.171
190.872,93.056,116.414,51.171
196.373,90.144,116.414,51.171
201.045,91.002,113.932,50.080
205.007,90.010,111.502,49.012
211.872,91.428,109.124,47.967
209.235,90.478,106.797,46.944
212.948,87.831,104.520,45.943
217.143,84.681,102.291,44.963
217.427,85.534,102.291,44.963
227.947,81.269,102.291,44.963
232.212,82.691,102.291,44.963
237.046,78.994,102.291,44.963
222.640,77.612,104.554,45.958
225.255,80.809,104.554,45.958
221.385,86.029,106.867,46.975
189.601,92.861,106.867,46.975
186.878,94.499,109.232,48.014
191.432,91.159,109.232,48.014
191.736,93.891,109.232,48.014
192.040,94.802,109.232,48.014
193.558,93.284,109.232,48.014
190.144,94.328,111.648,49.076
191.075,93.397,111.648,49.076
189.524,93.087,111.648,49.076
187.972,93.397,111.648,49.076
190.144,92.466,111.648,49.076
191.075,92.156,111.648,49.076
188.903,92.466,111.648,49.076
190.455,90.914,111.648,49.076
187.041,93.707,111.648,49.076
189.834,90.294,111.648,49.076
187.041,93.707,111.648,49.076
186.110,91.535,111.648,49.076
187.041,90.604,111.648,49.076
184.248,92.776,111.648,49.076
183.938,91.225,111.648,49.076
185.489,92.156,111.648,49.076
183.317,91.225,111.648,49.076
183.627,91.535,111.648,49.076
183.938,90.604,111.648,49.076
183.007,90.294,111.648,49.076
178.972,92.466,111.648,49.076
176.179,90.914,111.648,49.076
172.145,91.845,111.648,49.076
170.593,91.535,111.648,49.076
165.938,92.466,111.648,49.076
164.386,92.156,111.648,49.076
158.490,93.707,111.648,49.076
156.318,93.397,111.648,49.076
152.283,95.569,111.648,49.076
152.594,93.397,111.648,49.076
144.835,96.811,111.648,49.076
140.801,95.259,111.648,49.076
134.905,96.811,111.648,49.076
127.146,97.742,111.648,49.076
121.250,96.811,111.648,49.076
112.871,100.224,111.648,49.076
105.733,99.914,111.648,49.076
101.699,100.224,111.648,49.076
93.320,103.638,111.648,49.076
86.182,102.707,111.648,49.076
79.665,104.879,111.648,49.076
70.665,106.431,111.648,49.076
66.010,106.121,111.648,49.076
61.355,108.914,111.648,49.076
59.183,108.603,111.648,49.076
58.873,108.914,111.648,49.076
58.562,111.086,111.648,49.076
60.735,110.776,111.648,49.076
62.907,110.466,111.648,49.076
62.597,110.776,111.648,49.076
65.390,111.707,111.648,49.076
65.700,110.776,111.648,49.076
67.872,111.707,111.648,49.076
70.045,110.155,111.648,49.076
70.355,111.707,111.648,49.076
72.527,110.776,111.648,49.076
75.320,110.466,111.648,49.076
74.407,111.532,114.119,50.162
77.262,110.581,114.119,50.162
78.848,112.167,114.119,50.162
80.434,114.387,114.119,50.162
83.289,112.167,114.119,50.162
84.241,115.022,114.119,50.162
85.192,113.436,114.119,50.162
88.047,113.753,114.119,50.162
87.730,115.339,114.119,50.162
91.219,115.656,114.119,50.162
92.805,117.242,114.119,50.162
94.391,116.290,114.119,50.162
97.880,117.876,114.119,50.162
99.466,116.290,114.119,50.162
101.052,118.511,114.119,50.162
106.855,115.683,111.685,49.092
109.649,117.235,111.685,49.092
112.443,116.924,111.685,49.092
113.995,115.993,111.685,49.092
115.547,115.683,111.685,49.092
117.099,115.372,111.685,49.092
123.377,117.392,109.303,48.045
126.111,114.657,109.303,48.045
130.498,116.048,106.972,47.021
133.174,115.156,106.972,47.021
132.282,116.048,106.972,47.021
137.931,112.183,106.972,47.021
139.418,108.912,106.972,47.021
137.931,107.425,106.972,47.021
144.517,104.774,104.691,46.018
143.644,105.065,104.691,46.018
141.607,103.028,104.691,46.018
137.128,104.633,107.007,47.036
140.573,103.187,109.375,48.077
144.725,104.232,111.795,49.141
151.251,101.435,111.795,49.141
155.290,97.395,111.795,49.141
166.166,96.463,111.795,49.141
168.963,94.909,111.795,49.141
171.760,94.599,111.795,49.141
88.792,116.661,111.795,49.141
92.210,113.243,111.795,49.141
89.413,115.418,111.795,49.141
85.995,112.622,111.795,49.141
83.198,110.447,111.795,49.141
79.780,112.000,111.795,49.141
76.983,112.311,111.795,49.141
74.808,111.379,111.795,49.141
72.012,112.933,111.795,49.141
71.079,110.136,111.795,49.141
67.040,112.311,111.795,49.141
65.486,110.757,111.795,49.141
62.689,111.068,111.795,49.141
63.000,109.514,111.795,49.141
62.689,109.204,111.795,49.141
60.514,111.379,111.795,49.141
61.446,109.825,111.795,49.141
61.136,109.514,111.795,49.141
60.203,108.582,111.795,49.141
63.000,108.271,111.795,49.141
61.446,110.447,111.795,49.141
61.136,107.028,111.795,49.141
57.717,109.825,111.795,49.141
55.542,108.271,111.795,49.141
58.339,109.204,111.795,49.141
58.650,108.893,111.795,49.141
60.203,108.582,111.795,49.141
58.650,108.271,111.795,49.141
58.960,109.825,111.795,49.141
53.056,110.136,111.795,49.141
49.017,111.068,111.795,49.141
46.220,109.514,111.795,49.141
41.559,109.825,111.795,49.141
41.870,110.136,111.795,49.141
41.559,109.825,111.795,49.141
38.762,108.893,111.795,49.141
37.830,109.825,111.795,49.141
31.304,109.514,111.795,49.141
26.643,108.582,111.795,49.141
27.576,108.893,111.795,49.141
26.643,109.825,111.795,49.141
25.711,109.514,111.795,49.141
26.643,107.961,111.795,49.141
25.711,109.514,111.795,49.141
27.265,107.339,111.795,49.141
25.711,109.514,111.795,49.141
27.265,107.339,111.795,49.141
25.711,109.514,111.795,49.141
27.265,106.718,111.795,49.141
25.711,108.271,111.795,49.141
26.022,109.204,111.795,49.141
26.954,107.650,111.795,49.141
24.157,109.204,111.795,49.141
25.711,108.271,111.795,49.141
26.643,107.961,111.795,49.141
25.090,109.514,111.795,49.141
26.643,106.096,111.795,49.141
26.333,108.893,111.795,49.141
25.400,107.339,111.795,49.141
27.576,108.271,111.795,49.141
26.022,108.582,111.795,49.141
28.197,106.407,111.795,49.141
25.400,109.204,111.795,49.141
26.333,107.650,111.795,49.141
26.643,108.582,111.795,49.141
23.847,109.514,111.795,49.141
27.265,108.582,111.795,49.141
23.225,110.757,111.795,49.141
23.536,109.204,111.795,49.141
22.604,111.379,111.795,49.141
19.807,110.447,111.795,49.141
22.604,109.514,111.795,49.141
19.186,110.447,111.795,49.141
21.361,109.514,111.795,49.141
17.943,111.068,111.795,49.141
20.118,110.757,111.795,49.141
17.321,111.068,111.795,49.141
15.146,112.622,111.795,49.141
16.078,110.447,111.795,49.141
16.389,112.000,111.795,49.141
12.971,113.554,111.795,49.141
14.524,110.757,111.795,49.141
11.106,113.554,111.795,49.141
12.660,111.379,111.795,49.141
15.350,112.801,109.411,48.093
10.788,114.322,109.411,48.093
14.741,113.409,109.411,48.093
13.829,115.538,109.411,48.093
15.958,112.801,109.411,48.093
18.087,114.322,109.411,48.093
19.607,115.234,109.411,48.093
21.128,116.146,109.411,48.093
23.257,115.234,109.411,48.093
25.385,115.538,109.411,48.093
28.604,115.172,107.078,47.067
31.282,115.469,107.078,47.067
31.580,116.362,107.078,47.067
34.259,114.279,107.078,47.067
36.937,115.767,107.078,47.067
37.830,115.469,107.078,47.067
40.509,113.981,107.078,47.067
41.402,116.065,107.078,47.067
39.914,116.957,107.078,47.067
43.188,117.850,107.078,47.067
43.485,118.148,107.078,47.067
46.164,115.469,107.078,47.067
47.057,118.148,107.078,47.067
47.950,116.065,107.078,47.067
50.033,116.957,107.078,47.067
50.926,118.446,107.078,47.067
54.200,116.362,107.078,47.067
55.688,117.850,107.078,47.067
55.986,117.553,107.078,47.067
58.664,117.255,107.078,47.067
58.962,116.957,107.078,47.067
61.641,117.850,107.078,47.067
62.534,116.362,107.078,47.067
64.617,116.660,107.078,47.067
66.105,118.743,107.078,47.067
65.808,116.065,107.078,47.067
69.081,117.553,107.078,47.067
65.808,118.446,107.078,47.067
70.867,117.553,107.078,47.067
69.974,119.041,107.078,47.067
72.058,116.957,107.078,47.067
73.546,119.041,107.078,47.067
73.248,118.148,107.078,47.067
75.927,119.041,107.078,47.067
77.415,119.338,107.078,47.067
77.713,119.041,107.078,47.067
80.391,118.743,107.078,47.067
81.284,120.827,107.078,47.067
82.177,121.124,107.078,47.067
83.665,120.231,107.078,47.067
85.153,121.720,107.078,47.067
85.451,122.612,107.078,47.067
90.322,121.680,104.794,46.063
89.448,123.719,104.794,46.063
92.070,122.845,104.794,46.063
92.944,123.719,104.794,46.063
94.983,122.845,104.794,46.063
97.022,123.719,104.794,46.063
97.313,125.175,104.794,46.063
98.769,124.301,104.794,46.063
99.643,125.758,104.794,46.063
98.187,127.214,104.794,46.063
101.391,125.175,104.794,46.063
102.847,126.049,104.794,46.063
104.886,125.175,104.794,46.063
107.508,126.049,104.794,46.063
108.382,126.923,104.794,46.063
110.421,127.214,104.794,46.063
108.964,128.671,104.794,46.063
110.421,127.797,104.794,46.063
113.625,126.923,104.794,46.063
113.334,129.545,104.794,46.063
