122.000,51.000,51.000,61.000
121.339,51.220,51.000,61.000
121.559,51.441,51.000,61.000
120.899,52.542,51.000,61.000
121.119,52.762,51.000,61.000
121.339,54.304,51.000,61.000
121.119,55.846,51.000,61.000
120.899,56.506,51.000,61.000
120.678,56.727,51.000,61.000
120.458,57.387,51.000,61.000
120.678,58.048,51.000,61.000
120.018,58.268,51.000,61.000
119.798,58.929,51.000,61.000
119.577,59.149,51.000,61.000
119.357,59.370,51.000,61.000
119.577,59.590,51.000,61.000
118.917,59.370,51.000,61.000
119.137,60.471,51.000,61.000
118.917,61.132,51.000,61.000
118.696,60.911,51.000,61.000
118.476,61.132,51.000,61.000
118.696,61.352,51.000,61.000
118.036,61.572,51.000,61.000
117.815,61.352,51.000,61.000
117.595,62.453,51.000,61.000
117.375,62.673,51.000,61.000
117.595,62.013,51.000,61.000
116.934,62.233,51.000,61.000
116.714,62.453,51.000,61.000
116.053,62.673,51.000,61.000
116.274,61.572,51.000,61.000
115.172,60.911,51.000,61.000
113.630,60.251,51.000,61.000
111.648,59.590,51.000,61.000
109.666,58.048,51.000,61.000
108.565,56.947,51.000,61.000
107.023,55.846,51.000,61.000
107.243,54.744,51.000,61.000
106.582,54.084,51.000,61.000
105.041,54.744,51.000,61.000
105.701,54.084,51.000,61.000
105.922,54.304,51.000,61.000
106.582,54.524,51.000,61.000
106.803,52.982,51.000,61.000
107.904,52.322,51.000,61.000
109.005,51.661,51.000,61.000
110.106,50.119,51.000,61.000
111.208,50.339,51.000,61.000
111.868,51.000,51.000,61.000
112.089,51.220,51.000,61.000
112.309,52.322,51.000,61.000
112.529,53.863,51.000,61.000
112.309,55.405,51.000,61.000
112.970,57.828,51.000,61.000
112.749,60.251,51.000,61.000
112.529,63.114,51.000,61.000
112.749,65.537,51.000,61.000
112.529,67.078,51.000,61.000
111.868,69.501,51.000,61.000
111.648,71.483,51.000,61.000
111.428,73.906,51.000,61.000
111.648,75.889,51.000,61.000
110.106,78.752,51.000,61.000
110.767,80.734,51.000,61.000
110.106,82.276,51.000,61.000
111.648,83.818,51.000,61.000
111.868,84.478,51.000,61.000
113.410,86.020,51.000,61.000
115.392,85.800,51.000,61.000
116.494,86.901,51.000,61.000
118.476,86.681,51.000,61.000
120.018,86.461,51.000,61.000
122.000,87.562,51.000,61.000
123.101,85.139,51.000,61.000
123.762,85.359,51.000,61.000
123.542,83.377,51.000,61.000
122.441,81.395,51.000,61.000
122.661,78.972,51.000,61.000
121.560,76.109,51.000,61.000
121.339,73.686,51.000,61.000
121.560,71.263,51.000,61.000
120.458,69.721,51.000,61.000
121.560,68.180,51.000,61.000
120.458,67.519,51.000,61.000
121.560,66.418,51.000,61.000
120.458,67.078,51.000,61.000
121.560,66.418,51.000,61.000
120.018,66.197,51.000,61.000
120.238,65.096,51.000,61.000
120.018,63.995,51.000,61.000
119.357,62.453,51.000,61.000
118.696,61.792,51.000,61.000
117.154,59.370,51.000,61.000
116.494,58.268,51.000,61.000
114.952,57.167,51.000,61.000
112.529,55.625,51.000,61.000
110.106,54.084,51.000,61.000
109.005,53.863,51.000,61.000
107.463,53.203,51.000,61.000
106.803,52.982,51.000,61.000
105.011,52.996,49.912,59.699
104.365,53.211,49.912,59.699
104.689,53.640,48.848,58.426
103.212,54.273,48.848,58.426
103.845,53.218,48.848,58.426
102.368,53.429,48.848,58.426
103.001,52.796,48.848,58.426
102.790,52.163,48.848,58.426
102.579,52.796,48.848,58.426
103.212,52.585,48.848,58.426
104.267,53.640,48.848,58.426
104.900,54.273,48.848,58.426
105.533,54.484,48.848,58.426
106.588,55.961,48.848,58.426
106.377,56.172,48.848,58.426
108.275,57.648,48.848,58.426
108.908,59.547,48.848,58.426
109.541,61.446,48.848,58.426
111.440,62.500,48.848,58.426
111.651,63.977,48.848,58.426
110.596,64.610,48.848,58.426
110.385,66.087,48.848,58.426
111.018,65.876,48.848,58.426
110.807,66.509,48.848,58.426
111.440,67.985,48.848,58.426
112.916,67.774,48.848,58.426
112.284,69.251,48.848,58.426
112.494,68.618,48.848,58.426
112.705,68.829,48.848,58.426
111.651,66.931,48.848,58.426
111.767,66.503,49.929,59.719
111.551,66.719,49.929,59.719
111.336,65.209,49.929,59.719
111.983,66.287,49.929,59.719
111.767,66.503,49.929,59.719
111.983,67.150,49.929,59.719
112.198,66.503,49.929,59.719
111.551,67.150,49.929,59.719
110.473,67.366,49.929,59.719
110.689,66.719,49.929,59.719
109.179,66.072,49.929,59.719
108.532,66.288,49.929,59.719
107.886,66.072,49.929,59.719
105.514,64.562,49.929,59.719
104.004,65.209,49.929,59.719
101.632,64.131,49.929,59.719
100.123,64.778,49.929,59.719
100.339,64.131,49.929,59.719
100.986,64.778,49.929,59.719
100.770,64.131,49.929,59.719
100.986,64.778,49.929,59.719
101.632,64.562,49.929,59.719
102.279,66.072,49.929,59.719
102.926,65.856,49.929,59.719
103.142,66.072,49.929,59.719
103.789,66.719,49.929,59.719
104.004,66.503,49.929,59.719
104.651,67.581,49.929,59.719
104.436,67.797,49.929,59.719
105.514,66.719,49.929,59.719
105.729,66.503,49.929,59.719
105.514,66.719,49.929,59.719
106.161,66.072,49.929,59.719
105.945,66.288,49.929,59.719
105.729,66.072,49.929,59.719
105.945,65.856,49.929,59.719
106.161,65.641,49.929,59.719
106.376,66.287,49.929,59.719
106.592,66.072,49.929,59.719
105.945,66.287,49.929,59.719
105.729,66.072,49.929,59.719
105.514,65.856,49.929,59.719
105.729,65.209,49.929,59.719
104.220,64.994,49.929,59.719
104.436,64.347,49.929,59.719
104.220,64.562,49.929,59.719
103.573,64.347,49.929,59.719
102.495,64.131,49.929,59.719
103.142,63.484,49.929,59.719
102.495,63.700,49.929,59.719
102.711,62.622,49.929,59.719
101.201,63.700,49.929,59.719
101.417,62.622,49.929,59.719
102.064,63.700,49.929,59.719
101.417,63.053,49.929,59.719
102.064,63.700,49.929,59.719
101.417,63.916,49.929,59.719
102.064,64.131,49.929,59.719
101.417,64.347,49.929,59.719
102.064,64.562,49.929,59.719
101.848,64.778,49.929,59.719
101.632,64.131,49.929,59.719
101.848,64.778,49.929,59.719
102.588,65.207,48.864,58.445
102.799,65.418,48.864,58.445
103.432,66.051,48.864,58.445
104.488,66.262,48.864,58.445
105.121,66.895,48.864,58.445
104.488,67.106,48.864,58.445
105.543,67.739,48.864,58.445
105.754,68.795,48.864,58.445
104.699,68.161,48.864,58.445
105.754,69.217,48.864,58.445
105.665,70.450,47.822,57.199
106.697,70.656,47.822,57.199
106.904,71.276,47.822,57.199
107.523,72.309,47.822,57.199
107.038,73.516,46.802,55.979
107.240,72.909,46.802,55.979
105.825,73.920,46.802,55.979
106.836,74.122,46.802,55.979
105.825,74.729,46.802,55.979
105.350,75.131,45.804,54.785
106.339,74.537,45.804,54.785
105.350,75.131,45.804,54.785
105.944,74.142,45.804,54.785
104.559,73.944,45.804,54.785
106.339,74.537,45.804,54.785
104.954,73.548,45.804,54.785
104.757,74.142,45.804,54.785
104.163,72.757,45.804,54.785
104.757,73.746,45.804,54.785
103.372,72.757,45.804,54.785
103.965,73.350,45.804,54.785
102.581,71.570,45.804,54.785
103.570,72.559,45.804,54.785
102.581,71.570,45.804,54.785
102.383,71.768,45.804,54.785
102.185,71.570,45.804,54.785
101.592,70.977,45.804,54.785
101.789,71.570,45.804,54.785
100.405,70.977,45.804,54.785
101.789,71.966,45.804,54.785
101.196,71.768,45.804,54.785
102.185,72.757,45.804,54.785
101.987,72.955,45.804,54.785
101.394,73.944,45.804,54.785
101.987,74.142,45.804,54.785
100.603,73.152,45.804,54.785
99.613,74.142,45.804,54.785
100.207,73.944,45.804,54.785
100.405,74.933,45.804,54.785
100.998,74.339,45.804,54.785
100.405,73.350,45.804,54.785
101.789,73.548,45.804,54.785
100.800,74.142,45.804,54.785
101.394,73.152,45.804,54.785
101.987,73.746,45.804,54.785
100.998,74.735,45.804,54.785
100.800,74.933,45.804,54.785
100.207,74.735,45.804,54.785
100.405,73.350,45.804,54.785
100.603,71.966,45.804,54.785
99.218,70.977,45.804,54.785
100.207,69.196,45.804,54.785
99.613,66.625,45.804,54.785
99.020,65.240,45.804,54.785
100.009,63.064,45.804,54.785
99.811,62.471,45.804,54.785
99.613,59.899,45.804,54.785
99.416,58.514,45.804,54.785
100.800,55.943,45.804,54.785
99.811,54.558,45.804,54.785
100.405,51.986,45.804,54.785
101.394,50.206,45.804,54.785
100.800,47.635,45.804,54.785
100.603,46.250,45.804,54.785
100.800,44.074,45.804,54.785
101.394,43.085,45.804,54.785
101.987,41.700,45.804,54.785
101.394,40.316,45.804,54.785
102.383,40.513,45.804,54.785
102.581,40.711,45.804,54.785
103.570,42.096,45.804,54.785
104.163,43.481,45.804,54.785
104.361,44.470,45.804,54.785
105.350,46.646,45.804,54.785
105.944,48.426,45.804,54.785
106.141,49.811,45.804,54.785
107.130,51.195,45.804,54.785
108.515,51.789,45.804,54.785
109.900,53.173,45.804,54.785
110.419,53.593,46.818,55.997
111.026,54.200,46.818,55.997
112.441,55.211,46.818,55.997
112.643,55.413,46.818,55.997
113.250,56.020,46.818,55.997
112.643,55.413,46.818,55.997
113.654,56.828,46.818,55.997
114.261,57.031,46.818,55.997
114.463,58.446,46.818,55.997
115.070,59.861,46.818,55.997
116.485,60.063,46.818,55.997
116.283,62.288,46.818,55.997
116.889,63.703,46.818,55.997
117.900,64.714,46.818,55.997
117.698,66.129,46.818,55.997
117.091,67.949,46.818,55.997
116.081,69.364,46.818,55.997
117.091,71.588,46.818,55.997
114.867,72.599,46.818,55.997
116.283,74.419,46.818,55.997
113.654,76.643,46.818,55.997
114.665,77.250,46.818,55.997
113.250,79.069,46.818,55.997
112.643,78.867,46.818,55.997
113.654,79.069,46.818,55.997
112.643,79.676,46.818,55.997
112.846,79.069,46.818,55.997
113.452,79.676,46.818,55.997
112.441,79.474,46.818,55.997
112.643,80.485,46.818,55.997
112.037,80.282,46.818,55.997
112.643,79.676,46.818,55.997
111.077,77.169,47.853,57.236
109.630,77.375,47.853,57.236
109.423,76.755,47.853,57.236
107.393,74.621,48.912,58.503
106.337,74.832,48.912,58.503
104.858,72.931,48.912,58.503
103.221,72.942,49.994,59.797
101.710,71.430,49.994,59.797
99.335,72.078,49.994,59.797
98.255,70.567,49.994,59.797
96.312,70.351,49.994,59.797
95.233,69.271,49.994,59.797
93.289,68.192,49.994,59.797
92.210,67.544,49.994,59.797
90.699,67.760,49.994,59.797
89.187,66.248,49.994,59.797
88.108,66.896,49.994,59.797
87.028,65.385,49.994,59.797
85.085,66.464,49.994,59.797
84.437,65.385,49.994,59.797
83.358,65.601,49.994,59.797
81.846,65.385,49.994,59.797
79.903,65.169,49.994,59.797
78.392,65.385,49.994,59.797
77.312,65.601,49.994,59.797
75.801,65.817,49.994,59.797
73.426,66.464,49.994,59.797
74.505,64.521,49.994,59.797
71.488,66.324,51.100,61.120
69.502,65.220,51.100,61.120
69.624,64.773,52.231,62.472
68.045,63.645,52.231,62.472
66.297,65.060,53.387,63.855
65.605,62.985,53.387,63.855
63.991,64.599,53.387,63.855
63.299,62.524,53.387,63.855
62.608,64.138,53.387,63.855
59.610,61.602,53.387,63.855
58.781,63.527,54.568,65.267
57.602,63.291,54.568,65.267
55.953,63.998,54.568,65.267
54.774,64.234,54.568,65.267
55.010,63.055,54.568,65.267
54.303,62.348,54.568,65.267
53.125,62.584,54.568,65.267
53.832,63.291,54.568,65.267
54.067,62.113,54.568,65.267
54.774,62.820,54.568,65.267
55.010,62.113,54.568,65.267
55.246,59.992,54.568,65.267
55.953,57.871,54.568,65.267
57.131,55.750,54.568,65.267
58.309,56.457,54.568,65.267
59.016,54.807,54.568,65.267
60.195,54.572,54.568,65.267
61.844,52.922,54.568,65.267
62.551,50.801,54.568,65.267
63.730,49.623,54.568,65.267
64.908,47.502,54.568,65.267
66.086,45.381,54.568,65.267
67.264,43.260,54.568,65.267
67.500,41.139,54.568,65.267
69.150,39.961,54.568,65.267
70.799,38.311,54.568,65.267
71.978,37.604,54.568,65.267
73.156,36.426,54.568,65.267
75.277,35.719,54.568,65.267
76.455,35.012,54.568,65.267
78.576,33.833,54.568,65.267
80.697,35.012,54.568,65.267
82.818,33.362,54.568,65.267
84.939,34.540,54.568,65.267
87.060,34.776,54.568,65.267
89.181,35.954,54.568,65.267
90.831,35.719,54.568,65.267
92.480,37.840,54.568,65.267
93.187,39.489,54.568,65.267
95.308,40.668,54.568,65.267
95.544,42.317,54.568,65.267
97.193,43.496,54.568,65.267
98.843,45.145,54.568,65.267
99.079,46.795,54.568,65.267
100.257,49.387,54.568,65.267
99.550,50.565,54.568,65.267
100.728,52.686,54.568,65.267
100.964,54.807,54.568,65.267
101.671,57.871,54.568,65.267
101.435,58.578,54.568,65.267
101.671,62.113,54.568,65.267
101.907,63.762,54.568,65.267
102.614,66.826,54.568,65.267
102.378,69.418,54.568,65.267
102.142,71.068,54.568,65.267
103.792,73.189,54.568,65.267
103.085,75.310,54.568,65.267
103.792,77.902,54.568,65.267
103.556,80.023,54.568,65.267
103.321,82.615,54.568,65.267
103.085,86.150,54.568,65.267
104.263,88.742,54.568,65.267
102.614,91.806,54.568,65.267
103.321,94.870,54.568,65.267
101.671,96.991,54.568,65.267
101.907,99.112,54.568,65.267
102.261,101.852,53.404,63.876
102.031,104.389,53.404,63.876
101.339,106.464,53.404,63.876
100.647,109.001,53.404,63.876
100.416,112.461,53.404,63.876
100.186,114.998,53.404,63.876
99.356,118.359,54.586,65.289
99.120,121.895,54.586,65.289
99.356,124.960,54.586,65.289
99.120,126.610,54.586,65.289
98.884,130.146,54.586,65.289
98.036,131.625,55.793,66.733
97.313,133.794,55.793,66.733
97.072,135.962,55.793,66.733
96.831,138.131,55.793,66.733
97.554,138.372,55.793,66.733
98.277,139.095,55.793,66.733
95.910,143.106,57.028,68.210
96.156,143.352,57.028,68.210
95.417,146.062,57.028,68.210
96.156,145.323,57.028,68.210
93.939,149.510,57.028,68.210
94.186,148.771,57.028,68.210
92.462,151.972,57.028,68.210
92.708,151.234,57.028,68.210
89.777,153.801,58.290,69.719
91.036,154.052,58.290,69.719
87.763,157.828,58.290,69.719
86.001,159.591,58.290,69.719
84.239,160.849,58.290,69.719
82.980,161.604,58.290,69.719
83.736,159.339,58.290,69.719
81.785,160.918,59.579,71.261
83.586,158.088,59.579,71.261
84.796,159.168,60.897,72.838
80.851,161.535,60.897,72.838
83.218,160.746,60.897,72.838
78.747,162.061,60.897,72.838
81.114,158.642,60.897,72.838
78.221,155.223,60.897,72.838
80.062,151.278,60.897,72.838
78.024,146.925,62.245,74.450
80.981,142.893,62.245,74.450
77.224,141.233,63.622,76.097
80.247,136.012,63.622,76.097
78.323,131.891,63.622,76.097
80.247,126.670,63.622,76.097
77.224,124.198,63.622,76.097
79.086,120.220,65.030,77.780
79.824,116.737,66.468,79.501
76.666,114.728,66.468,79.501
78.611,110.572,67.939,81.260
79.381,106.325,69.442,83.058
76.435,106.339,70.979,84.896
78.512,101.902,72.549,86.774
76.084,102.567,74.154,88.694
76.261,101.918,75.795,90.656
78.552,98.972,75.795,90.656
80.189,99.300,75.795,90.656
80.369,95.920,77.472,92.662
82.711,91.570,77.472,92.662
83.715,91.905,77.472,92.662
86.726,86.217,77.472,92.662
87.605,86.928,79.186,94.712
89.999,84.534,79.186,94.712
91.024,88.295,79.186,94.712
93.418,86.586,79.186,94.712
91.708,89.663,79.186,94.712
94.786,84.534,79.186,94.712
99.256,83.236,77.497,92.693
100.930,85.579,77.497,92.693
103.942,81.897,77.497,92.693
105.091,80.628,75.844,90.716
108.039,82.265,75.844,90.716
109.795,79.129,74.227,88.781
113.367,81.002,72.644,86.888
113.839,81.626,71.095,85.035
117.831,78.863,71.095,85.035
120.068,80.657,69.579,83.222
123.417,78.938,68.095,81.447
125.475,79.232,68.095,81.447
127.619,79.250,66.643,79.710
131.381,78.158,65.222,78.010
132.789,78.440,65.222,78.010
134.842,79.543,63.831,76.347
137.383,80.623,62.470,74.719
139.869,82.200,61.137,73.125
141.189,82.992,61.137,73.125
143.113,83.517,59.834,71.566
144.997,86.522,58.558,70.040
145.377,88.000,57.309,68.546
148.595,89.732,57.309,68.546
148.347,91.960,57.309,68.546
150.080,94.187,57.309,68.546
149.498,97.065,56.087,67.084
151.678,100.214,56.087,67.084
150.642,103.497,54.891,65.654
153.741,107.168,53.720,64.254
155.829,109.720,53.720,64.254
155.283,111.523,52.575,62.883
158.235,112.658,52.575,62.883
159.824,112.431,52.575,62.883
161.868,111.750,52.575,62.883
162.095,110.161,52.575,62.883
163.684,107.209,52.575,62.883
163.457,104.257,52.575,62.883
165.112,101.645,51.453,61.542
164.590,98.660,50.356,60.230
165.755,95.739,49.282,58.946
167.307,93.291,48.231,57.688
168.348,90.999,48.231,57.688
168.973,88.291,48.231,57.688
170.014,85.584,48.231,57.688
167.517,84.793,47.203,56.458
169.760,82.143,47.203,56.458
169.148,79.901,47.203,56.458
167.721,77.251,47.203,56.458
169.556,74.193,47.203,56.458
168.537,71.543,47.203,56.458
170.779,67.262,47.203,56.458
171.798,65.020,47.203,56.458
173.633,61.554,47.203,56.458
172.206,58.496,47.203,56.458
174.448,55.846,47.203,56.458
172.614,56.050,47.203,56.458
174.856,53.400,47.203,56.458
173.429,51.973,47.203,56.458
172.002,52.992,47.203,56.458
169.352,54.419,47.203,56.458
166.702,55.438,47.203,56.458
164.459,57.273,47.203,56.458
162.217,59.108,47.203,56.458
160.382,60.942,47.203,56.458
158.955,61.962,47.203,56.458
156.713,63.389,47.203,56.458
157.325,64.000,47.203,56.458
155.082,66.243,47.203,56.458
152.840,67.670,47.203,56.458
151.821,67.466,47.203,56.458
149.986,68.077,47.203,56.458
147.743,69.097,47.203,56.458
146.316,68.077,47.203,56.458
143.666,68.281,47.203,56.458
141.664,67.022,48.247,57.707
139.372,68.064,48.247,57.707
136.663,67.022,48.247,57.707
133.954,68.064,48.247,57.707
130.829,69.522,48.247,57.707
128.120,70.564,48.247,57.707
123.911,72.304,49.315,58.984
121.995,74.221,49.315,58.984
120.930,75.286,49.315,58.984
121.931,73.528,50.406,60.289
124.761,71.134,50.406,60.289
128.026,70.481,50.406,60.289
131.727,69.392,50.406,60.289
134.992,68.739,50.406,60.289
137.822,69.828,50.406,60.289
140.217,71.351,50.406,60.289
141.740,72.875,50.406,60.289
143.699,70.916,50.406,60.289
140.870,73.746,50.406,60.289
143.699,71.787,50.406,60.289
146.529,69.828,50.406,60.289
143.487,68.483,51.521,61.623
140.595,68.261,51.521,61.623
137.257,69.373,51.521,61.623
134.365,70.931,51.521,61.623
133.252,72.933,51.521,61.623
130.805,74.936,51.521,61.623
129.247,76.938,51.521,61.623
127.245,78.496,51.521,61.623
125.059,78.506,52.661,62.986
123.467,80.098,52.661,62.986
120.056,81.236,52.661,62.986
117.554,82.373,52.661,62.986
113.432,83.328,53.826,64.380
110.410,84.490,53.826,64.380
107.853,86.117,53.826,64.380
106.226,87.744,53.826,64.380
106.923,90.301,53.826,64.380
107.621,93.323,53.826,64.380
116.686,89.371,53.826,64.380
126.217,85.885,53.826,64.380
123.430,88.588,52.678,63.007
128.663,86.085,52.678,63.007
134.706,84.783,51.555,61.664
134.484,85.897,51.555,61.664
136.933,83.893,51.555,61.664
135.820,82.334,51.555,61.664
135.152,79.885,51.555,61.664
134.038,80.108,51.555,61.664
132.313,78.271,52.695,63.028
132.996,78.043,52.695,63.028
133.777,78.496,51.572,61.684
131.773,80.055,51.572,61.684
134.255,80.927,50.472,60.368
135.843,81.361,49.396,59.081
134.633,80.043,50.488,60.388
135.205,80.506,51.605,61.724
134.091,80.283,51.605,61.724
136.097,80.061,51.605,61.724
134.832,80.534,52.747,63.090
135.971,79.850,52.747,63.090
135.743,81.445,52.747,63.090
137.404,79.703,51.622,61.744
134.060,82.601,51.622,61.744
136.512,80.594,51.622,61.744
134.699,82.757,50.522,60.428
136.177,80.504,51.639,61.765
137.292,79.389,51.639,61.765
136.177,79.166,51.639,61.765
136.300,78.251,52.782,63.131
97.167,95.290,53.950,64.528
96.002,91.329,53.950,64.528
96.235,88.766,53.950,64.528
96.934,86.669,53.950,64.528
97.167,84.106,53.950,64.528
97.296,80.250,55.143,65.956
98.486,77.630,55.143,65.956
97.296,75.011,55.143,65.956
98.010,72.391,55.143,65.956
97.450,70.569,53.967,64.549
98.616,67.540,53.967,64.549
97.450,65.442,53.967,64.549
98.149,63.344,53.967,64.549
97.450,61.247,53.967,64.549
96.751,59.149,53.967,64.549
95.120,58.450,53.967,64.549
93.954,56.818,53.967,64.549
92.323,55.653,53.967,64.549
90.225,54.488,53.967,64.549
87.661,53.789,53.967,64.549
84.632,53.089,53.967,64.549
82.534,52.390,53.967,64.549
81.835,50.293,53.967,64.549
81.136,49.127,53.967,64.549
81.835,49.360,53.967,64.549
81.136,47.729,53.967,64.549
81.835,49.360,53.967,64.549
81.602,48.661,53.967,64.549
80.902,50.293,53.967,64.549
81.602,51.924,53.967,64.549
79.970,53.089,53.967,64.549
80.669,55.187,53.967,64.549
79.038,57.285,53.967,64.549
79.737,56.119,53.967,64.549
78.106,59.149,53.967,64.549
78.339,60.314,53.967,64.549
76.707,59.615,53.967,64.549
74.418,62.528,55.161,65.977
74.656,63.243,55.161,65.977
72.035,65.863,55.161,65.977
72.274,68.484,55.161,65.977
71.254,70.335,53.985,64.570
71.488,71.967,53.985,64.570
71.721,74.532,53.985,64.570
70.089,76.630,53.985,64.570
70.788,78.729,53.985,64.570
69.622,80.361,53.985,64.570
70.788,81.060,53.985,64.570
71.021,82.692,53.985,64.570
72.187,80.128,53.985,64.570
73.283,78.204,55.179,65.999
74.951,75.106,55.179,65.999
76.619,72.008,55.179,65.999
79.717,69.547,56.400,67.459
82.884,66.868,56.400,67.459
85.076,64.188,56.400,67.459
87.232,62.684,57.648,68.952
88.919,59.080,58.924,70.477
92.227,56.790,58.924,70.477
92.895,54.690,60.227,72.037
93.578,54.163,61.560,73.630
93.725,53.624,62.922,75.259
95.083,51.722,62.922,75.259
96.442,51.994,62.922,75.259
96.714,50.635,62.922,75.259
95.899,49.820,62.922,75.259
96.308,48.789,61.580,73.655
96.042,48.523,61.580,73.655
96.308,46.661,61.580,73.655
94.978,45.864,61.580,73.655
95.244,44.534,61.580,73.655
94.446,42.140,61.580,73.655
94.180,40.811,61.580,73.655
94.978,38.949,61.580,73.655
94.180,37.619,61.580,73.655
94.068,36.610,60.267,72.084
92.766,35.830,60.267,72.084
92.656,35.846,58.982,70.547
91.892,35.081,58.982,70.547
90.619,35.846,58.982,70.547
88.836,34.572,58.982,70.547
87.562,34.317,58.982,70.547
85.779,34.063,58.982,70.547
84.505,33.808,58.982,70.547
82.213,32.534,58.982,70.547
80.939,31.261,58.982,70.547
80.175,29.987,58.982,70.547
77.882,29.223,58.982,70.547
78.137,26.930,58.982,70.547
75.845,24.638,58.982,70.547
76.609,22.345,58.982,70.547
74.316,19.543,58.982,70.547
74.457,16.913,60.287,72.107
71.593,15.090,60.287,72.107
72.374,14.309,60.287,72.107
68.989,15.611,60.287,72.107
71.332,13.268,60.287,72.107
67.948,15.611,60.287,72.107
70.291,13.789,60.287,72.107
67.427,15.090,60.287,72.107
69.770,16.913,60.287,72.107
68.989,16.653,60.287,72.107
70.887,20.182,59.001,70.570
69.797,22.654,57.743,69.065
71.044,25.895,57.743,69.065
71.792,29.137,57.743,69.065
72.540,30.883,57.743,69.065
73.787,34.125,57.743,69.065
75.034,36.868,57.743,69.065
76.280,40.110,57.743,69.065
77.028,40.858,57.743,69.065
77.777,43.601,57.743,69.065
78.525,44.349,57.743,69.065
80.270,44.100,57.743,69.065
81.517,44.349,57.743,69.065
83.762,45.097,57.743,69.065
85.579,45.112,56.511,67.592
88.752,44.380,56.511,67.592
91.001,43.454,55.306,66.151
92.673,41.782,55.306,66.151
95.778,40.588,55.306,66.151
98.405,38.916,55.306,66.151
100.555,38.200,55.306,66.151
102.756,37.293,54.127,64.740
105.327,35.657,54.127,64.740
108.366,34.956,54.127,64.740
110.938,33.787,54.127,64.740
113.041,32.618,54.127,64.740
115.145,31.917,54.127,64.740
117.717,32.151,54.127,64.740
119.353,30.514,54.127,64.740
121.924,30.748,54.127,64.740
123.560,30.982,54.127,64.740
125.197,31.216,54.127,64.740
127.768,29.579,54.127,64.740
129.872,31.216,54.127,64.740
131.976,30.982,54.127,64.740
134.079,32.618,54.127,64.740
136.183,31.449,54.127,64.740
138.287,33.086,54.127,64.740
140.391,32.852,54.127,64.740
142.495,32.151,54.127,64.740
143.748,31.264,52.973,63.359
145.415,34.365,51.843,62.008
147.878,33.246,51.843,62.008
149.078,35.417,50.737,60.686
151.927,36.075,50.737,60.686
153.460,38.047,50.737,60.686
154.118,39.581,50.737,60.686
155.292,40.861,49.655,59.392
155.615,42.115,48.596,58.125
157.084,43.164,48.596,58.125
158.553,44.213,48.596,58.125
158.465,46.249,47.560,56.886
161.135,47.687,47.560,56.886
162.573,49.535,47.560,56.886
164.010,50.973,47.560,56.886
163.394,52.822,47.560,56.886
164.832,54.670,47.560,56.886
163.805,56.519,47.560,56.886
165.243,57.957,47.560,56.886
166.270,60.216,47.560,56.886
165.243,61.243,47.560,56.886
165.859,62.270,47.560,56.886
164.421,63.297,47.560,56.886
164.216,63.913,47.560,56.886
162.778,64.940,47.560,56.886
160.929,65.146,47.560,56.886
159.492,63.297,47.560,56.886
159.286,63.092,47.560,56.886
157.438,61.654,47.560,56.886
157.232,61.448,47.560,56.886
155.794,60.421,47.560,56.886
154.768,59.394,47.560,56.886
153.741,59.600,47.560,56.886
152.303,59.805,47.560,56.886
150.865,60.011,47.560,56.886
147.784,60.627,47.560,56.886
144.914,58.932,48.612,58.144
142.185,59.982,48.612,58.144
139.875,60.612,48.612,58.144
136.506,59.751,49.688,59.431
133.716,59.965,49.688,59.431
131.356,60.609,49.688,59.431
127.279,61.253,49.688,59.431
123.631,62.326,49.688,59.431
119.742,61.891,50.787,60.746
115.766,64.177,51.911,62.090
112.852,64.401,51.911,62.090
109.489,64.625,51.911,62.090
106.575,66.195,51.911,62.090
104.557,65.522,51.911,62.090
102.091,67.091,51.911,62.090
99.177,68.212,51.911,62.090
97.607,69.782,51.911,62.090
96.038,71.799,51.911,62.090
94.020,73.369,51.911,62.090
92.003,73.593,51.911,62.090
90.433,75.162,51.911,62.090
88.416,75.386,51.911,62.090
87.144,75.397,53.059,63.463
85.998,76.085,53.059,63.463
85.769,75.856,53.059,63.463
86.456,78.376,53.059,63.463
86.685,80.439,53.059,63.463
87.287,82.827,54.233,64.867
87.416,86.240,55.433,66.303
87.177,90.789,55.433,66.303
87.895,94.859,55.433,66.303
88.524,98.348,56.660,67.769
89.166,102.929,57.913,69.269
88.416,107.681,57.913,69.269
89.591,113.921,59.195,70.801
86.550,118.177,60.504,72.368
88.379,121.052,60.504,72.368
88.640,123.926,60.504,72.368
89.424,126.278,60.504,72.368
87.595,129.675,60.504,72.368
88.281,131.314,61.843,73.969
87.138,131.330,60.524,72.392
87.825,130.258,61.863,73.993
88.092,127.854,61.863,73.993
86.756,124.915,61.863,73.993
85.240,121.047,63.232,75.630
83.124,115.961,64.631,77.304
82.119,107.866,66.061,79.014
80.693,96.739,66.061,79.014
82.119,89.036,66.061,79.014
81.999,83.004,64.652,77.329
82.419,78.716,63.274,75.680
82.304,75.045,61.924,74.066
83.106,70.499,61.924,74.066
82.304,67.022,61.924,74.066
83.106,63.546,61.924,74.066
84.540,62.015,60.604,72.487
87.456,61.022,59.311,70.941
90.311,60.544,58.046,69.428
93.068,58.790,58.046,69.428
96.327,57.536,58.046,69.428
99.586,58.790,58.046,69.428
102.343,57.536,58.046,69.428
106.104,59.291,58.046,69.428
108.861,60.043,58.046,69.428
111.619,60.294,58.046,69.428
113.373,61.547,58.046,69.428
116.131,62.299,58.046,69.428
118.387,62.550,58.046,69.428
120.142,63.803,58.046,69.428
121.395,62.550,58.046,69.428
122.649,63.302,58.046,69.428
120.894,62.550,58.046,69.428
121.145,62.299,58.046,69.428
119.390,61.547,58.046,69.428
118.638,62.299,58.046,69.428
116.883,61.547,58.046,69.428
115.128,62.299,58.046,69.428
113.373,62.049,58.046,69.428
111.117,62.299,58.046,69.428
108.360,63.051,58.046,69.428
106.104,62.299,58.046,69.428
103.346,63.051,58.046,69.428
100.589,62.801,58.046,69.428
97.330,63.051,58.046,69.428
95.575,64.806,58.046,69.428
92.817,66.059,58.046,69.428
90.561,67.313,58.046,69.428
87.804,69.569,58.046,69.428
86.550,70.822,58.046,69.428
84.795,71.575,58.046,69.428
84.043,73.329,58.046,69.428
83.291,74.081,58.046,69.428
82.539,75.335,58.046,69.428
80.785,78.092,58.046,69.428
81.035,79.346,58.046,69.428
80.785,82.605,58.046,69.428
80.534,86.365,58.046,69.428
79.782,89.624,58.046,69.428
81.537,92.381,58.046,69.428
82.790,96.142,58.046,69.428
84.043,100.403,58.046,69.428
83.661,103.016,59.331,70.964
83.918,100.198,59.331,70.964
85.711,96.354,59.331,70.964
86.992,96.610,59.331,70.964
88.860,95.144,58.065,69.451
90.687,96.610,56.827,67.970
90.584,98.044,55.615,66.520
94.186,97.596,54.429,65.102
93.634,98.970,53.269,63.713
95.754,99.428,52.133,62.355
97.395,101.178,51.021,61.025
97.727,102.041,49.933,59.724
99.667,103.981,49.933,59.724
102.039,105.491,49.933,59.724
105.290,107.291,51.038,61.045
108.597,103.985,51.038,61.045
106.613,100.238,51.038,61.045
107.274,96.932,51.038,61.045
107.935,93.626,51.038,61.045
108.597,89.878,51.038,61.045
107.054,87.454,51.038,61.045
106.833,85.029,51.038,61.045
104.409,82.605,51.038,61.045
103.747,79.739,51.038,61.045
101.323,77.756,51.038,61.045
99.780,75.772,51.038,61.045
97.355,74.670,51.038,61.045
95.813,73.127,51.038,61.045
93.388,72.025,51.038,61.045
92.286,70.041,51.038,61.045
91.184,68.498,51.038,61.045
90.963,66.074,51.038,61.045
90.743,64.531,51.038,61.045
90.963,62.106,51.038,61.045
91.625,60.122,51.038,61.045
90.963,58.139,51.038,61.045
91.625,57.478,51.038,61.045
91.845,58.139,51.038,61.045
92.947,58.800,51.038,61.045
94.490,59.461,51.038,61.045
96.474,60.563,51.038,61.045
99.339,59.020,51.038,61.045
100.882,59.682,51.038,61.045
101.984,58.580,51.038,61.045
103.086,57.918,51.038,61.045
104.188,58.580,51.038,61.045
105.731,57.478,51.038,61.045
106.833,57.257,51.038,61.045
108.817,57.918,51.038,61.045
110.801,56.375,51.038,61.045
112.785,57.478,51.038,61.045
113.887,56.375,51.038,61.045
115.430,58.359,51.038,61.045
116.532,58.580,51.038,61.045
117.193,57.918,51.038,61.045
118.736,59.461,51.038,61.045
120.279,60.123,51.038,61.045
121.772,59.219,52.167,62.396
123.800,58.993,52.167,62.396
124.926,58.768,52.167,62.396
125.602,57.641,52.167,62.396
125.827,57.416,52.167,62.396
126.053,56.740,52.167,62.396
126.729,57.416,52.167,62.396
126.954,55.839,52.167,62.396
128.531,56.515,52.167,62.396
128.306,56.290,52.167,62.396
130.333,56.966,52.167,62.396
129.657,57.191,52.167,62.396
131.734,56.770,51.054,61.065
130.190,57.873,51.054,61.065
132.616,57.652,51.054,61.065
131.072,59.196,51.054,61.065
133.498,60.739,51.054,61.065
131.513,62.724,51.054,61.065
133.057,65.590,51.054,61.065
131.954,70.220,51.054,61.065
131.734,74.409,51.054,61.065
129.749,78.599,51.054,61.065
126.883,81.906,51.054,61.065
128.490,84.895,49.966,59.763
127.411,87.700,49.966,59.763
129.785,89.210,49.966,59.763
124.978,91.460,51.071,61.085
104.505,98.793,52.201,62.437
105.565,99.740,53.356,63.818
107.639,99.970,53.356,63.818
103.940,100.938,54.536,65.230
105.589,100.231,54.536,65.230
101.114,100.466,54.536,65.230
102.710,99.989,55.743,66.673
103.342,99.501,56.976,68.148
100.414,96.450,58.237,69.656
100.553,93.331,59.526,71.197
99.268,89.989,59.526,71.197
101.067,87.161,59.526,71.197
99.268,85.362,59.526,71.197
104.152,80.991,59.526,71.197
116.234,73.022,59.526,71.197
120.090,70.560,58.256,69.679
120.845,66.283,58.256,69.679
121.600,62.509,58.256,69.679
121.008,60.585,57.014,68.193
119.480,58.227,55.798,66.739
120.203,56.058,55.798,66.739
117.779,55.144,54.608,65.315
115.185,54.908,54.608,65.315
113.062,53.729,54.608,65.315
110.468,53.021,54.608,65.315
108.095,52.581,53.444,63.923
106.018,52.350,53.444,63.923
103.017,50.735,53.444,63.923
99.555,50.966,53.444,63.923
96.555,50.273,53.444,63.923
93.554,49.119,53.444,63.923
90.554,48.427,53.444,63.923
88.015,48.196,53.444,63.923
85.476,47.965,53.444,63.923
82.476,50.042,53.444,63.923
79.475,48.888,53.444,63.923
76.475,50.504,53.444,63.923
73.936,50.273,53.444,63.923
71.859,50.504,53.444,63.923
69.320,51.658,53.444,63.923
67.243,51.427,53.444,63.923
67.145,51.886,52.304,62.559
66.614,53.207,51.188,61.225
65.067,52.986,51.188,61.225
64.404,53.207,51.188,61.225
64.182,54.312,51.188,61.225
63.961,54.533,51.188,61.225
65.067,53.870,51.188,61.225
67.056,54.091,51.188,61.225
69.930,54.754,51.188,61.225
73.688,55.859,51.188,61.225
77.004,57.407,51.188,61.225
81.205,58.070,51.188,61.225
84.521,60.502,51.188,61.225
87.837,61.165,51.188,61.225
91.595,62.712,51.188,61.225
95.353,63.376,51.188,61.225
99.995,64.923,51.188,61.225
103.328,63.558,52.321,62.580
107.169,65.139,52.321,62.580
111.462,66.269,52.321,62.580
114.852,64.688,52.321,62.580
118.693,65.365,52.321,62.580
122.534,64.236,52.321,62.580
125.924,64.913,52.321,62.580
129.765,66.043,52.321,62.580
133.606,67.173,52.321,62.580
136.996,67.851,52.321,62.580
141.691,67.865,51.205,61.245
145.009,69.413,51.205,61.245
147.441,70.518,51.205,61.245
149.431,72.066,51.205,61.245
150.537,73.172,51.205,61.245
153.428,76.170,50.113,59.939
155.375,79.416,50.113,59.939
159.456,83.601,49.045,58.661
161.786,88.049,49.045,58.661
164.554,92.145,47.999,57.410
166.065,95.355,46.975,56.186
166.762,98.887,45.973,54.988
167.443,103.109,44.993,53.815
167.249,107.579,44.993,53.815
167.443,112.436,44.993,53.815
168.026,117.294,44.993,53.815
167.443,121.763,44.993,53.815
167.249,125.844,44.993,53.815
167.832,131.479,44.993,53.815
169.192,137.502,44.993,53.815
170.552,142.360,44.993,53.815
170.746,147.218,44.993,53.815
170.854,150.856,45.988,55.006
168.078,154.987,47.006,56.223
167.769,158.788,48.046,57.467
164.656,161.900,48.046,57.467
162.789,164.183,48.046,57.467
161.612,162.901,49.109,58.738
163.929,161.151,50.195,60.038
165.509,158.239,49.125,58.757
166.145,155.905,49.125,58.757
168.055,158.239,49.125,58.757
164.448,156.330,49.125,58.757
166.357,156.966,49.125,58.757
169.540,155.481,49.125,58.757
173.995,151.450,49.125,58.757
178.074,149.259,50.212,60.057
179.993,147.020,51.323,61.386
178.276,143.352,52.458,62.744
188.923,83.316,52.458,62.744
187.338,86.714,52.458,62.744
188.923,84.222,52.458,62.744
187.791,82.183,52.458,62.744
189.326,80.314,53.619,64.133
190.414,81.766,54.805,65.551
147.574,92.417,54.805,65.551
143.551,89.340,54.805,65.551
143.314,87.210,54.805,65.551
141.480,83.784,56.018,67.002
139.302,82.574,56.018,67.002
136.157,81.365,56.018,67.002
132.529,83.542,56.018,67.002
129.384,84.268,56.018,67.002
125.271,85.961,56.018,67.002
120.674,88.138,56.018,67.002
117.045,89.348,56.018,67.002
113.900,88.622,56.018,67.002
109.601,90.969,54.823,65.573
106.997,89.785,54.823,65.573
103.702,91.169,53.654,64.175
100.226,90.010,53.654,64.175
97.214,91.169,53.654,64.175
93.989,90.737,52.510,62.806
90.833,90.313,51.390,61.467
87.504,88.316,51.390,61.467
86.982,87.902,50.294,60.156
87.634,86.816,50.294,60.156
86.705,85.992,49.222,58.873
85.795,88.054,48.172,57.618
88.114,87.665,47.145,56.389
87.503,85.833,47.145,56.389
86.892,87.665,47.145,56.389
88.725,86.240,47.145,56.389
88.638,86.253,46.139,55.186
88.439,87.647,46.139,55.186
89.037,85.854,46.139,55.186
90.489,84.714,45.155,54.009
90.783,83.974,44.193,52.858
91.070,84.722,43.250,51.731
92.004,82.667,43.250,51.731
90.125,83.399,42.328,50.627
91.770,82.119,42.328,50.627
90.125,83.399,42.328,50.627
91.404,81.388,42.328,50.627
89.608,81.776,43.264,51.747
90.169,80.095,43.264,51.747
88.861,80.655,43.264,51.747
89.739,77.563,44.222,52.892
88.021,76.990,44.222,52.892
87.448,76.035,44.222,52.892
87.639,75.080,44.222,52.892
87.066,74.125,44.222,52.892
86.493,72.788,44.222,52.892
86.684,71.833,44.222,52.892
86.111,71.260,44.222,52.892
85.156,71.451,44.222,52.892
85.729,70.878,44.222,52.892
83.456,71.284,45.200,54.063
84.823,69.137,45.200,54.063
81.690,71.171,46.200,55.259
77.500,74.563,46.200,55.259
78.897,75.162,46.200,55.259
81.091,72.967,46.200,55.259
82.089,73.965,46.200,55.259
83.885,72.967,46.200,55.259
86.479,74.364,46.200,55.259
89.471,72.568,46.200,55.259
94.549,68.438,47.222,56.481
97.201,64.639,48.267,57.731
99.046,62.919,49.335,59.008
100.963,60.575,49.335,59.008
102.407,57.933,50.426,60.314
102.075,55.232,51.542,61.648
103.188,52.339,51.542,61.648
103.311,49.578,52.682,63.012
103.083,47.076,52.682,63.012
104.221,44.118,52.682,63.012
103.993,42.525,52.682,63.012
105.586,41.843,52.682,63.012
105.813,41.615,52.682,63.012
106.951,40.478,52.682,63.012
108.089,39.795,52.682,63.012
109.681,40.023,52.682,63.012
109.909,38.885,52.682,63.012
111.956,39.568,52.682,63.012
113.094,39.340,52.682,63.012
114.687,39.568,52.682,63.012
115.369,39.340,52.682,63.012
116.962,38.657,52.682,63.012
119.009,38.885,52.682,63.012
120.602,39.113,52.682,63.012
121.740,38.430,52.682,63.012
122.877,39.568,52.682,63.012
124.925,40.705,52.682,63.012
126.973,41.843,52.682,63.012
128.565,43.890,52.682,63.012
130.158,45.028,52.682,63.012
133.116,43.435,52.682,63.012
133.343,44.573,52.682,63.012
130.840,44.800,52.682,63.012
130.158,45.028,52.682,63.012
128.565,43.890,52.682,63.012
126.063,45.938,52.682,63.012
124.470,46.621,52.682,63.012
122.422,46.848,52.682,63.012
120.830,47.531,52.682,63.012
119.692,46.848,52.682,63.012
117.644,47.986,52.682,63.012
115.597,48.213,52.682,63.012
114.004,47.986,52.682,63.012
112.411,50.033,52.682,63.012
109.454,48.896,52.682,63.012
106.041,51.853,52.682,63.012
103.083,53.901,52.682,63.012
100.126,56.404,52.682,63.012
97.168,57.996,52.682,63.012
94.210,60.044,52.682,63.012
92.447,61.472,53.848,64.406
90.162,61.483,55.039,65.831
88.023,63.622,55.039,65.831
86.359,63.860,55.039,65.831
85.646,65.524,55.039,65.831
84.458,68.138,55.039,65.831
82.616,69.136,56.257,67.288
80.915,71.809,56.257,67.288
80.812,75.102,55.057,65.853
81.526,76.767,55.057,65.853
79.861,79.382,55.057,65.853
81.472,80.874,56.276,67.310
79.285,82.575,56.276,67.310
81.958,84.763,56.276,67.310
82.202,84.519,56.276,67.310
83.903,84.276,56.276,67.310
84.632,85.006,56.276,67.310
85.774,84.009,57.521,68.799
86.520,85.251,57.521,68.799
87.265,85.499,57.521,68.799
88.596,85.036,56.294,67.332
89.812,84.793,56.294,67.332
91.028,85.522,56.294,67.332
92.243,84.306,56.294,67.332
92.973,84.063,56.294,67.332
93.702,82.848,56.294,67.332
94.431,81.632,56.294,67.332
95.161,82.361,56.294,67.332
96.376,80.660,56.294,67.332
96.133,78.472,56.294,67.332
97.835,76.770,56.294,67.332
98.201,75.379,55.094,65.896
98.439,73.237,55.094,65.896
99.152,71.096,55.094,65.896
98.915,68.479,55.094,65.896
99.152,66.813,55.094,65.896
100.342,66.099,55.094,65.896
102.008,64.910,55.094,65.896
104.149,66.099,55.094,65.896
106.290,66.337,55.094,65.896
108.908,68.003,55.094,65.896
110.573,69.668,55.094,65.896
112.239,70.382,55.094,65.896
114.380,71.096,55.094,65.896
115.570,71.810,55.094,65.896
115.332,72.524,55.094,65.896
116.997,72.761,55.094,65.896
116.759,72.999,55.094,65.896
116.997,73.237,55.094,65.896
117.711,72.524,55.094,65.896
117.473,72.761,55.094,65.896
118.187,73.475,55.094,65.896
120.380,76.242,53.919,64.491
123.873,78.338,53.919,64.491
127.365,79.502,53.919,64.491
132.255,82.063,53.919,64.491
137.145,85.090,53.919,64.491
141.570,88.118,53.919,64.491
145.063,91.610,53.919,64.491
149.953,94.172,53.919,64.491
156.705,96.733,53.919,64.491
162.061,99.295,53.919,64.491
166.485,100.925,53.919,64.491
171.375,102.555,53.919,64.491
174.868,104.185,53.919,64.491
177.895,106.280,53.919,64.491
181.388,106.513,53.919,64.491
183.950,108.143,53.919,64.491
181.854,111.170,53.919,64.491
184.000,110.287,52.769,63.116
183.904,112.058,51.644,61.770
182.789,113.173,51.644,61.770
183.904,111.166,51.644,61.770
181.896,112.281,51.644,61.770
180.781,113.396,51.644,61.770
182.789,110.943,51.644,61.770
179.889,113.396,51.644,61.770
181.896,110.497,51.644,61.770
178.551,112.504,51.644,61.770
174.759,114.512,51.644,61.770
170.254,115.911,52.786,63.136
173.218,113.403,52.786,63.136
169.606,116.493,51.660,61.790
171.168,118.501,51.660,61.790
173.176,116.493,51.660,61.790
169.829,118.501,51.660,61.790
173.175,115.935,50.559,60.472
176.887,114.406,50.559,60.472
174.270,117.366,49.481,59.183
177.935,114.716,50.575,60.492
175.095,117.119,50.575,60.492
177.498,115.153,50.575,60.492
174.879,117.692,49.497,59.202
177.658,116.624,49.497,59.202
175.095,119.109,48.441,57.940
172.794,118.063,48.441,57.940
177.187,116.599,48.441,57.940
174.049,118.900,48.441,57.940
177.606,117.854,48.441,57.940
175.501,119.883,47.408,56.704
176.934,118.041,47.408,56.704
173.863,120.702,47.408,56.704
175.706,118.860,47.408,56.704
177.958,119.474,47.408,56.704
180.239,119.092,46.397,55.495
178.035,120.895,46.397,55.495
177.434,118.691,46.397,55.495
175.230,121.296,46.397,55.495
177.835,119.492,46.397,55.495
176.032,121.296,46.397,55.495
177.878,119.763,45.408,54.311
178.551,121.665,44.440,53.153
179.580,120.567,43.492,52.020
179.139,122.389,42.564,50.910
179.690,122.573,42.564,50.910
180.242,120.919,42.564,50.910
178.587,122.573,42.564,50.910
179.927,121.876,41.657,49.825
180.467,123.495,41.657,49.825
179.207,122.595,41.657,49.825
179.747,123.855,41.657,49.825
180.287,123.315,41.657,49.825
179.387,122.775,41.657,49.825
180.287,124.394,41.657,49.825
180.107,122.415,41.657,49.825
