32.000,60.000,68.000,78.000
37.457,60.862,68.000,78.000
40.617,66.894,68.000,78.000
46.649,72.351,68.000,78.000
56.128,77.808,68.000,78.000
63.883,79.819,68.000,78.000
75.405,82.035,66.550,76.337
84.682,83.441,66.550,76.337
92.834,86.533,66.550,76.337
102.673,90.749,66.550,76.337
112.511,93.279,66.550,76.337
117.852,89.625,66.550,76.337
125.336,89.084,65.131,74.709
131.113,85.508,65.131,74.709
136.846,83.387,63.742,73.116
143.038,79.887,63.742,73.116
150.206,77.812,62.382,71.556
155.739,74.387,62.382,71.556
166.310,72.356,61.052,70.030
179.978,72.614,61.052,70.030
197.256,73.387,61.052,70.030
212.987,72.614,61.052,70.030
230.781,73.387,61.052,70.030
245.481,71.582,61.052,70.030
262.288,73.075,59.750,68.537
277.278,74.535,58.476,67.075
287.899,72.312,58.476,67.075
297.038,70.089,58.476,67.075
299.755,67.372,58.476,67.075
299.014,67.619,58.476,67.075
293.333,68.854,58.476,67.075
280.242,70.089,58.476,67.075
267.151,66.384,58.476,67.075
254.553,65.149,58.476,67.075
240.474,62.432,58.476,67.075
236.275,67.125,58.476,67.075
219.726,70.336,58.476,67.075
208.117,74.041,58.476,67.075
196.508,79.228,58.476,67.075
184.898,80.463,58.476,67.075
168.619,99.510,57.229,65.645
161.608,101.202,57.229,65.645
153.148,101.928,57.229,65.645
145.603,103.327,56.009,64.245
143.474,94.573,56.009,64.245
139.452,97.175,56.009,64.245
134.957,96.466,56.009,64.245
129.673,94.528,57.248,65.667
126.530,93.319,57.248,65.667
123.870,91.142,57.248,65.667
124.112,91.384,57.248,65.667
128.706,91.626,57.248,65.667
136.686,92.835,57.248,65.667
149.019,92.593,57.248,65.667
164.253,91.384,57.248,65.667
181.906,88.724,57.248,65.667
199.558,85.581,57.248,65.667
215.760,83.888,57.248,65.667
233.896,83.646,57.248,65.667
251.065,82.437,57.248,65.667
264.494,82.438,56.027,64.266
280.824,80.308,56.027,64.266
293.840,76.758,56.027,64.266
304.489,73.208,56.027,64.266
313.246,69.185,56.027,64.266
316.322,65.635,56.027,64.266
317.421,61.732,57.266,65.688
313.793,63.909,57.266,65.688
307.387,65.441,58.534,67.141
294.170,70.085,59.829,68.627
281.787,78.931,59.829,68.627
263.339,83.732,59.829,68.627
244.385,86.512,59.829,68.627
223.010,89.161,61.152,70.145
200.626,91.869,62.505,71.697
178.294,94.089,63.888,73.284
155.469,86.839,65.302,74.905
132.711,81.145,66.747,76.562
111.204,75.326,68.223,78.256
91.015,68.779,69.733,79.988
69.158,63.922,71.276,81.757
48.986,64.223,71.276,81.757
26.406,68.739,71.276,81.757
10.449,75.663,71.276,81.757
-2.521,81.943,72.853,83.566
-5.291,85.944,72.853,83.566
-3.862,82.784,74.464,85.415
-2.918,79.953,74.464,85.415
0.542,73.348,74.464,85.415
9.034,61.081,74.464,85.415
14.381,62.025,74.464,85.415
20.329,63.239,72.876,83.594
21.253,63.547,72.876,83.594
20.945,74.936,72.876,83.594
26.207,78.802,74.489,85.443
42.684,91.241,76.137,87.333
50.184,92.611,77.821,89.266
55.772,91.624,77.821,89.266
60.709,90.978,79.543,91.241
67.092,86.610,79.543,91.241
86.400,87.907,77.847,89.295
101.197,91.524,77.847,89.295
119.100,94.289,79.569,91.271
137.585,95.297,79.569,91.271
156.743,96.305,79.569,91.271
180.606,97.314,79.569,91.271
202.453,101.011,79.569,91.271
228.333,103.363,79.569,91.271
247.490,101.683,79.569,91.271
272.698,102.691,79.569,91.271
297.843,104.636,77.872,89.324
317.379,103.369,76.212,87.419
335.257,102.750,74.587,85.555
348.174,99.284,74.587,85.555
354.791,93.929,74.587,85.555
357.626,89.833,74.587,85.555
356.681,86.367,74.587,85.555
353.845,82.272,74.587,85.555
348.117,75.768,76.237,87.448
333.576,68.453,77.924,89.383
314.615,63.708,79.648,91.360
299.422,61.650,81.410,93.382
286.035,60.974,83.211,95.448
279.644,60.282,85.052,97.560
272.367,56.594,86.934,99.718
265.691,57.396,88.857,101.924
260.424,59.773,90.823,104.180
263.877,73.968,90.823,104.180
258.122,76.653,90.823,104.180
244.670,72.957,88.886,101.958
227.774,66.574,88.886,101.958
210.266,67.299,86.991,99.784
194.465,68.402,86.991,99.784
179.400,68.034,86.991,99.784
170.056,71.577,85.136,97.656
174.731,74.095,85.136,97.656
187.318,72.297,85.136,97.656
200.927,73.082,87.019,99.816
217.468,78.595,87.019,99.816
235.756,84.974,85.164,97.688
247.412,89.136,83.348,95.604
252.034,88.459,81.570,93.566
255.228,89.789,79.831,91.570
255.104,91.740,78.128,89.618
252.438,94.286,76.462,87.706
248.584,97.400,74.832,85.836
241.946,100.245,74.832,85.836
236.955,99.028,73.236,84.006
232.668,97.836,71.674,82.214
227.521,92.690,71.674,82.214
226.826,86.855,70.145,80.461
237.569,84.000,68.650,78.745
251.438,82.883,67.186,77.066
265.010,82.337,65.753,75.422
284.183,82.874,64.351,73.814
296.659,81.303,62.978,72.240
305.969,77.312,62.978,72.240
311.024,69.066,62.978,72.240
313.950,57.627,62.978,72.240
315.904,54.551,61.635,70.699
312.519,55.853,61.635,70.699
307.572,60.279,61.635,70.699
303.146,70.953,61.635,70.699
299.241,84.751,61.635,70.699
296.898,102.715,61.635,70.699
292.165,108.146,62.999,72.264
290.302,111.605,62.999,72.264
284.911,105.560,64.393,73.862
272.672,94.952,64.393,73.862
259.260,83.694,65.818,75.497
246.706,75.648,67.274,77.167
235.054,69.782,68.762,78.874
226.759,65.595,70.284,80.619
230.602,59.467,71.839,82.403
235.789,59.500,73.428,84.226
232.998,57.329,73.428,84.226
220.901,59.500,73.428,84.226
193.380,69.187,75.053,86.090
177.091,76.457,76.713,87.995
170.527,82.544,78.410,89.941
176.158,84.200,78.410,89.941
189.075,85.194,78.410,89.941
192.056,86.850,78.410,89.941
194.374,88.506,78.410,89.941
190.731,92.149,78.410,89.941
196.361,90.493,78.410,89.941
202.654,86.850,78.410,89.941
204.973,81.219,78.410,89.941
208.044,77.390,76.738,88.023
216.672,72.392,75.102,86.146
222.671,63.832,73.500,84.309
218.368,60.242,71.933,82.511
215.328,59.658,70.399,80.752
224.963,64.245,68.898,79.030
232.711,64.246,67.428,77.344
236.983,67.379,67.428,77.344
236.128,70.512,67.428,77.344
234.135,73.645,67.428,77.344
233.850,77.348,67.428,77.344
238.122,74.215,67.428,77.344
242.964,72.221,67.428,77.344
255.781,70.797,67.428,77.344
272.016,71.651,67.428,77.344
278.657,69.318,68.920,79.056
283.633,66.329,70.445,80.805
283.780,63.274,72.004,82.592
270.677,64.569,73.597,84.420
256.639,64.603,75.225,86.288
251.521,65.297,76.889,88.197
249.660,68.028,78.591,90.148
253.268,71.508,80.329,92.143
243.578,67.320,82.107,94.181
232.235,69.517,83.923,96.265
214.756,72.498,85.780,98.395
195.387,75.544,87.678,100.572
178.721,78.877,87.678,100.572
164.278,86.655,87.678,100.572
158.722,93.692,87.678,100.572
152.426,99.247,87.678,100.572
153.537,102.580,87.678,100.572
159.113,97.584,85.808,98.427
169.460,91.297,83.978,96.328
176.852,85.144,82.187,94.274
182.078,73.769,80.435,92.263
187.848,64.601,78.720,90.296
210.160,57.551,77.041,88.370
224.469,52.534,75.398,86.486
232.333,50.693,73.790,84.641
239.429,54.300,72.216,82.836
241.564,57.655,72.216,82.836
236.379,60.400,72.216,82.836
223.918,65.106,70.676,81.070
223.022,76.152,70.676,81.070
217.947,82.421,70.676,81.070
206.304,88.093,70.676,81.070
201.826,91.974,70.676,81.070
197.348,96.452,70.676,81.070
185.108,99.139,70.676,81.070
186.601,94.661,70.676,81.070
192.323,89.118,72.240,82.864
204.224,81.490,72.240,82.864
227.110,70.810,72.240,82.864
232.297,64.402,72.240,82.864
238.705,67.758,72.240,82.864
242.062,73.556,72.240,82.864
245.418,79.964,72.240,82.864
248.735,87.595,73.838,84.697
254.661,94.769,73.838,84.697
252.477,96.952,73.838,84.697
244.056,91.026,73.838,84.697
231.892,93.209,73.838,84.697
227.569,98.622,72.264,82.891
219.807,102.742,70.723,81.123
216.818,106.198,69.215,79.393
213.018,108.830,69.215,79.393
215.728,109.958,67.739,77.700
217.731,110.244,67.739,77.700
222.595,107.669,67.739,77.700
228.032,100.516,67.739,77.700
231.751,91.646,67.739,77.700
230.321,81.631,67.739,77.700
228.890,68.755,67.739,77.700
225.743,62.747,67.739,77.700
222.595,59.027,67.739,77.700
212.581,57.596,67.739,77.700
200.277,57.883,67.739,77.700
199.419,51.874,67.739,77.700
198.561,43.576,67.739,77.700
192.552,46.151,67.739,77.700
186.543,51.015,67.739,77.700
182.251,53.018,67.739,77.700
178.532,55.594,67.739,77.700
177.101,57.596,67.739,77.700
173.953,53.877,67.739,77.700
168.517,58.741,67.739,77.700
170.067,55.433,66.294,76.043
163.626,59.073,66.294,76.043
179.028,55.433,66.294,76.043
171.467,57.953,66.294,76.043
158.241,59.726,67.761,77.726
155.092,56.006,67.761,77.726
163.393,50.567,67.761,77.726
179.135,46.274,67.761,77.726
193.732,40.836,67.761,77.726
172.838,57.723,67.761,77.726
185.146,65.451,67.761,77.726
199.386,78.142,66.316,76.068
237.762,57.694,66.316,76.068
265.494,61.335,66.316,76.068
271.445,61.947,67.783,77.751
269.684,60.844,66.337,76.093
274.447,65.608,66.337,76.093
279.746,61.287,64.923,74.470
277.531,61.289,63.538,72.882
271.895,64.778,63.538,72.882
268.686,67.034,64.944,74.495
263.698,69.341,66.381,76.143
257.810,71.304,66.381,76.143
246.314,71.584,66.381,76.143
235.939,72.425,66.381,76.143
228.368,76.631,66.381,76.143
223.270,80.734,67.850,77.828
225.196,84.928,69.351,79.549
232.635,90.431,70.885,81.310
246.451,90.463,72.454,83.108
252.878,93.829,72.454,83.108
259.305,92.299,72.454,83.108
256.551,86.484,72.454,83.108
252.572,81.894,72.454,83.108
249.818,76.079,72.454,83.108
246.158,68.492,74.057,84.947
243.343,63.174,74.057,84.947
239.276,59.107,74.057,84.947
222.554,54.597,75.695,86.827
197.501,56.622,77.370,88.748
172.571,61.405,79.082,90.711
162.216,65.079,79.082,90.711
159.878,71.426,79.082,90.711
181.590,71.760,79.082,90.711
239.979,53.082,80.831,92.718
284.706,57.520,80.831,92.718
304.168,53.764,80.831,92.718
301.095,49.326,80.831,92.718
272.756,45.570,80.831,92.718
244.417,50.009,80.831,92.718
213.413,64.215,82.620,94.770
194.917,79.920,82.620,94.770
188.984,88.644,82.620,94.770
193.521,91.785,82.620,94.770
200.850,93.530,82.620,94.770
215.158,89.691,82.620,94.770
228.071,79.571,82.620,94.770
238.889,63.866,82.620,94.770
242.797,61.849,80.858,92.749
228.792,65.430,82.647,94.801
215.177,81.139,82.647,94.801
208.544,89.169,82.647,94.801
211.686,95.802,82.647,94.801
222.325,101.187,80.884,92.779
233.600,104.945,80.884,92.779
268.107,107.337,80.884,92.779
302.614,98.112,80.884,92.779
332.785,83.624,79.159,90.801
340.476,65.902,79.159,90.801
314.060,56.874,79.159,90.801
284.970,61.221,79.159,90.801
265.911,64.899,79.159,90.801
233.477,67.908,79.159,90.801
197.700,74.261,79.159,90.801
169.278,81.952,79.159,90.801
146.875,88.974,79.159,90.801
142.528,95.327,79.159,90.801
154.231,106.361,79.159,90.801
177.292,109.172,80.911,92.810
171.788,112.755,82.701,94.863
185.008,100.471,84.531,96.962
201.789,95.115,84.531,96.962
195.005,89.759,84.531,96.962
181.794,82.261,84.531,96.962
165.012,77.619,84.531,96.962
148.945,82.261,84.531,96.962
140.018,86.902,84.531,96.962
144.660,88.688,84.531,96.962
160.014,83.332,84.531,96.962
142.408,74.480,86.401,99.107
