152.000,102.000,40.000,67.000
152.209,101.791,40.000,67.000
152.418,103.254,40.000,67.000
153.463,105.134,40.000,67.000
154.089,106.179,40.000,67.000
155.134,106.388,40.000,67.000
154.925,107.433,40.000,67.000
152.331,109.557,39.147,65.571
148.609,111.636,38.312,64.173
144.406,113.037,38.312,64.173
141.536,112.756,37.495,62.804
137.814,111.385,37.495,62.804
134.093,109.623,37.495,62.804
135.464,110.602,37.495,62.804
138.696,109.572,36.696,61.465
140.804,108.231,36.696,61.465
144.829,106.122,36.696,61.465
152.689,107.081,36.696,61.465
159.781,108.806,36.696,61.465
164.956,110.914,36.696,61.465
174.349,114.556,36.696,61.465
182.975,118.582,36.696,61.465
187.000,121.074,36.696,61.465
190.373,118.206,37.507,62.825
192.136,116.051,37.507,62.825
195.177,117.185,38.337,64.215
193.714,117.514,39.186,65.636
187.369,115.262,39.186,65.636
186.723,113.899,40.052,67.088
183.458,110.769,40.939,68.572
181.452,107.126,41.844,70.089
177.134,101.135,42.770,71.640
167.973,96.890,42.770,71.640
163.096,94.475,43.717,73.225
157.844,96.530,43.717,73.225
149.726,93.569,42.784,71.664
143.245,91.111,42.784,71.664
134.082,88.652,42.784,71.664
129.388,91.558,42.784,71.664
120.672,91.781,42.784,71.664
116.426,95.581,42.784,71.664
111.733,99.380,42.784,71.664
108.827,101.838,42.784,71.664
106.267,102.205,43.731,73.249
106.952,104.261,43.731,73.249
108.602,105.109,44.698,74.870
112.571,107.211,44.698,74.870
114.741,110.501,45.687,76.526
111.161,112.649,45.687,76.526
110.903,110.069,46.698,78.219
107.732,105.434,46.698,78.219
103.926,99.760,47.731,79.950
106.170,98.514,47.731,79.950
109.004,100.475,48.787,81.719
110.279,99.200,48.787,81.719
111.043,100.475,48.787,81.719
112.317,101.239,48.787,81.719
116.140,103.533,48.787,81.719
127.099,104.297,48.787,81.719
145.703,102.513,48.787,81.719
152.584,104.297,48.787,81.719
163.033,100.984,48.787,81.719
166.459,92.941,49.867,83.527
169.421,87.963,50.970,85.375
179.272,85.567,50.970,85.375
181.194,87.661,52.098,87.264
179.206,90.931,53.251,89.195
182.946,93.119,54.429,91.168
169.014,96.815,54.429,91.168
165.484,102.994,53.268,89.224
169.002,105.823,52.132,87.321
178.533,106.095,52.132,87.321
190.671,103.716,53.285,89.253
210.287,107.619,52.149,87.350
219.508,111.964,51.037,85.487
223.092,109.635,52.166,87.378
230.450,112.088,52.166,87.378
233.447,111.270,52.166,87.378
231.540,113.178,52.166,87.378
227.853,111.928,53.320,89.312
224.789,107.193,53.320,89.312
221.168,103.015,53.320,89.312
214.205,99.395,53.320,89.312
208.356,100.230,53.320,89.312
204.735,97.723,53.320,89.312
201.671,95.217,53.320,89.312
198.050,92.153,53.320,89.312
193.872,87.975,53.320,89.312
188.580,81.012,53.320,89.312
181.900,77.400,52.183,87.407
171.684,74.917,51.071,85.543
164.258,73.515,49.981,83.719
153.467,72.646,48.916,81.934
146.846,73.273,47.872,80.186
140.594,73.523,47.872,80.186
133.842,74.273,47.872,80.186
129.773,73.441,46.852,78.476
127.081,71.238,46.852,78.476
122.627,72.783,45.852,76.803
114.112,71.524,44.875,75.165
109.394,73.455,43.918,73.562
106.988,71.365,42.981,71.993
100.738,68.454,42.064,70.458
90.385,65.605,41.167,68.955
83.984,62.816,40.290,67.485
78.125,59.682,39.430,66.046
75.447,54.944,39.430,66.046
75.242,50.619,39.430,66.046
75.036,47.117,39.430,66.046
71.122,44.440,39.430,66.046
68.856,41.762,39.430,66.046
71.198,37.399,40.303,67.507
65.743,39.539,39.443,66.068
61.993,37.662,38.602,64.659
64.154,40.878,37.779,63.280
67.030,43.264,36.973,61.930
73.567,46.345,36.185,60.610
80.330,45.716,35.413,59.317
87.304,47.953,34.658,58.052
91.687,45.605,33.919,56.814
99.392,46.382,33.196,55.603
108.604,48.479,32.488,54.417
118.617,50.006,32.488,54.417
128.998,51.341,33.206,55.621
138.885,50.474,33.206,55.621
149.119,52.382,33.206,55.621
157.966,54.290,33.206,55.621
168.576,61.773,33.941,56.851
176.554,63.723,33.941,56.851
184.178,64.964,33.941,56.851
190.977,66.359,34.692,58.109
196.957,65.453,34.692,58.109
195.688,62.735,34.692,58.109
193.236,57.391,35.460,59.395
183.427,47.702,36.244,60.709
171.121,38.046,36.244,60.709
162.223,31.041,36.244,60.709
152.567,30.473,36.244,60.709
145.941,35.585,36.244,60.709
143.101,43.347,36.244,60.709
141.775,46.566,36.244,60.709
139.314,49.027,36.244,60.709
136.474,51.867,36.244,60.709
129.848,55.086,36.244,60.709
123.221,53.761,36.244,60.709
114.702,52.057,36.244,60.709
109.968,50.731,36.244,60.709
102.143,49.371,35.471,59.414
94.546,46.221,35.471,59.414
88.061,44.554,35.471,59.414
79.787,43.704,36.256,60.729
70.151,45.980,37.058,62.073
62.988,43.076,37.058,62.073
53.890,42.108,37.058,62.073
50.986,41.527,37.058,62.073
46.921,40.172,37.058,62.073
43.630,37.269,37.058,62.073
41.501,32.816,37.058,62.073
46.561,29.187,36.268,60.749
53.949,25.966,36.268,60.749
59.822,24.261,36.268,60.749
67.211,25.587,36.268,60.749
71.189,25.019,36.268,60.749
77.062,26.724,36.268,60.749
85.301,30.476,35.495,59.453
89.195,32.145,35.495,59.453
95.313,34.926,35.495,59.453
98.836,37.336,35.495,59.453
120.565,11.479,36.280,60.769
125.682,14.700,36.280,60.769
129.662,16.785,36.280,60.769
138.895,18.669,37.083,62.113
148.734,23.408,37.903,63.488
162.792,33.110,37.903,63.488
155.466,7.173,37.903,63.488
163.469,8.319,38.742,64.892
168.289,8.231,39.599,66.328
173.216,11.146,40.475,67.795
158.628,14.740,40.475,67.795
156.302,12.837,40.475,67.795
154.399,14.740,40.475,67.795
151.977,15.087,41.370,69.295
150.032,15.735,41.370,69.295
147.655,12.493,41.370,69.295
152.054,10.108,40.488,67.818
152.266,12.434,40.488,67.818
155.861,14.761,40.488,67.818
148.882,17.087,40.488,67.818
141.771,20.053,39.625,66.371
151.499,9.910,39.625,66.371
153.776,8.048,39.625,66.371
151.913,10.324,39.625,66.371
149.222,11.773,39.625,66.371
156.053,8.254,39.625,66.371
157.502,8.461,39.625,66.371
165.009,5.365,40.501,67.840
160.989,8.115,40.501,67.840
156.123,10.443,40.501,67.840
153.796,12.347,40.501,67.840
152.315,13.828,40.501,67.840
149.142,15.732,40.501,67.840
145.968,17.213,40.501,67.840
148.295,14.462,40.501,67.840
152.738,12.135,40.501,67.840
157.452,10.208,39.638,66.393
155.589,12.071,39.638,66.393
159.404,9.785,38.792,64.977
157.581,11.609,38.792,64.977
160.620,8.975,38.792,64.977
159.140,10.989,39.651,66.415
156.861,12.853,39.651,66.415
159.140,9.746,39.651,66.415
161.832,10.368,39.651,66.415
169.910,6.432,39.651,66.415
165.389,8.491,40.528,67.884
166.478,8.399,41.425,69.386
159.509,9.652,42.341,70.922
163.711,7.662,42.341,70.922
167.029,8.325,42.341,70.922
165.923,8.989,42.341,70.922
165.259,9.652,42.341,70.922
164.154,9.873,42.341,70.922
177.683,9.318,43.278,72.491
177.491,12.052,42.355,70.945
173.464,16.008,41.452,69.432
162.421,18.389,41.452,69.432
172.598,9.079,41.452,69.432
167.822,6.688,40.568,67.951
163.796,8.596,40.568,67.951
158.290,10.262,41.465,69.455
146.371,14.663,42.383,70.991
132.866,18.869,42.383,70.991
123.346,20.862,42.383,70.991
112.055,23.297,42.383,70.991
103.863,25.289,42.383,70.991
99.657,26.839,42.383,70.991
104.306,28.389,42.383,70.991
109.120,28.752,43.321,72.562
117.040,24.905,43.321,72.562
110.025,24.679,43.321,72.562
118.851,24.905,43.321,72.562
127.676,23.321,43.321,72.562
140.575,19.927,43.321,72.562
155.284,14.269,43.321,72.562
164.562,10.422,43.321,72.562
169.952,9.855,44.279,74.167
172.959,7.773,44.279,74.167
174.115,5.691,44.279,74.167
171.108,7.310,44.279,74.167
171.802,7.542,44.279,74.167
169.258,6.385,44.279,74.167
168.564,8.004,44.279,74.167
167.870,5.922,44.279,74.167
168.564,6.616,44.279,74.167
167.921,4.509,43.335,72.586
165.884,6.094,43.335,72.586
166.110,3.151,43.335,72.586
167.695,1.113,43.335,72.586
164.752,2.698,43.335,72.586
163.620,3.830,43.335,72.586
164.785,1.383,44.294,74.192
164.554,3.003,44.294,74.192
165.711,0.457,44.294,74.192
165.068,2.810,43.349,72.610
163.483,3.942,43.349,72.610
167.332,1.451,43.349,72.610
166.200,3.942,43.349,72.610
170.049,1.904,43.349,72.610
168.917,3.942,43.349,72.610
167.785,5.527,43.349,72.610
171.182,3.489,43.349,72.610
