146.000,54.000,68.000,101.000
146.993,54.993,68.000,101.000
146.662,55.324,68.000,101.000
147.655,54.331,68.000,101.000
149.973,54.000,68.000,101.000
151.629,54.993,68.000,101.000
152.622,54.662,68.000,101.000
152.900,53.888,69.505,103.235
155.946,52.873,69.505,103.235
158.315,53.212,69.505,103.235
158.653,51.519,69.505,103.235
159.668,51.181,69.505,103.235
159.330,54.904,69.505,103.235
159.668,54.565,69.505,103.235
162.714,54.227,69.505,103.235
169.000,57.611,68.022,101.033
173.875,61.561,66.572,98.879
176.772,61.053,65.152,96.770
182.665,63.002,63.763,94.706
187.235,61.319,62.403,92.687
187.539,57.977,62.403,92.687
190.840,55.744,61.072,90.710
194.643,56.424,59.770,88.776
195.000,58.213,58.495,86.883
197.564,62.485,58.495,86.883
199.011,66.431,57.248,85.030
197.741,69.218,56.027,83.216
195.831,71.128,56.027,83.216
196.166,72.804,54.832,81.442
193.229,74.672,54.832,81.442
189.758,76.007,54.832,81.442
186.287,72.537,54.832,81.442
182.283,71.202,54.832,81.442
178.278,69.333,54.832,81.442
173.740,67.998,54.832,81.442
168.133,67.731,54.832,81.442
163.061,66.396,54.832,81.442
160.124,68.799,54.832,81.442
155.585,67.464,54.832,81.442
154.785,66.663,54.832,81.442
153.984,65.862,54.832,81.442
154.785,65.061,54.832,81.442
153.984,65.328,54.832,81.442
152.649,66.129,54.832,81.442
150.246,64.794,54.832,81.442
147.843,66.663,54.832,81.442
145.440,68.532,54.832,81.442
144.639,67.197,54.832,81.442
147.042,66.930,54.832,81.442
148.399,65.997,53.663,79.705
147.712,65.084,52.518,78.005
149.504,63.205,51.398,76.342
151.256,64.456,51.398,76.342
153.008,63.705,51.398,76.342
154.760,66.458,51.398,76.342
156.011,68.711,51.398,76.342
153.759,71.964,51.398,76.342
155.010,73.215,51.398,76.342
154.259,74.967,51.398,76.342
153.508,73.716,51.398,76.342
154.259,74.967,51.398,76.342
156.511,72.214,51.398,76.342
158.263,69.461,51.398,76.342
162.017,66.208,51.398,76.342
164.770,63.956,51.398,76.342
167.022,61.703,51.398,76.342
170.776,60.953,51.398,76.342
172.027,63.205,51.398,76.342
174.280,66.959,51.398,76.342
177.533,70.212,51.398,76.342
178.262,71.704,52.536,78.031
181.076,73.495,52.536,78.031
181.844,73.751,52.536,78.031
179.935,70.499,53.698,79.757
183.334,69.192,53.698,79.757
184.642,68.407,53.698,79.757
183.857,66.054,53.698,79.757
182.550,63.701,53.698,79.757
183.857,62.917,53.698,79.757
181.504,63.701,53.698,79.757
179.305,65.812,52.553,78.056
178.025,68.626,52.553,78.056
175.722,69.394,52.553,78.056
174.955,70.162,52.553,78.056
172.652,69.394,52.553,78.056
173.420,71.697,52.553,78.056
170.605,71.441,52.553,78.056
171.373,69.138,52.553,78.056
168.558,68.370,52.553,78.056
167.279,66.068,52.553,78.056
165.487,63.765,52.553,78.056
161.138,64.532,52.553,78.056
156.788,61.718,52.553,78.056
154.996,60.438,52.553,78.056
155.764,63.253,52.553,78.056
156.020,67.091,52.553,78.056
155.252,68.882,52.553,78.056
156.059,71.441,51.432,76.392
155.884,72.014,50.335,74.763
154.658,72.749,50.335,74.763
154.903,73.485,50.335,74.763
157.599,74.220,50.335,74.763
156.864,71.524,50.335,74.763
158.579,70.299,50.335,74.763
160.295,69.563,50.335,74.763
161.520,69.808,50.335,74.763
163.726,70.053,50.335,74.763
168.751,72.032,49.262,73.168
171.869,73.711,49.262,73.168
173.548,75.390,49.262,73.168
176.187,78.028,49.262,73.168
178.825,78.748,49.262,73.168
178.585,73.711,49.262,73.168
179.305,70.593,49.262,73.168
183.862,73.231,49.262,73.168
186.980,72.032,49.262,73.168
191.163,70.973,50.352,74.787
193.404,69.383,51.466,76.442
192.151,70.636,51.466,76.442
191.900,71.889,51.466,76.442
191.149,71.137,51.466,76.442
193.404,73.894,51.466,76.442
194.156,76.650,51.466,76.442
194.907,79.908,51.466,76.442
197.163,81.662,51.466,76.442
197.914,78.905,51.466,76.442
198.645,75.720,52.605,78.133
196.203,71.932,53.768,79.862
191.534,69.691,54.958,81.629
185.379,67.818,54.958,81.629
182.097,67.398,53.786,79.888
181.913,64.464,52.639,78.185
179.094,64.720,52.639,78.185
177.926,66.789,51.517,76.517
173.662,68.545,51.517,76.517
169.617,70.086,50.418,74.885
165.935,68.368,50.418,74.885
164.217,70.086,50.418,74.885
161.517,68.859,50.418,74.885
160.289,69.104,50.418,74.885
162.007,66.404,50.418,74.885
161.762,68.122,50.418,74.885
162.989,66.404,50.418,74.885
163.235,67.631,50.418,74.885
164.953,68.859,50.418,74.885
167.654,66.649,50.418,74.885
170.794,68.631,49.343,73.289
171.515,71.754,49.343,73.289
173.711,73.187,50.434,74.910
176.465,72.613,51.550,76.567
178.222,75.374,51.550,76.567
179.995,75.829,52.691,78.261
182.872,73.100,53.857,79.993
185.757,69.691,53.857,79.993
184.446,67.331,53.857,79.993
186.806,69.166,53.857,79.993
186.543,72.575,53.857,79.993
186.281,74.935,53.857,79.993
186.019,75.722,53.857,79.993
187.855,75.984,53.857,79.993
186.543,76.246,53.857,79.993
185.757,78.082,53.857,79.993
184.446,79.918,53.857,79.993
182.610,81.753,53.857,79.993
181.823,79.918,53.857,79.993
182.086,80.704,53.857,79.993
180.775,78.344,53.857,79.993
183.135,75.460,53.857,79.993
180.250,73.624,53.857,79.993
176.841,74.935,53.857,79.993
175.530,76.771,53.857,79.993
173.694,77.558,53.857,79.993
171.859,73.624,53.857,79.993
170.548,74.411,53.857,79.993
167.663,76.246,53.857,79.993
163.730,73.886,53.857,79.993
158.491,73.476,52.708,78.287
155.155,69.626,52.708,78.287
153.358,68.343,52.708,78.287
152.075,70.653,52.708,78.287
151.305,71.423,52.708,78.287
151.562,71.679,52.708,78.287
154.898,72.449,52.708,78.287
158.748,73.732,52.708,78.287
160.031,76.042,52.708,78.287
162.340,77.325,52.708,78.287
163.624,81.175,52.708,78.287
166.447,82.971,52.708,78.287
169.270,80.148,52.708,78.287
172.092,80.918,52.708,78.287
176.455,84.254,52.708,78.287
179.278,90.157,52.708,78.287
184.667,87.847,52.708,78.287
191.083,83.484,52.708,78.287
193.393,79.635,52.708,78.287
192.623,74.759,52.708,78.287
196.473,73.476,52.708,78.287
201.349,76.299,52.708,78.287
204.172,78.608,52.708,78.287
205.968,76.812,52.708,78.287
210.331,80.661,52.708,78.287
214.180,82.971,52.708,78.287
215.463,81.688,52.708,78.287
217.260,78.865,52.708,78.287
218.030,77.582,52.708,78.287
219.313,79.378,52.708,78.287
215.977,77.582,52.708,78.287
213.667,79.891,52.708,78.287
215.977,80.661,52.708,78.287
214.180,82.971,52.708,78.287
210.844,83.741,52.708,78.287
209.561,81.431,52.708,78.287
210.844,80.148,52.708,78.287
211.101,79.378,52.708,78.287
210.844,76.042,52.708,78.287
209.048,73.732,52.708,78.287
209.304,76.042,52.708,78.287
205.968,79.891,52.708,78.287
203.145,82.714,52.708,78.287
199.633,82.647,53.874,80.019
198.322,80.811,53.874,80.019
195.961,80.024,53.874,80.019
197.272,76.614,53.874,80.019
197.010,75.302,53.874,80.019
195.698,75.565,53.874,80.019
199.633,74.253,53.874,80.019
201.977,78.393,52.725,78.313
204.767,80.960,51.601,76.643
201.850,81.416,52.743,78.338
204.161,79.105,52.743,78.338
207.041,76.373,53.910,80.072
209.893,75.962,52.760,78.364
212.205,75.191,52.760,78.364
212.975,79.558,52.760,78.364
210.663,74.163,52.760,78.364
220.682,71.852,52.760,78.364
230.187,71.081,52.760,78.364
233.601,76.344,53.927,80.098
237.091,81.179,55.120,81.870
235.749,85.204,55.120,81.870
234.407,88.693,55.120,81.870
233.065,90.035,55.120,81.870
230.113,91.377,55.120,81.870
227.161,92.182,55.120,81.870
230.649,89.230,55.120,81.870
235.749,86.278,55.120,81.870
240.848,84.936,55.120,81.870
238.432,87.888,55.120,81.870
230.862,85.033,56.340,83.682
225.101,85.856,56.340,83.682
223.729,88.874,56.340,83.682
220.364,92.674,55.139,81.897
224.489,89.261,56.359,83.709
225.859,86.912,57.605,85.561
220.530,87.753,57.605,85.561
218.005,86.351,57.605,85.561
214.359,83.266,57.605,85.561
210.713,76.254,57.605,85.561
212.115,68.681,57.605,85.561
214.639,64.474,57.605,85.561
218.847,60.828,57.605,85.561
223.615,61.108,57.605,85.561
230.066,65.315,57.605,85.561
233.712,70.644,57.605,85.561
239.602,75.973,57.605,85.561
244.931,79.059,57.605,85.561
248.016,84.388,57.605,85.561
250.541,85.229,57.605,85.561
253.626,82.705,57.605,85.561
249.788,76.229,58.880,87.454
253.514,71.929,58.880,87.454
259.945,68.717,57.624,85.589
262.993,66.114,56.395,83.764
263.817,64.192,56.395,83.764
263.542,66.114,56.395,83.764
261.232,69.389,55.193,81.978
260.964,72.345,55.193,81.978
260.257,75.550,54.016,80.229
258.942,75.287,54.016,80.229
261.800,78.424,52.864,78.518
259.483,76.622,52.864,78.518
261.800,75.335,52.864,78.518
263.601,72.504,52.864,78.518
261.800,69.673,52.864,78.518
260.513,68.386,52.864,78.518
257.524,66.182,54.034,80.256
260.418,63.814,54.034,80.256
262.823,60.470,55.229,82.031
264.168,59.663,55.229,82.031
261.210,60.470,55.229,82.031
260.503,64.196,54.051,80.282
260.239,62.880,54.051,80.282
260.503,62.090,54.051,80.282
260.239,63.406,54.051,80.282
261.029,65.775,54.051,80.282
259.187,69.196,54.051,80.282
255.765,72.091,54.051,80.282
251.072,69.291,55.247,82.058
243.809,70.636,55.247,82.058
239.236,68.215,55.247,82.058
235.739,66.332,55.247,82.058
229.552,65.525,55.247,82.058
226.771,69.252,54.069,80.308
220.716,70.569,54.069,80.308
216.767,71.885,54.069,80.308
214.398,69.516,54.069,80.308
210.449,69.779,54.069,80.308
205.974,72.675,54.069,80.308
200.445,73.991,54.069,80.308
195.204,75.561,55.265,82.085
192.638,76.049,56.488,83.901
189.063,73.023,56.488,83.901
187.137,69.448,56.488,83.901
182.703,69.017,55.283,82.112
171.667,64.979,55.283,82.112
167.629,58.788,55.283,82.112
161.438,54.751,55.283,82.112
150.402,57.712,55.283,82.112
145.043,54.848,56.507,83.929
142.420,50.780,57.757,85.786
137.988,48.372,59.035,87.684
132.862,44.122,60.341,89.624
130.218,42.065,60.341,89.624
133.450,46.472,60.341,89.624
133.743,50.292,60.341,89.624
130.333,49.605,61.676,91.607
130.032,51.707,61.676,91.607
133.336,47.203,61.676,91.607
136.080,44.008,63.040,93.633
138.843,47.999,63.040,93.633
138.464,50.466,64.435,95.705
139.379,51.034,65.861,97.823
142.265,54.562,65.861,97.823
145.130,59.005,64.456,95.736
149.838,58.063,64.456,95.736
154.545,62.771,64.456,95.736
157.998,66.223,64.456,95.736
160.822,65.281,64.456,95.736
164.274,61.829,64.456,95.736
167.143,55.235,65.882,97.855
165.539,51.706,65.882,97.855
163.294,48.819,65.882,97.855
163.614,45.291,65.882,97.855
165.218,41.121,65.882,97.855
161.690,46.574,65.882,97.855
163.935,51.386,65.882,97.855
166.181,62.613,65.882,97.855
169.068,70.632,65.882,97.855
174.521,78.652,65.882,97.855
179.332,86.671,65.882,97.855
186.710,91.483,65.882,97.855
192.805,87.954,65.882,97.855
195.050,85.067,65.882,97.855
197.937,87.954,65.882,97.855
197.617,90.841,65.882,97.855
201.145,93.728,65.882,97.855
201.466,88.275,65.882,97.855
200.404,75.544,67.340,100.020
195.237,70.016,68.830,102.233
195.002,70.783,67.362,100.052
190.082,67.831,67.362,100.052
183.851,64.223,67.362,100.052
178.931,59.959,67.362,100.052
174.011,57.007,67.362,100.052
173.781,61.552,65.926,97.919
169.389,55.473,67.384,100.085
166.436,53.176,67.384,100.085
163.308,47.644,68.875,102.300
164.314,51.333,68.875,102.300
168.603,61.797,67.406,100.118
168.275,66.720,67.406,100.118
167.291,64.423,67.406,100.118
165.650,61.469,67.406,100.118
166.052,60.955,65.969,97.983
169.542,64.786,64.562,95.894
169.321,63.082,63.185,93.849
170.291,62.600,61.838,91.847
168.184,59.288,61.838,91.847
169.714,58.816,60.519,89.889
172.347,57.218,59.228,87.972
176.036,60.658,57.965,86.096
190.430,64.891,57.965,86.096
195.792,71.383,57.965,86.096
197.768,76.181,57.965,86.096
201.437,78.156,57.965,86.096
206.799,79.567,57.965,86.096
210.468,77.592,57.965,86.096
215.831,77.874,57.965,86.096
220.064,75.898,57.965,86.096
222.040,73.923,57.965,86.096
218.935,70.818,57.965,86.096
216.561,69.832,56.729,84.260
215.732,67.899,56.729,84.260
217.113,69.280,56.729,84.260
219.047,70.661,56.729,84.260
217.666,68.727,56.729,84.260
221.257,71.766,56.729,84.260
222.128,76.657,55.519,82.463
218.290,78.318,54.336,80.704
212.495,79.944,53.177,78.983
206.324,80.037,52.043,77.299
201.509,77.757,52.043,77.299
195.681,75.983,52.043,77.299
193.401,72.689,52.043,77.299
189.600,69.902,52.043,77.299
185.799,67.621,52.043,77.299
185.546,72.436,52.043,77.299
185.292,76.743,52.043,77.299
186.052,80.037,52.043,77.299
186.791,82.074,53.194,79.009
188.084,83.618,54.371,80.757
188.855,84.098,55.574,82.544
190.750,80.581,55.574,82.544
190.977,76.580,56.804,84.370
187.192,78.803,58.060,86.237
189.736,72.866,58.060,86.237
191.150,66.364,58.060,86.237
194.907,143.133,59.345,88.145
196.932,148.250,58.080,86.265
200.608,151.361,58.080,86.265
202.022,154.472,58.080,86.265
203.459,156.754,56.841,84.426
205.399,159.522,55.629,82.625
207.820,162.230,54.442,80.863
205.964,160.375,54.442,80.863
203.048,160.640,54.442,80.863
199.796,158.180,53.281,79.139
194.349,156.364,53.281,79.139
187.344,152.473,53.281,79.139
183.661,149.066,52.145,77.451
179.853,145.766,52.145,77.451
168.936,170.901,52.145,77.451
165.821,174.908,51.033,75.799
168.521,177.393,49.945,74.183
170.709,175.204,49.945,74.183
174.843,170.584,49.945,74.183
180.923,167.909,49.945,74.183
186.516,167.179,49.945,74.183
190.650,165.477,49.945,74.183
193.811,163.288,49.945,74.183
194.054,160.127,49.945,74.183
189.434,153.561,49.945,74.183
185.786,147.482,49.945,74.183
183.111,143.348,49.945,74.183
177.765,146.816,51.050,75.824
172.545,156.510,51.050,75.824
169.811,160.735,51.050,75.824
165.325,161.783,49.961,74.207
162.162,164.946,49.961,74.207
161.054,163.158,48.896,72.625
161.768,164.348,48.896,72.625
159.625,164.110,48.896,72.625
157.006,160.539,48.896,72.625
158.675,156.954,47.853,71.076
156.578,154.857,47.853,71.076
158.209,151.362,47.853,71.076
163.102,147.401,47.853,71.076
166.131,149.032,47.853,71.076
164.876,153.805,48.912,72.649
165.571,156.214,49.994,74.256
166.301,158.891,49.994,74.256
163.475,160.343,51.100,75.899
155.762,162.084,51.100,75.899
182.301,171.828,52.231,77.578
180.404,174.928,53.386,79.295
170.701,175.523,52.248,77.604
163.832,174.759,52.248,77.604
156.788,174.361,51.134,75.949
153.054,176.602,51.134,75.949
148.821,175.357,51.134,75.949
147.481,173.225,52.265,77.629
149.262,172.971,52.265,77.629
150.534,170.680,52.265,77.629
149.262,169.917,52.265,77.629
152.517,173.933,51.150,75.974
150.276,173.684,51.150,75.974
147.701,179.535,50.060,74.353
141.607,177.829,50.060,74.353
131.614,181.485,50.060,74.353
126.745,177.345,48.992,72.768
121.258,182.831,48.992,72.768
118.984,186.233,50.076,74.378
122.153,183.064,50.076,74.378
120.841,178.446,51.184,76.023
119.705,177.095,50.093,74.402
119.404,172.982,51.201,76.048
121.149,172.235,51.201,76.048
123.857,175.208,50.109,74.427
126.038,175.296,49.040,72.839
121.501,173.147,49.040,72.839
117.243,170.607,50.125,74.451
118.463,174.268,50.125,74.451
113.097,171.166,51.234,76.098
114.342,167.477,52.368,77.782
121.964,169.526,53.527,79.503
119.097,170.308,53.527,79.503
116.612,169.699,54.711,81.262
113.519,169.629,55.921,83.060
116.573,166.168,57.159,84.897
116.295,163.663,57.159,84.897
119.416,160.703,58.423,86.776
125.558,157.087,59.716,88.696
129.337,154.470,59.716,88.696
135.012,151.377,61.037,90.658
139.578,147.599,62.388,92.664
144.245,148.780,63.768,94.714
140.641,150.632,65.179,96.810
141.566,147.256,66.621,98.951
135.781,143.806,68.095,101.141
127.804,141.655,69.601,103.379
121.365,138.605,69.601,103.379
173.892,48.123,69.601,103.379
174.961,44.325,68.117,101.174
179.204,48.921,66.664,99.016
183.982,48.412,65.243,96.905
188.658,47.914,63.852,94.838
191.456,51.334,63.852,94.838
188.658,55.376,63.852,94.838
185.860,64.392,63.852,94.838
179.331,69.055,63.852,94.838
169.694,71.853,63.852,94.838
158.191,67.811,63.852,94.838
149.797,63.770,63.852,94.838
143.585,59.088,62.490,92.816
139.022,52.698,62.490,92.816
134.702,48.116,61.157,90.837
131.623,45.927,59.853,88.899
134.246,47.967,59.853,88.899
135.703,52.339,59.853,88.899
136.061,56.938,58.577,87.004
138.628,61.787,58.577,87.004
141.765,67.776,58.577,87.004
138.628,71.484,58.577,87.004
140.054,74.621,58.577,87.004
143.191,70.343,58.577,87.004
146.898,65.494,58.577,87.004
150.036,60.646,58.577,87.004
154.314,61.501,58.577,87.004
155.169,62.927,58.577,87.004
154.420,66.329,57.328,85.148
154.140,68.841,57.328,85.148
153.303,72.470,57.328,85.148
151.907,76.657,57.328,85.148
149.954,80.285,57.328,85.148
146.883,82.797,57.328,85.148
142.138,80.285,57.328,85.148
137.951,78.890,57.328,85.148
137.027,73.025,58.596,87.032
134.460,67.604,58.596,87.032
135.316,60.472,58.596,87.032
135.601,55.051,58.596,87.032
135.886,51.342,58.596,87.032
133.889,52.768,58.596,87.032
134.745,54.195,58.596,87.032
133.889,57.904,58.596,87.032
131.892,62.754,58.596,87.032
132.748,65.892,58.596,87.032
130.751,68.460,58.596,87.032
129.324,69.886,58.596,87.032
133.033,67.319,58.596,87.032
133.889,68.745,58.596,87.032
137.598,66.178,58.596,87.032
143.589,65.892,58.596,87.032
150.151,62.754,58.596,87.032
155.572,62.469,58.596,87.032
162.134,63.325,58.596,87.032
167.554,64.751,58.596,87.032
172.975,67.319,58.596,87.032
174.972,70.457,58.596,87.032
