692.000,439.000,24.000,79.000
689.460,439.195,24.000,79.000
687.310,438.609,24.000,79.000
684.380,438.023,24.000,79.000
681.449,438.609,24.000,79.000
678.518,436.851,24.000,79.000
675.587,437.046,24.000,79.000
672.265,435.678,24.000,79.000
668.943,434.311,24.000,79.000
666.794,434.897,24.000,79.000
664.254,432.747,24.000,79.000
661.323,431.380,24.000,79.000
658.783,430.793,24.000,79.000
656.633,429.816,24.000,79.000
653.703,429.230,24.000,79.000
651.162,429.816,24.000,79.000
648.232,428.839,24.000,79.000
645.691,428.644,24.000,79.000
643.151,428.449,24.000,79.000
639.439,429.426,24.000,79.000
636.508,428.449,24.000,79.000
633.577,427.081,24.000,79.000
630.646,425.713,24.000,79.000
628.106,424.345,24.000,79.000
625.175,423.759,24.000,79.000
622.635,422.001,24.000,79.000
620.485,421.414,24.000,79.000
617.945,422.001,24.000,79.000
615.796,421.414,24.000,79.000
612.865,422.391,24.000,79.000
610.716,421.805,24.000,79.000
607.785,421.219,24.000,79.000
604.854,421.414,24.000,79.000
601.923,420.437,24.000,79.000
599.383,419.460,24.000,79.000
596.452,418.874,24.000,79.000
594.302,416.334,24.000,79.000
591.762,415.357,24.000,79.000
590.004,414.771,24.000,79.000
587.073,413.794,24.000,79.000
584.923,413.208,24.000,79.000
583.165,413.403,24.000,79.000
580.234,413.989,24.000,79.000
577.694,413.403,24.000,79.000
575.544,413.989,24.000,79.000
572.614,412.622,24.000,79.000
569.683,411.645,24.000,79.000
567.143,410.277,24.000,79.000
564.212,410.863,24.000,79.000
562.062,409.104,24.000,79.000
559.131,408.127,24.000,79.000
556.982,406.760,24.000,79.000
555.223,405.783,24.000,79.000
552.683,406.369,24.000,79.000
550.534,406.955,24.000,79.000
547.994,406.369,24.000,79.000
545.844,407.346,24.000,79.000
543.304,406.760,24.000,79.000
540.373,405.392,24.000,79.000
537.442,405.197,24.000,79.000
535.293,403.829,24.000,79.000
533.144,402.461,24.000,79.000
530.994,401.484,24.000,79.000
529.627,400.116,24.000,79.000
527.086,399.139,24.000,79.000
524.156,398.553,24.000,79.000
522.006,397.185,24.000,79.000
519.857,398.162,24.000,79.000
518.098,398.358,24.000,79.000
515.167,398.944,24.000,79.000
513.018,397.967,24.000,79.000
510.087,398.162,24.000,79.000
507.547,397.576,24.000,79.000
505.788,396.208,24.000,79.000
503.639,396.013,24.000,79.000
501.099,394.645,24.000,79.000
498.950,392.496,24.000,79.000
497.582,393.082,24.000,79.000
495.013,391.853,23.488,77.315
493.674,392.426,23.488,77.315
491.571,392.235,23.488,77.315
489.467,392.809,23.488,77.315
487.746,392.618,23.488,77.315
486.025,391.661,23.488,77.315
483.921,391.470,23.488,77.315
480.671,390.514,23.488,77.315
478.185,390.705,23.488,77.315
476.846,390.514,23.488,77.315
474.360,388.411,23.488,77.315
472.583,388.682,22.987,75.667
470.524,388.121,22.987,75.667
468.466,388.308,22.987,75.667
467.156,386.623,22.987,75.667
465.097,386.436,22.987,75.667
462.997,388.145,22.497,74.053
461.349,387.595,22.497,74.053
459.334,388.878,22.497,74.053
457.319,388.328,22.497,74.053
454.911,387.882,22.017,72.474
453.298,386.627,22.017,72.474
450.609,387.523,22.017,72.474
448.995,385.910,22.017,72.474
446.665,383.580,22.017,72.474
445.410,383.759,22.017,72.474
444.090,382.977,21.548,70.928
442.511,382.451,21.548,70.928
440.231,383.679,21.548,70.928
437.950,382.451,21.548,70.928
436.722,383.679,21.548,70.928
434.441,382.451,21.548,70.928
432.161,383.328,21.548,70.928
430.582,382.100,21.548,70.928
428.952,381.334,21.088,69.416
427.063,381.162,21.088,69.416
425.518,380.647,21.088,69.416
423.286,379.446,21.088,69.416
422.427,378.587,21.088,69.416
420.539,378.759,21.088,69.416
418.307,378.244,21.088,69.416
417.105,378.415,21.088,69.416
415.217,377.214,21.088,69.416
413.328,378.759,21.088,69.416
411.439,378.244,21.088,69.416
409.551,378.759,21.088,69.416
406.632,377.557,21.088,69.416
404.400,376.355,21.088,69.416
403.198,376.183,21.088,69.416
400.966,376.355,21.088,69.416
399.078,374.467,21.088,69.416
397.532,373.265,21.088,69.416
395.644,373.436,21.088,69.416
394.099,371.891,21.088,69.416
392.897,373.093,21.088,69.416
390.665,373.265,21.088,69.416
388.776,374.123,21.088,69.416
386.888,373.608,21.088,69.416
385.343,372.750,21.088,69.416
383.797,372.921,21.088,69.416
381.222,372.063,21.088,69.416
380.020,371.891,21.088,69.416
378.475,370.689,21.088,69.416
375.900,369.487,21.088,69.416
374.698,368.286,21.088,69.416
372.809,369.144,21.088,69.416
371.264,368.629,21.088,69.416
370.062,367.084,21.088,69.416
367.830,367.942,21.088,69.416
365.942,368.114,21.088,69.416
364.053,368.972,21.088,69.416
362.508,368.457,21.088,69.416
360.276,367.599,21.088,69.416
359.074,367.084,21.088,69.416
357.185,367.599,21.088,69.416
355.640,366.054,21.088,69.416
353.752,365.539,21.088,69.416
351.863,364.337,21.088,69.416
350.930,363.919,20.639,67.935
349.417,364.423,20.639,67.935
348.241,363.582,20.639,67.935
347.065,364.423,20.639,67.935
345.217,363.919,20.639,67.935
343.704,365.431,20.639,67.935
341.495,365.021,20.198,66.487
339.686,365.186,20.198,66.487
338.475,365.419,19.768,65.069
337.348,364.293,19.768,65.069
335.578,363.488,19.768,65.069
334.393,364.027,19.346,63.681
332.345,363.239,19.346,63.681
330.613,362.137,19.346,63.681
329.195,362.924,19.346,63.681
328.408,361.822,19.346,63.681
326.337,362.956,18.934,62.323
325.566,362.185,18.934,62.323
323.254,363.573,18.934,62.323
321.866,363.727,18.934,62.323
319.554,363.264,18.934,62.323
317.550,362.185,18.934,62.323
315.546,361.106,18.934,62.323
313.851,360.644,18.934,62.323
313.607,360.566,18.530,60.994
311.646,359.811,18.530,60.994
309.986,358.755,18.530,60.994
309.166,358.679,18.135,59.693
307.247,358.826,18.135,59.693
305.918,359.860,18.135,59.693
304.884,359.712,18.135,59.693
303.260,359.269,18.135,59.693
301.045,358.826,18.135,59.693
299.126,359.564,18.135,59.693
297.502,358.531,18.135,59.693
296.173,358.088,18.135,59.693
294.549,357.940,18.135,59.693
293.516,357.202,18.135,59.693
291.892,355.578,18.135,59.693
290.804,356.357,17.748,58.420
289.215,356.212,17.748,58.420
287.336,355.779,17.748,58.420
285.458,356.790,17.748,58.420
283.868,355.490,17.748,58.420
282.857,356.790,17.748,58.420
281.267,355.779,17.748,58.420
279.100,357.079,17.748,58.420
277.800,355.201,17.748,58.420
275.632,354.767,17.748,58.420
273.732,355.251,17.369,57.175
272.742,354.544,17.369,57.175
271.187,354.120,17.369,57.175
269.349,352.847,17.369,57.175
268.076,352.423,17.369,57.175
266.237,351.433,17.369,57.175
264.965,352.706,17.369,57.175
263.409,352.847,17.369,57.175
262.136,352.706,17.369,57.175
260.298,352.564,17.369,57.175
258.743,352.140,17.369,57.175
257.753,351.150,17.369,57.175
255.914,351.009,17.369,57.175
253.510,349.736,17.369,57.175
252.196,349.664,16.999,55.955
250.910,348.260,16.637,54.762
249.651,348.713,16.282,53.594
248.420,348.390,15.935,52.451
246.993,349.817,15.935,52.451
245.047,350.985,15.935,52.451
243.619,351.115,15.935,52.451
241.674,350.985,15.935,52.451
239.987,351.115,15.935,52.451
238.560,351.244,15.935,52.451
236.355,350.596,15.935,52.451
235.187,349.947,15.935,52.451
233.500,350.336,15.935,52.451
232.333,349.169,15.935,52.451
230.646,349.298,15.935,52.451
228.700,348.131,15.935,52.451
227.273,347.482,15.935,52.451
226.365,346.574,15.935,52.451
224.938,347.742,15.935,52.451
222.992,347.871,15.935,52.451
221.565,347.742,15.935,52.451
219.619,347.871,15.935,52.451
217.933,348.261,15.935,52.451
216.506,347.871,15.935,52.451
215.598,347.223,15.935,52.451
213.652,347.093,15.935,52.451
212.225,346.185,15.935,52.451
211.316,345.796,15.935,52.451
210.149,344.888,15.935,52.451
208.722,345.536,15.935,52.451
207.035,344.369,15.935,52.451
205.608,344.239,15.935,52.451
203.922,345.925,15.935,52.451
202.754,345.536,15.935,52.451
201.327,345.925,15.935,52.451
200.419,345.536,15.935,52.451
199.251,344.888,15.935,52.451
197.565,345.536,15.935,52.451
195.619,344.369,15.935,52.451
194.192,343.460,15.935,52.451
193.284,342.033,15.935,52.451
191.857,340.866,15.935,52.451
190.401,340.550,15.595,51.333
189.221,339.751,15.262,50.238
188.351,341.863,15.262,50.238
187.233,342.733,15.262,50.238
185.599,342.191,14.937,49.167
184.262,342.799,14.937,49.167
182.438,343.164,14.937,49.167
181.100,341.583,14.937,49.167
179.519,341.705,14.937,49.167
178.668,341.340,14.937,49.167
177.573,340.732,14.937,49.167
175.992,340.124,14.937,49.167
175.141,339.516,14.937,49.167
173.317,340.124,14.937,49.167
171.979,339.029,14.937,49.167
171.128,339.151,14.937,49.167
169.061,339.516,14.937,49.167
167.723,339.880,14.937,49.167
166.872,340.732,14.937,49.167
165.534,339.637,14.937,49.167
163.710,339.272,14.937,49.167
162.129,338.664,14.937,49.167
160.062,339.272,14.937,49.167
158.481,338.421,14.937,49.167
157.387,338.786,14.937,49.167
156.049,338.178,14.937,49.167
154.711,336.597,14.937,49.167
153.860,336.232,14.937,49.167
152.765,337.327,14.937,49.167
151.428,337.205,14.937,49.167
149.847,336.597,14.937,49.167
148.752,337.935,14.937,49.167
147.415,336.840,14.937,49.167
145.591,337.692,14.937,49.167
144.496,336.840,14.937,49.167
143.158,337.205,14.937,49.167
141.578,336.111,14.937,49.167
140.726,335.016,14.937,49.167
139.632,333.922,14.937,49.167
138.537,334.287,14.937,49.167
137.200,334.165,14.937,49.167
135.619,334.043,14.937,49.167
134.768,333.922,14.937,49.167
133.673,334.043,14.937,49.167
132.092,334.408,14.937,49.167
130.268,334.773,14.937,49.167
129.174,334.651,14.937,49.167
127.836,334.043,14.937,49.167
126.985,333.192,14.937,49.167
126.133,333.070,14.937,49.167
124.309,332.462,14.937,49.167
122.972,333.070,14.937,49.167
122.850,331.976,14.937,49.167
121.756,330.638,14.937,49.167
120.661,331.490,14.937,49.167
119.567,330.395,14.937,49.167
118.472,331.733,14.937,49.167
117.621,332.098,14.937,49.167
116.526,331.490,14.937,49.167
115.432,331.611,14.937,49.167
114.338,331.003,14.937,49.167
113.000,329.909,14.937,49.167
112.635,330.760,14.937,49.167
111.541,329.909,14.937,49.167
110.446,328.814,14.937,49.167
109.108,328.693,14.937,49.167
108.014,328.328,14.937,49.167
107.649,327.477,14.937,49.167
106.555,328.328,14.937,49.167
105.217,327.720,14.937,49.167
103.879,328.328,14.937,49.167
103.514,327.477,14.937,49.167
102.177,327.598,14.937,49.167
100.839,327.477,14.937,49.167
100.231,326.869,14.937,49.167
98.650,327.477,14.937,49.167
97.799,326.382,14.937,49.167
96.948,326.017,14.937,49.167
96.340,325.166,14.937,49.167
95.002,324.558,14.937,49.167
94.637,324.680,14.937,49.167
93.300,324.315,14.937,49.167
92.205,324.436,14.937,49.167
91.354,325.044,14.937,49.167
90.503,324.193,14.937,49.167
89.408,325.044,14.937,49.167
88.557,324.193,14.937,49.167
87.706,324.072,14.937,49.167
86.854,323.220,14.937,49.167
86.003,323.342,14.937,49.167
85.152,322.734,14.937,49.167
83.571,322.612,14.937,49.167
82.720,322.248,14.937,49.167
82.112,321.639,14.937,49.167
80.774,322.248,14.937,49.167
80.409,321.396,14.937,49.167
79.071,321.761,14.937,49.167
77.491,322.126,14.937,49.167
76.883,321.518,14.937,49.167
76.275,321.883,14.937,49.167
74.937,321.761,14.937,49.167
74.815,321.153,14.937,49.167
73.478,320.302,14.937,49.167
72.140,320.667,14.937,49.167
70.802,320.302,14.937,49.167
70.437,319.450,14.937,49.167
69.343,318.842,14.937,49.167
68.248,319.450,14.937,49.167
67.397,318.113,14.937,49.167
66.789,318.478,14.937,49.167
66.424,319.329,14.937,49.167
65.330,318.964,14.937,49.167
64.235,318.356,14.937,49.167
63.141,319.207,14.937,49.167
62.290,318.356,14.937,49.167
61.195,318.234,14.937,49.167
60.344,317.870,14.937,49.167
59.493,317.991,14.937,49.167
58.641,316.410,14.937,49.167
58.033,317.262,14.937,49.167
56.939,316.167,14.937,49.167
56.574,315.802,14.937,49.167
55.480,317.140,14.937,49.167
54.385,316.046,14.937,49.167
53.534,316.167,14.937,49.167
52.440,316.532,14.937,49.167
51.588,316.654,14.937,49.167
50.980,316.532,14.937,49.167
50.859,316.167,14.937,49.167
49.764,315.559,14.937,49.167
48.670,314.951,14.937,49.167
47.575,313.857,14.937,49.167
46.724,314.951,14.937,49.167
46.063,313.717,14.618,48.118
44.992,314.312,14.618,48.118
43.921,313.479,14.618,48.118
43.325,314.074,14.618,48.118
43.206,313.955,14.618,48.118
42.135,314.074,14.618,48.118
41.302,314.193,14.618,48.118
40.707,313.836,14.618,48.118
39.398,314.431,14.618,48.118
39.041,313.122,14.618,48.118
37.970,312.051,14.618,48.118
37.137,311.694,14.618,48.118
36.542,312.765,14.618,48.118
35.947,311.932,14.618,48.118
34.875,311.813,14.618,48.118
33.804,311.456,14.618,48.118
32.733,311.337,14.618,48.118
31.900,311.218,14.618,48.118
