130.000,132.000,31.000,115.000
129.174,130.073,31.000,115.000
129.449,130.899,31.000,115.000
129.174,131.174,31.000,115.000
128.899,130.899,31.000,115.000
128.073,130.073,31.000,115.000
127.798,129.247,31.000,115.000
127.523,128.422,31.000,115.000
127.247,128.146,31.000,115.000
127.523,127.321,31.000,115.000
126.146,128.146,31.000,115.000
126.422,126.770,31.000,115.000
126.146,127.596,31.000,115.000
125.321,126.220,31.000,115.000
125.596,128.146,31.000,115.000
124.220,125.669,31.000,115.000
123.944,123.742,31.000,115.000
123.669,122.917,31.000,115.000
122.843,122.091,31.000,115.000
123.119,121.265,31.000,115.000
123.394,122.091,31.000,115.000
124.220,121.265,31.000,115.000
123.944,120.990,31.000,115.000
123.669,121.265,31.000,115.000
123.394,122.091,31.000,115.000
123.669,120.715,31.000,115.000
122.293,119.889,31.000,115.000
122.568,119.063,31.000,115.000
121.742,118.237,31.000,115.000
120.917,116.861,31.000,115.000
121.192,115.485,31.000,115.000
121.467,116.311,31.000,115.000
121.742,116.035,31.000,115.000
120.917,114.659,31.000,115.000
120.641,115.485,31.000,115.000
120.366,115.760,31.000,115.000
120.641,113.833,31.000,115.000
119.816,113.558,31.000,115.000
119.540,112.182,31.000,115.000
119.265,112.457,31.000,115.000
120.091,111.631,31.000,115.000
120.366,110.255,31.000,115.000
120.641,111.081,31.000,115.000
120.366,110.255,31.000,115.000
121.192,111.081,31.000,115.000
121.467,110.255,31.000,115.000
121.742,111.631,31.000,115.000
120.366,109.704,31.000,115.000
120.641,108.879,31.000,115.000
119.816,108.603,31.000,115.000
119.540,106.677,31.000,115.000
119.265,105.851,31.000,115.000
119.540,105.576,31.000,115.000
118.715,104.750,31.000,115.000
118.990,105.025,31.000,115.000
118.715,105.300,31.000,115.000
118.439,106.126,31.000,115.000
118.715,105.300,31.000,115.000
117.889,104.475,31.000,115.000
117.614,104.199,31.000,115.000
116.788,102.823,31.000,115.000
117.063,101.447,31.000,115.000
117.889,102.273,31.000,115.000
118.164,101.447,31.000,115.000
118.439,102.273,31.000,115.000
119.265,100.896,31.000,115.000
119.540,101.172,31.000,115.000
118.715,101.997,31.000,115.000
118.990,101.172,31.000,115.000
118.715,101.447,31.000,115.000
117.889,100.071,31.000,115.000
117.614,99.245,31.000,115.000
117.338,98.419,31.000,115.000
117.614,97.593,31.000,115.000
116.788,95.667,31.000,115.000
117.063,96.492,31.000,115.000
116.788,97.318,31.000,115.000
116.513,96.492,31.000,115.000
116.237,97.318,31.000,115.000
116.513,95.942,31.000,115.000
115.687,95.667,31.000,115.000
115.752,94.505,30.339,112.548
116.560,94.774,30.339,112.548
115.752,92.889,30.339,112.548
116.560,92.619,30.339,112.548
116.830,93.427,30.339,112.548
117.099,93.697,30.339,112.548
116.291,93.427,30.339,112.548
117.393,94.368,29.692,110.147
117.130,94.632,29.692,110.147
117.921,95.422,29.692,110.147
117.130,93.577,29.692,110.147
117.393,93.841,29.692,110.147
116.075,93.050,29.692,110.147
116.866,90.677,29.692,110.147
116.602,91.468,29.692,110.147
116.339,90.677,29.692,110.147
116.075,90.941,29.692,110.147
116.866,89.095,29.692,110.147
116.602,90.413,29.692,110.147
116.339,90.150,29.692,110.147
115.548,89.359,29.692,110.147
115.811,88.568,29.692,110.147
115.366,88.980,29.059,107.799
115.624,88.206,29.059,107.799
114.850,86.916,29.059,107.799
115.624,88.206,29.059,107.799
115.366,86.400,29.059,107.799
116.140,87.174,29.059,107.799
115.703,88.572,28.439,105.500
116.461,88.825,28.439,105.500
116.034,89.219,27.833,103.250
116.775,89.961,27.833,103.250
116.034,88.231,27.833,103.250
116.281,88.972,27.833,103.250
116.034,87.242,27.833,103.250
115.787,87.489,27.833,103.250
115.046,86.748,27.833,103.250
115.293,86.995,27.833,103.250
115.046,85.759,27.833,103.250
114.798,86.995,27.833,103.250
114.057,85.759,27.833,103.250
113.810,86.995,27.833,103.250
113.069,85.265,27.833,103.250
112.821,84.524,27.833,103.250
112.080,84.277,27.833,103.250
112.327,83.535,27.833,103.250
112.386,83.445,27.239,101.048
112.144,85.138,27.239,101.048
112.869,83.929,27.239,101.048
112.628,84.171,27.239,101.048
112.869,84.413,27.239,101.048
113.111,85.138,27.239,101.048
112.869,84.413,27.239,101.048
112.628,84.655,27.239,101.048
111.902,82.961,27.239,101.048
112.144,83.203,27.239,101.048
111.902,81.994,27.239,101.048
111.176,80.785,27.239,101.048
111.418,80.543,27.239,101.048
110.209,80.301,27.239,101.048
110.935,81.027,27.239,101.048
110.209,80.785,27.239,101.048
109.800,82.562,26.658,98.893
109.090,81.378,26.658,98.893
109.327,82.088,26.658,98.893
108.617,80.905,26.658,98.893
108.380,79.721,26.658,98.893
108.143,78.538,26.658,98.893
108.199,80.733,26.090,96.784
108.431,79.575,26.090,96.784
108.663,79.806,26.090,96.784
107.968,80.038,26.090,96.784
108.199,80.270,26.090,96.784
108.431,79.111,26.090,96.784
108.663,80.270,26.090,96.784
107.504,79.111,26.090,96.784
107.113,79.920,25.533,94.720
107.793,79.240,25.533,94.720
107.566,78.560,25.533,94.720
107.339,79.240,25.533,94.720
106.659,77.653,25.533,94.720
106.886,76.066,25.533,94.720
106.659,77.199,25.533,94.720
106.433,77.426,25.533,94.720
105.752,78.106,25.533,94.720
105.979,77.426,25.533,94.720
105.299,77.653,25.533,94.720
104.165,75.612,25.533,94.720
104.846,75.839,25.533,94.720
103.712,73.345,25.533,94.720
103.939,74.479,25.533,94.720
104.165,75.159,25.533,94.720
104.392,73.572,25.533,94.720
103.712,75.159,25.533,94.720
104.392,74.025,25.533,94.720
103.712,74.706,25.533,94.720
103.939,74.025,25.533,94.720
104.619,75.159,25.533,94.720
103.485,73.119,25.533,94.720
103.976,74.784,24.989,92.700
104.456,73.848,24.456,90.724
104.089,73.350,23.934,88.789
103.452,74.413,23.934,88.789
103.912,74.335,23.424,86.895
102.872,74.543,23.424,86.895
102.248,73.087,23.424,86.895
102.456,73.295,23.424,86.895
102.248,73.919,23.424,86.895
100.792,73.711,23.424,86.895
99.752,72.671,23.424,86.895
99.960,71.631,23.424,86.895
99.336,72.255,23.424,86.895
88.729,94.510,23.424,86.895
90.601,97.213,23.424,86.895
91.641,98.253,23.424,86.895
92.681,99.293,23.424,86.895
94.136,99.917,23.424,86.895
94.760,99.709,23.424,86.895
96.216,96.590,23.424,86.895
96.840,94.718,23.424,86.895
97.880,95.342,23.424,86.895
98.504,94.302,23.424,86.895
99.960,94.094,23.424,86.895
100.584,94.718,23.424,86.895
102.040,95.758,23.424,86.895
102.664,96.798,23.424,86.895
104.536,97.421,23.424,86.895
106.407,98.877,23.424,86.895
107.031,97.421,23.424,86.895
106.823,97.213,23.424,86.895
108.938,99.921,23.942,88.818
110.426,101.834,23.942,88.818
109.788,99.495,23.942,88.818
110.851,101.834,23.942,88.818
110.639,100.346,23.942,88.818
112.127,103.534,23.942,88.818
111.914,105.023,23.942,88.818
113.402,106.511,23.942,88.818
113.190,107.148,23.942,88.818
113.827,108.211,23.942,88.818
114.465,108.849,23.942,88.818
113.827,106.085,23.942,88.818
114.465,104.597,23.942,88.818
114.253,104.810,23.942,88.818
114.040,102.897,23.942,88.818
114.678,103.960,23.942,88.818
115.316,102.046,23.942,88.818
115.953,103.534,23.942,88.818
116.591,104.597,23.942,88.818
115.528,101.834,23.942,88.818
116.591,104.597,23.942,88.818
117.654,106.936,23.942,88.818
118.292,107.999,23.942,88.818
118.504,107.786,23.942,88.818
118.717,107.574,23.942,88.818
119.555,108.576,24.472,90.783
119.338,106.620,24.472,90.783
119.555,108.141,24.472,90.783
120.207,108.793,24.472,90.783
120.859,109.445,24.472,90.783
120.641,110.097,24.472,90.783
120.859,111.618,24.472,90.783
121.510,112.705,24.472,90.783
121.293,114.660,24.472,90.783
121.076,114.008,24.472,90.783
121.932,116.836,25.013,92.792
121.710,117.059,25.013,92.792
121.488,115.948,25.013,92.792
122.824,115.613,25.567,94.845
121.689,115.840,25.567,94.845
123.732,111.981,25.567,94.845
123.505,112.662,25.567,94.845
124.640,111.073,25.567,94.845
125.776,112.662,25.567,94.845
125.094,111.527,25.567,94.845
127.592,113.116,25.567,94.845
129.635,114.251,25.567,94.845
130.770,114.932,25.567,94.845
131.451,113.343,25.567,94.845
132.132,113.116,25.567,94.845
133.267,112.435,25.567,94.845
133.494,112.662,25.567,94.845
134.629,112.889,25.567,94.845
134.856,112.208,25.567,94.845
134.175,112.889,25.567,94.845
135.764,111.300,25.567,94.845
136.693,110.342,25.022,92.822
136.471,111.897,25.022,92.822
138.026,111.230,25.022,92.822
137.804,111.452,25.022,92.822
138.026,110.786,25.022,92.822
138.248,109.675,25.022,92.822
138.470,109.897,25.022,92.822
138.951,109.388,24.488,90.843
138.734,110.910,24.488,90.843
139.386,109.388,24.488,90.843
139.169,108.736,24.488,90.843
140.691,111.128,24.488,90.843
140.323,110.210,23.966,88.905
140.110,111.700,23.966,88.905
140.508,112.261,24.496,90.872
140.011,112.836,25.038,92.883
141.122,112.613,25.038,92.883
140.900,113.280,25.038,92.883
140.678,113.947,25.038,92.883
141.588,113.438,24.504,90.902
141.542,109.949,25.046,92.913
141.320,108.837,25.046,92.913
143.321,105.946,25.046,92.913
144.232,107.151,24.512,90.932
145.320,104.757,24.512,90.932
145.102,105.845,24.512,90.932
146.626,104.322,24.512,90.932
146.408,103.669,24.512,90.932
146.626,105.628,24.512,90.932
146.843,107.586,24.512,90.932
147.061,106.063,24.512,90.932
147.279,108.457,24.512,90.932
146.626,107.369,24.512,90.932
145.973,109.328,24.512,90.932
145.320,108.675,24.512,90.932
143.796,110.634,24.512,90.932
143.579,109.545,24.512,90.932
142.490,109.763,24.512,90.932
142.273,109.110,24.512,90.932
141.184,109.763,24.512,90.932
141.139,110.789,25.054,92.944
140.472,107.897,25.054,92.944
140.694,107.230,25.054,92.944
139.582,107.452,25.054,92.944
139.804,105.895,25.054,92.944
140.027,104.783,25.054,92.944
140.694,104.560,25.054,92.944
140.917,103.448,25.054,92.944
141.584,105.005,25.054,92.944
141.362,103.893,25.054,92.944
143.809,103.226,25.054,92.944
144.031,103.003,25.054,92.944
145.143,102.336,25.054,92.944
145.811,103.003,25.054,92.944
146.478,100.556,25.054,92.944
146.701,98.554,25.054,92.944
147.368,96.997,25.054,92.944
148.480,98.109,25.054,92.944
147.813,96.107,25.054,92.944
148.480,97.664,25.054,92.944
148.703,98.331,25.054,92.944
148.925,99.444,25.054,92.944
149.593,99.666,25.054,92.944
148.925,98.554,25.054,92.944
149.593,99.221,25.054,92.944
148.925,98.109,25.054,92.944
149.148,98.776,25.054,92.944
148.925,96.774,25.054,92.944
148.703,96.997,25.054,92.944
148.035,95.439,25.054,92.944
148.258,95.662,25.054,92.944
148.480,93.660,25.054,92.944
147.813,94.327,25.054,92.944
148.035,94.550,25.054,92.944
148.258,92.992,25.054,92.944
148.480,94.550,25.054,92.944
147.813,94.327,25.054,92.944
148.035,94.995,25.054,92.944
148.258,93.882,25.054,92.944
148.035,93.215,25.054,92.944
147.368,93.882,25.054,92.944
147.146,91.880,25.054,92.944
146.478,91.213,25.054,92.944
145.366,91.880,25.054,92.944
145.588,90.323,25.054,92.944
144.031,90.990,25.054,92.944
143.809,91.213,25.054,92.944
142.251,91.435,25.054,92.944
141.139,91.658,25.054,92.944
140.917,90.545,25.054,92.944
137.135,89.878,25.054,92.944
135.578,90.100,25.054,92.944
132.686,89.433,25.054,92.944
130.683,89.211,25.054,92.944
130.016,88.543,25.054,92.944
127.124,87.876,25.054,92.944
124.677,88.543,25.054,92.944
121.785,87.431,25.054,92.944
119.338,89.433,25.054,92.944
117.336,89.211,25.054,92.944
114.889,89.878,25.054,92.944
112.442,90.100,25.054,92.944
109.550,88.988,25.054,92.944
106.213,89.655,25.054,92.944
107.123,89.146,24.520,90.962
101.680,90.234,24.520,90.962
97.979,88.275,24.520,90.962
95.512,86.097,23.997,89.022
93.509,83.966,23.485,87.124
93.301,81.672,23.485,87.124
87.722,85.616,22.985,85.266
83.836,86.721,22.494,83.447
79.649,89.729,22.015,81.668
95.144,40.295,21.545,79.926
96.296,39.488,21.086,78.222
96.340,39.419,20.636,76.554
96.030,40.766,20.196,74.921
97.110,42.429,19.765,73.323
97.490,42.026,19.344,71.760
96.868,43.950,18.931,70.229
96.700,43.110,18.931,70.229
96.532,43.278,18.931,70.229
97.373,42.774,18.931,70.229
97.413,44.009,18.528,68.732
96.817,43.632,18.133,67.266
97.300,43.149,18.133,67.266
97.783,42.343,18.133,67.266
97.300,42.826,18.133,67.266
98.270,44.009,17.746,65.832
97.167,43.852,17.746,65.832
97.324,44.009,17.746,65.832
97.482,44.167,17.746,65.832
97.639,43.379,17.746,65.832
97.677,43.929,17.367,64.428
97.522,43.775,17.367,64.428
97.060,44.237,17.367,64.428
97.522,42.541,17.367,64.428
96.751,43.004,17.367,64.428
96.906,42.233,17.367,64.428
97.060,42.387,17.367,64.428
96.906,42.850,17.367,64.428
96.443,42.079,17.367,64.428
95.672,42.850,17.367,64.428
95.518,41.462,17.367,64.428
95.055,42.233,17.367,64.428
95.209,40.845,17.367,64.428
95.364,40.382,17.367,64.428
94.284,41.462,17.367,64.428
95.055,40.691,17.367,64.428
94.901,41.462,17.367,64.428
94.747,40.691,17.367,64.428
94.592,41.153,17.367,64.428
94.130,40.691,17.367,64.428
94.592,41.770,17.367,64.428
93.821,41.616,17.367,64.428
93.359,40.845,17.367,64.428
92.896,40.074,17.367,64.428
92.933,41.207,16.997,63.054
93.687,40.150,16.997,63.054
93.536,39.999,16.997,63.054
93.084,39.547,16.997,63.054
92.329,40.301,16.997,63.054
92.947,40.246,16.635,61.709
92.504,40.689,16.635,61.709
92.947,41.132,16.635,61.709
92.128,42.502,16.280,60.393
91.694,40.912,16.280,60.393
92.128,40.478,16.280,60.393
91.116,40.912,16.280,60.393
90.971,40.189,16.280,60.393
91.116,40.912,16.280,60.393
90.971,40.189,16.280,60.393
90.827,40.912,16.280,60.393
91.549,40.189,16.280,60.393
91.694,41.201,16.280,60.393
91.838,41.635,16.280,60.393
91.405,41.779,16.280,60.393
90.971,41.635,16.280,60.393
90.248,40.912,16.280,60.393
90.682,40.189,16.280,60.393
90.537,39.467,16.280,60.393
90.682,39.322,16.280,60.393
90.248,39.178,16.280,60.393
89.237,38.455,16.280,60.393
89.670,39.178,16.280,60.393
89.815,38.744,16.280,60.393
89.959,39.467,16.280,60.393
88.658,38.455,16.280,60.393
89.250,38.123,15.933,59.105
89.674,37.982,15.933,59.105
88.684,37.558,15.933,59.105
89.108,38.265,15.933,59.105
89.533,38.406,15.933,59.105
90.384,39.991,15.593,57.845
89.692,40.130,15.593,57.845
89.831,39.160,15.593,57.845
90.246,39.576,15.593,57.845
89.277,39.991,15.593,57.845
89.692,40.130,15.593,57.845
90.384,39.437,15.593,57.845
89.969,39.022,15.593,57.845
91.215,39.714,15.593,57.845
90.523,38.745,15.593,57.845
90.384,38.053,15.593,57.845
90.246,38.468,15.593,57.845
90.108,37.776,15.593,57.845
91.208,38.793,15.260,56.611
90.801,38.657,15.260,56.611
91.208,37.980,15.260,56.611
90.801,38.657,15.260,56.611
91.208,37.167,15.260,56.611
90.801,37.844,15.260,56.611
91.479,36.896,15.260,56.611
91.343,37.302,15.260,56.611
91.479,36.625,15.260,56.611
91.885,36.760,15.260,56.611
91.479,37.167,15.260,56.611
92.156,37.302,15.260,56.611
91.750,36.625,15.260,56.611
92.427,37.031,15.260,56.611
92.292,37.709,15.260,56.611
92.156,36.760,15.260,56.611
92.021,36.354,15.260,56.611
92.156,35.676,15.260,56.611
92.292,36.083,15.260,56.611
92.427,35.676,15.260,56.611
92.563,35.270,15.260,56.611
92.969,35.134,15.260,56.611
92.292,36.354,15.260,56.611
92.698,35.134,15.260,56.611
93.376,36.354,15.260,56.611
92.698,34.863,15.260,56.611
93.376,34.999,15.260,56.611
