0.11247778
0.41257215
0.36322641
0.22394300
0.22721028
0.23491430
0.33601093
0.32318711
0.31134772
0.31633615
0.33674932
0.35853004
0.29998493
0.29738379
0.33884931
0.23498416
0.30106783
0.36971402
0.29923654
0.31070185
0.35583782
0.38170457
0.28334594
0.26080775
0.22596025
0.24097967
0.34797168
0.28710699
0.32128429
0.26566529
0.30199575
0.25548434
0.29778600
0.23308611
0.18244433
0.19820619
0.19032717
0.15438390
0.29227996
0.27574706
0.27370381
0.24786091
0.24477434
0.24574351
0.27511835
0.23494935
0.24223089
0.17417502
0.13498449
0.16573954
0.18868709
0.19091868
0.29663467
0.30191159
0.26658845
0.26983309
0.25276852
0.22733593
0.23673058
0.32850981
0.26011467
0.23291922
0.25655651
0.19814587
0.22326279
0.28719735
0.25203729
0.31132150
0.28065968
0.28324270
0.27335310
0.37798142
0.30660701
0.27011847
0.34300232
0.21378088
0.12143540
0.16675401
0.19750237
0.31939435
0.20150805
0.20565248
0.19504380
0.29276538
0.28829694
0.27469444
0.22560310
0.21643353
0.28609538
0.23046756
0.21165419
0.25788665
0.29692841
0.26743364
0.27733326
0.22057199
0.24190617
0.26598215
0.28543448
0.22909284
0.23821044
0.31590295
0.30635142
0.25948191
0.20939398
0.14517999
0.26690197
0.24956918
0.21566820
0.26129985
0.21177292
0.19864345
0.20955110
0.25190473
0.23741436
0.24725652
0.16360855
0.19010925
0.17281055
0.27648544
0.27040625
0.27411985
0.21348095
0.26388121
0.30118775
0.16939473
0.21352243
0.25906944
0.24548292
0.28787112
0.26808929
0.27481604
0.19186568
0.30594039
0.24076438
0.19710970
0.30639219
0.28500295
0.23604941
0.28538942
0.24900675
0.26992702
0.24607897
0.30866671
0.29640913
0.11715984
0.12334585
0.19391727
0.26021862
0.21715283
0.13863349
0.18904090
0.17396760
0.26426697
0.17722416
0.25445437
0.17940712
0.25995469
0.25903940
0.21135020
0.23667049
0.27231383
0.33683205
0.30592370
0.23839378
0.24851060
0.31521368
0.31403351
0.21873689
0.23046303
0.15105438
0.16264892
0.15642881
0.12204361
0.22690630
0.24654841
0.23040938
0.26211309
0.29868722
0.27623892
0.26913619
0.22628093
0.21343446
0.26717067
0.16495228
0.15509295
0.25136614
0.26345825
0.26014709
0.19390583
0.16158009
0.24448061
0.27031922
0.19955420
0.22025466
0.24416614
0.24558115
0.23646784
0.21889019
0.26669598
0.25323820
0.25158906
0.26395106
0.25332689
0.31427860
0.23345065
0.25521994
0.29878235
0.29050612
0.20627069
0.26932144
0.20852900
0.33942819
0.28001428
0.26363921
0.27984190
0.31062508
0.28631330
0.15760517
0.16031122
0.27369690
0.32012606
0.26038814
0.26123405
0.23471308
0.28197408
0.29210448
0.34839344
0.27545571
0.16281533
0.36557317
0.22171617
0.22040033
0.23030829
0.29929924
0.27444959
0.25831890
0.26840258
0.29375648
0.29457784
0.25382829
0.27058983
0.16275883
0.29758692
0.19787574
0.28896999
0.24880004
0.21623158
0.28294873
0.30505085
0.30473709
0.30744338
0.30868053
0.19363379
0.28163242
0.25239778
0.22823191
0.25147223
0.32674861
0.28016877
0.25292873
0.29619074
0.29136944
0.24294233
0.22832060
0.25995469
0.26877570
0.20295358
0.28777695
0.25443435
0.27925777
0.16964865
0.15176654
0.13456297
0.20547199
0.21801400
0.21564603
0.24990296
0.24719071
0.24980927
0.25619054
0.24082136
0.27888560
0.23340654
0.28254318
0.25950146
0.26486993
0.20706582
0.28804374
0.24906278
0.23523617
0.26538110
0.22952461
0.28633451
0.32665181
0.32690001
0.25149322
0.36636519
0.21826363
0.37902474
0.31146932
0.33611369
0.21702695
0.33874822
0.22060919
0.28481531
0.24912095
0.30259514
0.27786732
0.29919863
0.24859905
0.27727079
0.21738386
0.22486925
0.28247643
0.24279571
0.22670603
0.22699571
0.24986482
0.24940848
0.25919628
0.25405121
0.30960441
0.29552460
0.31011653
0.25183058
0.26804423
0.28885555
0.20526958
0.25007939
0.31532001
0.36536980
0.26425791
0.28557897
0.23518872
0.25031567
0.34063506
0.25438929
0.26204062
0.19790006
0.24558330
0.22803760
0.26989174
0.30025840
0.26573992
0.24410772
0.32214737
0.24981546
0.21876836
0.24499655
0.21683240
0.21213627
0.21674752
0.20489144
0.17308664
0.22970653
0.22918725
0.20858097
0.12981606
0.16730833
0.19833946
0.24969506
0.18590403
0.31947446
0.22948027
0.27339864
0.17358327
0.18840480
0.25716424
0.24017835
0.20623946
0.26266956
0.16104293
0.17152405
0.17478347
0.25548625
0.25777864
0.19358492
0.23286986
0.32718992
0.20955586
0.22780848
0.28675675
0.24968600
0.26647806
0.23867631
0.16412830
0.24795413
0.22554016
0.22677565
0.26451349
0.21092367
0.25206184
0.22511864
0.22923970
0.23173022
0.21086764
0.14199829
0.24948788
0.22744775
0.27044702
0.22876120
0.23926377
0.31920767
0.26990700
0.25108385
0.25404787
0.19050407
0.25328422
0.22870660
0.26097679
0.31000805
0.18957758
0.23579121
0.23664451
0.24895191
0.15674067
0.28026032
0.27665520
0.33993793
0.23223567
0.28258085
0.25994420
0.23562789
0.22317171
0.29955745
0.19933391
0.26549482
0.28932357
0.21529245
0.28738451
0.26420188
0.23620653
0.25027204
0.26373434
0.24238586
0.25721025
0.18789411
0.24725628
0.25442100
0.24036312
0.25721836
0.14824390
0.23807764
0.32588840
0.23227048
0.23048139
0.26566076
0.26388025
0.30502224
0.27563906
0.34506965
0.21556664
0.29354239
0.25308323
0.25764585
0.23763967
0.19918251
0.27619052
0.23083043
0.26880646
0.26873946
0.35015154
0.30542612
0.26766276
0.26802182
0.27446461
0.23261809
0.15803385
0.24323630
0.19236660
0.22239137
0.20539808
0.22891021
0.23525977
0.34554577
0.22962141
0.28343964
0.25717783
0.28975296
0.25863743
0.32403231
0.25253558
0.29882789
0.23976588
0.28456259
0.28424692
0.28506112
0.30345869
0.28146553
0.25730801
0.23302984
0.26241899
0.29485250
0.27509642
0.15562034
0.16880679
0.17672849
0.25294089
0.20297813
0.23046732
0.21425676
0.20000196
0.28606224
0.30674243
0.24830985
0.25406909
0.26216626
0.25073457
0.21067739
0.33526874
0.30975962
0.32209110
0.29358172
0.26515651
0.28127933
0.28505540
0.29296303
0.30707455
0.45780253
0.25309610
0.25655460
0.35708094
0.26004863
0.24243784
0.30362129
0.28249311
0.32907701
0.21494961
0.28785443
0.25535989
0.21768546
0.30777478
0.27393937
0.27640176
0.28555107
0.27863789
0.27708769
0.20151925
0.22577477
0.15889716
0.23447680
0.26032186
0.23326325
0.19921541
0.27439928
0.28750515
0.25621605
0.22980881
0.28624177
0.26203108
0.29337883
0.22703338
0.32587862
0.23540068
0.19058323
0.24239397
0.24795842
0.24746037
0.23303270
0.33997512
0.28641486
0.23097754
0.26383114
0.24500418
0.27537656
0.32924557
0.27625895
0.27810407
0.23954082
0.19915676
0.26059675
0.20488739
0.22526407
0.15790844
0.25296259
0.26091290
0.19781709
0.22175956
0.21012545
0.26904750
0.27661872
0.23060489
0.16870761
0.22627997
0.23236728
0.21792364
0.23009014
0.28194594
0.28618765
0.39201355
0.36352873
0.41555047
0.29969788
0.33354878
0.21276855
0.22399569
0.25194883
0.27476668
0.26641011
0.29200125
0.20704269
0.30345654
0.14025569
0.21824813
0.21955395
0.15374923
0.25046182
0.17734432
0.14918470
0.21471357
0.17345595
0.16836262
0.31698561
0.30350685
0.20343590
0.30504680
0.19984746
0.22711444
0.26005936
0.24131870
0.24693656
0.26951981
0.25191522
0.20827866
0.18582821
0.27571654
0.25058770
0.20749021
0.18456650
0.22304821
0.23655128
0.25029254
0.25662589
0.23955846
0.28297377
0.26292014
0.22892499
0.22170997
0.21853590
0.17949510
0.31717563
0.23644590
0.28991771
0.27891779
0.25038886
0.26167870
0.28580976
0.24085760
0.26347089
0.28513670
0.16699910
0.21972227
0.16735625
0.19395471
0.28519893
0.31281257
0.29297161
0.27103925
0.24077082
0.23893642
0.32185745
0.26940942
0.20858121
0.23457813
0.34393907
0.31534624
0.26447439
0.23140192
0.23731375
0.21622729
0.23898268
0.34905338
0.26186800
0.24224591
0.24465895
0.24835706
0.22689128
0.28149033
0.26239753
0.27296472
0.30055141
0.27049899
0.17194867
0.25536752
0.19872117
0.24237132
0.26628995
0.28942204
0.27308011
0.28919005
0.29154253
0.26868224
0.26231337
0.27456069
0.26222491
0.19585323
0.27089643
0.28919482
0.23929405
0.26313663
0.25274873
0.27498150
0.22217155
0.24793386
0.30097818
0.25895667
0.23831415
0.25630355
0.15598631
0.23278236
0.23172569
0.28863883
0.36051226
0.27433801
0.26882482
0.16566181
0.25861120
0.28029799
0.17206097
0.22952271
0.23810840
0.26027012
0.30325365
0.15529084
