0.05761933
0.31071901
0.27689862
0.37333798
0.30067301
0.21184874
0.26649117
0.27108264
0.27771544
0.22258902
0.28254747
0.27408957
0.17752433
0.23162484
0.27016830
0.14538550
0.27569985
0.18153286
0.31922245
0.30299592
0.33278751
0.24958324
0.29409099
0.33158970
0.20022559
0.27209377
0.25609398
0.25752497
0.27147484
0.21537447
0.23014092
0.31065202
0.23458171
0.27721786
0.29072046
0.21742725
0.28358483
0.29690289
0.27465296
0.29439783
0.31218886
0.25590587
0.25011969
0.34919882
0.20919228
0.17333698
0.17616224
0.28467250
0.27841330
0.28284764
0.24488688
0.31382751
0.17373776
0.13494945
0.24697185
0.25724888
0.25429416
0.22336006
0.23179460
0.22494578
0.26092458
0.25118470
0.28362679
0.26718116
0.27746916
0.23391962
0.26225019
0.30686259
0.24486661
0.23672915
0.21657729
0.25716019
0.26753426
0.22301126
0.34408712
0.30639124
0.30634618
0.28620911
0.23444343
0.22462940
0.21546531
0.18758893
0.23749804
0.24667072
0.23986387
0.27467585
0.21997404
0.24961710
0.20031118
0.21092200
0.26008868
0.27665710
0.23083520
0.38285017
0.28173065
0.20677257
0.23963094
0.19572592
0.27465773
0.23953605
0.22150397
0.22353458
0.22222209
0.25042033
0.31713676
0.23499203
0.28270626
0.25492048
0.19952393
0.32773066
0.31742692
0.19408107
0.16700459
0.21326232
0.30154777
0.24512720
0.28561449
0.30184841
0.28354430
0.24085951
0.30788279
0.27374530
0.28084111
0.28888655
0.21576786
0.25561404
0.23840880
0.27044201
0.29413247
0.31345487
0.29184103
0.12685704
0.23429179
0.31348181
0.26385164
0.28019524
0.32503676
0.31638288
0.27172184
0.28758907
0.29666924
0.24015474
