0.06916094
0.25332570
0.20160699
0.18063331
0.24558568
0.24671984
0.28356886
0.24195552
0.27069664
0.22618175
0.23931432
0.19698381
0.23475480
0.15208149
0.25331807
0.18659425
0.20434141
0.18687606
0.26954269
0.25907493
0.25987196
0.21825600
0.23067522
0.19261408
0.23344493
0.26720357
0.25600481
0.27652740
0.22771072
0.31416893
0.25492954
0.23576379
0.27838087
0.22098565
0.22513723
0.27487731
0.23545790
0.22991419
0.26543188
0.19604731
0.21401381
0.26330638
0.21466970
0.27696753
0.22948647
0.30258822
0.22732353
0.24598718
0.28039694
0.23522234
0.31868911
0.19574785
0.21763682
0.20322132
0.24486971
0.23860192
0.28240919
0.34889507
0.25395846
0.32036090
0.21896815
0.23833251
0.25946951
0.23608994
0.20726252
0.16774750
0.23382330
0.31802511
0.27187753
0.27974439
0.24882483
0.20469093
0.23614335
0.36030626
0.23329520
0.24182296
0.26374125
0.33788323
0.30126858
0.26412892
0.25182438
0.21396923
0.21915913
0.34054446
0.22286868
0.15460157
0.24347758
0.40514755
0.29467940
0.29280043
0.28520536
0.25531244
0.22992611
0.19251108
0.26705408
0.31606126
0.24670386
0.26155734
0.25131035
