0.05600572
0.23429465
0.31908464
0.28811336
0.26435900
0.27339649
0.28776097
0.25327373
0.31308842
0.27889824
0.28726983
0.25354004
0.24093699
0.35116029
0.25452352
0.19590521
0.31034636
0.24334669
0.29946923
0.27962804
0.26908445
0.30886507
0.29943442
0.25072956
0.28300953
0.28895664
0.27216363
0.25251698
0.23258972
0.25212336
0.27253294
0.27892137
0.32871580
0.32316613
0.18223548
0.30306411
0.16971564
0.29785991
0.25674891
0.31280565
0.24322414
0.24215961
0.27273703
0.30033994
0.32467294
0.27413821
0.17461419
0.22583055
0.22533441
0.33428240
0.26714540
0.26988959
0.16187334
0.31789351
0.28176951
0.30865288
0.26954746
0.17457652
0.34619236
0.30133033
0.26328087
0.32405591
0.27324843
0.32191110
0.27111650
0.18318725
0.23434782
0.26101017
0.21945810
0.28022265
0.32371998
0.26125407
0.23983622
0.23951674
0.25754642
0.27104211
0.27288675
0.14025617
0.32218528
0.28810668
0.32464337
0.28728771
0.24722385
0.28090453
0.30614114
0.31198931
0.26872969
0.23814774
0.25099921
0.30017591
0.28833771
0.27996182
0.27289462
0.26730895
0.26287460
0.30647278
0.24230051
0.28688335
0.24494123
0.28118181
0.22531223
0.28481507
0.18299675
0.24999976
0.22929668
0.33169508
0.24020696
0.23155284
0.25085950
0.27653980
0.25636649
0.19478750
0.28354955
0.25192022
0.23552299
0.21577764
0.24274969
0.27864504
0.29017305
0.21190262
0.33147860
0.21333337
0.19488287
0.17239904
0.27305722
0.30035114
0.23752475
0.22131753
0.22152925
0.24324846
0.22572041
0.27068543
0.25315380
0.42180920
0.24568009
0.26229000
0.25970149
0.25740409
0.22177100
0.23784542
0.24314857
0.26466799
0.21656299
0.17508793
0.24174929
0.17198348
0.25617790
0.27210784
0.27835679
0.24175262
0.23432708
0.27264977
0.23303747
0.30167580
0.22952962
0.25504279
0.27538371
0.26854444
0.29927778
0.18604684
0.25125313
0.27572608
0.27430010
0.21253347
0.30204821
0.28463960
0.30847168
0.25215220
0.29226184
0.30026841
0.23761868
0.20130205
0.18431258
0.18379307
0.28347039
0.29281998
0.27512693
0.18703842
0.33945179
0.26035309
0.27791786
0.27833509
0.32688284
0.23480844
0.27452683
0.24459481
0.30987120
0.24045849
0.30426002
0.23808146
0.31576347
0.29958630
0.30532670
0.26504803
0.31741714
0.21362185
0.31907248
0.29061508
0.21996546
0.31294227
0.19209743
0.38037181
0.30870700
0.28917646
0.20871806
0.25425482
0.27251506
0.22686410
0.26745653
0.25855780
0.28762770
0.27037024
0.30644846
0.29203033
0.28962994
0.25193262
0.27891588
0.24095130
0.30097032
0.29094291
0.30349088
0.24381256
0.22416353
0.27569103
0.22402978
0.21328235
0.20546103
0.22925711
0.31856179
0.21090078
0.24610853
0.23782253
0.24780130
0.25393319
0.22419047
0.26754189
0.20772052
0.25636840
0.21610284
0.24189377
0.18995309
0.16168547
0.19243073
0.15986609
0.19709086
0.18187022
0.23319840
0.19924688
0.23997068
0.32276559
0.30141306
0.24285126
0.23373055
0.29572487
0.26499534
0.24560642
0.23944139
0.15722489
0.28643775
0.26500034
0.25992966
0.27674341
0.27356362
0.29972076
0.25059342
0.31530046
0.21164918
0.24155760
0.26898098
0.25673461
0.22533846
0.20236683
0.23643827
0.21351814
0.27122450
0.26566243
0.24234009
0.28584766
0.28163362
0.20853090
0.30356598
0.28784180
0.23314023
0.32064700
0.12745857
0.18760371
0.15241408
0.14242792
0.24468994
0.18272376
0.19433594
0.25782919
0.18605256
0.26741934
0.27491117
0.42437959
0.28391576
0.24675298
0.25509095
0.32233620
0.15562081
0.20722437
0.27074003
0.27702069
0.25197387
0.27034378
0.17031980
0.34515095
0.29358530
0.31480575
0.29891014
0.28531694
0.24522042
0.25405407
0.26720357
0.38329625
0.28904486
0.21403050
0.33401871
0.24821401
0.28133965
0.26186323
0.20862460
0.24610996
0.29146242
0.19328022
0.23672462
0.24815631
0.29389262
0.28423524
0.29757929
0.18747306
0.29826522
0.26707697
0.26454926
0.30143619
0.32973528
0.26790500
0.32525420
0.27117562
0.25270963
0.26336408
0.32176042
0.29480577
0.27409863
0.25900698
0.29697776
0.26976085
0.28990555
0.22033238
0.17018461
0.25421429
0.24119496
0.27423167
0.29243135
0.16336226
0.28692746
0.26325607
0.27474236
0.28796792
0.24714851
0.27736831
0.27624011
0.28011227
0.27964616
0.22826195
0.27136707
0.27096605
0.26330209
0.22790861
0.25574970
0.22949934
0.25322533
0.24241710
0.28079104
0.25118780
0.29260826
0.25181937
0.19270062
0.22924137
