0.06437683
0.21748710
0.23776841
0.27767801
0.22560167
0.27644658
0.29996967
0.24943042
0.31090689
0.30549383
0.26261926
0.29340577
0.25709176
0.30592632
0.28092265
0.28256512
0.28928757
0.25775266
0.23182917
0.26150227
0.32001543
0.24503183
0.28015995
0.31362557
0.29509735
0.32226062
0.24923944
0.28730989
0.27878952
0.28048229
0.32942104
0.28486514
0.25562739
0.25668693
0.27736807
0.25819325
0.22460961
0.26477408
0.25867510
0.19478297
0.25736260
0.20718431
0.24704385
0.31597853
0.35315442
0.19168019
0.21782970
0.24503922
0.22629285
0.29228878
0.20816040
0.19094610
0.21876502
0.27602959
0.24220300
0.25182605
0.22611928
0.31731224
0.28486037
0.18913913
0.28680110
0.36873627
0.21250987
0.24755096
0.26067448
0.33622956
0.36709690
0.31236959
0.22808027
0.28351521
0.32792115
0.29523015
0.32199478
0.36384177
0.27827859
0.28880596
0.26417184
0.29623842
0.26207948
0.29533505
0.24662042
0.25940251
0.24388885
0.30249023
0.22315502
0.22739792
0.25875163
0.33143330
0.38170838
0.30193710
0.22026110
0.37189150
0.27656150
0.24483347
0.30705833
0.23765945
0.34685278
0.35793376
0.32726979
0.25074172
0.29941297
0.35721183
0.25116944
0.18327308
0.19896960
0.25816488
0.28938317
0.26170182
0.26673889
0.21955752
0.23468781
0.22995448
0.22753286
0.25419497
0.28763628
0.24362111
0.22866440
0.16909432
0.28504872
0.24927092
0.24483204
0.27096319
0.33684397
0.35284352
0.28304434
0.17385435
0.24570346
0.18606186
0.17366195
0.17771101
0.22167540
0.17925119
0.19050455
0.19360852
0.24418521
0.27183414
0.31235099
0.20772624
0.29697037
0.27730536
0.23102379
0.44772243
0.35875440
0.37922835
0.38895869
0.39844227
0.32689047
0.29989266
0.36856198
0.27145457
0.24031878
0.24943876
0.34848022
0.21372247
0.29665780
0.23754692
0.29185152
0.29469681
0.27342939
0.18755460
0.26183224
0.21334648
0.31378317
0.24811172
0.38278341
0.31092167
0.29311180
0.30115867
0.33362436
0.25314641
0.27606678
0.29392338
0.24422622
0.19957042
0.27880073
0.26891756
0.26212263
0.28762913
0.29589081
0.18953681
0.31101990
0.18057728
0.14732075
0.16665936
0.23753285
0.18862176
0.16380906
0.22783399
0.23143554
0.29950118
0.23254609
0.27233386
0.24635434
0.23138380
0.29220819
0.32186007
0.22854400
0.27576947
0.18465877
0.36169362
0.22954631
0.30095744
0.24327517
0.18383336
0.19065309
0.25452137
0.25759292
0.27525997
0.31001759
0.16505456
0.32351470
0.30346036
0.27682066
0.21726823
0.25330329
0.22316790
0.37312579
0.27858686
0.28717041
0.32298684
0.21428251
0.29764438
0.27801442
0.39203477
0.30789113
0.18660927
0.21874475
0.14913130
0.31175566
0.25212097
0.30200577
0.25659275
0.26496911
0.21259427
0.28417444
0.31457853
0.27443695
0.28449464
0.42071414
0.29851842
0.28635263
0.28655577
0.21882010
0.33134031
0.30346155
0.29277563
0.26413918
0.25746918
0.19950914
0.22439957
0.15058136
0.16408277
0.20937681
0.31674814
0.24940848
0.29342079
0.22307539
0.29408765
0.28222537
0.24378181
0.25021410
0.22658849
0.25290251
0.22486043
0.18419957
0.24324012
0.28516793
0.20535088
0.22175765
0.25922704
0.38845754
0.31347179
0.27998185
0.26076674
0.21588826
0.27262712
0.24169374
0.27797699
0.26906824
0.24167585
0.24384904
0.31576204
0.22699142
0.26964235
0.29435492
0.25523186
0.21944499
0.17354727
0.22015333
0.22190070
0.18087673
0.35320687
0.23113799
0.27138734
0.32281852
0.24584007
0.27560234
0.27975273
0.20877433
0.29905033
0.29689407
0.22512484
0.27763081
0.24253607
0.24673796
0.23187137
0.28323388
0.23029327
0.21952152
0.28167677
0.27326298
0.28344798
0.27306080
0.22944903
0.23629379
0.34276843
0.27485824
0.21955419
0.27804542
0.23929048
0.26846242
0.31331801
0.19968104
0.24662566
0.24124527
0.31638455
0.20702267
0.21177530
0.27496529
0.17589736
0.14449978
0.21265173
0.31588054
0.30691338
0.23873329
0.21999741
0.22842145
0.24254656
0.22060847
0.22385383
0.22499657
0.30949211
0.24582767
0.31305957
0.30310798
0.26891184
0.19737339
0.30349874
0.31283593
0.26426506
0.24870586
0.30474377
0.25389194
0.30163240
0.26256418
0.23275757
0.23701191
0.22184968
0.31380367
0.33634949
0.26848865
0.15594292
0.24840164
0.22696519
0.22199154
0.26414537
0.20660353
0.19980717
0.24737787
0.31353307
0.23261833
0.20771265
0.28288221
0.31697750
0.28852749
0.29881001
0.19266987
0.29427075
0.31567430
0.35403895
0.28309584
0.27651024
0.23293638
0.30768800
0.24131346
0.25610185
0.30925202
0.22222424
0.20076537
0.26522684
0.26385546
0.22254205
0.23841715
0.23405457
0.28983641
0.25271058
0.27585173
0.21055675
0.28336191
0.22105098
0.18809628
0.27489805
0.22135425
0.29219127
0.16677213
0.33525777
0.23702455
0.32261682
0.33776307
0.24110770
0.24541163
0.23011994
0.25528646
0.24504614
0.27288127
0.25867724
0.27939153
0.22665882
0.22300529
0.25644755
0.20771670
0.23087311
0.28773546
0.31400251
0.14877152
0.24507642
0.21982908
0.20364499
0.24450159
0.23323917
0.20466089
0.24261832
0.33513069
0.32334185
0.24984026
0.23917747
0.23023653
0.32277966
0.30658436
0.31503272
0.35083747
0.28538871
0.30261207
0.34312701
0.25000358
0.26385450
0.28792429
0.27854872
0.27015352
0.40063238
0.20262551
0.20919752
0.20539904
0.31757450
0.31441307
0.26158953
0.27175307
0.28454494
0.28477645
0.23502374
0.33994818
0.25564909
0.21716404
0.29683232
0.30609298
0.28446651
0.31348348
0.31822181
0.23347783
0.24741697
0.22807860
0.26414990
0.31742859
0.28799105
0.25812650
0.25976014
0.26179743
0.25397730
0.25833678
0.29656315
0.32450795
0.29851198
0.29847455
0.28576136
0.35923076
0.27985358
0.23417878
0.16993976
0.20000553
0.24060869
0.22959161
0.21565700
0.26469612
0.22914743
0.26129127
0.23422503
0.11829710
0.27590394
0.21219802
0.22433329
0.24587512
0.24775720
0.16773224
0.24730492
0.31050730
0.25022101
0.28761888
0.29969621
0.22566342
0.21805310
0.24512815
0.20520926
0.27721143
0.22912788
0.20709968
0.21709347
0.22136164
0.22999310
0.29015446
0.25006676
0.25529027
0.26686120
0.23655295
0.30515838
0.28630614
0.26917672
0.27710104
0.27857971
0.24070835
0.24163079
0.24250364
0.20203686
0.31905818
0.27694798
0.27074122
0.25114799
0.19573951
0.24923396
0.16083884
0.25303531
0.22833467
0.23516107
0.18251920
0.26331043
0.23779511
0.24666572
0.22512698
0.22147036
0.24839616
0.24872279
0.21103215
0.22362471
0.30027032
0.21758461
0.28254986
0.25635576
0.23461103
0.21607590
0.23938394
0.25649834
0.32982254
0.26950479
0.28551149
0.30496645
0.27597690
0.17832184
0.27919483
0.26980615
0.19092631
0.22865009
0.21859050
0.20638347
0.21868873
0.28020859
0.21671653
0.22711587
0.26142526
0.21422124
0.19363570
0.18007946
0.25939465
0.29353237
0.30691218
0.23578691
0.26951933
0.25137067
0.26474452
0.29853177
0.20286107
0.22945738
0.30747604
0.24785519
0.25412440
0.14938354
0.21048498
0.30448461
0.28942537
0.23972392
0.31897902
0.27365637
0.24011922
0.28876591
0.25622439
0.27000213
0.30790901
0.25098300
0.26774859
0.26229262
0.24825454
0.27301073
0.28295493
0.24982023
0.25399590
0.29163957
0.22029901
0.27018619
0.27534580
0.29182053
0.24823070
0.15236092
0.15898299
0.27909350
0.25537586
0.31259394
0.23695946
0.23543382
0.27077985
0.26763153
0.24544525
0.22397351
0.21663117
