0.07067323
0.23711371
0.23137617
0.34617853
0.26094055
0.28091574
0.21136856
0.24675560
0.23384690
0.13787150
0.17737103
0.29346418
0.20136237
0.22979212
0.32430792
0.35987163
0.25585699
0.30839753
0.21307778
0.24055505
0.28254199
0.26452398
0.37082195
0.26909065
0.27200174
0.27767944
0.24966049
0.26396346
0.29061294
0.26491165
0.25736713
0.25220084
0.23795104
0.23860145
0.15776396
0.31259608
0.25581336
0.24200392
0.20735574
0.25833821
0.20887423
0.28363729
0.18798375
0.29288507
0.26195478
0.31895256
0.25934601
0.24025464
0.29336095
0.24830437
0.26966786
0.26135397
0.23079920
0.28535461
0.28308415
0.30316782
0.32270193
0.28345537
0.23588490
0.28513312
0.22659779
0.24686408
0.27582955
0.27514029
0.22880220
0.27906108
0.32597160
0.30385590
0.22816968
0.29841566
0.24320173
0.31128550
0.21393156
0.19765639
0.25198340
0.24428272
0.22496915
0.24528742
0.29433680
0.31156850
0.28952408
0.26337385
0.26305413
0.21620297
0.24592209
0.23132324
0.23937893
0.24042869
0.22618365
0.23215008
0.25910163
0.24824262
0.23853588
0.23485637
0.24125051
0.21413827
0.36331558
0.26737428
0.27217507
0.27333927
0.22143984
0.29655170
0.38227034
0.31322241
0.12272882
0.14368320
0.21636200
0.25799918
0.23449039
0.22416973
0.23725367
0.31852674
0.26285577
0.18718004
0.31633186
0.28082609
0.27284884
0.30218506
0.22969961
0.26474810
0.21039438
0.24981403
0.28825164
0.25240993
0.22229981
0.25888705
0.23311114
0.28248048
0.26638150
0.25926566
0.23276114
0.25360107
0.24690723
0.27527332
0.22178102
0.34691620
0.26033592
0.22834373
0.32164264
0.23999834
0.23521638
0.21237588
0.24975681
0.22454071
0.29941058
0.28334308
0.22906804
0.20506620
0.29130673
0.26550722
0.26176834
0.20658278
0.23597026
0.19992232
0.29710007
0.27069354
0.28543830
0.27035308
0.28035092
0.25143313
0.26906633
0.20245194
0.26258016
0.30704904
0.19616866
0.27875209
0.29613686
0.27901769
0.20574999
0.18567514
0.29735708
0.24336648
0.19697881
0.29971814
0.27618861
0.13451028
0.18950748
0.16102433
0.16429448
0.19926929
0.14946795
0.24496055
0.24762321
0.25147319
0.19639325
0.25404930
0.28530025
0.25764513
0.28752685
0.31557894
0.26644015
0.31310892
0.21292949
0.18373871
0.30231071
0.32452273
0.21607304
0.30370784
0.25141096
0.28647137
0.29801893
0.37429500
0.31231451
0.24434948
0.37483907
0.27330637
0.23381042
0.27466464
0.25868201
0.29187155
0.29569340
0.26098537
0.26782560
0.24276090
0.31554103
0.20422649
0.31768751
0.29006648
0.26100016
0.23659396
0.30075884
0.33637381
0.26606536
0.23931336
0.27094936
0.19606376
0.23469424
0.21204257
0.21061349
0.25653315
0.28508759
0.23531580
0.27646065
0.25563550
0.24203753
0.23321009
0.23619986
0.25572109
0.31276751
0.21802473
0.17602134
0.16902828
0.27627754
0.25437593
0.29136205
0.22293878
0.27599144
0.30980968
0.25281429
0.28375316
0.28085089
0.31035781
0.28181553
0.22903562
0.22491622
0.26963878
0.25731659
0.21457577
0.29207182
0.30322146
0.27239013
0.26817846
0.28169513
0.28147364
0.33802176
0.24885488
0.34928489
0.24897575
0.30370283
0.25595403
0.22112298
0.39673996
0.35874510
0.29043770
0.41424942
0.27533484
0.26485252
0.31416631
0.31532478
0.40229869
0.27198625
0.24045706
0.27836776
0.21384549
0.23680353
0.31570148
0.32324147
0.23573160
0.14868546
0.27182055
0.30389452
0.30002904
0.28402972
0.28897643
0.19582438
0.16510201
0.24210572
0.22718358
0.31753683
0.23866153
0.25986242
0.26972938
0.19752216
0.30758214
0.31415462
0.27119756
0.16866970
0.32679701
0.29495859
0.23483372
0.25074983
0.18058467
0.23217845
0.24144149
0.26963592
0.21094513
0.29829741
0.25242376
0.18531156
0.32700348
0.19968557
0.18388700
0.19966888
0.22011471
0.24026370
0.32029939
0.19351125
0.26584196
0.15596938
0.26033568
0.20654678
0.19945049
0.25283265
0.22559166
0.23500633
0.24732804
0.34636521
0.25643301
0.27599144
0.26741004
0.26837993
0.28780723
0.16033649
0.26014066
0.25186372
0.32448268
0.25947189
0.30521655
0.27637768
0.29622483
0.24466658
0.24276304
0.27163601
0.21749473
0.22199345
0.20937061
0.26457810
