0.06176734
0.28937364
0.27893376
0.31025648
0.22399330
0.26392889
0.25933266
0.26850891
0.15665936
0.18182898
0.30018330
0.26548696
0.24669480
0.29696155
0.26250911
0.16131496
0.28340268
0.26822305
0.29141665
0.27392936
0.23616982
0.24352431
0.25316191
0.31609559
0.32009602
0.33448005
0.23545074
0.24498272
0.22243738
0.28967690
0.33078575
0.26544595
0.19968677
0.22307944
0.27668786
0.27699876
0.21606660
0.20772982
0.23594856
0.23575282
0.25256467
0.16655016
0.20926404
0.17061567
0.17442298
0.16512704
0.21293688
0.29132533
0.27087307
0.23959804
0.24967933
0.24946213
0.22566009
0.21084690
0.23783803
0.23210025
0.23871469
0.25640249
0.23403835
0.25697064
0.22931194
0.21798587
0.21170998
0.31348372
0.24551082
0.22728324
0.27357459
0.40180945
0.29011083
0.25356007
0.31876564
0.33325410
0.27921200
0.22657871
0.26528168
0.22843027
0.23646379
0.26251078
0.34397864
0.18661857
0.23989916
0.29977870
0.22710586
0.25087357
0.18898201
0.34486461
0.29057026
0.29905772
0.24943280
0.19470787
0.22644401
0.20771885
0.38849139
0.21882224
0.17068577
0.27423143
0.20321012
0.22911859
0.35259914
0.27574515
0.26011705
0.31879735
0.26407385
0.29256177
0.27849865
0.31040049
0.29206538
0.29847670
0.26671696
0.26977015
0.29864883
0.28570628
0.24857664
0.27708411
0.26251554
0.28434110
0.21007633
0.31635308
0.17945027
0.30913997
0.24104714
0.28798532
0.23450732
0.30313015
0.26159954
0.28048158
0.23185921
0.23639512
0.22961140
0.18960214
0.25871372
0.20566821
0.21857548
0.23546338
0.21796966
0.27788806
0.31500435
0.25774813
0.26137280
0.28489685
0.29539895
0.26933742
0.30177760
0.25111580
0.24711466
0.22293806
0.26027608
0.23118496
0.23592877
0.16243291
0.15804172
0.18546486
0.18818426
0.19463968
0.27191496
0.26395750
0.24739003
0.29741883
0.25091076
0.26083469
0.35888839
0.25658703
0.13314652
0.13202858
0.16637564
0.17415404
0.15272856
0.18554187
0.22189760
0.21713066
0.20923352
0.20005703
0.22123170
0.17690706
0.19145465
0.21778393
0.23209167
0.28286767
0.23933601
0.24113917
0.15261221
0.21262789
0.27237630
0.27784109
0.25556564
0.27498436
0.31188154
0.20458841
0.21354198
0.32202482
0.27250767
0.23556900
0.28017163
0.25256920
0.22990584
0.28416467
0.23126864
0.25498581
0.25705528
0.33015442
0.23384547
0.29308510
0.28824353
0.26051354
0.24323320
0.20066738
0.25571251
0.29189730
0.24129367
0.29293489
0.30627537
0.24046993
0.26383829
0.30078959
0.29635453
0.23317504
0.25775743
0.24260521
0.24813008
0.23824573
0.21123075
0.23584533
0.24142742
0.23109555
0.27855968
0.23976159
0.26820111
0.23868775
0.24481010
0.22943926
0.26933694
0.27634048
0.28492975
0.27192426
0.25450087
0.39387202
0.31146026
0.28137064
0.21508169
0.20434237
0.26397514
0.26172519
0.30672455
0.25071549
0.26001120
0.20163989
0.25207782
0.26879740
0.41463971
0.31481194
0.26140213
0.28693795
0.28117967
0.34603214
0.26826620
0.33515716
0.28744984
0.30121255
0.24148107
0.26754665
0.23238707
0.24066520
0.22986269
0.21361208
0.19179153
0.19144344
0.26997209
0.22855163
0.31288409
0.27144361
0.22004747
0.33034468
0.26070833
0.20617962
0.34160233
0.17150712
0.14521050
0.31586242
0.23910165
0.25412846
0.23298240
0.21855021
0.27010703
0.26730204
0.38348246
0.24132752
0.21885252
0.26545835
0.28514218
0.29249287
0.34707069
0.23293376
0.27906179
0.23170328
0.21151400
0.27063179
0.21710277
0.28273559
0.28684092
0.25465393
0.26246238
0.22038674
0.26966548
0.26035380
0.19129276
0.22159123
0.25984383
0.22273850
0.23271728
0.25633383
0.28492117
0.26441860
0.18199372
0.18530536
0.27787209
0.17376018
0.24826479
0.24571157
0.31690502
0.20820475
0.22582555
0.24429369
0.28692341
0.24163580
0.25205684
0.22062659
0.23092413
0.26726174
0.21599245
0.18705177
0.23063207
0.20359015
0.15262413
0.22774005
0.20533609
0.25104332
0.23241401
0.28418756
0.23342967
0.19707036
0.17705035
0.18233037
0.17878962
0.16865563
0.31627750
0.24413466
0.25180626
0.25043964
0.22308016
0.24624085
0.23190546
0.26970768
0.27771950
0.27760410
0.27827930
0.29322696
0.22662568
0.26594234
0.29765248
0.29588842
0.23705649
0.28490090
0.21173668
0.28645515
0.28790140
0.26001334
0.26509643
0.23231030
0.22787929
0.26508951
0.32662845
0.31111693
0.27385283
0.28735018
0.26456332
0.22637415
0.29944086
0.26993608
0.26067591
0.29757380
0.20894814
0.24168563
0.23017645
0.20420456
0.23432231
0.21684337
0.25807261
0.26094151
0.26235771
0.27300549
0.22868943
0.22221327
0.29238844
0.25826812
0.19904184
0.24263096
0.18297148
0.27635717
0.23210382
0.22978067
0.32509518
0.27135730
0.31016350
0.31139517
0.26270366
0.24127984
0.27899647
0.26180792
0.32137918
0.31116080
0.26189566
0.24436378
0.24805188
0.19157577
0.19983745
0.20696282
0.19777775
0.22765160
0.22725511
0.21185160
0.23788333
0.27817893
0.24411750
0.22781372
0.23166132
0.19553375
0.31843376
0.26759529
0.26157951
0.28976393
0.26615119
0.32621837
0.22048497
0.24881029
0.32803202
0.21328688
0.29983592
0.21859908
0.23643708
0.25614762
0.28246808
0.25358653
0.30494571
0.29694200
0.24323964
0.26545238
0.28825617
0.26665163
0.30686355
0.26646399
0.19602704
0.23987603
0.25333667
0.16970062
0.24210739
0.16018295
0.19211793
0.36132312
0.22192097
0.22426343
0.24371600
0.31200123
0.16620159
0.23785830
0.23675537
0.19730258
0.28183007
0.15236473
0.18015575
0.21067405
0.20189190
0.15902591
0.13002062
0.23346949
0.20368338
0.22664285
0.24437380
0.25170708
0.22360110
0.17383289
0.24514675
0.24614906
0.34171486
0.28247213
0.24590015
0.22473478
0.19794202
0.20446014
0.27565026
0.25297332
0.30221963
0.24054337
0.24504232
