0.04194331
0.27049637
0.29085541
0.13843465
0.20606899
0.25532031
0.24666500
0.27905321
0.26769376
0.27414799
0.26717734
0.28725767
0.24593401
0.31279778
0.21492219
0.26838827
0.15775585
0.22144246
0.25112176
0.28981185
0.24211121
0.21100545
0.23028016
0.26598954
0.34906602
0.24127889
0.27088046
0.24153829
0.17785835
0.30730486
0.20949340
0.26012373
0.29374838
0.24157882
0.16816258
0.14685726
0.20301414
0.29370666
0.22329116
0.23495579
0.24532104
0.24618578
0.33176565
0.23290968
0.33889484
0.19599533
0.24868679
0.30949855
0.28152561
0.23930144
0.25054121
0.32971430
0.29250574
0.17883015
0.26509428
0.22547579
0.21622157
0.18746257
0.23946214
0.24228096
0.28647470
0.24769378
0.25598383
0.31126785
0.24520516
0.23963356
0.26528287
0.23818111
0.25478673
0.32127285
0.32232022
0.30584264
0.24429965
0.20842099
0.25856543
0.40491056
0.26934314
0.18306351
0.26506662
0.22736669
0.21318865
0.21870375
0.24253345
0.27749729
0.31717610
0.21813560
0.26049066
0.33434987
0.23192620
0.24676251
0.33794475
0.17110634
0.14943862
0.20503378
0.22380900
0.23259401
0.22816324
0.27009392
0.19855571
0.27921343
0.29453635
0.28588963
0.24366784
0.30682325
0.24386907
0.31799436
0.27905893
0.28382397
0.24514937
0.20953178
0.23350835
0.27842641
0.23052311
0.19520712
0.18377423
0.17046094
0.24357843
0.18141842
0.28485966
0.20444560
0.22989655
0.27806997
0.22953415
0.31273460
0.25743246
0.20856953
0.25548720
0.29211974
0.31677628
0.30589557
0.25645208
0.26202440
0.25683808
0.25070667
0.26011109
0.24809146
0.27188945
0.23766041
0.22219515
0.36882401
0.16710544
0.28501749
0.24151540
0.23218060
0.18746591
0.27939677
0.27476931
0.27960849
0.28409386
0.22185373
0.22342157
0.28792119
0.21860909
0.26228881
0.22573376
0.27870417
0.22020292
0.23006797
0.25749159
0.20617628
0.24527049
0.27902985
0.31223917
0.25086546
0.20082331
0.22206736
0.22631168
0.25925088
0.31898642
0.24165726
0.28241467
0.25566292
0.18944693
0.18738770
0.33752346
0.27961326
0.21882915
0.22554040
0.25351214
0.31771088
0.27902198
0.24516797
0.23354125
0.26183105
0.28942966
0.33357620
0.29625416
0.29388976
0.33502507
0.32501531
0.37834048
0.33061719
0.26298022
0.35257602
0.36549854
0.26230478
0.27735662
0.38193393
0.33807158
0.28197122
0.28531647
0.25044584
0.22534633
0.25489116
0.24121094
0.28170133
0.34391379
0.25598121
0.29676461
0.40415835
0.17952681
0.30230904
0.35422468
0.25039554
0.17993784
0.18765450
0.21299815
0.22036195
0.22914076
0.25681925
0.25578213
0.15337133
0.23347569
0.23523092
0.15718913
0.19487453
0.29457140
0.24608827
0.30670953
0.34007144
0.26154852
0.25305009
0.27381468
0.33929920
0.24587202
0.26986217
0.29183793
0.23186016
0.18637943
0.25819993
0.23887873
0.21230030
0.23654008
0.20566535
0.26125669
0.31849313
0.20711088
0.25599027
0.23961425
0.28030062
0.18075609
0.23042393
0.28819013
0.21573830
0.23360205
0.24798775
0.23202729
0.30634427
0.23657560
0.17823029
0.22280478
0.28206468
0.28093553
0.28207111
0.21657109
0.30926776
0.36788487
0.31440091
0.20431328
0.30315137
0.32429004
0.24914670
0.17544055
0.19279790
0.27276516
0.24839306
0.21550274
0.19482231
0.21656251
0.30098462
0.26420164
0.28135228
0.23814464
0.22341633
0.19793010
0.21861362
0.39310908
0.23928356
0.35242987
0.27296400
0.19491100
0.25259233
0.22832918
0.24197102
0.27779412
0.26759195
0.26063657
0.24388075
0.24643087
0.24292207
0.25479317
0.28580904
0.29984713
0.37869310
0.21630454
0.29745746
0.23714495
0.23413754
0.26299524
0.25053263
0.31135082
0.27985239
0.35189128
0.24336600
0.24884820
0.21877217
0.29489923
0.28793049
0.26860428
0.24319887
0.25873232
0.13451934
0.37684464
0.30709076
0.25890970
0.27135158
0.26517248
0.21974349
0.23642969
0.30814624
0.21699762
0.20967579
0.27428675
0.36527348
0.19054317
0.33425617
0.27287793
0.23964882
0.28907871
0.26631665
0.22889352
0.22522616
0.31446362
0.28421974
0.26163101
0.27511811
0.25076962
0.30114651
0.32102036
0.29030395
0.30173087
0.24457240
0.25775385
0.26585722
0.31973720
0.30105305
0.27506995
0.25247002
0.25233006
0.31422472
0.26718998
0.30221272
0.27162457
0.21934557
0.29703426
0.24230909
0.27181101
0.19304299
0.22977948
0.21301937
0.27264833
0.20856357
0.29531670
0.20457315
0.28147221
0.24526978
0.23781705
0.23266792
0.29019213
0.22381973
0.22992396
0.22083902
0.21963382
0.18293333
0.28727794
0.24867916
0.20033479
0.25445032
0.20846415
0.16764307
0.21080589
0.13956475
0.16410518
0.28344750
0.20709109
0.23417282
0.16708875
0.21853662
0.23027492
0.28986621
0.24013042
0.22142673
0.22492337
0.28941274
0.22056675
0.27482367
0.23709249
0.25918937
0.25390148
0.26101613
0.24823308
0.31073999
0.33650303
0.33008456
0.31834126
0.31067491
0.33205032
0.31651664
0.22265768
0.18848944
0.24001241
0.18246508
0.30950689
0.32205319
0.15513563
0.27344823
0.20098305
0.17966461
0.18204212
0.18377256
0.21695995
0.27902913
0.18076468
0.18586087
0.24374199
0.17247581
0.23467755
0.18092799
0.27591228
0.37882137
0.28833199
0.30892754
0.30072355
0.27675343
0.25131583
0.33402157
0.24899125
0.37531257
0.28788900
0.23833466
0.22390056
0.24219584
0.23654127
0.22907591
0.26221991
0.23043370
0.25781870
0.28195119
0.22624063
0.38992405
0.28435278
0.26223898
0.37132573
0.26623034
0.22004104
0.28804421
0.21871018
0.28661919
0.29026055
0.26996803
0.21508169
0.15133882
0.24087858
0.25728250
0.23409438
0.28042364
0.27257609
0.25800896
0.21144748
0.16753674
0.18999934
0.25649142
0.17892671
0.18963242
0.22584105
0.27389574
0.32338738
0.29508924
0.22142148
0.25295138
0.36363673
0.28866887
0.26544499
0.23330760
0.20832515
0.23411250
0.21858025
0.21994472
0.25723791
0.14406800
0.17849088
0.21830797
0.24725413
0.18655658
0.20587134
0.22610903
0.30943990
0.26305246
0.30203748
0.25471878
0.23343897
0.22059798
0.32218575
0.25249863
0.22017097
0.23366809
0.20810676
0.19581151
0.27843738
0.27463484
0.21657610
0.21150327
0.31227374
0.21891737
0.29361653
0.29633641
0.19257903
0.31647563
0.22094703
0.30080318
0.21776223
0.24419475
0.25769353
0.26323843
0.27916336
0.27009773
0.28771067
0.23711395
0.23035026
0.21748948
0.25215340
0.19231105
0.29190898
0.25873876
0.16412950
0.20733285
0.17194796
0.22604465
0.18668890
0.32515430
0.26248288
0.32257032
0.27421832
0.25476956
0.28843117
0.26263142
0.28290224
0.26153278
0.30791855
0.27201438
0.24665737
0.28216434
0.24709582
0.23578501
0.22149801
0.24751687
0.19674635
0.28334260
0.25833941
0.23812890
0.20842385
0.40660977
0.32252383
0.24587798
0.27557564
0.27514100
0.24409986
0.20092988
0.31346846
0.25249124
0.22150016
0.24153280
0.14136982
0.30840111
0.24265003
0.23590541
0.18424201
0.28027940
0.25251365
0.27540135
0.20256376
0.22926259
0.31539345
0.25156283
0.31082845
0.22438765
0.21301389
0.27393937
0.25295568
0.31356072
0.18632841
0.23054647
0.23998022
0.21496987
0.24254918
0.26638603
0.28494930
0.35812354
0.31679010
0.22483087
0.33847165
0.26761913
0.30460095
0.27276349
0.31201077
0.27758980
0.37469435
0.25975299
0.29384422
0.28069854
0.27266407
0.25064707
0.22710252
0.22390962
0.31599259
0.24534369
0.22791862
0.29629159
0.27304149
0.22300434
0.39163899
0.30951214
0.33010888
0.28078628
0.24427986
0.29200244
0.24383616
0.28410697
0.32089829
0.29940510
0.24418926
0.24304867
0.24834681
0.20412135
0.21471214
0.22787261
0.20201635
0.26696444
0.28617072
0.29434347
0.21907973
0.26673579
0.27862716
0.26794147
0.12640691
0.24980640
0.20550871
0.20940471
0.32269025
0.27486897
0.26165152
0.14887691
0.18481898
0.34565926
0.35283089
0.24353743
0.16390109
0.34436607
0.31938219
0.30481458
0.24353409
0.23803258
0.29425168
0.20013332
0.26419115
0.24090910
0.27285576
0.19694757
0.24371696
0.25646043
0.31679893
0.30815291
0.22047091
0.18023944
0.15866470
0.26393628
0.29035997
0.21108556
0.22570801
0.32597995
0.27128983
0.22782326
0.24420333
0.31543756
0.22799921
0.23830247
0.32859039
0.27988625
0.34053659
0.24791741
0.28682542
0.29045248
0.15649843
0.26724625
0.14488363
0.29638696
0.28546476
0.25902390
0.21602583
0.18654990
0.24587631
0.24632692
0.20205641
0.27797174
0.27149940
0.26230359
0.28135467
0.34293675
0.29976797
0.24643517
0.29938555
0.27058554
0.27343535
0.23008752
0.29315805
0.29746151
0.32519412
0.27582049
0.24454379
0.25437069
0.27993321
0.33188915
0.26716018
0.28397489
0.28127718
0.24978137
0.35625935
0.27605605
0.23983359
0.26132631
0.24251819
0.26432657
