0.14636064
0.27273226
0.24259257
0.21355581
0.26503420
0.26816773
0.28426409
0.27057695
0.25307488
0.20811486
0.25949955
0.27740598
0.29158187
0.27306581
0.31179905
0.19634295
0.32122564
0.31117940
0.24471641
0.24752808
0.39807796
0.26941729
0.22806907
0.23694992
0.20614886
0.20639467
0.26356483
0.20140314
0.22656322
0.21660757
0.35736251
0.24974990
0.26752162
0.23772860
0.26703310
0.16411138
0.27504420
0.30285192
0.22864151
0.32262444
0.25483274
0.27215743
0.24996662
0.23048592
0.27765274
0.28989840
0.29200959
0.30983710
0.32582307
0.22668004
0.27298784
0.27706957
0.21543121
0.25670862
0.27052546
0.27587891
0.25048447
0.21655107
0.19411421
0.34135985
0.20871425
0.29397202
0.22167015
0.26394057
0.27793980
0.21091962
0.21875787
0.17700648
0.20302343
0.27832699
0.27862906
0.18150067
0.25554752
0.21901131
0.23313117
0.26144409
0.38840342
0.27316475
0.26084757
0.24994254
0.29372072
0.28549099
0.26455832
0.30260205
0.26289272
0.21300864
0.21364164
0.27141857
0.26886129
0.24094367
0.24369121
0.28714848
0.29991770
0.22075486
0.23068523
0.24249434
0.26278281
0.23055172
0.23950887
0.24649906
0.24220300
0.21045542
0.20694780
0.27388692
0.24626040
0.24210310
0.21677184
0.28028202
0.19653392
0.17519736
0.24189115
0.20410752
0.38273406
0.29588461
0.22108507
0.23292565
0.23668504
0.15037346
0.23445344
0.22110462
0.20997763
0.28545117
0.28388333
0.13272595
0.27657270
0.31064177
0.24607849
0.17546320
0.31474781
0.25887156
0.23617005
0.25549841
0.27819252
0.26758909
0.21270585
0.20729542
0.28457785
0.25044179
0.21795321
0.24032879
0.27467179
0.25694895
0.27937317
0.24551988
0.30556297
0.29639578
0.28236580
0.22388697
0.22012663
0.23450756
0.27726078
0.18755817
0.22068954
0.27512527
0.27179742
0.15258765
0.19259214
0.22896934
0.24996161
0.25958395
0.31504679
0.27254677
0.21548057
0.24125767
0.17866206
0.18521810
0.21690726
0.30852723
0.25984240
0.30690980
0.27101660
0.25560522
0.25935769
0.20680976
0.27076006
0.22361803
0.23759604
0.20835710
0.31386852
0.26527977
0.26822424
0.27876663
0.24901295
0.23709488
0.25898266
0.26607227
0.28365827
0.24531293
0.24997282
0.16474676
0.25980425
0.19915652
0.21845341
0.24413729
0.24487185
0.29330826
0.24850941
0.25415850
0.26198506
0.26788378
0.30680871
0.27877903
0.38174987
0.27859497
0.28248668
0.23088074
0.22763443
0.25313807
0.26848698
0.27966666
0.25693107
0.23855138
0.21928406
0.25432920
0.23067021
0.25637770
0.27863073
0.25366426
0.30394435
0.30648422
0.18673038
0.17963862
0.25814724
0.21881413
0.23161125
0.28204155
0.25208163
0.13145685
0.25424695
0.22728539
0.29026103
0.28766537
0.16019392
0.28129864
0.26391864
0.16946340
0.23240614
0.25643086
0.22078323
0.21039295
0.29930258
0.29525185
0.30223179
0.23813391
0.24747539
0.33067966
0.25338554
0.24093676
0.23097515
0.20855761
0.20927334
0.29418325
0.29278612
0.33216476
0.23775077
0.25712204
0.23283339
0.25142312
0.21717286
0.21988678
0.24880886
0.23914027
0.27403831
0.18709707
0.32982206
0.23556757
0.29202795
0.25053620
0.20571756
0.20456839
0.24110436
0.24895501
0.23744941
0.25170851
0.23550916
0.30927587
0.29501033
0.26757741
0.29502392
0.28632903
0.23490739
0.28147507
0.23775172
0.23693991
0.22836471
0.23712659
0.21450591
0.24509406
0.21532369
0.22358060
0.15091705
0.23036528
0.17043543
0.24418974
0.28112078
0.20278096
0.24761248
0.23175335
0.28202009
0.24163389
0.23849821
0.22417974
0.25046492
0.22416592
0.23026395
0.22897029
0.26861739
0.24409533
0.24695921
0.28630018
0.27872849
0.16922450
0.22962332
0.24649215
0.21708202
0.22389865
0.31797504
0.19415212
0.27019763
0.22462320
0.25967169
0.13837743
0.13728642
0.23123097
0.19957900
0.24997163
0.20731306
0.21720147
0.21848965
0.22474527
0.20439935
0.21595645
0.15497351
0.16738605
