0.05751705
0.24360585
0.26278710
0.16884995
0.23433709
0.26120257
0.27650309
0.22644019
0.25496960
0.27446961
0.37102413
0.22356820
0.26836801
0.24264073
0.29632401
0.25437570
0.32077718
0.26498532
0.25206423
0.22254992
0.29689145
0.12871289
0.23763895
0.18387079
0.23481321
0.20935392
0.26693606
0.20061207
0.22806478
0.25123835
0.22438788
0.22414851
0.23824668
0.28552270
0.24645305
0.18251729
0.24818468
0.30702734
0.27563405
0.27554059
0.24486518
0.21090293
0.23898435
0.22674537
0.22120476
0.23806381
0.20982289
0.28031135
0.14299059
0.21686625
0.22960877
0.16840363
0.21010828
0.13822365
0.23427987
0.20918155
0.17718315
0.28439879
0.26620102
0.28677630
0.27026463
0.29354334
0.29472041
0.22576427
0.26073575
0.26996565
0.26105595
0.25176048
0.34780192
0.23615241
0.16000795
0.28444719
0.32893205
0.29595566
0.24499536
0.25136685
0.24505854
0.30451322
0.27764130
0.23871279
0.23040986
0.27631378
0.23763657
0.25239110
0.20986009
0.25510359
0.16253591
0.25005007
0.28065562
0.19662142
0.27960610
0.23925519
0.20432615
0.22798371
0.36681724
0.28762960
0.26043606
0.36248422
0.16851950
0.27190733
0.22179556
0.23758411
0.22896457
0.25231671
0.29846954
0.16378736
0.20349622
0.15285802
0.28052139
0.22769141
0.24269748
0.23531055
0.23124003
0.32705426
0.26286006
0.26611948
0.27065945
0.24904585
0.25894570
0.25240397
0.25579238
0.25815654
0.21439934
0.28729916
0.19108987
0.23381734
0.33998203
0.30418134
0.22037745
0.28751135
0.26118946
0.28408980
0.35213923
0.26801729
0.27933931
0.24091148
0.25113606
0.18533015
0.29278374
0.21292567
0.26443028
0.27721548
0.23338437
0.20947003
0.20325470
0.18637967
0.15692186
0.20864415
0.17410541
0.15929580
0.15926337
0.18292332
0.21815395
0.28499031
0.18991756
0.22789192
0.21684599
0.22080827
0.21917105
0.21772838
0.22067189
0.24593925
0.19932747
0.24962258
0.23673725
0.21187758
0.28252411
0.26722383
0.25805473
0.19543505
0.40757012
0.22710443
0.31907988
0.21998048
0.18291211
0.22998190
0.26071215
0.28224969
0.29738021
0.31312251
0.26289392
0.29919553
0.26947355
0.34051323
0.22665501
0.27667475
0.29268932
0.19804120
0.23539710
0.20247316
0.22608447
0.31932545
0.20968127
0.27425671
0.22980428
0.21170092
0.29587293
0.18956280
0.28109455
0.28109241
0.30716681
0.19917250
0.23242354
0.21164656
0.20601535
0.24261355
0.20290685
0.19405103
0.20793915
0.23667049
0.23965859
0.23344493
0.26448870
0.23735476
0.22639346
0.22882819
0.22756815
0.23300028
0.26824856
0.26536989
0.16015697
0.27415204
0.22678185
0.27948260
0.24162030
0.27813101
0.20731378
0.29838967
0.29368854
0.29922199
0.25385046
0.29243302
0.27806783
0.24627256
0.25744033
0.32620311
0.21308494
0.27106142
0.24308801
0.24139214
0.17946410
0.17909336
0.28239346
0.29123735
0.35107446
0.26214433
0.26008224
0.22078800
0.22153902
0.35267806
0.30839419
0.25879908
0.19584823
0.23089480
0.22478318
0.16433644
0.28101635
0.24866199
0.18218446
0.19323635
0.20003605
0.28661227
0.22571015
0.19526315
0.23746800
0.25621510
0.23896074
0.23781109
0.20603967
0.25592303
0.31746173
0.24994254
0.25241995
0.25837111
0.16478491
0.26245904
0.27709746
0.23055482
0.27616382
0.19756508
0.25494099
0.29767489
0.24360561
0.22656035
0.26404405
0.26369166
0.23058987
0.26146150
0.28203630
0.25440097
0.23375368
0.31334782
0.24120903
0.23546386
0.24838662
0.26404977
0.23776770
0.28143692
0.12400436
0.18714714
0.19047117
0.25928092
0.30393386
0.26554775
0.22961354
0.25722361
0.24335623
0.22397900
0.24801922
0.23661184
0.18679094
0.24705911
0.21033788
0.28191876
0.26802754
0.22408509
0.26773906
0.23353577
0.26098967
0.23690629
0.24960732
0.21566153
0.26192951
0.31472373
0.40199447
0.29126000
0.27911448
0.25784326
0.26623225
0.21308088
0.26339602
0.24911714
0.23712873
0.24297690
0.31181121
0.26298833
0.22230291
0.25370789
0.22540522
0.23598266
0.23936534
0.24300241
0.27072763
0.15874410
0.29489994
0.23006487
0.28402185
0.25144243
0.22198606
0.28303862
0.24103308
0.24382639
0.25991011
0.22680235
0.25318813
0.16118145
0.24803019
0.23005128
0.25425482
0.26104784
0.28078222
0.24884725
0.22287965
0.26133776
0.20078087
0.20863891
0.22499847
0.26998711
0.23921323
0.29662943
0.23187518
0.20098257
0.27338576
0.29715776
0.29084659
0.25322747
0.21936297
0.26384950
0.25439072
0.23139501
0.21495867
0.25016999
0.21879244
0.30372119
0.14028430
0.21946001
0.17917800
0.14594698
0.22650123
0.25732565
0.17653775
0.28787065
0.17968106
0.17947602
0.24825144
0.20979810
0.25212169
0.20256305
0.26897216
0.25671291
0.26888299
0.31035399
0.24211264
0.24326587
0.26534009
0.27068114
0.24411035
0.32839084
0.34169436
0.28196359
0.21503878
0.29948497
0.27625418
0.21550298
0.32526779
0.18929744
0.21717548
0.25667405
0.26519680
0.23960757
0.21871758
0.21202636
0.22723532
0.22368646
0.19791675
0.21504474
0.22477436
0.29457808
0.25958991
0.21939993
0.27238035
0.32220173
0.23680544
0.19553185
0.20071864
0.27694225
0.25592566
0.22796655
0.24549651
0.22236490
0.21983337
0.22896457
0.23934913
0.25807929
0.29015946
0.26473403
0.29313946
0.27051997
0.20427799
0.28701472
0.26700234
0.29807568
0.28798962
0.29988050
0.27895617
0.29991674
0.32696104
0.26211882
0.26755190
0.26060438
0.27422619
0.23834038
0.18651319
0.20132136
0.27596498
0.27094054
0.28679299
0.27956939
0.15179133
0.20947480
0.17945218
0.25060463
0.31495762
0.25114012
0.23227072
0.23345995
0.22128534
0.37342167
0.32655215
0.23306417
0.23756981
0.18696666
0.21653914
0.20074511
0.18636823
0.21917987
0.22812128
0.19806433
0.22893834
0.19037414
0.30780649
0.26420164
0.27681994
0.12151289
0.20053720
0.25646615
0.16190815
0.22118425
0.28127170
0.23379803
0.17321420
0.23943257
0.21280122
0.18259835
0.15813351
0.29590440
0.20941257
0.25080872
0.18928194
0.19570327
0.22773194
0.36960196
0.23570704
0.24291110
0.19199324
0.27855134
0.27788758
0.23779893
0.23455095
0.22492242
0.23227453
0.33442450
0.29664373
0.24736929
0.24951386
0.27942204
0.15632248
0.13693929
0.30593419
0.23835778
0.29923058
0.28997397
0.24577785
0.24117565
0.18228889
0.23988128
0.24778008
0.21553922
0.26914573
0.12619686
0.16319871
0.28340459
0.22697186
0.20026994
0.24934888
0.33422256
0.33030510
0.35389829
0.22636652
0.18434286
0.19333744
0.19268632
0.15358639
0.26494503
0.31309271
0.32113695
0.28102493
0.25401211
0.27013159
0.23428798
0.19475484
0.25000072
0.31568193
0.31626558
0.39581466
0.33882427
0.31425071
0.28228736
0.27683496
0.25059485
0.23218036
0.26928401
0.31775975
0.27625847
0.25607562
0.26090240
0.27072406
0.29022050
0.27908230
0.24534655
0.29198098
0.30160785
0.27414417
0.23812366
0.26280618
