0.04164147
0.32128072
0.27239037
0.19742918
0.28582144
0.20245957
0.26009727
0.22381711
0.22916389
0.23785901
0.15257192
0.22980404
0.20516253
0.23765373
0.19532442
0.16632819
0.19171095
0.25272298
0.25706911
0.27873826
0.28252006
0.30487084
0.23755264
0.22832704
0.21275330
0.16606092
0.29123950
0.30114055
0.26521230
0.15685773
0.22118640
0.16226363
0.30276012
0.27612948
0.33609009
0.23783922
0.29735613
0.15831542
0.25659084
0.24800467
0.24173021
0.28978848
0.23707104
0.27987289
0.28137803
0.20984888
0.24465990
0.21757364
0.12909293
0.18787217
0.20780015
0.27540016
0.31424308
0.25466132
0.20200634
0.20507145
0.25800204
0.28127623
0.25966811
0.25224996
0.30047727
0.21891785
0.20323110
0.22117567
0.22198272
0.27374649
0.21901202
0.22549200
0.25393844
0.23307061
0.21369648
0.19984984
0.25634766
0.26097202
0.27822781
0.21376657
0.23603129
0.27647710
0.24652934
0.21188426
0.20291233
0.15701604
0.16352344
0.24441266
0.30464673
0.23180819
0.16098809
0.28157377
0.21137571
0.28361058
0.25956035
0.21266484
0.23599052
0.27331591
0.23109698
0.22688270
0.26969433
0.18325043
0.24925900
0.27037048
0.33100533
0.33957720
0.24296355
0.30154824
0.29522514
0.28992081
0.32293558
0.30600214
0.37102771
0.33261514
0.32738829
0.32668710
0.35238290
0.31049299
0.31823635
0.33995891
0.33515143
0.25842667
0.35693860
0.32893896
0.29999876
0.25574493
0.28064632
0.29754996
0.29845071
0.18948340
0.28195715
0.23578620
0.24615788
0.25348520
0.28229117
0.17033696
0.24060249
0.17819667
0.27527857
0.24890089
0.21651268
0.23636842
0.20672297
0.25081325
0.23701262
0.25505161
0.22461390
0.26538086
0.21060109
0.25990629
0.25085092
0.24836159
0.25141072
0.23849058
0.31332326
0.25188184
0.25644755
0.31153488
0.26903963
0.27390385
0.27295971
0.33297586
0.27040172
0.23920465
0.30220008
0.22349834
0.17820621
0.35927558
0.37361526
0.32244134
0.30649948
0.29442692
0.23410034
0.27468753
0.26181364
0.26650476
0.26500082
0.34530616
0.24674535
0.27329636
0.35472059
0.29455304
0.31395459
0.25520492
0.25638080
0.23546267
0.25597215
0.25605178
0.27745295
0.24943376
0.21352911
0.26238298
0.27602339
0.29204202
0.13608384
0.26719713
0.28002882
0.25372338
0.18198252
0.16942620
0.26785517
0.17790723
0.29060650
0.20752048
0.24304843
0.22875571
0.23729205
0.21961594
0.22368073
0.23340321
0.25415158
0.28656554
0.29652452
0.28189588
0.29975033
0.28168964
0.19117665
0.15066814
0.18736768
0.19423819
0.26096034
0.25043106
0.22674346
0.24982285
0.17428994
0.17605591
0.21057510
0.19436336
0.20609021
0.25220752
0.22833323
0.18714786
0.32310987
0.23750448
0.22222304
0.27303505
0.23064065
0.31460452
0.36707664
0.17151999
0.17326903
0.17830801
0.21321392
0.21122217
0.22790313
0.25807309
0.28764367
0.25497270
0.22349787
0.19199324
0.25144458
0.28987694
0.24549079
0.25511765
0.25969648
0.23036218
0.21757936
0.23614764
0.22943068
0.25142884
0.32500839
0.25964928
0.26577997
0.22817302
0.26963353
0.32652736
0.22585893
0.27740002
0.18516231
0.29794407
0.19619226
0.17456484
0.28467727
0.26613235
0.27080202
0.27590227
0.42197061
0.29574633
0.28252292
0.27675438
0.16987109
0.15904021
0.23106241
0.19385839
0.25407672
0.38251066
0.22901988
0.26218581
0.25777721
0.29160547
0.26085162
0.22395730
0.27112007
0.28414083
0.27331233
0.22972703
0.30181050
0.21518040
0.23775482
0.28425145
0.30031490
0.23860049
0.31199217
0.28946424
0.25563002
0.25567937
0.20432210
0.24855590
0.28935122
0.26063633
0.28221774
0.26449656
0.29532528
0.28633809
0.23324943
0.29072690
0.21220207
0.29697704
0.27854657
0.27808070
0.29044819
0.27432990
0.30241036
0.32610369
0.28588033
0.21775913
0.26411676
0.12711406
0.19940090
0.21602416
0.21542859
0.29376554
0.25239205
0.22470307
0.28346443
0.32019234
0.23979688
0.38419771
0.29491043
0.24382639
0.15873718
0.15047312
0.25935364
0.22619891
0.26709056
0.22548509
0.29835725
0.25244093
0.31410718
0.20669365
0.22503591
0.27147484
0.24631834
0.29293919
0.24338794
0.27581596
0.23389435
0.22842097
0.15707159
0.22423387
0.24081278
0.35226107
0.25152445
0.20292139
0.24524188
0.32201266
0.23623013
0.17779398
0.21888280
0.33358335
0.23637724
0.25128341
0.34501410
0.23963547
0.28359342
0.29586363
0.27431631
0.28294349
0.26701784
0.30645061
0.22328925
0.23416638
0.29767275
0.25727820
0.28911257
0.22494411
0.27514815
0.22820163
0.18326759
0.19797063
0.25034642
0.31122184
0.27984118
0.21905255
0.30434871
0.14138556
0.23976445
0.24323535
0.23701954
0.28008580
0.25432467
0.22300625
0.24081159
0.28518748
0.32893920
0.25999141
0.27212024
0.26673174
0.25624466
0.25133777
0.28540683
0.21671867
0.23936701
0.25236559
0.21562886
0.17778444
0.22994018
0.30902791
0.22242951
0.29503083
0.20363975
0.29196382
0.30504107
0.26646137
0.29158020
0.25219131
0.24708700
0.27474523
0.25737000
0.29541540
0.22278547
0.25581193
0.19202018
0.22886729
0.23919988
0.29751563
0.31486320
0.26378202
0.26205945
0.27169657
0.28592396
0.22619224
0.22350621
0.28191638
0.25976706
0.17916894
0.20741916
0.27594519
0.27833462
0.14342213
0.31366968
0.28097463
0.23891544
0.20498538
0.25724006
0.26429629
0.33789754
0.21906471
0.24824452
0.25495291
0.25515079
0.26248264
0.29473972
0.17934203
0.25015569
0.27544117
0.26323104
0.27786827
0.22387743
0.26891232
0.18592405
0.18838048
0.34177518
0.21642900
0.33713031
0.26180148
0.30718732
0.18405700
0.35159254
0.25984430
0.28783774
0.28611803
0.22210360
0.29015660
0.17479372
0.28705382
0.22558975
0.27303720
0.27370286
0.23976612
0.27210832
0.36201239
0.29910421
0.27525330
0.35006952
0.25877857
0.31651163
0.28913689
0.30484629
0.31982851
0.24666357
0.39312434
0.30812335
0.34642267
0.24743080
0.29473829
0.36182761
0.21340179
0.23320031
0.28299522
0.27146411
0.25285244
0.19277334
0.25579047
0.19676995
0.25629926
0.29800677
0.32162833
0.27105570
0.26304364
0.25732589
0.35104537
0.29203248
0.29308224
0.24509835
0.26096058
0.25803447
0.28626156
0.37686944
0.30585241
0.31039619
0.27980232
0.19822645
0.25844216
0.28251696
0.16535163
0.20372844
0.31713510
0.22184920
0.25455546
0.30416679
0.26033878
0.21184683
0.18330455
0.25119257
0.23051405
0.22423410
0.33535814
0.27707767
0.27659893
0.31810975
0.22374034
0.21934843
0.25444508
0.15919161
0.26210141
0.26774597
0.23554039
0.29461932
0.23972893
0.25023866
0.25912046
0.20668626
0.27174139
0.27332306
0.15858912
0.22951579
0.23444748
0.29120541
0.27094388
0.28834295
0.22753334
0.22139335
0.28550625
0.23054767
0.18665171
0.26991773
0.16836739
0.20155621
0.16967440
0.18572235
0.17293525
0.18661261
0.25705719
0.22439170
0.29289317
0.28384614
0.22378016
0.23818159
0.23421907
0.24060774
0.23995066
0.24041796
0.22908998
0.25996327
0.38313389
0.22148299
0.22439504
0.22905707
0.30907774
0.28695083
0.24870586
0.23912001
0.22095108
0.19614649
0.22312999
0.24547362
0.27795625
0.26634097
0.21761560
0.32199812
0.24429798
0.25262070
0.18482876
0.15455008
0.22339940
0.31697297
0.23147750
0.31065893
0.19078207
0.16419625
0.25446701
0.17725253
0.25832748
0.21201205
0.26043797
0.20935965
0.26112676
0.34765124
0.34749985
0.29189014
0.26059914
0.23581862
0.25300670
0.24181390
0.24808526
0.22670984
0.22378516
0.22590828
0.19783282
0.21204829
0.28593588
0.30773020
0.30105257
0.22132111
0.29051757
0.26608729
0.26845837
0.24423051
0.31165385
0.25256300
0.25450873
0.30481696
0.24449325
0.25160217
0.23072314
0.27522230
0.14870405
0.14965940
0.18417406
0.27672911
0.15530062
0.20140076
0.26055598
0.26399088
0.26509190
0.28806567
0.20761037
0.18202734
0.18653440
0.18541360
0.25700593
0.23872280
0.28719831
0.25251412
0.33564329
0.21936154
0.23937440
0.16247320
0.24104834
0.23288512
0.28265977
0.20157766
0.27956128
0.26385593
0.21352196
0.18415880
0.25437951
0.27093053
0.18978620
0.30473614
0.29021502
0.20980430
0.24697900
0.20990682
0.20812416
0.35844660
0.16434956
0.18060470
0.29462838
0.24814272
0.26812267
