0.02704811
0.21141648
0.20022821
0.18237877
0.26475477
0.23733044
0.22599196
0.25691938
0.23221231
0.23995471
0.26496720
0.26472139
0.22471380
0.38297105
0.23344970
0.22503328
0.27293324
0.29845095
0.25100708
0.28171802
0.26980901
0.24053454
0.26252604
0.21541405
0.22369075
0.20689416
0.17401028
0.15187001
0.29086924
0.26996112
0.27554917
0.27249622
0.30420613
0.28813648
0.20808148
0.18454766
0.16379976
0.24918723
0.24084234
0.26576805
0.28390789
0.23040605
0.29384232
0.24253249
0.24265599
0.22940326
0.28293157
0.18645358
0.28197956
0.29829049
0.24180317
0.27970505
0.22043180
0.26369119
0.26549697
0.20072055
0.19456005
0.21363091
0.26789260
0.29388428
0.26340175
0.22254229
0.29523659
0.21855927
0.23260069
0.23171234
0.21842957
0.17364860
0.23812246
0.25958490
0.25297856
0.23421645
0.20779109
0.15827608
0.26602936
0.19882512
0.17622662
0.25500345
0.26939821
0.27451396
0.22137785
0.34789467
0.26707029
0.26939178
0.23764014
0.23694587
0.20695567
0.23976135
0.19068766
0.26853085
0.23658490
0.25835252
0.20154572
0.29868603
0.19539285
0.20993519
0.25058985
0.18047357
0.25030994
0.22454166
0.18926263
0.28295374
0.28379822
0.21828699
0.24587631
0.24025297
0.22869563
0.16504955
0.24658537
0.36042619
0.31666613
0.26758528
0.25887609
0.23733187
0.26402330
0.23337007
0.18541598
0.22196698
0.22564054
0.27047110
0.19903255
0.26652813
0.25394487
0.25515223
0.29433632
0.29711390
0.24235368
0.28117728
0.23932171
0.25115037
0.29559708
0.32180929
0.25253534
0.24778891
0.19723153
0.28939056
0.27769566
0.25125027
0.25491261
0.24596834
0.23151922
0.21696448
0.26321077
0.21824193
0.26334858
0.32086754
0.26278281
0.26893353
0.23502231
0.23087096
0.27048159
0.21341610
0.33531475
0.33905005
0.30427933
0.27750945
0.37975645
0.35671043
0.34496880
0.29250264
0.28317070
0.36328435
0.29317617
0.29126954
0.26996660
0.24765658
0.28842807
0.24093747
0.26696396
0.24724412
0.34894347
0.27466512
0.30915427
0.32459474
0.29762864
0.23903751
0.30583000
0.22916794
0.33703113
0.20877719
0.18856621
0.27225137
0.37875819
0.27863193
0.32463074
0.25698662
0.31263041
0.19730878
0.32737136
0.38817477
0.41947889
0.21481657
0.24909401
0.27119851
0.29552603
0.22352839
0.29421139
0.27031350
0.24607062
0.27730083
0.40800691
0.29533076
0.31270289
0.19184804
0.18149114
0.22500968
0.18615913
0.23177671
0.25927758
0.33260036
0.22937489
0.22913289
0.24546885
0.25751925
0.24420404
0.23200464
0.21146202
0.24236035
0.23479724
0.33218002
0.31060839
0.28336954
0.28353047
0.23355317
0.28091407
0.24564528
0.32413960
0.17701936
0.23619962
0.29139662
0.24372196
0.21465611
0.21332097
0.29060507
0.33570671
0.26765370
0.24979925
0.20445299
0.26354694
0.22923422
0.23623610
0.26108408
0.26008177
0.23409510
0.21240854
0.21293211
0.22372603
0.26227474
0.18660712
0.20833135
0.25233293
0.31674266
0.25377846
0.17928648
0.21523285
0.23451591
0.23778820
0.20257354
0.24178267
0.30524778
0.23759460
0.24604011
0.30091286
0.41240168
0.28278899
0.35287309
0.33797169
0.30823302
0.26655769
0.24259639
0.29092360
0.22171521
0.22188449
0.25216317
0.31144285
0.22193241
0.22987175
0.27819586
0.17844272
0.19009113
0.21473217
0.18040252
0.16635656
0.27206230
0.21870589
0.17718506
0.33872342
0.25501537
0.26049137
0.25986576
0.35024643
0.28329563
0.23953247
