0.03662038
0.32506967
0.21862698
0.27968192
0.25037885
0.23477793
0.26226544
0.32575893
0.27923989
0.16213512
0.25674295
0.26135468
0.18789506
0.27049136
0.30269766
0.28028703
0.27470827
0.22313929
0.16540885
0.16698146
0.35275269
0.28138351
0.27199054
0.29159212
0.28333688
0.27136946
0.19837642
0.28358960
0.22045493
0.24023128
0.22482729
0.23458099
0.23785710
0.21860743
0.23183370
0.25881004
0.21797061
0.20752263
0.18837762
0.22590280
0.25790787
0.26390767
0.31426692
0.30238295
0.24690294
0.23986793
0.26763105
0.22800469
0.20196843
0.27909160
0.22751617
0.20606470
0.24112964
0.28358483
0.16537333
0.25027561
0.20259142
0.24606872
0.26834488
0.24288726
0.26087403
0.32800937
0.28163600
0.25698709
0.27692008
0.30202508
0.26433301
0.26249003
0.26519942
0.18941975
0.22685003
0.25317550
0.24127626
0.22734809
0.30729938
0.30225301
0.19146395
0.29015326
0.23507738
0.29980159
0.28846717
0.25974107
0.28424072
0.33755064
0.20010686
0.29776883
0.24514532
0.19435215
0.32070065
0.24946785
0.16767931
0.18660665
0.25329876
0.26002574
0.22650814
0.31606817
0.24987006
0.17482233
0.18454170
0.20133662
0.22437739
0.29237318
0.24420071
0.24639034
0.25422215
0.24296999
0.21807694
0.24443245
0.23031783
0.22573543
0.19144320
0.17802596
0.28454876
0.31497216
0.26969171
0.24379683
0.22078586
0.21433425
0.24175143
0.27164340
0.23491168
0.27765560
0.24364543
0.20320892
0.22753048
0.22367454
0.22492957
0.26508522
0.15675354
0.19377327
0.20681143
0.23353052
0.29128838
0.16751528
0.27522540
0.33676457
0.28246617
0.28362918
0.25234652
0.30494761
0.22664332
0.23352695
0.34264135
0.25888968
0.30724311
0.26377559
0.27373362
0.24629259
0.23597193
0.23629165
0.29042220
0.19569325
0.32148933
0.27225399
0.21333647
0.31400323
0.18358278
0.23076749
0.29095078
0.37193489
0.23881316
0.27895164
0.28529382
0.25113988
0.25030088
0.23886943
0.36374235
0.26212502
0.35600257
0.27140951
0.28113270
0.35654664
0.31944537
0.28678942
0.23479104
0.28893328
0.37380719
0.21918607
0.28780293
0.27773905
0.17516279
0.31398034
0.24207830
0.26400661
0.28991103
0.33508849
0.34880257
0.34827614
0.31606603
0.25466347
0.27149606
0.32553625
0.21549106
0.35692787
0.23174667
0.33878970
0.31574869
0.32939196
0.30503345
0.23949862
0.29985309
0.28551149
0.25277615
0.22037101
0.20402575
0.24096966
0.26350617
0.32924128
0.16309237
0.22888708
0.25029826
0.19752383
0.27589035
0.29337692
0.20808983
0.38377094
0.32825828
0.34341264
0.27752924
0.27781773
0.28178430
0.28535533
0.30366921
0.49338627
0.25913477
0.34182310
0.24337840
0.27665973
0.23534083
0.27873302
0.30233073
0.36097240
0.26140499
0.21726489
0.23136020
0.26078892
0.29028368
0.32298326
0.29525161
0.40640831
0.27675152
0.24950099
0.24238276
0.23277164
0.27914762
0.28513145
0.25763464
0.28073549
0.17459536
0.21236634
0.21328831
0.19486189
0.28329086
0.19735694
0.25293207
0.26913285
0.16046786
0.25477767
0.18963313
0.21142268
0.21909499
0.13089895
0.16825557
0.26581573
0.25828886
0.17977285
0.28129268
0.26482248
0.26284981
0.25403047
0.22903967
0.19900656
0.38967299
0.26859069
0.23269391
0.23150229
0.28686929
0.27465320
0.22287130
0.18753719
0.29430652
0.20705414
0.37664413
0.33751583
0.24362373
0.28318644
0.21854687
0.22561908
0.19403768
0.26807690
0.20492768
0.26559258
0.26801801
0.32998466
0.32894087
0.40659714
0.23323369
0.20340586
0.22923088
0.25367022
0.24477434
0.30738282
0.26849103
0.30895090
0.27123857
0.25293040
0.26089072
0.24286890
0.29395819
0.29655743
0.21214843
0.27591991
0.32487416
0.23002791
0.27489471
0.28058100
0.20460105
0.32332444
0.27296305
0.17847061
0.30712199
0.25609922
0.25731301
0.23479342
0.19838500
0.30540800
0.25809193
0.20656395
0.27635050
0.30066395
0.33422160
0.26665759
0.22603059
0.24787855
0.25387406
0.22291136
0.28290319
0.29649472
0.20034742
0.30611396
0.22843504
0.27646017
0.26115751
0.27478004
0.26334548
0.29907274
0.27676010
0.22176456
0.23630452
0.27361941
