0.04828739
0.17304730
0.19695592
0.21128917
0.27904797
0.24919939
0.27461958
0.30071807
0.29211712
0.21974087
0.21059275
0.28193521
0.21313572
0.23651910
0.28758192
0.29784799
0.24123740
0.24142957
0.30241966
0.22379208
0.26362324
0.27896595
0.18431735
0.25836754
0.25740027
0.30785751
0.25780010
0.24153233
0.24904633
0.28874993
0.26663494
0.21338630
0.33179426
0.29740810
0.20493507
0.28253317
0.24511003
0.27609921
0.31597996
0.28301811
0.19302416
0.19792128
0.25649977
0.25241208
0.23134136
0.19093060
0.22908306
0.38421750
0.17199135
0.18045568
0.27804518
0.30477548
0.26297927
0.36768556
0.25447059
0.17932153
0.28021598
0.23541331
0.33375192
0.26793790
0.18454480
0.23135591
0.19713521
0.21169424
0.20538902
0.26322865
0.23435092
0.23890924
0.23401427
0.29014683
0.27249861
0.20718431
0.26723576
0.22511601
0.22271252
0.24910951
0.27791500
0.29494143
0.27726603
0.30864310
0.24583244
0.26645708
0.30316067
0.28838587
0.29186010
0.28490472
0.29768205
0.17011809
0.26901603
0.27611327
0.31339240
0.23168802
0.18831730
0.22621632
0.26687527
0.29313183
0.24520016
0.29215431
0.23977852
0.24769449
0.24753404
0.26780558
0.23232579
0.30424738
0.30086350
0.29979682
0.18207359
0.19435000
0.27190542
0.22936320
0.22829771
0.22790909
0.24252009
0.23880601
0.32926345
0.34481549
0.24856496
0.36597133
0.23546457
0.41947865
0.21884322
0.26603413
0.27855587
0.24225831
0.29596949
0.21070313
0.25991964
0.18598056
0.29575872
0.22276759
0.25213814
0.28825092
0.27750587
0.14644027
0.34424615
0.21650410
0.18296289
0.26741076
0.31055307
0.33530450
0.26462507
0.28640246
0.23588085
0.21981168
0.23705339
0.28336406
0.23583984
0.23831534
0.24302268
0.21492481
0.18144846
0.25854611
0.21262479
0.23578048
0.22175646
0.24043536
0.24625230
0.29336309
0.22846103
0.26530695
0.24777889
0.27582240
0.25781965
0.25668049
0.24576211
0.24932671
0.24996734
0.20087481
0.26676393
0.31927156
0.22651672
0.23092699
0.25526357
0.22288418
0.25340271
0.26741004
0.26457834
0.28476620
0.29390335
0.30906630
0.27829909
0.32804513
0.24399805
0.26081443
0.32078123
0.22953200
0.30853558
0.26410341
0.18123317
0.23330188
0.28946280
0.26044154
0.21191835
0.37184191
0.31090045
0.23959446
0.29742384
0.42480993
0.32934928
0.24546003
0.26455426
0.36025310
0.25778294
0.34620285
0.29178810
0.28061914
0.36923051
0.24180007
0.25360894
0.18860698
0.26381969
0.25972271
0.18156624
0.20948815
0.29387474
0.20940471
0.29912162
0.20783854
0.23408937
0.28398681
0.16757154
0.17590046
0.19900060
0.14720726
0.23501325
0.20886683
0.19519305
0.30391741
0.22985697
0.29249644
0.25554872
0.29340029
0.20008159
0.26858735
0.24883866
0.25626087
0.22534418
0.22667480
0.29247999
0.27650261
0.18861699
0.18808293
0.28275919
0.34135723
0.32030129
0.25898361
0.25233722
0.31356478
0.22943592
0.29059458
0.28994250
0.31211853
0.22939277
0.23021436
0.31638837
0.42417049
0.26552820
0.25898004
0.24313617
0.25321174
0.27193117
0.33666277
0.25725365
0.21369863
0.31883812
0.31849098
0.33313417
0.27834916
0.31363869
0.30188918
0.36955404
0.31818318
0.26644039
0.24729991
0.24371862
0.24361992
0.19757509
0.19022989
0.25153875
0.27345371
0.28297257
0.24276948
0.25519967
0.25510120
0.22861695
0.24484491
0.23242879
0.31486154
0.26218843
0.25388765
0.33726025
0.38285232
0.14795637
0.20666647
0.27702308
0.27073836
0.33538222
0.24366927
0.21352887
0.21945167
0.26391864
0.19222069
0.26090026
0.21515727
0.22994590
0.22111154
0.24254751
0.20342708
0.21767211
0.19174719
0.22919893
0.29455638
0.23776460
0.21274447
0.28339076
0.27474833
0.26819110
0.29101920
0.37909651
0.30280781
0.23210788
0.21576190
0.22746754
0.27684665
0.31081271
0.21007371
0.22188854
0.24778891
0.23843288
0.18851781
0.22276163
0.18379736
0.21149540
0.27615213
0.22893572
0.22573924
0.30820203
0.29194760
0.22672081
0.21255088
0.22228384
0.22361946
0.26402116
0.25966215
0.28464556
0.26194215
0.26418495
0.24777293
0.25652218
0.21278739
0.25578213
0.25913477
0.26190352
0.24157929
0.20636296
0.20640945
0.33097577
0.22330689
0.18351150
0.20195746
0.26440835
0.15302038
0.20148253
0.20307159
0.22546911
0.23836303
0.20660329
0.23204207
0.19652104
0.32860970
0.24619913
0.23629498
0.22978902
0.23698282
0.23138309
0.33862686
0.17050767
0.24949312
0.17262650
0.26365900
0.23548675
0.32813358
0.27536178
0.27627373
0.23147941
0.25490475
0.24408674
0.24808311
0.26535821
0.27631378
0.17698216
0.28284717
0.25143290
0.24919128
0.21260476
0.12273598
0.23405743
0.23442459
0.28633142
0.22060132
0.25507808
0.23721004
0.24546385
0.24459529
0.22203040
0.27086377
0.28280163
0.26538825
0.28499198
0.23787808
0.26762295
0.24935079
0.26763725
0.32412100
0.33942604
0.28051043
0.29348302
0.27001190
0.26124716
0.26512885
0.22285795
0.26576853
0.24637341
0.26479220
0.25962353
0.21360874
0.26638556
0.23731327
0.32898426
0.33693647
0.23621440
0.35291243
0.31868696
0.29417682
0.25305319
0.25446343
0.26611590
0.27155089
0.24798274
0.23162699
0.19575787
0.21967936
0.21709681
0.18313670
0.25857306
0.29016805
0.29529285
0.28285789
0.21400213
0.22211885
0.21762514
0.27601337
0.23499298
0.24272108
0.23233819
0.26542068
0.22699022
0.27257323
0.16234159
0.27159739
0.30701590
0.35655546
0.12687492
0.36797023
0.33808637
0.27199006
0.29422665
0.19371414
0.16839194
0.23718309
0.20885611
0.22466922
0.24160647
0.18259621
0.28247786
0.32845926
0.25814581
0.17877936
0.23172235
0.27909327
0.24969316
0.15966749
0.18262839
0.25537920
0.25532413
0.22866488
0.21044374
0.23350906
0.28890538
0.20084333
0.29661036
0.19675899
0.26217103
0.25034118
0.29162025
0.18076038
0.23295283
0.25881982
0.22952437
0.14340878
0.22618365
0.22920442
0.27154899
0.28175044
0.22270989
0.26249528
0.28049421
0.26069236
0.25040936
0.28713799
0.14725995
0.34230757
0.30051494
0.21737838
0.14573574
0.18328238
0.21960640
0.25593495
0.26776052
0.32164860
0.26947451
0.27950001
0.23056102
0.25430369
0.25230718
0.26151443
0.29154944
0.26747823
0.26493740
0.25631618
0.25953078
0.24163103
0.26983261
0.21791506
0.31299090
0.32621861
0.23461008
0.24164581
0.17329288
0.24493480
0.27998614
0.26681328
0.25091219
0.31833410
0.24699187
0.25483322
0.25568247
0.26015711
0.22000670
0.28583670
0.28976369
0.19987011
0.26947284
0.26985955
0.22011185
0.28768110
0.28813887
0.30009604
0.25355625
0.27556229
0.28634381
0.24204969
0.26023507
0.28032470
0.28252292
0.29095411
0.32841492
0.30975199
0.30637121
0.34064412
0.35701084
0.32363534
0.32461691
0.35568666
0.28281116
0.30219412
0.28127670
0.26922679
0.23753715
0.24310350
0.27104139
0.30392671
0.21681380
0.25498915
0.26029062
0.22962952
0.28973436
0.22737122
0.23206902
0.23588562
0.27564979
0.41111970
0.22721314
0.26013255
0.27457929
0.20974660
0.31306958
0.28224540
0.29780221
0.31523061
0.35886145
0.32635522
0.33799076
0.32002997
0.32358551
0.28262568
0.37274170
0.33851218
0.24657631
0.31109667
0.29996920
0.20233369
0.27308893
0.23558903
0.23167968
0.22954082
0.38632011
0.30387354
0.31381226
0.34627366
0.29208970
0.30788636
0.25726008
0.41148210
0.35876536
0.32424951
0.30714583
0.29576826
0.29432988
0.26184487
0.26889110
0.22887468
0.24838114
0.21924114
0.31677771
0.21632576
0.30048823
0.20920277
0.29622698
0.25380278
0.27577591
0.24385333
0.28879714
0.17675233
0.24221849
0.22048759
0.20973706
0.20676351
0.18379211
0.13876796
0.16888833
0.33812594
0.26575637
0.29451847
0.26719904
0.27168512
0.29459977
0.31494188
0.29481173
0.24665761
0.28860736
0.30363870
0.25468421
0.24302530
0.30406475
0.25412583
0.18294501
0.16870689
0.16552448
0.17086959
0.23016286
0.26907563
0.14873767
0.15562081
0.24716330
0.20559216
0.18627477
0.15429878
0.21136880
0.19818735
0.24494839
0.15346026
0.15165877
0.22471428
0.24833226
0.25598907
0.14031053
0.23758316
0.31530070
0.22731161
0.24708557
0.24155045
0.33530807
0.21635270
0.25385833
0.30257416
0.16973519
0.16457200
0.21527433
0.20909190
0.24153113
0.16535282
0.24373269
0.22429609
0.20293474
0.19404602
0.21550012
0.28092003
0.29404402
0.25595570
0.22727346
0.22885823
0.27774358
0.27066922
0.24267411
0.25872898
0.22880411
0.23891830
0.25842357
0.24584103
0.23445749
0.21681547
0.17037606
0.14924002
0.16103482
0.33735132
0.26723623
0.24851084
0.20503449
0.21466637
0.30021381
0.35472345
0.32904696
0.27957726
0.28826380
0.17740774
0.18992925
0.21902013
0.24146104
0.23637223
0.24394131
0.32888031
0.27223444
0.29738474
0.25318789
0.27721095
0.30558443
0.28680110
0.22402024
0.19182062
0.31682849
0.21216369
0.18668842
0.31835866
0.23494053
0.14276791
0.35996628
0.30226374
0.40389848
0.33163190
0.28937888
0.25173879
0.22939324
0.29622650
0.14193034
0.21388936
0.28839374
0.18357635
0.37171173
0.25892615
0.26582360
0.25630426
0.21196175
0.19401479
0.27839613
0.25609565
0.30147767
0.21794844
0.22757292
0.18983626
0.24442339
0.20597267
0.19847989
0.25398135
0.21134353
0.27600026
0.28855371
0.26959229
0.31704307
0.28156376
0.22631431
0.26722908
0.16998124
0.23967361
0.22023225
0.30663490
0.28073359
0.28119588
0.25126791
0.23007011
0.27659941
0.19756460
0.17016363
0.17865753
0.14483881
0.21846986
0.26502538
0.26614833
0.20709515
0.24969125
0.27451015
0.21231079
0.30402064
0.26114893
0.20493793
0.29870701
0.22031593
0.20184660
0.27979136
0.31479216
0.16410756
0.29244781
0.27242756
0.21122980
0.23971796
0.25736976
0.20764756
0.24853468
0.20282555
0.18387032
0.20715523
0.23572135
0.23486352
0.26085520
0.27272677
0.32572412
0.25171709
0.38299799
0.27597809
0.15172696
0.31057620
0.18439221
0.25976872
0.31346560
0.26108265
0.22162509
0.21600103
0.28896999
0.20257592
0.29194856
0.29073739
0.26141477
0.17904615
0.16277575
0.22187233
0.17316341
0.18682599
0.24230027
0.17481494
0.31926966
0.24502087
0.29179716
0.25284719
0.30618739
0.25458550
0.26004744
0.23745608
0.21215868
0.24332500
0.22273445
0.31428432
0.25664139
0.22819948
0.25859857
0.23833418
0.25923109
0.27878928
0.24843621
0.33240604
0.27327633
0.29058218
0.24118090
0.26952815
0.26360893
0.27972436
0.27483177
0.28084040
0.32467341
0.28514433
0.24265957
0.33168221
0.37957549
0.28755236
0.32720685
0.35885000
0.28399873
0.28557849
0.31127453
0.30607557
0.28518891
0.32359505
0.22035336
0.20453048
0.33294702
0.22746396
0.25139952
0.24820709
0.26424551
0.20927143
0.33980942
0.36503339
0.22398376
0.25796676
0.31381226
0.38932729
0.31778598
0.33835602
0.18144298
0.27591038
0.31139803
0.24941921
0.23056841
0.29536414
0.28034306
0.24962091
0.21508694
0.36366296
0.33049202
0.32904577
0.29766321
0.27036905
0.27559757
0.35116792
0.19704151
0.17419362
0.29700685
0.34921002
0.31183672
0.30326247
0.33024907
0.31855750
0.32095075
0.25472379
0.24360156
0.20628452
0.20656443
0.26195264
0.22358918
0.18580270
0.24044013
0.20658207
0.20976806
0.21747923
0.16672611
0.19506669
0.22310424
0.22051525
0.17617750
0.22425675
0.20342445
0.20072985
0.23039627
0.21715617
0.24802017
0.26953506
0.18343306
0.20146155
0.20055580
0.27741408
0.20324421
0.46003914
0.33197355
0.20962191
0.27771783
0.28711987
0.22908568
0.20714998
0.22829819
0.23355174
0.16550040
0.16030812
0.26488161
0.24722290
0.20832586
0.28932738
0.23530650
0.22983932
0.39359617
0.32303810
0.26796675
0.23127007
0.23783016
0.25970745
0.24636102
0.22621822
0.22406578
0.23516178
0.23471284
0.25183201
0.24573636
0.25540996
0.18608737
0.24563622
0.23080945
0.31743741
0.22151971
0.27029753
0.20375443
0.17013073
0.25535560
0.19609356
0.22559643
0.22346973
0.23369384
0.22147679
0.31989908
0.31979585
0.25766110
0.27194929
0.29429317
0.21548915
0.15506768
0.17048860
0.20254636
0.24371648
0.23061275
0.23014355
0.15831375
0.15408993
0.25855970
0.27961397
0.27045178
0.23621798
0.27665710
0.24202108
0.24249005
0.22676444
0.23360181
0.20325518
0.22494006
0.23299479
0.19763112
0.23261118
0.27697229
0.26721358
0.21996689
0.21509743
0.28864002
0.28616619
0.15201139
0.23837829
0.20252442
0.20361137
0.27181172
0.24502110
0.22490621
0.22240162
0.15694571
0.20184660
0.17582393
0.20405483
0.22497749
0.28632569
0.28663206
0.34608650
0.23930168
0.25535369
0.31039023
0.18764281
0.21927881
0.25647378
0.25835490
0.24165773
0.14797163
0.15289474
0.22076535
0.30611205
0.26504326
0.16151333
0.22792768
0.23044229
0.22602677
0.25498581
0.28282952
0.22103477
0.22269154
0.21745229
0.25645232
0.22141743
0.23392940
0.22286201
0.25583386
0.30283689
0.23768020
0.27955794
0.28644919
0.33201194
0.22484565
0.23041701
0.21565914
0.24283123
0.25560832
0.15575886
0.24242020
0.33386230
0.27976203
0.18552899
0.16816258
0.23734093
0.30706263
0.25520205
0.31666946
0.21034288
0.31299877
0.32373977
0.34107637
0.29329824
0.26176238
0.22816777
0.24102664
0.20640898
0.25113726
0.23579550
0.27127218
0.22918344
0.25883079
0.17333961
0.20231390
0.25379443
0.27537584
0.30187988
0.24305987
0.23048306
0.24899960
0.28035164
0.25129151
0.29853201
0.24340487
0.24652863
0.27182293
0.24895072
0.16742706
0.26783848
0.20750356
0.20998549
0.21710229
0.21313310
0.18644738
0.21294093
0.29289198
0.24370837
0.26607180
0.27923679
0.21609497
0.27558780
0.29489112
0.27422619
0.27620721
0.28527761
0.27275372
0.24810314
