0.09064150
0.30177236
0.25060534
0.30410480
0.24166369
0.19135928
0.19666171
0.20379615
0.15572023
0.34843469
0.29424882
0.23602724
0.26686001
0.24332833
0.24716425
0.32041645
0.18258595
0.21956897
0.19034338
0.22689152
0.24013162
0.23518777
0.20955729
0.21085978
0.32684898
0.23829651
0.20226717
0.19886398
0.27932906
0.25080395
0.25145078
0.24957848
0.27611709
0.19522166
0.23417926
0.27831984
0.20480394
0.20071340
0.24291110
0.26077604
0.22663951
0.23222280
0.37653756
0.22024274
0.26812720
0.26556945
0.27941918
0.26983333
0.21347713
0.23413897
0.21536803
0.22325969
0.26401258
0.22324204
0.35163474
0.32743120
0.30904269
0.20341444
0.18687630
0.19932914
0.28259373
0.18141055
0.22124457
0.28895473
0.26632142
0.26300502
0.27638388
0.30661106
0.23542833
0.26122832
0.25577950
0.25317264
0.26989365
0.25852060
0.35961175
0.24692178
0.34160137
0.21442008
0.28260136
0.27493739
0.24122381
0.27578163
0.23706269
0.23487210
0.21574855
0.17652035
0.25748205
0.19322753
0.24744201
0.27709508
0.26488972
0.28563190
0.30078769
0.29561496
0.25588417
0.27865243
0.22154713
0.22180486
0.22279525
0.16584182
0.19938421
0.21947432
0.22873569
0.26313472
0.19376230
0.24438620
0.21282864
0.31886387
0.25623918
0.27657986
0.25114131
0.23237443
0.26734352
0.26611590
0.25456071
0.22192478
0.25628090
0.23648071
0.25813913
0.24550033
0.23046231
0.25230598
0.22515011
0.22773814
0.26394320
0.26547861
0.36836481
0.35286880
0.33279967
0.33573270
0.23200226
0.26414871
0.24570680
0.35685492
0.26795268
0.28636813
0.30714893
0.28328252
0.29968762
0.24809480
0.32380676
0.30422425
0.25738716
0.29293370
0.32584953
0.28004050
0.32975745
0.18839455
0.28219938
0.20767117
0.33538032
0.33701372
0.21153116
0.28195810
0.24288225
0.26328659
0.27742887
0.20672989
0.29524350
0.24032307
0.22709489
0.29933286
0.19467402
0.21824741
0.22693205
0.29264522
0.31624055
0.29633665
0.22905660
0.31209540
0.28648043
0.32139826
0.27291489
0.36248255
0.30268455
0.29485440
0.33227491
0.27603650
0.25980711
0.36896539
0.24195313
0.34751558
0.24002767
0.31142950
0.29359651
0.28779387
0.28616691
0.29120016
0.27005792
0.26220179
0.24937439
0.25458932
0.34161949
0.23294020
0.26462722
0.27703023
0.28922606
0.34137297
0.21988463
0.29557443
0.22105622
0.32784462
0.20733190
0.17797828
0.21873093
0.21813774
0.20996618
0.22694945
0.29384422
0.24234653
0.24827933
0.16697383
0.24483037
0.30899429
0.26955867
0.25203300
0.26004934
0.27477407
0.28209567
0.31961226
0.24512506
0.21081543
0.22254682
0.14703059
0.23619008
0.21178031
0.18107772
0.18997574
0.19708920
0.19498801
0.18349814
0.16900802
0.17320919
0.18564224
0.17736697
0.18786836
0.23358369
0.19626284
0.22623610
0.23183513
0.24029851
0.19420457
0.22854114
0.29884672
0.28757477
0.32478237
0.27435756
0.25578976
0.24157214
0.23836422
0.28573537
0.25887442
0.21977186
0.21723580
0.25546265
0.20838618
0.16599131
0.30114770
0.19174027
0.24720311
0.22953963
0.24936938
0.25518918
0.16771197
0.26077247
0.24947667
0.21863770
0.27106380
0.28764439
0.18427873
0.14591932
0.23785973
0.34094596
0.24647951
0.30199146
0.21994591
0.18637943
0.22384858
0.22618127
0.23328614
0.22758341
0.21847415
0.23894644
0.24708819
0.29589987
0.26448441
0.27201366
0.26925254
0.18055320
0.20100784
0.30151701
0.29662919
0.23868656
0.27347207
0.21873665
0.22458315
0.26944971
0.25220799
0.24492621
0.21632099
0.26661325
0.13519120
0.29841542
0.27928019
0.22870517
0.24880171
0.24862814
0.20520139
0.23316097
0.17968059
0.16488409
0.28041077
0.23476005
0.25256705
0.27251410
0.24438000
0.27053070
0.30645037
0.29304004
0.23551416
0.29740453
0.35850596
0.26796269
0.29694986
0.30101156
0.29866481
0.28967762
0.22949123
0.26773477
0.26134109
0.24274611
0.13657451
0.24315405
0.23325777
0.26359534
0.24255657
0.22349739
0.25736165
0.24776721
0.25055194
0.25949955
0.26151252
0.20025325
0.21989536
0.26121473
0.27380967
0.23020840
0.28082800
0.26442575
0.29837179
0.22503233
0.20597911
0.28279042
0.27329159
0.32858682
0.35706401
0.27712035
0.23116469
0.21108198
0.30070281
0.23830533
0.29633117
0.24624324
0.23623490
0.24278522
0.20156550
0.23466206
0.31034565
0.26648068
0.28054285
0.26495790
0.27534366
0.28516078
0.28686976
0.27461529
0.25789499
0.20458317
0.32098007
0.33997631
0.21090770
0.19816494
0.21109247
0.18074274
0.17373037
0.21701717
0.19725466
0.21105313
0.19386840
0.27322292
0.29236221
0.30213928
0.24944782
0.23487735
0.30107713
0.28353333
0.33151555
0.25144958
0.28387499
0.23290658
0.30179930
0.28280711
0.34000921
0.28651619
0.29452252
0.21833754
0.28742170
0.23893404
0.19604182
0.30571747
0.20597029
0.29721332
0.19202185
0.23179913
0.20109034
0.16625190
0.17475104
0.23172665
0.28827357
0.17540526
0.21563053
0.18435049
0.27940536
0.24432516
0.28087568
0.17961407
0.26850104
0.29044509
0.28923011
0.20513797
0.25670195
0.27496624
0.19081092
0.26492620
0.26795673
0.27823210
0.32062721
0.18828058
0.17330289
0.27815270
0.18516302
0.19306254
0.24945593
0.17163825
0.21141148
0.19638062
0.17190242
0.20293808
0.17352748
0.13553286
0.12556791
0.14395452
0.20216298
0.31263423
0.21508384
0.22597933
0.22468615
0.25500417
0.18243599
0.20311666
0.13086534
0.16451097
0.19412422
0.24862814
0.25115085
0.28597975
0.30305982
0.25383544
0.21188140
0.25281000
0.22209263
0.17843461
0.18546653
0.21420670
0.18012118
0.17268181
0.15993166
0.26931858
0.29705501
0.21809220
0.26130271
0.21355653
0.18162918
0.32412171
0.29189062
0.23901010
0.21990681
0.20941234
0.24928379
0.25819182
0.18199897
0.19751120
0.18367052
0.22639871
0.19452333
0.21704793
0.24967027
0.25844836
0.25233364
0.28066897
0.23973966
0.23846602
0.41250300
0.30513525
0.25459743
0.28856635
0.23075843
0.29881382
0.22627091
0.23135257
0.24225211
0.29620314
0.23952579
0.24584913
0.27488756
0.26160693
0.28739834
0.30247140
0.20349693
0.19487500
0.19935822
0.32792258
0.25714684
0.19976783
0.28102875
0.27200556
0.26087570
0.31335759
0.22706270
0.29242563
0.29645395
0.25944638
0.18064618
0.18200970
0.32079387
0.21909690
0.30595231
0.29330873
0.24899054
0.19910550
0.28284454
0.24877954
0.27437687
0.26747537
0.22084594
0.21921945
0.25399446
0.22937584
0.23013115
0.22763085
0.28196502
0.27760839
0.18359256
0.24035740
0.21727633
0.25303936
0.38409281
0.19414473
0.21292329
0.27987242
0.21635318
0.24377298
0.25349665
0.24555588
0.26782203
0.23171234
0.30210185
0.26929593
0.15997052
0.21615815
0.27340531
0.25529790
0.25669742
0.25373888
0.29000425
0.31793189
0.29819393
0.28505731
0.24160147
0.23996449
0.25844455
0.27771902
0.24040627
0.25528717
0.30741143
0.20923162
0.24127030
0.22834086
0.27784562
0.25657320
0.18182468
0.18194079
0.18109822
0.24601626
0.20089197
0.22422004
0.26893210
0.21395946
0.21941733
0.23477411
0.24157381
0.29638982
0.26504183
