0.02918124
0.17597294
0.17046356
0.26694632
0.29813647
0.24328876
0.19920874
0.15002608
0.21564698
0.27191019
0.21515393
0.29569626
0.30363393
0.25482035
0.25341606
0.32673240
0.20671678
0.22976851
0.22494531
0.26412821
0.25455666
0.27141523
0.35087466
0.22932887
0.36202240
0.32389903
0.31377006
0.27589703
0.35998225
0.31371021
0.33181500
0.32529783
0.32482529
0.30610609
0.29714465
0.34032130
0.32561231
0.30471683
0.25291038
0.24505043
0.27333307
0.21727586
0.22989726
0.22847295
0.23736787
0.33505535
0.28302479
0.30608749
0.25919127
0.32480812
0.30220509
0.24487567
0.31796789
0.27918339
0.33620620
0.25055361
0.34502149
0.31426978
0.34911966
0.33155465
0.33158970
0.33313870
0.17237663
0.26262641
0.28375340
0.30787611
0.23721313
0.29122019
0.15246606
0.19337749
0.16061258
0.16959524
0.21120048
0.17758441
0.17015004
0.25931215
0.26090765
0.23200941
0.15203285
0.13170791
0.28927159
0.24489546
0.26839519
0.29463363
0.32172585
0.22408843
0.22018003
0.22364306
0.23003411
0.26105785
0.25788260
0.25157785
0.33429241
0.24932170
0.21671557
0.30032039
0.24140692
0.26202512
0.21384764
0.31676459
0.20641232
0.22091770
0.26254869
0.21670866
0.20711756
0.33087540
0.18834424
0.27936530
0.29599357
0.26268315
0.33999252
0.29970098
0.26075530
0.37711954
0.24198198
0.33318281
0.21388912
0.27171206
0.28199625
0.24240541
0.21089315
0.25930500
0.22295165
0.26974821
0.18034124
0.24975371
0.18109226
0.25687289
0.34605408
0.26539707
0.24138045
0.32113099
0.27741170
0.25096202
0.27269888
0.29397869
0.32302618
0.29472470
0.26198363
0.18608356
0.35357881
0.24431133
0.23459148
0.23070431
0.26208305
0.25820994
0.23987365
0.37623286
0.26223540
0.24176359
0.21912217
0.20512724
0.24888110
0.22453380
0.25767279
0.25236011
0.28117299
0.22312236
0.30221558
0.31268811
0.28509808
0.42568183
0.24950027
0.25183845
0.27511764
0.32186913
0.31999993
0.25152516
0.26187181
0.25221419
0.26311302
0.24382734
0.21961927
0.24210835
0.21077371
0.20628381
0.24991131
0.23421693
0.25027204
0.28064680
0.31899810
0.22681189
0.24983048
0.20704603
0.29558039
0.31375074
0.23277783
0.28508139
0.29728413
0.25971150
0.29928088
0.20755029
0.25144863
0.24139023
0.22170877
0.32152510
0.29570222
0.22689056
0.26210332
0.21993613
0.29769182
0.26148844
0.22569203
0.23199797
0.29074979
0.26739478
0.24819779
0.26419139
0.26569891
0.22283745
0.29878998
0.27111101
0.24864960
0.19271183
0.17446899
0.24945331
0.28369784
0.26613760
0.28377914
0.32948589
0.24498963
0.27316260
0.17835259
0.22482276
0.27630472
0.23262143
0.20523834
0.27394748
0.33104992
0.24356866
0.27784348
0.21114683
0.18349123
0.32514501
0.22135019
0.25243545
0.19766974
0.18996191
0.29894137
0.21039367
0.19599056
0.31181717
0.25521541
0.26574206
0.26365232
0.19727373
0.21300292
0.24801993
0.23391700
0.23587108
0.24313951
0.24175000
0.30139446
0.22122407
0.22974086
0.31952381
0.27821779
0.19028807
0.19374299
0.26748276
0.29486585
0.30861568
0.28937840
0.27931118
0.27591372
0.23079181
0.37942505
0.29636526
0.35125399
0.30127239
0.30773473
0.32740045
0.26994848
0.34631968
0.38447094
0.38700986
0.28974175
0.29874778
0.27373028
0.25236368
0.25557160
0.32257175
0.29291224
0.23411417
0.27558613
0.25319123
0.31245470
0.27242160
0.24786997
0.32674313
0.32563877
0.31951809
0.28395915
0.25351143
0.27509189
0.28228164
0.26136112
0.37535977
0.20974445
0.27585959
0.22246408
0.24431443
0.32463861
0.21856332
0.22784495
0.21631694
0.24941063
0.25012136
0.23340368
0.26570868
0.24190426
0.25992513
0.35788035
0.22344208
0.24469042
0.23463750
0.26041603
0.21687007
0.24987960
0.25305295
0.24022460
0.18989754
0.17646313
0.29353976
0.20666647
0.24153042
0.26709509
0.27738714
0.27474642
0.29936457
0.24431205
0.20023561
0.18584657
0.23517585
0.27792478
0.22622180
0.22452497
0.31944180
0.19124770
0.17293024
0.21491909
0.24431992
0.15411568
0.29426455
0.29812717
0.26198602
0.22989559
0.35910249
0.29515791
0.24869967
0.24863529
0.20458651
0.22297406
0.21267390
0.21243596
0.18196392
0.22682476
0.18052316
0.27343583
0.22106433
0.28465462
0.26897216
0.28667521
0.24734664
0.21850324
0.26296020
0.24278331
0.20925641
0.29621744
0.24401712
0.22948623
0.24032664
0.22680402
0.28839278
0.28171206
0.16419458
0.30074215
0.23143196
0.22418451
0.21092081
0.24700856
0.23282647
0.25009489
0.33719182
0.25119233
0.23846841
0.23169851
0.22121692
0.23246384
0.28047800
0.24380851
0.26246929
0.32666802
0.20351911
0.32828116
0.23998666
0.21889067
0.21067166
0.28426266
0.20398641
0.23612118
0.33362317
0.31210327
0.27177429
0.26023555
0.24807978
0.23208785
0.26236415
0.28456140
0.22898102
0.26314545
0.29436898
0.17555690
0.16316843
0.16676593
0.14987683
0.15330625
0.15868473
0.23966694
0.26894736
0.21819139
0.27162766
0.29280663
0.22446370
0.23371196
0.22977400
0.28919506
0.27240252
0.24791479
0.24750447
0.17683959
0.21434355
0.24148631
0.32090998
0.23442793
0.24437714
0.20569158
0.18954563
0.26582932
0.15081143
0.25900364
0.21645927
0.22015953
0.26858974
0.23074627
0.22581029
0.29767227
0.24853778
0.21547294
0.22241879
0.21957517
0.24257731
0.22654009
0.25180054
0.24649644
0.22957659
0.30397487
0.22006989
0.21771979
0.27561045
0.25926089
0.24976063
0.24860573
0.25058913
0.27973461
0.23566890
0.26619816
0.23338652
0.20242381
0.26996875
0.25106478
0.24713397
0.25591969
0.32056642
0.24774265
0.36224914
0.30382180
0.28245020
0.33458376
0.26541328
0.35794592
0.27586198
0.25206757
0.25219893
0.31207204
0.44114351
0.30873156
0.32169271
0.34868646
0.23478794
0.39116073
0.28543067
0.33153176
0.35227275
0.26770592
0.36517763
0.28681445
0.28235579
0.23066235
0.21615791
0.28812265
0.23744655
0.24389219
0.26330042
0.22277069
0.32533097
0.29748392
0.25995207
0.24930239
0.17175865
0.16538548
0.22205162
0.14935875
0.14558244
0.22013998
0.20001030
0.17525148
0.20267034
0.21601105
0.26138902
0.21445441
0.23355079
0.22907090
0.28717542
0.29586530
0.28829575
0.25239062
0.23568916
0.23180676
0.23460269
0.46140623
0.32095909
0.32465291
0.29955506
0.26018143
0.33740783
0.25579071
0.32604599
0.24178219
0.23856211
0.17298675
0.21742129
0.13636017
0.28876901
0.31521249
0.29783154
0.20242906
0.30575824
0.22708464
0.21776843
0.20491815
0.19634557
0.26136422
0.28571033
0.24080992
0.26924777
0.24024725
0.22977662
0.29276133
0.32211709
0.16609120
0.31007099
0.27021742
0.31141782
0.19488144
0.34079838
0.27169299
0.39181018
0.38453484
0.33111238
0.33222127
0.39979553
0.24654341
0.30271983
0.23394608
0.26833153
0.23850012
0.22945142
0.22668386
0.33085132
0.21522307
0.22538066
0.26894569
0.28906465
0.35481715
0.31211352
0.19527459
0.27897334
0.27003479
0.29904437
0.37820339
0.29425597
0.19934297
0.20999885
0.26341796
0.32326388
0.32079577
0.25098205
0.24706388
0.27638698
0.21374130
0.27345347
0.24546719
0.22172642
0.25636172
0.18380165
0.26703858
0.20441413
0.25422788
0.23325038
0.21146727
0.23047161
0.38865423
0.31704473
0.29630446
0.24982429
0.25574541
0.23385930
0.27051473
0.30163383
0.20054531
0.20994329
0.30595160
0.28522921
0.19892097
0.28315711
0.21807098
0.20161486
0.18234468
0.29056549
0.25667024
0.21275759
0.18765211
0.24243140
0.17032909
0.22331357
0.21237850
0.25421190
0.21106529
0.24011636
0.25747132
0.12206769
0.18572831
0.21580911
0.22143364
0.21807027
0.22379422
0.31200099
0.28998637
0.24268937
0.22526670
0.25634146
0.29596186
0.21709585
0.20502973
0.23467422
0.37420201
0.19566345
0.20032811
0.25166106
0.29225135
0.25237775
0.25361347
0.23859406
0.25352168
0.20070720
0.31688809
0.20308948
0.31348467
0.24761438
0.24561691
0.25670862
0.25716162
0.24088049
0.26537013
0.27097368
0.24435854
0.19672966
0.20579004
0.38195229
0.27040005
0.24137998
0.30155158
0.26659632
0.31569886
0.32416964
0.32376933
0.30800438
0.29340005
0.22823405
0.29746294
0.23362565
0.21267915
0.28253436
0.25687003
0.21054077
0.19256330
0.30654263
0.27755451
0.28297591
0.27819443
0.19805551
0.22012496
0.23939753
0.25993156
0.18694162
0.16708088
0.28060341
0.25508380
0.26382732
0.17777586
0.21260309
0.22458243
0.23015237
0.23332334
0.21396065
0.30472302
0.25624228
0.23822904
0.30816126
0.27768064
0.27761889
0.19389415
0.28594351
0.28295803
0.30146909
0.21657896
0.22060132
0.23352981
0.22391820
0.24810338
0.27957320
0.20323277
0.25392437
0.23789954
0.19913769
0.31876397
0.17923999
0.21184397
0.24042487
0.29759049
0.18523908
0.18642569
0.23346710
0.28153753
0.28221488
0.22565818
0.27179933
0.20104551
0.17805052
0.26976252
0.19932985
0.30485582
0.22369289
0.33914518
0.31985569
0.24415326
0.27321768
0.27852535
0.34348583
0.28598857
0.24713421
0.19798970
0.26197934
0.19379544
0.27555561
0.24120736
0.19933105
0.26837182
0.25039005
0.33417892
0.33517027
0.23614645
0.26039147
0.27984571
0.32214451
0.26410270
0.29457211
0.28610730
0.30835152
0.22734523
0.33824992
0.27917099
0.36590743
0.21884537
0.27374268
0.19032812
0.18868518
0.17456031
0.19315052
0.27898359
0.30928445
0.20154238
0.29803491
0.31561971
0.23218489
0.20399809
0.21074414
0.20404124
0.14702058
0.23997736
0.19234443
0.22831059
0.25971961
0.20104790
0.19479513
0.19198918
0.28768492
0.23887992
0.21938658
0.19627094
0.27645564
0.16567564
0.32328892
0.36684489
0.25415945
0.28969812
0.28955531
0.27253747
0.25200272
0.24778032
0.39261723
0.21194148
0.27543664
0.18893909
0.22247076
0.31215930
0.21690035
0.28428745
0.28978252
0.30153537
0.24350595
0.28758216
0.18892360
0.27851653
0.22925687
0.31589508
0.32302618
0.28943396
0.33808422
0.24886727
0.36783409
0.17843056
0.19776177
0.17913842
0.28519011
0.25613403
0.23467994
0.25677395
0.28541565
0.32174587
0.26695442
0.36399174
0.29550195
0.36215615
0.40536046
0.31139922
0.34075475
0.33261061
0.20048642
0.17514086
0.17344284
0.20347786
0.20553327
0.23813629
0.17324877
0.27123404
0.21117449
0.20352173
0.22144866
0.30807614
0.30321932
0.21924257
0.24002790
0.26038146
0.22798800
0.27529812
0.23922348
0.22850800
0.20021057
0.25256157
0.23740578
0.18119502
0.16298532
0.18412828
0.15910721
0.23502374
0.23216391
0.28236079
0.20892763
0.20108938
0.23360515
0.22290969
0.22360134
0.23442650
0.22599649
0.22120976
0.22227144
0.21932340
0.22640204
0.22559929
0.19896650
0.26873708
0.25387335
0.24652624
0.26076961
0.22282147
0.27028131
0.21703148
0.26531386
0.21360683
0.29835796
0.28743887
0.24105167
0.20242524
0.34207535
0.28106236
0.25073171
0.25269294
0.25017881
0.20570040
0.23201251
0.25915432
0.23224878
0.18436956
0.25397205
0.28206110
0.28497767
0.24149394
0.22233891
0.29898930
0.26800156
0.22492552
0.18560362
0.20936418
0.23711038
0.21524882
0.22145391
0.16256595
0.14698553
0.27874708
0.19409227
0.19603324
0.18256283
0.16703653
0.19221497
0.19798446
0.15873122
0.15846753
0.18227625
0.21769905
0.16481662
0.20769286
0.19870663
0.18004560
0.21408081
0.19104242
0.19882798
0.22092128
0.24548864
0.22958755
0.27926183
0.21851611
0.25639081
0.24229789
0.23751497
0.23477316
0.20358753
0.19934249
0.17772698
0.19682956
0.28791857
0.19969082
0.22554612
0.18376374
0.15959573
0.16717052
0.20170736
0.19102693
0.19267941
0.18314862
0.18505859
0.18212008
0.32863998
0.21877575
0.18851542
0.17382812
0.16268969
0.22437835
0.23067451
0.15697813
0.15275431
0.16015220
0.22223711
0.21107531
0.15949368
0.15806222
0.31302571
0.28424358
0.24561715
0.23749185
0.27014184
0.24695230
0.25546813
0.24618888
0.25562668
0.26168227
0.23322964
0.28966570
0.22260046
0.19431138
0.21927452
0.25776720
0.24433184
0.26542091
0.27050042
0.24613285
0.30149865
0.29403472
0.26032090
