0.04591322
0.23129416
0.24039364
0.21896029
0.25821090
0.28903532
0.20399594
0.28567243
0.24151492
0.18543458
0.32631230
0.14221764
0.30602241
0.23160815
0.17105675
0.36047006
0.24326086
0.32816768
0.27932882
0.30669665
0.28517318
0.27838349
0.23608565
0.20157576
0.32295275
0.31719828
0.23789573
0.27306080
0.23068213
0.18613172
0.23986292
0.23321199
0.28374314
0.23588920
0.33648658
0.23703194
0.26685667
0.22786546
0.24887371
0.29139042
0.24426770
0.15163946
0.23272204
0.26220465
0.26582456
0.22079277
0.22315621
0.22652268
0.24464059
0.20123887
0.23319197
0.29959822
0.25139856
0.20412636
0.18271351
0.16908932
0.16553640
0.17909026
0.18662024
0.16764379
0.15986562
0.18696094
0.18292499
0.24816322
0.18303132
0.26634979
0.24514580
0.26362753
0.23346806
0.23722720
0.24215388
0.23914957
0.23554182
0.24480343
0.25030947
0.25097275
0.24650931
0.23707104
0.24780464
0.24338746
0.22637630
0.23247099
0.23245645
0.27899361
0.30069470
0.22425961
0.22713041
0.25737309
0.16391611
0.31669474
0.28897452
0.28092051
0.25177503
0.15959001
0.29157138
0.24595904
0.21779943
0.25599957
0.25427461
0.26960802
0.25096226
0.21679902
0.23171568
0.20198822
0.20951200
0.21116590
0.21737552
0.21190572
0.16569972
0.24998355
0.21356082
0.21086478
0.25492144
0.25442100
0.22087169
0.28683901
0.25283837
0.26015949
0.23151875
0.15835953
0.16871977
0.16262388
0.17396426
0.17114925
0.16465831
0.15445352
0.15008187
0.20007253
0.15661478
0.18788362
0.24574471
0.25072694
0.19916058
0.30105829
0.17857289
0.17644572
0.19437981
0.25344157
0.16797781
0.12798786
0.18625116
0.21684813
0.15461278
0.14898705
0.16381145
0.17315197
0.19198442
0.25775218
0.26628184
0.17900634
0.25243521
0.25246453
0.24483991
0.24022365
0.29426217
0.23814559
0.23108530
0.23637223
0.23257399
0.30672264
0.25028706
0.23528814
0.22517633
0.23733282
0.23131752
0.23325324
0.22840714
0.23055840
0.21878433
0.22025490
0.22500873
0.24731588
0.21506715
0.26584578
0.20428395
0.20814967
0.24651790
0.30568290
0.27683306
0.27565837
0.23342872
0.24895263
0.22734094
0.28137016
0.23263597
0.25092888
0.20458388
0.20137429
0.24086285
0.24761796
0.22983932
0.24806952
0.31362581
0.26385689
0.25399923
0.24066091
0.26849413
0.19676495
0.27897501
0.17375040
0.21178699
0.20735693
0.20413661
0.25995064
0.29970837
0.17510748
0.20892215
0.18132281
0.15691423
0.17417884
0.15658426
0.19618177
0.20984244
0.25853896
0.23934126
0.25571012
0.26091814
0.22697783
0.25283480
0.31448913
0.21894670
0.30526280
0.19613838
0.19513321
0.23996234
0.23375082
0.17428565
0.17942691
0.22090626
0.23563170
0.24201941
0.22104526
0.22905207
0.23550057
0.23929000
0.22407293
0.22731066
0.23229790
0.24717784
0.24538565
0.22402310
0.23789620
0.24593878
0.22865343
0.23213387
0.22918582
0.22937489
0.22415709
0.34839678
0.30394077
0.24449468
0.25765467
0.25482559
0.25668955
0.25853896
0.25835037
0.25488448
0.21473050
0.23490047
0.23853493
0.25183463
0.22141051
0.20775580
0.20726466
0.23061347
0.25280333
0.26071763
0.24530625
0.28553867
0.20037556
0.23495269
0.16749048
0.16491199
0.22374701
0.24596429
0.25034976
0.25377750
0.24780774
0.23381734
0.17393875
0.17495966
0.15937066
0.16199422
0.17664194
0.16326284
0.15385580
0.16066957
0.14424157
0.19972730
0.22356462
0.17860723
0.27506995
0.24501824
0.23316741
0.16792774
0.25065565
0.18639302
0.16092277
0.17147899
0.31297469
0.25958657
0.25541663
0.25552249
0.28545427
0.24553180
0.21812963
0.23133349
0.23369908
0.22307444
0.22480083
0.22081161
0.24000788
0.23482394
0.22999048
0.22898364
0.23366666
0.22197080
0.22629070
0.22693682
0.22440028
0.22048306
0.22362399
0.22095060
0.26878428
0.23419428
0.23952866
0.19821382
0.28785253
0.26265407
0.24476576
0.27146673
0.26190901
0.31540012
0.18180275
0.25837898
0.21188450
0.27077055
0.29156613
0.23227310
0.25659180
0.17898035
0.17148614
0.30032849
0.18605947
0.19297481
0.20271659
0.26750231
0.29949331
0.25435376
0.29390454
0.24577975
0.25150323
0.20227599
0.25725889
0.21989441
0.30274844
0.24439645
0.22012568
0.23514104
0.23263001
0.22302413
0.14476919
0.16413450
0.19553518
0.19955301
0.17373776
0.25945544
0.20880318
0.24103904
0.24700809
0.26719666
0.27421379
0.23345232
0.21015668
0.15047693
0.14937425
0.28473401
0.18487239
0.16747236
0.15484619
0.19999480
0.17235780
0.19512296
0.19536376
0.22177243
0.17625952
0.18822598
0.16725540
0.23285246
0.19424939
0.16626906
0.18767047
0.17873740
0.15049076
0.18079901
0.17971873
0.16718268
0.16539717
0.15365148
0.15057659
0.18039203
0.18307877
0.16718912
0.15063119
0.15311885
0.15859437
0.16884613
0.23084569
0.27672076
0.24462843
0.23423862
0.20747328
0.16006517
0.16690588
0.20315528
0.16463423
0.25306273
0.25001574
0.24303222
0.23595071
0.22773623
0.22642374
0.22667456
0.22255993
0.22213674
0.22101784
0.23062372
0.22831917
0.23430514
0.24198818
0.22116685
0.22541571
0.23789930
0.21435618
0.22455168
0.22905970
0.24128437
0.22855759
0.22864962
0.28605223
0.28906751
0.24780965
0.25458026
0.23733878
0.21070266
0.29958510
0.13656569
0.22424006
0.15679693
0.16952157
0.23319101
0.24951720
0.23597646
0.23531365
0.26569653
0.19703102
0.28183484
0.24253130
0.20394731
0.27555656
0.25745773
0.21740365
0.17643356
0.24714279
0.25080729
0.24249649
0.27154970
0.24190879
0.24223304
0.23544192
0.20210266
0.18417192
0.18225884
0.14489174
0.16487050
0.16035366
0.15758514
0.18563652
0.17739415
0.18899536
0.16413951
0.17153835
0.21635628
0.24477005
0.20124698
0.15332437
0.20187664
0.21242642
0.22522068
0.29784799
0.26727080
0.24150920
0.18008494
0.23904204
0.30638194
0.17013884
0.15993619
0.17951155
0.16720033
0.17625356
0.22291541
0.22279215
0.18202496
0.20050526
0.17706990
0.19050407
0.18240333
0.19047236
0.21175909
0.17130876
0.15598440
0.27759457
0.22415185
0.19380689
0.20691776
0.16271257
0.16473484
0.17415333
0.16665459
0.21613836
0.14462161
0.16822886
0.19888043
0.17984414
0.19990706
0.20340490
0.19531393
0.17185068
0.18365812
0.20750976
0.22775698
0.23551250
0.22904086
0.14724493
0.16149712
0.25390410
0.30351949
0.23387218
0.21172333
0.19646978
0.22876191
0.19369149
0.14203238
0.19880843
0.14603519
0.18566132
0.16424346
0.17632246
0.28475571
0.15918827
0.16070247
0.22014618
0.14753103
0.23252368
0.18148851
0.20838833
0.19035506
0.18312216
0.20153618
0.16787505
0.17492938
0.28853965
0.23481154
0.24595571
0.25339603
0.22369957
0.23049331
0.23298860
0.23297668
0.23836732
0.23441577
0.27761650
0.26066184
0.24257159
0.23847723
0.23477602
0.23390174
0.23436856
0.22087550
0.23329520
0.22167683
0.22406197
0.26329541
0.18504286
0.21445012
0.18751717
0.31326699
0.27519369
0.15961719
0.22801304
0.20583487
0.27590752
0.24126315
0.23404908
0.20096183
0.19098663
0.26849437
0.26478386
0.22431231
0.21857882
0.20965314
0.22787595
0.24729943
0.28044295
0.30951667
0.30238390
0.26344633
0.21026278
0.18899584
0.20248342
0.16755223
0.16487479
0.16357374
0.19631553
0.21737409
0.24693298
0.25141144
0.21258116
0.28441381
0.33410931
0.25948334
0.25406861
0.30898809
0.30849767
0.27072859
0.17832947
0.18778157
0.18954372
0.27677298
0.18155813
0.25687003
0.25231743
0.26314497
0.19859123
0.18075323
0.18825245
0.23135161
0.27376890
0.25632048
0.19354272
0.22543335
0.25116348
0.21860027
0.24853325
0.23702049
0.29016781
0.22846937
0.23197341
0.23477650
0.23617148
0.22547817
0.23168802
0.23094535
0.24860668
0.24533391
0.24112988
0.22987080
0.23143888
0.24722815
0.22424293
0.21709442
0.21802449
0.25244141
0.25620461
0.21145868
0.27771831
0.27057648
0.24231100
0.27600265
0.22915483
0.25765967
0.29746318
0.28205204
0.19767833
0.24655366
0.23464942
0.21572971
0.24400377
0.26717997
0.25233150
0.19114256
0.23423553
0.21048188
0.22884321
0.24264598
0.27363753
0.22414994
0.22075891
0.27797103
0.24545240
0.25508690
0.21119499
0.25775337
0.16118121
0.24343562
0.23925185
0.29981017
0.27849054
0.17557669
0.21518040
0.20476294
0.19326806
0.17132378
0.27571368
0.22643995
0.21799874
0.19906878
0.22284126
0.26512265
0.21816874
0.30226278
0.30117512
0.20688343
0.15243602
0.14653850
0.17834878
0.18604708
0.30621982
0.22215247
0.25442696
0.19447923
0.23984146
0.23432136
0.23156118
0.19868493
0.20215988
0.29037261
0.21886992
0.23514414
0.21555614
0.22642922
0.28194666
0.37632489
0.34404707
0.22225404
0.23625660
0.22625828
0.23212934
0.23636699
0.23490119
0.23536491
0.25867748
0.23398995
0.24065065
0.23694849
0.23196959
0.24998546
0.21730018
0.21924162
0.22273755
0.21674752
0.25751424
0.25035453
0.22553730
0.29140639
0.26111770
0.23219323
0.24942803
0.18674064
0.22010612
0.22782969
0.24707198
0.29344249
0.27703977
0.26004314
0.27037668
0.22173357
0.27567768
0.29124856
0.24673009
0.24080873
0.23440599
0.23060536
0.20549822
0.25673771
0.18674517
0.28971887
0.19547439
0.17109466
0.17549443
0.21538877
0.26102352
0.21542811
0.19225645
0.22741508
0.19247842
0.17457914
0.23054767
0.18694448
0.18472719
0.16886544
0.17659068
0.18371367
0.21593833
0.16946769
0.15389562
0.19343162
0.16265631
0.20618629
0.22859812
0.16915298
0.17053342
0.20080209
0.12702656
0.12577581
0.15853691
0.18414855
0.11972380
0.12079525
0.12933922
0.14241934
0.14929748
0.15361762
0.15482020
0.16496897
0.27813482
0.23335028
0.26465225
0.18410230
0.19169211
0.13762927
0.18147635
0.17252612
0.13670158
0.15726805
0.16917658
0.30341291
0.21960306
0.21395254
0.24527407
0.18337822
0.20741796
0.16501117
0.17677832
0.17786026
0.23684335
0.22679162
0.23176718
0.16811824
0.16298103
0.18328023
0.18217659
0.24687052
0.26774669
0.18873191
0.21080470
0.17499876
0.15089989
0.16433835
0.15554476
0.18249345
0.16481829
0.16846108
0.16745853
0.20423174
0.24666476
0.21945310
0.30572009
0.24669766
0.24763107
0.22293830
0.22172141
0.20733356
0.20707178
0.23059130
0.23833871
0.23772001
0.23320460
0.23453164
0.25021315
0.23734021
0.25479960
0.23419857
0.24240494
0.23654962
0.21968436
0.23396945
0.22630334
0.28999853
0.23114491
0.25781608
0.28374004
0.27496624
0.27246904
0.21826530
0.28240108
0.25355053
0.26672602
0.26602769
0.19319415
0.22296238
0.21355247
0.28624296
0.25388885
0.25251651
0.26104593
0.31476331
0.28977013
0.27068281
0.27731681
0.32689214
0.25324464
0.27892661
0.28365064
0.21645260
0.22556090
0.20861268
0.19139171
0.23954248
0.26442909
0.24514627
0.19795370
0.31080675
