0.05361533
0.23502946
0.23786449
0.19070864
0.15959191
0.14680338
0.28546357
0.22566104
0.24450088
0.22397256
0.21145916
0.16159105
0.17874575
0.17531896
0.17844248
0.16070080
0.16356897
0.19736266
0.20255256
0.15501761
0.16367531
0.17521811
0.15588641
0.17797136
0.17606831
0.17598152
0.24551678
0.16915441
0.17150354
0.17785192
0.15035701
0.17534471
0.24649048
0.17708349
0.15780115
0.18161154
0.16633487
0.18935513
0.17673302
0.17295671
0.24260473
0.17584538
0.16924334
0.29574943
0.23260832
0.18760896
0.21039248
0.21483421
0.17785525
0.16976523
0.17677331
0.16841888
0.16478467
0.19123554
0.20090985
0.24814749
0.29485297
0.27961278
0.16438103
0.15432477
0.14948654
0.16523528
0.17298555
0.14851999
0.21642184
0.15531802
0.19821453
0.19360924
0.18814325
0.17200184
0.22011757
0.23139858
0.29410911
0.22277451
0.18329453
0.19579148
0.17372108
0.18694401
0.18233800
0.20625758
0.18692732
0.17525244
0.17807174
0.18854260
0.22100568
0.15886235
0.17708993
0.17902851
0.18185878
0.13049960
0.12004018
0.11309791
0.11452460
0.13127208
0.13929009
0.15489841
0.19490004
0.15725517
0.18232322
0.15786886
0.15474224
0.14111018
0.21925092
0.17635036
0.16995096
0.18169045
0.14911985
0.18077636
0.15914536
0.18373609
0.17836380
0.14777589
0.16063952
0.17027330
0.17738581
0.16272521
0.17893457
0.16107440
0.16883826
0.15336585
0.15825176
0.14776278
0.15919566
0.13242149
0.20813465
0.20409036
0.18879795
0.24143505
0.19853330
0.17700148
0.20877385
0.18368411
0.17658687
0.15390420
0.19316554
0.17464685
0.16088009
0.19277048
0.24823642
0.32114744
0.28080940
0.25893521
0.25725365
0.24122620
0.23699355
0.28249741
0.25381184
0.23360944
0.23482561
0.32765007
0.24072218
0.24962020
0.22643852
0.22742319
0.22505832
0.22535515
0.22094727
0.21472549
0.22016382
0.22067285
0.25636244
0.24768543
0.26698184
0.26609683
0.26717448
0.17300725
0.15264273
0.19604516
0.19771409
0.20274615
0.21716189
0.23671794
0.23159814
0.16377234
0.21523666
0.22224259
0.23030996
0.24947667
0.26525760
0.29834104
0.23023701
0.27632809
0.24883294
0.26567769
0.25767851
0.21532297
0.23394847
0.25756502
0.13852978
0.21502018
0.23651624
0.23596621
0.25785279
0.32290220
0.23051023
0.28996968
0.26308203
0.28226185
0.24363065
0.23011708
0.21577168
0.28594685
0.25808859
0.17998338
0.17130613
0.15647697
0.13698888
0.14141846
0.17827630
0.17020822
0.30072379
0.20157695
0.19864440
0.21232295
0.20640469
0.21678209
0.22057509
0.16744018
0.16039348
0.16051912
0.19628811
0.17711544
0.23047757
0.24888968
0.22627974
0.21807790
0.16441011
0.18604994
0.18023586
0.18675900
0.19994783
0.24730706
0.23471236
0.18178654
0.22132969
0.16789365
0.16045570
0.17832971
0.16698718
0.17552876
0.17767763
0.16415977
0.17423606
0.17247653
0.26510000
0.20565009
0.20528865
0.21261191
0.21868205
0.28638029
0.19863415
0.19428349
0.20691276
0.22133732
0.24909687
0.23407459
0.23114443
0.23540735
0.22460794
0.22390485
0.22585225
0.23570752
0.23089814
0.24018049
0.23534703
0.31283784
0.29059052
0.22225380
0.22115111
0.21923041
0.22630239
0.23488498
0.24981928
0.25567818
0.22959638
0.28230143
0.20504260
0.23996329
0.26203275
0.25956321
0.30222034
0.22274613
0.23492360
0.20799828
0.27736950
0.18826270
0.20866919
0.27907538
0.26632094
0.21128893
0.27325821
0.24989462
0.27328324
0.26739001
0.26644278
0.25679851
0.25297642
0.24071836
0.21038675
0.22166729
0.23807716
0.19328785
0.21608186
0.22052813
0.22641325
0.23577833
0.23120928
0.29455757
0.18191290
0.17099452
0.17179275
0.18272448
0.21589541
0.21572137
0.15951276
0.13888407
0.15990973
0.22295761
0.23339343
0.27379584
0.23650241
0.22702837
0.16653109
0.14867854
0.20452070
0.21073842
0.17103171
0.15970421
0.15591717
0.15281749
0.16131639
0.16865993
0.24349284
0.34621763
0.20680737
0.25614786
0.16619086
0.16743135
0.14865065
0.16805530
0.17881417
0.26391745
0.22916412
0.22624230
0.20211387
0.19174457
0.14681721
0.16295695
0.18415070
0.18769360
0.15301204
0.18314672
0.17421198
0.14896059
0.17644525
0.18556261
0.16304398
0.16339827
0.15819001
0.25570035
0.17024946
0.19198751
0.32457852
0.24398994
0.23129272
0.23649478
0.23470378
0.22420335
0.22960496
0.22017598
0.21234441
0.21766353
0.22708821
0.23618221
0.23147011
0.23955226
0.29367995
0.28707337
0.28673029
0.22109866
0.21350169
0.26632285
0.28352451
0.24250102
0.25486970
0.29596853
0.24528670
0.20289254
0.21093678
0.21007681
0.24808788
0.21836424
0.25157809
0.26456332
0.30619693
0.28469443
0.28105497
0.25277948
0.22954321
0.28105927
0.23856378
0.23573351
0.23033071
0.22554088
0.16112804
0.18087459
0.28094673
0.16435695
0.17289996
0.16864586
0.17335153
0.14479136
0.23790574
0.20264244
0.17849278
0.17664313
0.18912649
0.18120718
0.26976228
0.22234082
0.23500299
0.25894189
0.22091126
0.24296236
0.15685511
0.21420312
0.27605391
0.23363256
0.25440383
0.20426321
0.16335964
0.25326943
0.32070804
0.22600198
0.32533813
0.23614216
0.22465181
0.22247791
0.22699380
0.22931385
0.22824883
0.22396159
0.24217510
0.25760508
0.26770544
0.25972152
0.22511506
0.23154640
0.23573208
0.21839976
0.21950746
0.23076177
0.21412468
0.21864367
0.23066068
0.20232487
0.25118470
0.18092704
0.28095627
0.25250793
0.26868057
0.23315120
0.20730138
0.19923067
0.27638173
0.24478745
0.21403027
0.26742053
0.27668619
0.27191710
0.33284378
0.24311328
0.24941278
0.28783751
0.29105115
0.19130898
0.25504422
0.23445678
0.21477437
0.24928975
0.23209691
0.28329825
0.32016945
0.23080611
0.22189379
0.25418782
0.24510336
0.20716262
0.21809983
0.20103812
0.21299195
0.20660686
0.30707479
0.26857901
0.18893266
0.27061057
0.16831636
0.23546100
0.24927568
0.23234606
0.20139170
0.17464948
0.22363257
0.17693520
0.19794321
0.18131137
0.26970530
0.19493008
0.16215754
0.18412519
0.29816341
0.21850443
0.20852399
0.17669463
0.19000077
0.17294765
0.19532275
0.17499375
0.19109297
0.19886351
0.19699168
0.16231370
0.16772962
0.18041372
0.17910719
0.17566156
0.15859294
0.22470975
0.22341275
0.25210381
0.20854354
0.18698668
0.17634702
0.17649579
0.17825413
0.18575144
0.16692901
0.17004061
0.17680883
0.16778207
0.15184021
0.17442703
0.17255402
0.17966390
0.22944975
0.20969200
0.16700816
0.23904705
0.16965652
0.16647625
0.17751408
0.23537850
0.25668716
0.22647429
0.21608424
0.28093982
0.21892786
0.22871137
0.21926665
0.21615076
0.22330379
0.23415351
0.22784352
0.22892737
0.22287440
0.21793413
0.22018361
0.22679305
0.21545911
0.21454644
0.21751428
0.21789098
0.24614668
0.28045630
0.21875501
0.20743346
0.24602747
0.23856330
0.29795647
0.15641379
0.17907429
0.19342089
0.23709965
0.19441152
0.18419600
0.26730800
0.23892665
0.24732995
0.26782298
0.21890354
0.22073054
0.21300864
0.20949459
0.21053553
0.24972606
0.23305964
0.29252076
0.28633189
0.13739967
0.18554354
0.21580124
0.16037583
0.22327662
0.29952574
0.21831560
0.26704884
0.24355149
0.19348836
0.18280506
0.19247699
0.19984388
0.23329616
0.24559259
0.21536922
0.19581223
0.18356276
0.23980808
0.17610192
0.18498993
0.23512793
0.30264711
0.19913626
0.25076604
0.27792811
0.17909908
0.27669883
0.25149941
0.33277702
0.23312783
0.22393465
0.16240430
0.22034216
0.18576288
0.19362855
0.14934516
0.22667170
0.23011327
0.25985098
0.26694512
0.25462794
0.24436450
0.17410970
0.35572028
0.24609900
0.23134875
0.23710942
0.23705006
0.21486115
0.22316027
0.22213459
0.22560406
0.22073412
0.22285414
0.21761036
0.22369361
0.21954250
0.22646761
0.22807431
0.22188425
0.22505951
0.22350264
0.22152925
0.21293712
0.21935153
0.22015786
0.21663690
0.26756477
0.25321412
0.20978618
0.25259590
0.25280952
0.22345543
0.23112607
0.24781799
0.22995162
0.25439167
0.22309780
0.23412871
0.19836211
0.25079918
0.25192094
0.21148372
0.25377131
0.24721360
0.23403883
0.25293231
0.28871989
0.28999567
0.20474744
0.14913607
0.15285540
0.17937779
0.17216730
0.24345398
0.26450467
0.27481651
0.28444648
0.22331285
0.24673891
0.26737809
0.17763233
0.15717673
0.17972851
0.23171782
0.24937057
0.21401548
0.24801779
0.22974968
0.21483064
0.31513858
0.25375271
0.19477272
0.21184301
0.22796798
0.24689150
0.22705078
0.19698906
0.25029969
0.27879119
0.23451519
0.20174718
0.23829579
0.19293714
0.29873276
0.19040442
0.29304767
0.19601178
0.21010804
0.20130658
0.21245098
0.19183660
0.18012452
0.24688506
0.23094106
0.23799729
0.24828839
0.23506308
0.22472978
0.23128510
0.22718477
0.23060322
0.22950172
0.22832203
0.22540164
0.24178600
0.23488092
0.23150659
0.23634362
0.22917056
0.22444820
0.25437117
0.22663331
0.21160769
0.22165418
0.21771765
0.25243640
0.29084873
0.22877336
0.25542736
0.24197745
0.20641112
0.20624733
0.24021411
0.25161457
0.30999041
0.27122784
0.22139931
0.23206115
0.19885087
0.24115419
0.25173473
0.21041846
0.21446800
0.23461437
0.22050381
0.24430060
0.23942733
0.19445515
0.21759129
0.22562432
0.24372745
0.20287466
0.16775656
0.23970437
0.21079254
0.21133065
0.17834640
0.17618132
0.17389345
0.18316031
0.27365565
0.22143269
0.17641640
0.17470360
0.18731904
0.29750228
0.17553544
0.24286246
0.26563144
0.28337002
0.20637345
0.25367641
0.19943929
0.18996620
0.31058526
0.19935918
0.26523542
0.17653370
0.17645860
0.16999435
0.15267944
0.16347098
0.16982818
0.13826585
0.22419572
0.19644070
0.16082358
0.21305585
0.23637795
0.23609304
0.22334504
0.21995831
0.22200990
0.23586726
0.23501325
0.22941351
0.22722864
0.22280741
0.22464895
0.22888398
0.24448705
0.24435186
0.23871088
0.24742007
0.22687268
0.22555137
0.23482680
0.21760559
0.21837759
0.22212863
0.22090578
0.24484301
0.25167942
0.19317937
0.24421525
0.27733564
0.18273139
0.16556120
0.20919752
0.26657581
0.26079512
0.21638727
0.21825194
0.20400000
0.22879553
0.22569299
0.19023538
0.25834751
0.23336601
0.29435492
0.19124675
0.23771119
0.26416779
0.21526027
0.24058700
0.23460364
0.23152447
0.23560238
0.15623879
0.21471977
0.19436288
0.19492245
0.17598081
0.15649295
0.16182137
0.16061306
0.17856646
0.21258473
0.19514799
0.16636467
0.31335664
0.21270990
0.26309657
0.24408412
0.21415567
0.19781971
0.22421885
0.17157364
0.23062348
0.23215413
0.21990919
0.15847087
0.26980209
0.34553790
0.28759885
0.13666272
0.22114658
0.19662452
0.19433570
0.15716577
0.16427064
0.16643953
0.18947649
0.15278316
0.17688680
0.25677800
0.23141694
0.21035981
0.15662313
0.15877533
0.14337087
0.23934078
0.26399016
0.28010368
0.24499917
0.21788168
0.17855859
0.26820302
0.26694775
0.19487047
0.16710353
0.26279044
0.25884151
0.21096921
0.21342158
0.21097302
0.21514034
0.21354747
0.24054980
0.22120976
0.18043685
0.19764471
0.22223330
0.15485525
0.20562601
0.25016904
0.22409987
0.26129842
0.21504688
0.22306561
0.22878432
0.23025107
0.23034453
0.23024678
0.23483109
0.30292416
0.23678136
0.23019791
0.21731257
0.21310806
0.21677017
0.21857285
0.21650791
0.32875133
0.25633764
0.24593210
0.25801945
0.24148202
0.16940475
0.22171187
0.21878815
0.15790582
0.22373915
0.23123908
0.23502421
0.14916778
0.23424387
0.22902799
0.22350717
0.26012492
0.25412536
0.25648880
0.24954009
0.26467943
0.19988799
0.27086139
0.25875545
0.23179579
0.27442765
0.29970694
0.22974920
0.21565366
0.25769663
0.26669574
0.17596054
0.19014454
0.20281577
0.16214180
0.17250800
0.15130329
0.13024116
0.18434501
0.18336296
0.18442345
0.29153323
0.21859241
0.23511267
0.22103262
0.21275234
0.19052243
0.26340389
0.23355150
0.18919373
0.15777516
0.15646338
0.17968655
0.18210649
0.18275213
0.17760730
0.16859674
0.15510464
0.17805719
0.17199540
0.17544460
0.17371750
0.17373419
0.15619183
0.19515967
0.17261481
0.26128054
0.26386619
0.24041700
0.17121339
0.23098016
0.20851731
0.31149864
0.18514276
0.22523570
0.21053338
0.23271942
0.24283814
0.29256845
0.21426010
0.18020844
0.15516424
0.15482473
0.16817427
0.13154888
0.14308929
0.16653728
0.16767597
0.17511654
0.16438317
0.16679573
0.20326447
0.24039817
0.17636299
0.17667675
0.16441655
0.18010116
0.17800355
0.16060114
0.20107841
0.23107290
0.24578786
0.22414756
0.25234556
0.24248123
0.23754287
0.23004818
0.22801447
0.22196007
0.22085762
0.22507262
0.23830032
0.24394965
0.22710919
0.22580481
0.23222041
0.22881031
0.21885824
0.22307968
0.22401214
0.27031946
0.28572845
0.18071246
0.27231050
0.24438596
0.22141647
0.21728420
0.23840976
0.27730012
0.24455857
0.26319408
0.27531505
0.24901843
0.23570585
0.24347472
0.21963644
0.22317219
0.22694087
0.21856284
0.22230864
0.21661282
0.23093343
0.21304131
0.22695112
0.27120876
0.25712872
0.21461964
0.22159982
0.21463060
0.31729102
0.24221230
0.21421266
0.14877343
0.16392612
0.17953897
0.18133569
0.21274543
0.25912404
0.28141165
0.16511369
0.21008968
0.27101326
0.28926158
0.29915452
0.24890018
0.23836946
0.23354363
0.20859051
0.19399333
0.18413830
0.15986705
0.15187311
0.21401930
0.26556015
0.25232911
0.23995471
0.18328929
0.17705512
0.16140079
0.17353678
0.23495007
0.18019915
0.17513728
0.18282080
0.19471335
0.25988913
0.25990367
0.27289748
0.24143314
0.19458151
0.16420913
0.17993021
0.20978975
0.25269818
0.23358297
0.24094248
0.18395782
0.20906401
0.20263815
0.19749737
0.19359064
0.20464635
0.21672893
0.22518778
0.20842576
0.20170188
0.22109103
0.25042415
0.21728587
0.21182919
0.20955157
0.21936798
0.26307511
0.27113605
0.22721982
0.23675489
0.22525620
0.22258830
0.22615552
0.23916864
0.25052238
0.23980069
0.23998594
0.22841096
0.22539449
0.23231173
0.21830916
0.23144531
0.22515559
0.25642991
0.26886320
0.23205328
0.25906658
0.24560094
0.25280428
0.25421500
0.21293092
0.26139331
0.26660848
0.23999977
0.24072862
0.26806092
0.25477219
0.25076580
0.23167849
0.23408389
0.29606032
0.30609202
0.26751256
0.19316220
0.23400474
0.16449642
0.21734953
0.21572876
0.24420786
0.28463483
0.19476032
0.17638016
0.19343543
0.18304968
0.22380400
0.14439178
0.17951393
0.17351556
0.18333340
0.17078304
0.16883683
0.19009972
0.17628312
0.17557263
0.16427040
0.17312860
0.18755436
0.16623855
0.23039865
0.18981791
0.18511391
0.18860674
0.13900685
0.17194676
0.19947720
0.18007231
0.21733737
0.15717435
0.17017150
0.17831874
0.17357016
0.22341204
0.21926498
0.17220378
0.18806434
0.24757600
0.21031141
0.24721742
0.25385904
0.25387406
0.22387338
0.18508363
0.19369245
0.16707444
0.15545416
0.12767696
0.13978529
0.16160297
0.16968083
0.19505548
0.14886236
0.18696761
0.17439461
0.20749617
0.20605278
0.24639463
0.19323087
0.25362062
0.16983414
0.19404864
0.19938302
0.18208098
0.17352867
0.23239374
0.22307301
0.20144987
0.17795682
0.17414212
0.19176364
0.18317795
0.15995717
0.17612076
0.18106890
0.16216207
0.23422384
0.15019727
0.15949702
0.16816592
0.15998650
0.16546631
0.21020412
0.19647598
0.24393988
0.18332887
0.17233443
0.21801257
0.23544121
0.24707055
0.27467942
0.27486873
0.22737145
0.22981238
0.22752857
0.23199868
0.23174644
0.23937607
0.24756765
0.23271966
0.22697854
0.23651290
0.23198724
0.23394156
0.21614218
0.22047424
0.22283649
0.22129869
0.24387455
0.28541994
0.20015359
0.24390602
0.24948549
0.26193833
0.19373989
0.27161074
0.26237130
0.22453165
0.25895333
0.22831178
0.21843934
0.25623369
0.20820236
0.25201631
0.23914266
0.24222875
0.24494839
0.26672912
0.24377012
0.25490761
0.14431310
0.17520213
0.16581726
0.18053722
0.25366735
0.18953085
0.16342854
0.18115830
0.16898656
0.16053414
0.19544888
0.17794538
0.23789001
0.24586105
0.17685723
0.16252518
0.16364813
0.17149138
0.24346519
0.16604114
0.16182685
0.18256760
0.20485568
0.17477703
0.18325496
0.19589329
0.18015051
0.16534448
0.17339015
0.20374703
0.17653871
0.23608541
0.22051907
0.22819066
0.18757224
0.15204501
0.17805386
0.18190336
0.18328261
0.18552732
0.19972634
0.22336555
0.20238686
0.21152735
0.17161274
0.16818213
0.15178943
0.17909527
0.27240252
0.25309873
0.19556808
0.16825986
0.15221953
0.23432446
0.19660974
0.19960809
0.25950837
0.29906154
0.23744702
0.20740080
0.23446012
0.17032623
0.20791435
0.20851517
0.15827203
0.19367719
0.18708253
0.22302365
0.25545931
0.25054479
0.19808006
0.27877879
0.19894052
0.16925406
0.19967079
0.19061446
0.17248034
0.18915248
0.17790723
0.16676283
0.17360139
0.17687106
0.19710159
0.18686843
0.18352938
0.17665577
0.18326879
0.14179540
0.14087129
0.17560554
0.19004464
0.16037345
0.17274475
0.17671084
0.16233206
0.17183566
0.25521946
0.16174173
0.26242590
0.22523546
0.17839026
0.16466498
0.15625834
0.15485644
0.22452283
0.16473007
0.16669226
0.17277956
0.14292502
0.15038872
0.13907814
0.15393043
0.16488838
0.15516520
0.16896439
0.17074323
0.17615867
0.18332577
0.18844628
0.17936635
0.16595745
0.20658588
0.15264869
0.21612144
0.19300508
0.17728853
0.16995311
0.17443609
0.16859698
0.14869142
0.14826107
0.18967557
0.18997264
0.17429042
0.18671227
0.18604755
0.25988793
0.22854996
0.17959476
0.15417480
0.19430757
0.20718551
0.22204328
0.24284434
0.25095391
0.22996044
0.22734356
0.23222280
0.26581240
0.26456118
0.24096179
0.23448515
0.24319935
0.24223018
0.22813225
0.28485656
0.22105312
0.21786904
0.22049689
0.21718788
0.24094081
0.22835755
0.24858737
0.24785662
0.24722099
0.21968126
0.23816466
0.23696876
0.22053456
0.17528129
0.21234536
0.24712873
0.25213051
0.26401997
0.26363039
0.22731900
0.27453208
0.26137042
0.25991488
0.17193222
0.17101240
0.24806595
0.18235922
0.14793253
0.17401862
0.14612651
0.16197133
0.15260410
0.17840767
0.26939321
0.20242143
0.19371557
0.21510172
0.21612096
0.18450403
0.14520025
0.17533636
0.16041589
0.22998381
0.21664476
0.21696329
0.20336103
0.20782995
0.15196443
0.18176246
0.14690304
0.14880490
0.17530417
0.19718742
0.16649318
0.15304565
0.24091506
0.20150566
0.23069096
0.16352415
0.17073083
0.20244765
0.20778513
0.17138600
0.16732550
0.25064421
0.22706580
0.21705198
0.26275969
0.27515650
0.21368837
0.20160747
0.18157005
0.15425897
0.17037058
0.22666740
0.15809894
0.14880180
0.16984415
0.16642189
0.26889205
0.18849897
0.26154494
0.22022843
0.18945169
0.21572518
0.16403198
0.19359016
0.16589069
0.17753172
0.18788576
0.13827944
0.13447928
0.17000079
0.24543357
0.14251351
0.18587637
0.18822885
0.26031399
0.25110841
0.20491123
0.20660615
0.25165820
0.19066262
0.17559171
0.15108323
0.15813494
0.18036628
0.18117571
0.17139721
0.20877028
0.16973877
0.17366648
0.23072171
0.19389153
0.15024137
0.17480588
0.14163661
0.14996839
0.18899202
0.17679667
0.21243882
0.27591467
0.25287056
0.24482465
0.25304627
0.17802572
0.17242646
0.16513515
0.17211533
0.19163966
0.17691922
0.17305255
0.18159032
0.18974280
0.17703795
0.32664084
0.22980404
0.17900634
0.17632866
0.17863107
0.27502036
0.20575166
0.23251247
0.24441147
0.22572422
0.22163439
0.23126721
0.22750688
0.23078394
0.22427893
0.22441721
0.23194933
0.23912501
0.24153161
0.22158957
0.22297263
0.24548459
0.21077752
0.21686625
0.21906853
0.22017241
0.25422907
0.23783469
0.23903942
0.26603937
0.28995848
0.24511123
0.22840786
0.24083805
0.32438159
0.30941296
0.23687196
0.25096679
0.25123429
0.25937152
0.26821733
0.25371313
0.25536919
0.27297616
0.25070906
0.26752758
0.23598289
0.23850822
0.23593855
0.24578547
0.24396873
0.27617073
0.25174308
0.22017384
0.26361537
0.20607042
0.20194077
0.24009824
0.21942902
0.29129338
0.24120545
0.23161221
0.27454972
0.22734618
0.18918157
0.28130651
0.20025611
0.21701503
0.22197700
0.22186446
0.21103096
0.16569209
0.17473102
0.16019464
0.20078111
0.16890764
0.16007495
0.18515968
0.19044518
0.19666219
0.16121387
0.17020321
0.16654587
0.16509652
0.15158105
0.23494434
0.16381788
0.14451694
0.17027664
0.17371631
0.21615815
0.29480577
0.17027020
0.20694518
0.26670885
0.22380137
0.21581841
0.23579264
0.16691542
0.15532041
0.17230034
0.13898492
0.12239504
0.20675635
0.22442555
0.22241950
0.17888856
0.16089535
0.21869445
0.16553473
0.17750549
0.17747879
0.17003560
0.20894909
0.25532389
0.15443039
0.17373180
0.16900897
0.18395662
0.20421481
0.24693179
0.17000699
0.19716215
0.16978359
0.18552494
0.17617536
0.20058107
0.19565296
0.16439605
0.15453458
0.17177558
0.16480732
0.18269372
0.17492533
0.16682768
0.25255799
0.18474317
0.17597389
0.20028353
0.17893314
0.17238331
0.29299378
0.24451590
0.22133875
0.20690274
0.19356036
0.22955036
0.22983503
0.22697639
0.22143769
0.22471762
0.23060107
0.23740482
0.24113941
0.23184752
0.32038140
0.22402668
0.23221660
0.21699572
0.22410297
0.22112942
0.23957038
0.26560020
0.20306158
0.23625112
0.26419806
0.22920990
0.18969107
0.19927788
0.25997353
0.22250056
0.27443004
0.25452614
0.21993852
0.24503756
0.25652957
0.26280379
0.15930414
0.18695784
0.28760242
0.23507690
0.17558289
0.27156281
0.25422764
0.19930124
0.29009509
0.26101589
0.30133319
0.23657274
0.23293757
0.22397232
0.24269700
0.26414561
0.25604367
0.26069236
0.25308514
0.25177026
0.20305943
0.20323324
0.21996522
0.21058202
0.18123412
0.22588682
0.24688506
0.31759834
0.23224807
0.16712427
0.17087436
0.20154691
0.22294497
0.25586796
0.16839838
0.16897321
0.25073624
0.22013426
0.17900705
0.18890548
0.18424201
0.28067327
0.21349335
0.17374277
0.16049051
0.16766286
0.19668627
0.18329549
0.18432808
0.16832376
0.15061831
0.18431783
0.16682529
0.18151307
0.24200416
0.19184661
0.21540689
0.26380157
0.18245339
0.15758324
0.17423153
0.18970084
0.15093970
0.17027640
0.16306973
0.21871042
0.15598464
0.15991545
0.15590644
0.18665099
0.17608237
0.21135259
0.17906070
0.18979383
0.25280976
0.23255372
0.26902986
0.24965572
0.18553472
0.20014095
0.19542933
0.25183225
0.21476436
0.24632072
0.24587202
0.23295641
0.22864318
0.22861481
0.23013997
0.22589898
0.24149585
0.22579241
0.24370766
0.23448992
0.23177099
0.22928786
0.23465800
0.21090126
0.22463608
0.22405052
0.22709084
0.29389358
0.22568679
0.24698043
0.28713226
0.25640440
0.28266263
0.25642705
0.25311732
0.24198246
0.24605584
0.22847533
0.24829912
0.29758906
0.26442456
0.24568200
0.27347684
0.27695513
0.28781414
0.18701768
0.24192572
0.31266928
0.17585802
0.27272654
0.27647901
0.16500235
0.20419550
0.19388652
0.21390557
0.24607134
0.22850132
0.13617420
0.26188517
0.26123738
0.18847275
0.18316579
0.16923952
0.21974134
0.18551731
0.17511296
0.18291616
0.17898464
0.16223741
0.16664815
0.16411638
0.15437388
0.17386913
0.17803216
0.24926186
0.17627907
0.25694513
0.16742992
0.23910189
0.18293643
0.16636777
0.14514685
0.15988660
0.17725897
0.14724064
0.15842271
0.26211119
0.22805047
0.21239471
0.16831613
0.17439342
0.18571377
0.27964497
0.28631425
0.30220222
0.27190089
0.20466614
0.17580152
0.20564365
0.17703962
0.15705061
0.27497864
0.23681521
0.24424195
0.22898650
0.22498393
0.22979331
0.22459936
0.22692060
0.22492909
0.24074841
0.24248266
0.24349308
0.23415446
0.23005009
0.22444630
0.24595737
0.21314955
0.22293448
0.22180033
0.22274995
0.23667216
0.25459981
0.24045992
0.24479723
0.25888038
0.22983503
0.21391535
0.27910185
0.24603963
0.23069692
0.23800087
0.22628641
0.21313453
0.20637274
0.23705268
0.24085617
0.23647141
0.20871377
0.26142502
0.20987368
0.24047875
0.27244878
0.22170115
0.22129965
0.24266529
0.25314569
0.21934867
0.22320437
0.18800354
0.30149913
0.16645861
0.20206976
0.21148109
0.16351676
0.18516612
0.19825053
0.25557160
0.26138115
0.26010251
0.20114255
0.22186804
0.30636001
0.25866961
0.14776993
0.16046000
0.15376019
0.16833758
0.17875624
0.17910981
0.17610812
0.16856384
0.17519832
0.15600848
0.17036772
0.20103216
0.23196316
0.17908072
0.17899919
0.17239547
0.22951508
0.32194090
0.21703815
0.20887184
0.27596474
0.19098973
0.17032933
0.18101501
0.20954037
0.23937106
0.25291896
0.23155475
0.23764086
0.21567392
0.24706507
0.20800614
0.21712470
0.22183824
0.24880433
0.24119115
0.22065353
0.23933530
0.23311377
0.23799229
0.21901941
0.25053310
0.23744273
0.24366689
0.23002052
0.23019671
0.22456741
0.24400449
0.22271419
0.22112560
0.22417974
0.21843266
0.26633430
0.26665545
0.30573773
0.27528644
0.28384280
0.22591734
0.23099089
0.24456787
0.32214880
0.23403215
0.17945862
0.17236805
0.17433929
0.15313315
0.22343493
0.24286914
0.27970839
0.25961256
0.18460464
0.21043563
0.21823287
0.25249124
0.27366138
0.27083468
0.23765206
0.29283547
0.26917434
0.26408553
0.26011038
0.22422791
0.16710925
0.19122553
0.22329092
0.22860622
0.25915623
0.27578640
0.21004272
0.18763351
0.23820686
0.24750686
0.19510221
0.19694018
0.20138311
0.19289351
0.19386506
0.24895048
0.18657017
0.17707777
0.20011258
0.24762440
0.23680735
0.30671191
0.20328355
0.19031382
0.19004059
0.20694232
0.24693513
0.23171520
0.20385122
0.25091720
0.25918794
0.23347688
0.22551918
0.23324561
0.22887921
0.22246456
0.22910357
0.24384880
0.24750328
0.22735405
0.22631431
0.22581601
0.21923542
0.23696589
0.22180843
0.22048473
0.22912621
0.22001505
0.25726128
0.27249813
0.23973060
0.25662971
0.25970483
0.23100829
0.23015714
0.18727541
0.27184296
0.29457641
0.29056168
0.29793668
0.26766181
0.25943446
0.20532656
0.26968527
0.26402736
0.25894237
0.28116727
0.25921535
0.24228334
0.26256394
0.26793480
0.23778439
0.23429704
0.23676634
0.21181870
0.23520398
0.24302340
0.24050951
0.20206237
0.18054605
0.23031259
0.18637109
0.21056461
0.24472427
0.31628203
0.18569994
0.22016382
0.18434048
0.24328613
0.17055106
0.19557619
0.16084480
0.16965771
0.15880418
0.16694546
0.16323423
0.27774072
0.23090363
0.25766158
0.19443035
0.20038199
0.19672871
0.18271232
0.15942001
0.23516488
0.22681737
0.23860383
0.22549725
0.18110585
0.13316965
0.28495789
0.19441533
0.26208687
0.20966721
0.17120671
0.16479588
0.19052219
0.16959524
0.17212081
0.16940165
0.26025844
0.30121946
0.30280375
0.26575232
0.24538350
0.27786875
0.21521878
0.27173305
0.31952620
0.24574924
0.20160246
0.17463160
0.19359946
0.17884350
0.15864205
0.15541673
0.17090201
0.18348050
0.17613602
0.27691555
0.17046404
0.18118620
0.18607402
0.18307424
0.18081975
0.28133583
0.25244951
0.23371077
0.30398893
0.24493289
0.20983791
0.21888590
0.16581893
0.22354841
0.20859933
0.27391505
0.23465991
0.29172969
0.25857711
0.27898860
0.23977280
0.24748659
0.24092197
0.23030734
0.24235415
0.23020911
0.23004246
0.22909808
0.25578046
0.28632641
0.24349070
0.24089932
0.25142050
0.21977949
0.17244339
0.18031669
0.21957469
0.21990657
0.25954318
0.27042055
0.24674678
0.24189901
0.21882272
0.27040410
0.21355009
0.29781032
0.25157213
0.27093101
0.25528979
0.16704559
0.18577957
0.25917101
0.27817416
0.25535917
0.19478154
0.27036762
0.18130445
0.27619028
0.23210883
0.28168845
0.19457865
0.26468229
0.22613811
0.14283395
0.20094585
0.23061395
0.25366807
0.24346423
0.17626333
0.17513132
0.25936699
0.23706269
0.15570998
0.16566586
0.17557979
0.17713261
0.19673753
0.16391420
0.13787365
0.15500546
0.15239406
0.16220760
0.17127705
0.21666861
0.19433188
0.24601221
0.24222422
0.24416351
0.32400131
0.22628379
0.16888261
0.17416263
0.17117143
0.17493391
0.18541217
0.30454040
0.22175050
0.19680405
0.31946826
0.26248670
0.20661950
0.22949314
0.18551850
0.22730255
0.19257116
0.16997361
0.17815590
0.17937207
0.23881316
0.20085645
0.17716813
0.17786503
0.17318797
0.15832376
0.27068353
0.16127586
0.13070679
0.16593051
0.19148874
0.18949246
0.18669653
0.17253566
0.16705036
0.20437503
0.23037267
0.17152238
0.18681240
0.19130754
0.16153860
0.18776226
0.17926192
0.16148210
0.19231963
0.18770623
0.18273950
0.16158581
0.22093606
0.13924098
0.17878723
0.17103148
0.16788101
0.16223025
0.19307756
0.17742658
0.17500639
0.18439484
0.15891600
0.15050173
0.16092873
0.19332886
0.18800330
0.19181204
0.17565942
0.16555047
0.16758561
0.17546034
0.18103957
0.20214486
0.16774201
0.16241002
0.17138338
0.26586056
0.16639757
0.21311212
0.24380398
0.20696688
0.24657750
0.15815687
0.23539186
0.24330425
0.23007941
0.27459621
0.28481913
0.23843098
0.16071248
0.31013274
0.32211924
0.25265002
0.26245975
0.22287750
0.23094630
0.23069572
0.23022175
0.22927809
0.23433518
0.24656582
0.23496199
0.22778988
0.24165273
0.24108601
0.22475266
0.21801448
0.22102404
0.22317934
0.25271463
0.25993228
0.20129776
0.28473043
0.25446892
0.20408487
0.26537681
0.14979315
0.17691326
0.29827547
0.22351766
0.22184229
0.22597480
0.22758508
0.26564693
0.25436115
0.24797654
0.25017619
0.27480555
0.27116036
0.25330997
0.25384951
0.24262714
0.24542427
0.23842692
0.23344040
0.24574900
0.27141523
0.25352955
0.25417089
0.15708375
0.25698519
0.27338386
0.19483328
0.27157593
0.15557432
0.23034191
0.17217922
0.26469946
0.25515056
0.24320173
0.29385519
0.24470210
0.22009492
0.23560524
0.21736407
0.17429829
0.15906572
0.16890693
0.21637058
0.16437316
0.26369166
0.28246593
0.28238797
0.22255540
0.20422125
0.22564602
0.22082782
0.30367088
0.23909760
0.20395899
0.17141080
0.16295862
0.17818999
0.19162416
0.21734953
0.22805500
0.21937466
0.26838398
0.26253748
0.19683433
0.32597494
0.30159283
0.19169736
0.16386104
0.19081402
0.17655373
0.18110204
0.18730235
0.15179396
0.15527248
0.17460179
0.15725923
0.18203068
0.25079131
0.17777157
0.21946883
0.22443771
0.18491268
0.18642735
0.19688964
0.20212173
0.17886949
0.17666626
0.14726591
0.18235588
0.16749644
0.20431519
0.17558455
0.17333174
0.18860078
0.20555568
0.17239857
0.22617197
0.24074316
0.29090190
0.22212243
0.18183541
0.19259715
0.16890693
0.22153950
0.27492404
0.22530508
0.15621161
0.17086029
0.17939854
0.19886398
0.24222136
0.17566752
0.22443247
0.21400213
0.19554067
0.19896841
0.18494987
0.16648889
0.16179800
0.17463183
0.19160342
0.18499660
0.17574978
0.19131780
0.21801162
0.15887642
0.19232392
0.19429183
0.17614675
0.18761730
0.18076754
0.18190646
0.18208027
0.19256711
0.15145397
0.13671184
0.18708992
0.20682502
0.27187371
0.24689651
0.22708321
0.23200512
0.23478007
0.22769475
0.22396564
0.22268414
0.25868964
0.23466611
0.23691893
0.23561478
0.22802830
0.24998713
0.22118306
0.21814060
0.22551656
0.22801781
0.27295232
0.27537966
0.30383539
0.26814747
0.28996921
0.18051338
0.30342960
0.22189069
0.31617785
0.23311162
0.31780982
0.25031900
0.27262902
0.27741599
0.25102448
0.27556705
0.26954985
0.31379247
0.30760932
0.26948833
0.23042989
0.27397633
0.21546555
0.25005817
0.14953899
0.16562200
0.18339777
0.18777966
0.18103981
0.25725245
0.17674494
0.17995143
0.24007154
0.25602603
0.18479109
0.19359374
0.26627159
0.18080854
0.18022656
0.19393563
0.21328259
0.21617866
0.17158484
0.14968419
0.15940428
0.14946580
0.21173906
0.16570902
0.14576840
0.20507264
0.18086934
0.24809670
0.23896813
0.19943857
0.23163533
0.20525599
0.23165417
0.17402196
0.15019107
0.28906274
0.24991250
0.19384336
0.23476601
0.25868225
0.18967986
0.21282244
0.24335074
0.21954370
0.16502476
0.18033576
0.21520138
0.18970418
0.19711041
0.18111849
0.19630742
0.21956205
0.20778155
0.16098166
0.17188525
0.17350459
0.15752578
0.17506933
0.15618753
0.14402604
0.18243861
0.18569970
0.18190002
0.17308736
0.15674734
0.16019058
0.21801901
0.20350909
0.22109056
0.18589783
0.21798730
0.27511764
0.23979735
0.23007131
0.25019860
0.22726393
0.23413086
0.15827894
0.21852374
0.17893958
0.16810417
0.17436790
0.16643882
0.18870831
0.18176889
0.17776585
0.16020870
0.17344999
0.18222356
0.16717124
0.16545010
0.18806911
0.16977978
0.17835593
0.23347068
0.27153182
0.26039386
0.23110843
0.21693850
0.23357177
0.23672891
0.23580956
0.22664356
0.22569156
0.23934650
0.23394227
0.24262333
0.23328447
0.22219348
0.22591662
0.23653960
0.22191644
0.21930766
0.22204399
0.21811914
0.23271608
0.22503281
0.17346978
0.29806733
0.24139071
0.23792219
0.22565436
0.22407269
0.30472016
0.27751470
0.30034876
0.25731325
0.28942204
0.22844553
0.28108478
0.22567677
0.23839617
0.22439098
0.21317601
0.17484498
0.20216799
0.19665360
0.26014590
0.24709296
0.20019865
0.23728299
0.20956588
0.21852374
0.23830771
0.25079155
0.26924229
0.19026828
0.19015718
0.23926568
0.14534855
0.20353556
0.22460985
0.23651743
0.23679733
0.22494602
0.26137066
0.21241784
0.19060254
0.25883627
0.21357369
0.16565108
0.19318485
0.23949909
0.25642300
0.27015591
0.24100709
0.24928975
0.25116181
0.23408294
0.22479463
0.23174191
0.28302264
0.28154707
0.23806214
0.17665267
0.15813327
0.17520976
0.17006159
0.15133309
0.17630267
0.17207026
0.17983484
0.18077540
0.18119860
0.17535448
0.20584965
0.24558210
0.18540740
0.24268246
0.18747139
0.31142735
0.25942826
0.29933643
0.22102499
0.21632671
0.20506406
0.21503425
0.27719879
0.19808888
0.31818533
0.23379707
0.23701477
0.23494959
0.26359868
0.30657244
0.22957969
0.23353124
0.22722340
0.23366284
0.22089911
0.21874094
0.23281837
0.25153494
0.22456360
0.29191542
0.27965522
0.24603534
0.24311304
0.21428990
0.25498390
0.23480296
0.28239632
0.23708773
0.27471781
0.24795175
0.26636672
0.29278278
0.26861310
0.25117111
0.23565316
0.26144361
0.25269175
0.28389525
0.21432519
0.29432106
0.26893163
0.26515150
0.26896787
0.23487163
0.22774529
0.25227761
0.22672820
0.24041986
0.18909049
0.17683983
0.21192217
0.27910495
0.25539565
0.20721531
0.25240088
0.29031086
0.17661572
0.20492411
0.23190045
0.21520972
0.24387288
0.25516462
0.23571324
0.22902775
0.30662847
0.26862431
0.18731880
0.20989347
0.23010159
0.27062678
0.21217990
0.17819428
0.16276836
0.18085647
0.14352036
0.21365333
0.21340656
0.15755105
0.17102480
0.15609550
0.14595056
0.20016694
0.18880558
0.19111967
0.14750266
0.15294194
0.18110657
0.14320564
0.15775633
0.14608526
0.19241166
0.20881581
0.21045113
0.17943740
0.17326188
0.14659500
0.14688253
0.16228008
0.15418124
0.17377782
0.20666909
0.23448849
0.22274280
0.25802207
0.21616459
0.23447657
0.25172353
0.22831845
0.23169351
0.23151541
0.24919057
0.23786569
0.23501611
0.24563432
0.22541165
0.21979856
0.23928666
0.22215724
0.22001243
0.22631407
0.22039652
0.27290535
0.24659204
0.19588900
0.18140507
0.20682645
0.23276639
0.21135783
0.20253515
0.25045514
0.23617911
0.27507901
0.30173659
0.22796226
0.23994541
0.24538612
0.21392965
0.21393418
0.22379613
0.27757144
0.26598167
0.19544339
0.23926497
0.21764636
0.21577716
0.20120573
0.18237662
0.17547631
0.15461135
0.16928887
0.22650290
0.25446677
0.28928089
0.21343565
0.24587035
0.19649172
0.17363930
0.16499519
0.18532205
0.18217158
0.27283812
0.26783395
0.29027414
0.16527176
0.22673607
0.19563341
0.23733306
0.24398232
0.24400210
0.19233847
0.22831988
0.27219725
0.21146607
0.22767115
0.22636676
0.23963189
0.22643304
0.20121574
0.22939396
0.18492532
0.17399573
0.16591597
0.17464995
0.28399992
0.19818783
0.19400430
0.18215632
0.34705377
0.28554225
0.18494916
0.17437410
0.17588663
0.19703865
0.18995547
0.15981293
0.16939974
0.25281239
0.20776105
0.19745135
0.16111898
0.15018868
0.15844631
0.14916801
0.17488718
0.14825416
0.17223096
0.18455863
0.17355466
0.17246032
0.18038511
0.17415404
0.16095495
0.17564654
0.18249822
0.18026733
0.24146271
0.17069149
0.15311885
