0.04658842
0.19120169
0.16955757
0.16405177
0.16696310
0.15089607
0.15546203
0.16364527
0.17324758
0.21691608
0.22931767
0.24076700
0.19695020
0.25477481
0.24119902
0.15283298
0.17553353
0.16205525
0.17692828
0.18140483
0.15653515
0.11152196
0.18270159
0.20574522
0.20803905
0.15979648
0.26175332
0.20779657
0.28790259
0.19947410
0.17396951
0.24658394
0.23194051
0.23735571
0.24078846
0.22897482
0.22592902
0.23281598
0.22930694
0.23180127
0.22226501
0.24756813
0.23087549
0.23537374
0.23316598
0.21976972
0.23252368
0.23827052
0.21769738
0.21879625
0.22229981
0.21900058
0.25025749
0.24229908
0.22265482
0.26805139
0.32115769
0.28897333
0.28050065
0.27813816
0.26313066
0.24930716
0.25817657
0.24445891
0.24548149
0.21920705
0.27339363
0.23404121
0.27134299
0.24944019
0.21821713
0.27145839
0.24327731
0.24510407
0.26763153
0.25905132
0.22928023
0.23828459
0.27141476
0.16252232
0.22680044
0.24702454
0.22536397
0.27515650
0.18408942
0.22862625
0.20898604
0.19948316
0.14937997
0.19522166
0.22518516
0.19640732
0.22251844
0.20097256
0.19218493
0.21143985
0.23696113
0.23555660
0.21894979
0.29980493
0.22991681
0.26216984
0.15064740
0.17760181
0.17190647
0.18748927
0.18808460
0.21108890
0.31800413
0.23735023
0.15887308
0.28003550
0.24331403
0.18848443
0.21903467
0.23838305
0.23556638
0.20996404
0.18681836
0.16792703
0.17392230
0.26498199
0.19386721
0.21974730
0.25980115
0.24236012
0.21764851
0.22940612
0.18397427
0.21938324
0.23123431
0.23074222
0.20084953
0.28130460
0.19937372
0.19209242
0.18680954
0.21602654
0.23310161
0.16189671
0.20966172
0.25287914
0.23586702
0.24001455
0.24233389
0.21955156
0.21627688
0.21809506
0.23516893
0.21546459
0.22456622
0.24608922
0.22681308
0.23217154
0.22907519
0.22775364
0.22613931
0.22347164
0.21632266
0.22782755
0.21522093
0.23597765
0.21829247
0.23356676
0.22241116
0.22237754
0.22446799
0.23965287
0.27375698
0.25241137
0.26372790
0.21831250
0.25604773
0.27713728
0.25746655
0.21524429
0.25014067
0.28514051
0.27111745
0.28148413
0.26710916
0.17067409
0.17000031
0.16138387
0.19616961
0.18800259
0.18346548
0.17012000
0.23978615
0.15815759
0.16072059
0.17272186
0.24718261
0.21630001
0.21623492
0.24961948
0.19592810
0.18941379
0.18572092
0.18554044
0.15945816
0.16791296
0.18025970
0.23728728
0.15424299
0.27007246
0.32430792
0.24952006
0.19973922
0.21641946
0.20425797
0.23071980
0.23134160
0.17792463
0.15728569
0.15248346
0.19280338
0.17728114
0.16077280
0.21566415
0.22132063
0.16426611
0.26172972
0.30433249
0.23066974
0.17911243
0.23751068
0.20243359
0.17201042
0.17873406
0.17788601
0.17021561
0.16731000
0.20204926
0.19061732
0.18681955
0.18000555
0.20722699
0.17983079
0.29471183
0.25521255
0.15001011
0.16247773
0.25353694
0.23816943
0.28109503
0.23859072
0.27595043
0.25017524
0.23277950
0.21755314
0.21987486
0.23530698
0.22832131
0.23254848
0.21867824
0.24411154
0.24263930
0.21456909
0.22836542
0.22158027
0.23980403
0.21223044
0.21997833
0.22348833
0.21519446
0.23271871
0.21221972
0.25739312
0.21657848
0.22078443
0.23754382
0.28216791
0.23254275
0.24656105
0.25902987
0.24175620
0.30704141
0.18680906
0.17871785
0.19459867
0.21061182
0.20164609
0.18394971
0.26331639
0.27326632
0.23671818
0.21059823
0.26796770
0.24588585
0.26049805
0.27982593
0.26186633
0.15676045
0.19388032
0.19580507
0.16414571
0.18171215
0.20227265
0.17724586
0.17082834
0.21333027
0.16733027
0.18325996
0.17639399
0.18100786
0.18408108
0.17050385
0.16678166
0.17295122
0.19865537
0.22939610
0.16515326
0.25600886
0.16330099
0.20409417
0.18136215
0.16507745
0.16321898
0.13374376
0.11684322
0.15174031
0.16185570
0.19594359
0.25841022
0.23955894
0.18296695
0.25623131
0.15200710
0.18169022
0.18723464
0.22475982
0.25622988
0.21520591
0.17115951
0.17380786
0.17805743
0.25595522
0.23913193
0.26538396
0.20827723
0.16239262
0.18985415
0.16355944
0.18835545
0.16126609
0.16488290
0.18825769
0.18244505
0.15338683
0.18332839
0.20928907
0.26998258
0.20673394
0.23880196
0.17236781
0.20986366
0.14638662
0.18920779
0.20669293
0.23475075
0.25040984
0.21566463
0.22690558
0.22414708
0.22242785
0.23682046
0.24200511
0.22351265
0.23291922
0.22713542
0.22681499
0.22628880
0.22856808
0.31557536
0.21603894
0.21613812
0.21648264
0.26591921
0.27740502
0.26772738
0.22282457
0.25441098
0.23088980
0.23323941
0.25863862
0.24896097
0.24283743
0.21676397
0.27897930
0.25656176
0.24415469
0.27880716
0.24296498
0.24753618
0.20413804
0.22068071
0.21572018
0.22037363
0.24922585
0.26374936
0.21941996
0.23384404
0.20844197
0.19210410
0.21289682
0.22748876
0.23088670
0.19088173
0.17225194
0.26462650
0.21193004
0.26269722
0.26216173
0.20442319
0.17832732
0.14902711
0.19190550
0.17601299
0.17948985
0.18590045
0.16349673
0.16384673
0.17264748
0.15623856
0.16539216
0.24227333
0.20851707
0.15817547
0.26577282
0.16271520
0.16890526
0.18274474
0.18758869
0.17242479
0.19042659
0.17117238
0.18203998
0.18895721
0.17997289
0.18060827
0.16283464
0.18369675
0.16065049
0.20272136
0.26855159
0.24369669
0.25771832
0.21496964
0.28063536
0.22044420
0.21826959
0.22345567
0.17071652
0.27870584
0.22338414
0.23203158
0.22461677
0.22617793
0.22591448
0.22025800
0.22784424
0.22498608
0.22214746
0.24053025
0.25170779
0.26216245
0.21652317
0.22016573
0.25258660
0.21128941
0.22301888
0.22006798
0.21758676
0.25524306
0.22535706
0.21747851
0.23640537
0.28684974
0.27898669
0.27983141
0.29228926
0.28714609
0.23061180
0.15150046
0.28585935
0.27991557
0.17536426
0.25356364
0.28122354
0.23204970
0.24680591
0.25578737
0.21516323
0.26468801
0.29990244
0.26141572
0.23653555
0.23699880
0.22214913
0.28937769
0.25534534
0.21243382
0.23529649
0.23952889
0.22262335
0.23927975
0.25497079
0.15272641
0.17651463
0.18403459
0.22770286
0.17112732
0.16822386
0.18005586
0.17086339
0.28713655
0.18855333
0.17337704
0.20673728
0.19072318
0.18124270
0.18145490
0.15971351
0.18925738
0.26627040
0.20250702
0.19022155
0.16684413
0.17122102
0.17509127
0.19861412
0.18052316
0.18677449
0.16802669
0.19571185
0.24001932
0.26726413
0.21573877
0.23960519
0.23428392
0.21690845
0.21498108
0.23427367
0.26544666
0.24757576
0.24833798
0.22502351
0.22890639
0.24656010
0.24246025
0.23658490
0.25152636
0.22352290
0.23248386
0.22127461
0.22542119
0.22064519
0.22269249
0.21964669
0.23088527
0.25267053
0.27742648
0.20435905
0.22986603
0.20953465
0.22861791
0.28295374
0.33050323
0.25176525
0.24312210
0.18901587
0.20271730
0.17807984
0.22665119
0.20165205
0.30660963
0.26305985
0.25806141
0.28298497
0.22412872
0.27451754
0.20111728
0.29328823
0.14454174
0.13341475
0.15139031
0.19105458
0.16469431
0.25145149
0.16239023
0.15702295
0.20542836
0.31545568
0.23632383
0.24928904
0.28660274
0.22697425
0.15846443
0.17206216
0.16828132
0.17275977
0.24398613
0.17018318
0.16113305
0.17723250
0.21006513
0.20113468
0.16985726
0.16218328
0.18589330
0.17724705
0.22755408
0.22678447
0.27978826
0.14254355
0.14612174
0.21264577
0.24838591
0.22688985
0.16280532
0.16766620
0.27824163
0.16516757
0.17832851
0.18726683
0.18265152
0.20210862
0.18012023
0.17057943
0.16860461
0.21505451
0.16900921
0.19320250
0.18962193
0.16578317
0.18608665
0.20221329
0.16914654
0.18490601
0.20113730
0.24847460
0.27943015
0.31322837
0.19193053
0.27314115
0.20627046
0.26752353
0.23453426
0.17872500
0.15850377
0.15613055
0.17495084
0.16677833
0.14896870
0.20838261
0.18994284
0.17931056
0.20797467
