0.03256917
0.16997910
0.15662909
0.18346691
0.18947172
0.17582726
0.19686818
0.16028810
0.16473174
0.23248649
0.25591826
0.26337671
0.23321176
0.17225552
0.19388032
0.23704553
0.18886638
0.23474693
0.23639154
0.23689389
0.22619557
0.21933436
0.22229457
0.22950554
0.22508907
0.22780752
0.23201942
0.24385619
0.22414088
0.22999048
0.24087501
0.22884011
0.22689414
0.21041608
0.22241187
0.21764755
0.26116657
0.23008609
0.22478604
0.28810048
0.27704620
0.24324083
0.27625918
0.21257520
0.26259232
0.30185723
0.29181147
0.22785425
0.26729441
0.25575328
0.17368245
0.19962430
0.29340816
0.22601795
0.24801898
0.17242432
0.22142339
0.22576451
0.21071339
0.19134951
0.24195600
0.16646719
0.17102122
0.21185231
0.16171312
0.18653631
0.17892933
0.15264249
0.18193054
0.23747993
0.26791215
0.21781516
0.27790833
0.20825124
0.20585227
0.26016450
0.26510239
0.26411104
0.25304413
0.19405723
0.27653003
0.18145633
0.20571136
0.20526600
0.17640495
0.22913551
0.27815771
0.23854518
0.18413305
0.25133228
0.23374081
0.19553828
0.25033355
0.21265602
0.17928576
0.18827748
0.19746232
0.23730326
0.14963055
0.20761466
0.17050242
0.18527579
0.18319201
0.16367745
0.15387440
0.17399812
0.16188693
0.18454385
0.17749882
0.19090176
0.17240882
0.18159986
0.17378163
0.17056561
0.15848947
0.17988586
0.17001843
0.17147279
0.15932608
0.15411615
0.18946171
0.24843669
0.18264771
0.20590639
0.26905036
0.17319608
0.17791462
0.24807000
0.24556494
0.25603175
0.25522351
0.24577308
0.22726345
0.24391937
0.22060561
0.21172976
0.22018814
0.21613503
0.24444079
0.25153470
0.14320612
0.26121378
0.28848886
0.23932147
0.16167712
0.28029585
0.28012109
0.17683363
0.18081164
0.28113484
0.26360893
0.26611066
0.24547839
0.24970269
0.22696567
0.22720432
0.29826617
0.24129128
0.18516803
0.27720833
0.27432346
0.26885915
0.25504875
0.16657329
0.15788746
0.24350739
0.20498633
0.16011429
0.16718435
0.15050149
0.16744184
0.20820451
0.22015285
0.17568660
0.25919461
0.26126790
0.17493773
0.19586420
0.17065072
0.18374705
0.17464828
0.21421194
0.18399835
0.16472626
0.16676855
0.33619857
0.25051761
0.16506314
0.17865038
0.19059873
0.24896741
0.19820762
0.34747028
0.26799870
0.30591464
0.18879604
0.24033689
0.24891806
0.21179771
0.28181076
0.22229862
0.22422433
0.15739918
0.18559790
0.15825343
0.22996998
0.20460582
0.16736627
0.19942451
0.36394024
0.23820782
0.20999837
0.25840902
0.23134232
0.24388552
0.14782596
0.16910911
0.15942788
0.25070810
0.24079299
0.24243426
0.22543406
0.26495624
0.22859097
0.21776247
0.22220802
0.22244835
0.23758030
0.22069192
0.22490835
0.22683024
0.22282910
0.22176623
0.23438096
0.21872544
0.21798587
0.22018862
0.24131608
0.26505733
0.28107357
0.24297810
0.25825143
0.26489615
0.22668743
0.25009465
0.18162537
0.20993543
0.21116281
0.33520031
0.33361745
0.24520445
0.27529287
0.26124668
0.25243735
0.28525305
0.27449298
0.27049541
0.28978610
0.28938794
0.25813198
0.26914263
0.21962357
0.33000278
0.23867345
0.22955275
0.22368407
0.14489269
0.23401642
0.15296769
0.17712450
0.16024828
0.15888786
0.16019273
0.16948295
0.16614270
0.17387867
0.17221189
0.19695616
0.20340371
0.17415237
0.17326069
0.17416978
0.19159961
0.19266391
0.21614766
0.17037487
0.24424934
0.22813106
0.17555094
0.17433524
0.19162107
0.18035936
0.15714002
0.16308641
0.17470551
0.16231298
0.21551681
0.16713500
0.17029834
0.20961976
0.18853354
0.17663884
0.15689731
0.17837095
0.19064927
0.15547752
0.23430324
0.14618421
0.17890716
0.17653441
0.14483142
0.20386410
0.17585278
0.18371153
0.18201256
0.19285679
0.17005396
0.16339755
0.16744041
0.17680669
0.19009542
0.16843557
0.14673781
0.15207982
0.18745542
0.16901231
0.16469073
0.19038773
0.26088572
0.23779392
0.18327570
0.18871140
0.17072606
0.15431762
0.19004607
0.16413021
0.18608522
0.19477081
0.17158151
0.17277646
0.17815948
0.18889904
0.18184376
0.15666127
0.17411900
0.17102981
0.16950202
0.18628120
0.15841413
0.14944887
0.13916159
0.14374280
0.16800642
0.17312241
0.19146180
0.18696451
0.19097161
0.16133714
0.15490961
0.17966175
0.16315794
0.15720654
0.17003822
0.32202005
0.26787257
0.22018218
0.21911240
0.24002576
0.21746302
0.22612453
0.21912169
0.23515892
0.23381758
0.25449800
0.23376203
0.21478605
0.21882606
0.26228309
0.21070838
0.21530581
0.21432328
0.21842527
0.24414730
0.25579667
0.24439502
0.26420283
0.27593446
0.20335746
0.25353956
0.23578382
0.26233482
0.26792049
0.25017285
