0.04384685
0.26993728
0.21165895
0.20044184
0.25258112
0.25262308
0.19069815
0.24792838
0.26062632
0.25572515
0.24071956
0.29683161
0.28820014
0.28140712
0.18776321
0.23322415
0.21225786
0.22531438
0.18612027
0.18342543
0.20178533
0.17104363
0.26073527
0.22347498
0.22198415
0.21147943
0.21551299
0.16728616
0.18793011
0.24630070
0.16229463
0.29666185
0.24912286
0.20028734
0.25223374
0.25860596
0.16738462
0.13891268
0.15689611
0.26237607
0.23570848
0.18424654
0.16524053
0.16099691
0.17518711
0.15057564
0.17171097
0.19927502
0.16387558
0.16301441
0.22436523
0.24385715
0.23923182
0.26980734
0.28314948
0.15402842
0.28529716
0.17279267
0.23537540
0.19505930
0.30749035
0.20155954
0.21055770
0.22230577
0.15336990
0.15503550
0.22161961
0.18050790
0.25995517
0.19852996
0.22465253
0.15466404
0.15039301
0.17165041
0.19627070
0.16893911
0.15553260
0.17765927
0.17031336
0.15194392
0.14951682
0.18221688
0.15533566
0.14147115
0.17052293
0.15139580
0.18241191
0.19474578
0.18160653
0.13981199
0.15817952
0.17301178
0.18873477
0.16908407
0.15179133
0.16907954
0.18473768
0.19865036
0.20318604
0.20428586
0.34649897
0.27217484
0.25301385
0.22881889
0.27434111
0.21995759
0.23406720
0.22118402
0.22970176
0.22019291
0.21974158
0.23725533
0.23463154
0.22350430
0.22729707
0.23039699
0.22259974
0.22697473
0.21413589
0.22383833
0.22189403
0.24403739
0.26290655
0.24376583
0.29160404
0.25543118
0.22787857
0.20478463
0.19541550
0.24441910
0.26739907
0.22451544
0.21442461
0.22509408
0.26369596
0.31697583
0.29974556
0.30067348
0.25841570
0.26722598
0.26246285
0.22228742
0.19342089
0.19617987
0.25208926
0.28478956
0.15507936
0.16651034
0.22171974
0.16195178
0.17869568
0.17358518
0.20814252
0.27446389
0.19259477
0.23627758
0.23305702
0.20853925
0.27745080
0.21313882
0.20819950
0.22622800
0.28632545
0.24994540
0.27282906
0.14496684
0.16343641
0.24909687
0.24757123
0.17751980
0.22169590
0.25049162
0.23963857
0.25032139
0.22509265
0.19767141
0.16392851
0.18861890
0.18812013
0.20154309
0.20868874
0.18979120
0.15768504
0.16122580
0.21466899
0.19244361
0.25467253
0.25805569
0.18727970
0.28993154
0.21027374
0.19085026
0.23311734
0.19780612
0.15430927
0.16235089
0.18020844
0.24226785
0.17093015
0.12396240
0.16797948
0.12857676
0.11690950
0.13301182
0.11997581
0.14676428
0.12252307
0.11407852
0.15847969
0.13444114
0.16542721
0.18491411
0.18754983
0.22832012
0.16574717
0.16173673
0.16209626
0.21563840
0.21727514
0.16471910
0.15565538
0.16854906
0.15377116
0.13679719
0.13679242
0.15309024
0.20158243
0.17564702
0.17450428
0.23953962
0.17300320
0.19337296
0.15517831
0.19036460
0.21261144
0.17099905
0.32468176
0.21321368
0.21794033
0.17762709
0.27313638
0.26786828
0.24501753
0.25723100
0.19412732
0.18780637
0.22076058
0.24789739
0.27709270
0.23922992
0.22944450
0.22442698
