0.04394484
0.22411227
0.22826362
0.22390437
0.22692370
0.24089170
0.23248124
0.23048925
0.21798635
0.23146152
0.22056937
0.22327852
0.22738314
0.26299119
0.23473835
0.21598196
0.23688960
0.24530125
0.23510242
0.21822000
0.27152467
0.26770353
0.25825214
0.26343822
0.25186896
0.24910688
0.25803471
0.21303821
0.22012067
0.17512679
0.23218179
0.26251245
0.16872096
0.16932750
0.22342491
0.26283693
0.30070400
0.28797626
0.26508307
0.24659967
0.23561978
0.25589800
0.20050883
0.23239899
0.17773294
0.26239848
0.22531891
0.24259281
0.24062347
0.12817454
0.16978621
0.15179229
0.15922499
0.20603156
0.20074177
0.20831656
0.21359706
0.23808599
0.26828575
0.20432520
0.13588142
0.18139195
0.15046859
0.17233825
0.17922258
0.25983357
0.29709768
0.16489267
0.14805245
0.16631985
0.18632197
0.19698739
0.34097672
0.22660613
0.21233034
0.20434523
0.21621180
0.20833492
0.18933153
0.17284155
0.17033124
0.18285751
0.18264151
0.18600512
0.17222118
0.16764879
0.22075391
0.16937542
0.20724583
0.28027940
0.24653697
0.24994755
0.30022097
0.22893286
0.14736509
0.16078234
0.16056991
0.16326571
0.17302847
0.23799348
0.27736640
0.26520491
0.23932338
0.24432111
0.22654223
0.23419237
0.23445845
0.23722124
0.22790813
0.22044230
0.24570870
0.23682165
0.24763417
0.24211621
0.32569289
0.22684956
0.22711873
0.21461582
0.22290826
0.22382689
0.24129629
0.25257349
0.24463034
0.26979113
0.25504899
0.24747300
0.26326084
0.18867660
0.23592734
0.24568748
0.24742913
0.26511502
0.24778581
0.27555299
0.23024702
0.20774484
0.18869328
0.28309131
0.23203015
0.27359128
0.26263666
0.26837254
0.27084184
0.23026919
0.24312282
0.31536603
0.23373675
0.19844055
0.19330525
0.20914149
0.20224023
0.23339605
0.20775318
0.21705627
0.20782089
0.27781606
0.26473022
0.17963386
0.22037077
0.11922741
0.25618625
0.27671480
0.25118446
0.16570568
0.22747397
0.15731406
0.15767908
0.18530917
0.18715119
0.16543770
0.18296647
0.19182324
0.15323043
0.18593979
0.17842746
0.18818951
0.14281011
0.22507715
0.20482516
0.17578268
0.13632703
0.14086461
0.17561674
0.18564725
0.17718196
0.18395829
0.18009090
0.18713665
0.15246058
0.16284132
0.15747190
0.17471075
0.16785026
0.21437597
0.16750002
0.12748051
0.13620734
0.19397926
0.22667265
0.16672564
0.30494571
0.22263050
0.22009420
0.20778322
0.20775485
0.21054268
0.21185708
0.18001485
0.17624950
0.17316747
0.17047358
0.16667008
0.15353465
0.18830347
0.11876988
0.17362833
0.17657232
0.18964911
0.15600610
0.18436980
0.19085431
0.18264866
0.15774655
0.27852154
0.19486117
0.16957998
0.16593671
0.19606543
0.17806411
0.24604607
0.17798448
0.17933512
0.16815138
0.21699309
0.26732135
0.24354792
0.22843623
0.23135519
0.24720669
0.22534657
0.23053288
0.22283340
0.23244977
0.23363519
0.23689318
0.23557496
0.22060871
0.22116184
0.22265506
0.21669078
0.21705031
0.22369814
0.35064316
0.27643514
0.27105737
0.23393559
0.22084522
0.22491050
0.24681044
0.25059891
0.30018306
0.28474116
0.25340319
0.25484324
0.23087072
0.22344947
0.26413035
0.21624184
0.25133491
0.25966334
0.29847622
0.23932147
0.23351502
0.25735283
0.23367691
0.24192500
0.21837831
0.25192261
0.27637386
0.23840833
0.22159195
0.21986032
0.22771144
0.22856021
0.19171047
0.32385850
0.19079900
0.23690963
0.19983864
0.29883528
0.21951962
0.16170669
0.22634697
0.26132536
0.19002199
0.22656250
0.18516493
0.29544759
0.21034408
0.19716620
0.22103834
0.18188477
0.23218083
0.29109788
0.22092509
0.16344881
0.23805952
0.20634007
0.28016543
0.30223131
0.21860600
0.15813327
0.15643549
0.13980007
0.15388680
0.17457366
0.16978264
0.18274045
0.17649651
0.21527863
0.24045920
0.17104840
0.18185258
0.17892671
0.17439842
0.15356970
0.12430501
0.20790863
0.15668297
0.16623735
0.16598797
0.19928575
0.18081760
0.17415476
0.23854756
0.28684163
0.20385718
0.20089912
0.21787786
0.20823550
0.21033120
0.20532584
0.24964237
0.18628335
0.17880321
0.19671869
0.19645715
0.19362950
0.27920103
0.28167295
0.24199176
0.22009420
0.22274899
0.24429584
0.23253608
0.20253134
0.17234945
0.18088913
0.19082475
0.22088242
0.25782108
0.25404191
0.22129941
0.15414119
0.19119954
0.22883129
0.24468160
0.21967411
0.23594213
0.20998454
0.21470785
0.25712228
0.16485834
0.17230248
0.19716001
0.18165779
0.20865965
0.16320968
0.17988563
0.16027236
0.16830492
0.16864038
0.13883710
0.18264246
0.18515277
0.18536735
0.17589021
0.19302464
0.24239779
0.24260402
0.22641397
0.16330886
0.18376112
0.22002459
0.25282216
0.24783278
0.17252612
0.16533685
0.17688870
0.16631913
0.16457915
0.15589452
0.16581845
0.17537522
0.16166425
0.14921546
0.15326142
0.17025065
0.16888571
0.20772958
0.16223001
0.19486380
0.18119240
0.15574479
0.15430546
0.14602375
0.14204335
0.20551133
0.15405655
0.17249012
0.18544626
0.24424505
0.30160546
0.27081990
0.25563478
0.23770404
0.22949314
0.24431300
0.23676801
0.23641133
0.23549509
0.26245928
0.25258851
0.24831986
0.23661876
0.24136877
0.25357389
0.22467518
0.22837782
0.23042464
0.26643205
0.27235770
0.20811176
0.26674676
0.24076128
0.29418993
0.24251127
0.21660447
0.20893049
0.26350355
0.26912045
0.26201558
0.22113633
0.21188951
0.22933865
0.22058368
0.22808909
0.25192285
0.27765846
0.21007538
0.22169423
0.22749305
0.22669220
0.20026803
0.23020768
0.21507311
0.23871207
0.21560144
0.17846251
0.17694116
0.15199590
0.18440747
