0.04283595
0.15286922
0.17703652
0.17683697
0.17358923
0.20310187
0.16175008
0.19103122
0.20799375
0.16264510
0.16489911
0.16163826
0.17725515
0.17819285
0.22025251
0.15754342
0.16332388
0.20018363
0.26552224
0.19534540
0.23065591
0.20324945
0.29543304
0.17398381
0.18596506
0.22721720
0.25768328
0.17109251
0.18424988
0.18011379
0.18498802
0.15401864
0.17699027
0.17440677
0.17659235
0.17890382
0.17720890
0.16181016
0.18227720
0.20710969
0.14775062
0.18916130
0.17619300
0.16399264
0.20361948
0.20441794
0.26727772
0.16083908
0.17356014
0.17189479
0.24684477
0.28443718
0.20083237
0.19618964
0.16344547
0.16082191
0.16916490
0.19098306
0.17849183
0.16788650
0.17392778
0.14261460
0.17213297
0.20196009
0.20226431
0.18911862
0.22050047
0.17162085
0.19791889
0.19046974
0.18284202
0.15199137
0.26266813
0.25737667
0.19748306
0.27361751
0.14621449
0.17530060
0.22660804
0.23202467
0.25780702
0.25389624
0.23365641
0.22835469
0.22902298
0.25047135
0.22681713
0.26568890
0.25567675
0.26682568
0.24025059
0.24811268
0.20427155
0.21494985
0.21497345
0.24669671
0.26641607
0.28561282
0.29692459
0.26551580
0.27395034
0.26407123
0.23598480
0.22963643
0.23990703
0.23420668
0.24431872
0.25246191
0.24415994
0.28271890
0.25997925
0.21827221
0.23801422
0.32080293
0.21168613
0.18305206
0.24543142
0.18251109
0.19947743
0.18276238
0.20069909
0.21319723
0.21981668
0.18588042
0.16614604
0.16987801
0.16795611
0.16602683
0.30150914
0.21385384
0.13869214
0.15618992
0.16476297
0.14078808
0.13901949
0.17347074
0.12930870
0.13072467
0.21094704
0.17997217
0.21999049
0.18133402
0.26154399
0.25530291
0.18932915
0.25150728
0.22991967
0.23658204
0.23058724
0.24369740
0.23019385
0.22905278
0.22503448
0.23162866
0.25111532
0.25823188
0.18073034
0.12374043
0.11317706
0.17662692
0.13508463
0.18369389
0.24359035
0.22500062
0.23580933
0.23376775
0.22584701
0.23676825
0.22363973
0.23256850
0.22825122
0.23334718
0.24031210
0.24595237
0.30115104
0.27522206
0.24421096
0.23601961
0.22275686
0.22804093
0.22259784
0.26674032
0.17193890
0.29701400
0.18547630
0.27098632
0.25845456
0.28007412
0.24103951
0.25992322
0.15968823
0.28015852
0.24354172
0.23862100
0.23604321
0.25430322
0.21913028
0.26073623
0.27052689
0.25725031
0.24735928
0.30488372
0.26664853
0.23417306
0.24557400
0.23835325
0.22243404
0.22212505
0.22369885
0.23055696
0.30364347
0.18461514
0.16783524
0.15094566
0.22146893
0.21535516
0.15266418
0.17130446
0.17202520
0.18626070
0.19241023
0.15589595
0.26991487
0.29089475
0.20405698
0.16581821
0.17469120
0.27093863
0.15095139
0.27398157
0.15472698
0.16400719
0.29801822
0.25767493
0.19841933
0.17967248
0.18634009
0.15829515
0.18342209
0.18390036
0.19118667
0.23876214
0.23773599
0.21122241
0.27326035
0.26241398
0.17250371
0.27298236
0.26936126
0.17747211
0.17648029
0.16080761
0.18353558
0.17128658
0.16082335
0.18690610
0.19680595
0.16216040
0.18138361
0.17471313
0.20631576
0.19351482
0.20750117
0.30010438
0.21809268
0.23447347
0.24224806
0.16319966
0.17656446
0.16067815
0.18927312
0.16802740
0.25258732
0.21238971
0.22273636
0.23312926
0.22325468
0.21238065
0.22344160
0.23920727
0.22380066
0.24310708
0.26858425
0.23360491
0.24075913
0.23316765
0.23107767
0.23296905
0.22207904
0.29636788
0.25841761
