0.04737830
0.21417499
0.27879596
0.20824718
0.24035001
0.21207285
0.30583215
0.31151772
0.21908116
0.23984671
0.23577952
0.26250553
0.25883770
0.21575451
0.20798063
0.18806672
0.26313353
0.23897505
0.24463487
0.26893234
0.25678921
0.20979118
0.24416685
0.19321895
0.27954721
0.23504210
0.17557383
0.20102310
0.21550179
0.29395270
0.25261283
0.19309878
0.27195835
0.25026703
0.16435814
0.18477607
0.25888872
0.27008939
0.21329856
0.18363929
0.17640686
0.15817213
0.17846203
0.19622493
0.14801693
0.16585803
0.22826433
0.23459244
0.23696971
0.27144432
0.30132031
0.23634744
0.23061919
0.23558187
0.22743702
0.23507428
0.23499489
0.25492716
0.25024438
0.25078464
0.24323082
0.23727918
0.23622322
0.22506857
0.23146534
0.23024106
0.25618577
0.27655363
0.20961571
0.21946812
0.20836568
0.22117233
0.22410846
0.16902709
0.23761177
0.18501544
0.26051021
0.21350598
0.14536238
0.16186190
0.21042776
0.26430440
0.25950432
0.27509999
0.32112527
0.22263145
0.26545238
0.23652935
0.24711776
0.28349948
0.25170350
0.25418329
0.24800301
0.26805043
0.25079107
0.20796967
0.15875936
0.15908504
0.19081903
0.20255089
0.18050766
0.17333698
0.32612705
0.16032171
0.18766594
0.29489350
0.22808862
0.25890708
0.31111860
0.20554113
0.25601339
0.25899601
0.30080676
0.25545311
0.20882678
0.17942166
0.22383618
0.20240808
0.16784811
0.15864396
0.17187977
0.16445351
0.16287065
0.18089652
0.17290688
0.19040799
0.15458488
0.18684554
0.16720557
0.17521405
0.31904793
0.24614286
0.21875119
0.20916796
0.16820097
0.15425873
0.17421436
0.16506076
0.23600507
0.17696214
