0.06038713
0.25680041
0.16833138
0.18551373
0.17370749
0.20707607
0.25017476
0.19373322
0.21116400
0.18530726
0.17909551
0.23707891
0.17247081
0.16598415
0.18000698
0.17885804
0.20481873
0.22217369
0.26394415
0.25555682
0.21887469
0.21580005
0.21790695
0.20755196
0.20898676
0.21901464
0.16184402
0.18846130
0.21982598
0.17927980
0.19580555
0.16424823
0.17711043
0.17081666
0.16571975
0.18673158
0.24853563
0.23357248
0.16162014
0.27528548
0.21817231
0.23633194
0.23441982
0.17786169
0.19616890
0.17304587
0.16313243
0.15881276
0.17978430
0.17306304
0.17372417
0.15189886
0.15768623
0.21435285
0.21107054
0.22732449
0.17957592
0.17762184
0.18694735
0.14432073
0.13874078
0.17637992
0.17252612
0.19106793
0.18157816
0.16601944
0.21180582
0.17909122
0.17837667
0.27258849
0.16221428
0.21709681
0.24816942
0.20612144
0.22435927
0.22993183
0.20640302
0.22123289
0.27097797
0.21259642
0.18621349
0.15687704
0.13683271
0.16948342
0.25781322
0.21386838
0.16685271
0.18784428
0.16462851
0.21566725
0.21495318
0.15272021
0.18352580
0.20215249
0.22904396
0.28025389
0.20991421
0.19559050
0.22512650
0.23818064
0.24388528
0.24457908
0.23847938
0.23897767
0.26007152
0.24217653
0.25340986
0.26180267
0.23160481
0.22239661
0.21576977
0.22520518
0.22433257
0.21878481
0.23152256
0.22431016
0.20568919
0.26260614
0.24695230
0.23745418
0.26355767
0.22864270
0.25615358
0.29074883
0.22403550
0.24072909
0.26145077
0.21106839
0.31175876
0.28008175
0.24634433
0.20216608
0.29255104
0.28166294
0.22998714
0.23443723
0.24063349
0.21328998
0.22236896
0.26484942
0.17999315
0.24797726
0.21280813
0.24188995
0.21762538
0.29425883
0.24196672
0.25516033
0.26705575
0.18781042
0.26852417
0.24256349
0.17610025
0.15833688
0.17218161
0.17410207
0.27460241
0.21575117
0.21230173
0.19448495
0.16185284
0.17191386
0.18897390
0.19094181
0.20638180
0.21212697
0.18474364
0.16248608
0.14818692
0.21686745
0.19346118
0.14826202
0.12371087
0.19555807
0.23399282
0.21404004
0.19360399
0.22734332
0.22016287
0.21144629
0.22290254
0.25720787
0.35231113
0.26264572
0.18301940
0.20117259
0.16748023
0.18648171
0.19157553
0.23766065
0.16160703
0.25131845
0.22610474
0.22360563
0.21567512
0.22987127
0.15364194
0.13737798
0.16662669
0.16886950
0.16732454
0.19423509
0.20383811
0.27539086
0.21066332
0.20405293
0.21042228
0.14750862
0.11304116
0.12338996
0.14010692
0.20675397
0.15350127
0.16770744
0.18270016
0.15554810
0.15087104
0.17314386
0.18457627
0.15185142
0.17840433
0.18093300
0.27825570
0.19525361
0.22678113
0.34933329
0.27525282
0.22014475
0.23061109
0.22820473
0.22554660
0.24563551
0.22243643
0.22507215
0.24247360
0.21476769
0.21436286
0.22358155
0.23044991
0.23174262
0.27146697
0.25295901
0.24676633
0.21326113
0.24003696
0.23267913
0.23313904
0.24259663
0.25039244
0.24541259
0.22493863
0.17706251
0.26329613
0.17620969
0.23994565
0.24057817
0.31823134
0.27330518
0.28497124
0.22864771
0.28697324
0.33659339
0.30240059
0.21075273
0.20469260
0.22767544
0.19045973
0.20157027
0.20346189
0.16741467
0.16702533
0.17380643
0.20587468
0.22812653
0.23502088
0.23020101
0.17445850
0.17408872
0.21770453
0.26066542
0.23393059
0.30642486
0.23410678
0.21290135
0.25193810
0.26602054
0.25690579
0.26882648
0.24859023
0.22978950
0.21458101
0.21346664
0.20509601
0.25698113
0.24311948
0.25800967
0.17453885
0.16890287
0.21529889
0.17455626
0.15217900
0.14795732
0.26022172
0.21154928
0.17981339
0.23667359
0.28150058
0.22088909
0.19449210
0.18383336
0.17191410
0.15970325
0.16858506
0.17260575
0.17385125
0.16990924
0.18350744
0.18549776
0.18710160
0.15470433
0.15507865
0.16490293
0.18577504
0.17169523
0.17589712
0.17859435
0.17227697
