0.03892231
0.23324656
0.23593545
0.30569983
0.17445278
0.27553606
0.24706769
0.22649956
0.23408318
0.23325014
0.22032452
0.23835349
0.23585606
0.23484445
0.23435879
0.22951961
0.23637223
0.23517823
0.21499681
0.21272802
0.22135401
0.22297168
0.21974158
0.28400826
0.28345394
0.26698399
0.29184294
0.28969622
0.20029545
0.19391251
0.20338774
0.28834724
0.28414202
0.19226408
0.19728041
0.17640972
0.19265628
0.30182815
0.15170908
0.15085602
0.22971845
0.25975919
0.26273465
0.22630048
0.24685454
0.29943109
0.26609373
0.22945118
0.28801966
0.22520304
0.17683005
0.22830319
0.16495371
0.20565104
0.24142480
0.24382257
0.24424648
0.28649831
0.21735859
0.21187592
0.24628520
0.28954172
0.25311613
0.19182181
0.30971360
0.23729014
0.24222255
0.27933455
0.22260451
0.20402479
0.21174955
0.21611834
0.19772553
0.19510126
0.19799685
0.19352579
0.21872354
0.23185658
0.28760314
0.17311549
0.17001891
0.18429995
0.16645885
0.18979669
0.16518140
0.15892935
0.15292001
0.17100835
0.15535092
0.15317035
0.13961387
0.18430281
0.22655439
0.18490100
0.16350341
0.31636739
0.22241926
0.28433132
0.29812098
0.21001887
0.13848424
0.16084290
0.17915177
0.18436432
0.18820667
0.17157292
0.15164757
0.16354990
0.18058491
0.14167643
0.14938998
0.17397571
0.21179867
0.26957107
0.24837327
0.21001959
0.15132856
0.14568400
0.16475892
0.13969398
