0.02838945
0.15881324
0.14721346
0.19297075
0.21530509
0.19664979
0.19975424
0.17455077
0.17764354
0.19622636
0.20898700
0.17228699
0.23279071
0.21219206
0.22273159
0.16406369
0.14685988
0.14108658
0.16475391
0.21582818
0.23365903
0.21091080
0.15047264
0.15511894
0.25852942
0.23745513
0.21913409
0.20946264
0.15784311
0.17314053
0.16491365
0.15362358
0.22644019
0.19279242
0.21462107
0.20885587
0.15938163
0.16010976
0.19879651
0.21325183
0.23368526
0.22190213
0.22032762
0.22200799
0.21889901
0.21983910
0.21868348
0.22152925
0.23893332
0.23708606
0.21742797
0.23309755
0.22381830
0.22570515
0.20611453
0.20823932
0.20447254
0.20946622
0.20386529
0.22372890
0.18194866
0.20939779
0.28071523
0.24796915
0.23602414
0.23744583
0.24515271
0.26336884
0.23745346
0.20235968
0.20606065
0.18857837
0.31487799
0.23706055
0.22911620
0.23733211
0.26022601
0.24479938
0.20277739
0.21423078
0.29167533
0.15530705
0.19357324
0.20614004
0.20181751
0.23400927
0.22301793
0.20338559
0.21217012
0.20697737
0.19999695
0.24310350
0.22454953
0.23080802
0.22252822
0.24257398
0.22408724
0.27196336
0.27083278
0.24124002
0.27570057
0.21318007
0.24959326
0.26309466
0.22498751
0.26774836
0.22267962
0.23991632
0.15547681
0.15046430
0.16781998
0.20441818
0.28898644
0.22966194
0.14425755
0.28103971
0.28784823
0.22348523
0.21861219
0.28687859
0.22272706
0.23601317
0.22459364
0.21936512
0.21600366
0.21087551
0.21492815
0.22807932
0.20562506
0.20517349
0.20708418
0.20952272
0.25897837
0.26356792
0.21394324
0.23626947
0.20047116
0.20328665
0.20043588
0.19405293
0.19706869
0.18951058
0.27424979
0.26784635
0.21076226
0.23934007
0.23981929
0.26068258
0.23898411
0.21636057
0.19854093
0.25953150
0.24234653
0.24958038
0.23694777
0.13331866
0.14638877
0.21847892
0.21739602
0.26515961
0.18983340
0.26939654
0.17698312
0.18486357
0.20678329
0.24269032
0.19376898
0.19304490
0.22447324
0.24370360
0.16276956
0.16774988
0.15641856
0.16434145
0.21635342
0.25197124
0.15867567
0.16920948
0.21723199
0.27213049
0.19577193
0.20966005
0.14324427
0.15019822
0.20018411
0.16222739
0.16828513
0.16513395
0.16820765
0.16117239
0.19025755
0.20345998
0.23977399
0.16314197
0.16975951
0.23875642
0.20464563
0.27353144
0.21338177
0.16698384
0.26844263
0.14597321
0.18314624
0.20386839
0.17533517
0.15580177
0.15605140
0.14938354
0.17326760
0.19667578
0.22667003
0.15427542
0.17482734
0.16573739
0.17577887
0.18286562
0.22462940
0.20499277
0.15998101
0.20583057
0.24025035
0.18244743
0.18025160
0.25825191
0.21090221
0.14237070
0.19995117
0.19241285
0.20876408
0.23501539
0.14969420
0.16412950
0.23756266
0.22964954
0.19135809
0.19677877
0.18659163
0.22168517
0.20793962
0.18458772
0.14254117
0.21913147
0.15301681
0.14959311
0.18073249
0.13530898
0.15878773
0.13925958
0.17364621
0.13044810
0.14181590
0.18381095
0.19545341
0.14920378
0.15970564
0.15748787
0.18468738
0.28600264
0.21902990
0.21319127
0.22196102
0.20355248
0.26772404
0.15352631
0.19339275
0.21702337
0.23695517
0.21382165
0.21395087
0.22590852
0.21090579
0.20730186
0.22026253
0.20475626
0.20626497
0.21026254
0.21730804
0.28358889
0.23529696
0.22736645
0.23625112
0.23024631
0.20665312
0.21615076
0.21127510
0.20882225
0.21562219
0.27646208
0.21582651
0.17088079
0.19029927
0.18437719
0.16073060
0.21310568
0.22258091
0.22865891
0.24664807
0.29333353
0.24692822
0.20379567
0.16426182
0.20305586
0.23166180
0.15811849
0.21950483
0.21180272
0.14841604
0.14815974
0.18021107
0.29242921
0.17249131
0.22546101
0.21285629
0.20120478
0.19919038
0.25699782
0.19729829
0.26127219
0.16796136
0.15691185
0.14019489
0.15112638
0.17670250
0.16026020
0.15666127
0.14460063
0.15694833
0.17500854
0.16108465
0.14997578
0.19674468
0.17942500
0.15509057
0.16676545
0.17918563
0.15685272
0.18040442
0.20196724
0.20286775
0.14531946
0.16689515
0.15242195
0.15179777
0.21234298
0.19455862
0.23046899
0.19747663
