0.03147268
0.22787142
0.18776155
0.24639964
0.16930652
0.15873551
0.17273664
0.17825031
0.14773226
0.15716004
0.15830827
0.16849256
0.12528968
0.13141298
0.16038299
0.19556880
0.23457551
0.17647648
0.20486450
0.21532154
0.22958159
0.23836184
0.30052805
0.17843127
0.15625286
0.16994309
0.24382734
0.22038865
0.27498102
0.20674205
0.19267988
0.11845922
0.16695189
0.24868703
0.25972056
0.29965544
0.16394448
0.15177727
0.16722703
0.17219400
0.18376803
0.19772530
0.16176057
0.16848445
0.15540171
0.14475584
0.26794910
0.20642734
0.25374126
0.22449851
0.27224612
0.25051308
0.17392159
0.21222830
0.16317964
0.14910483
0.15720272
0.14889097
0.18061614
0.15251350
0.14660239
0.15884995
0.16453695
0.21315336
0.21607161
0.27713299
0.22157884
0.21538091
0.21754169
0.21603608
0.21872473
0.21540642
0.22705007
0.21908903
0.23453808
0.22139788
0.21825767
0.20897269
0.22877312
0.21126604
0.19969630
0.21133423
0.19893718
0.25298142
0.22888565
0.23271990
0.21762443
0.26544285
0.21972489
0.18979454
0.26435876
0.23003507
0.24505949
0.21539950
0.21242166
0.24517488
0.25918388
0.27204561
0.26314211
0.26176691
0.22607446
0.27013493
0.20593786
0.13754940
0.19853592
0.22620296
0.23286772
0.22975183
0.24936461
0.24760962
0.21631622
0.28345585
0.27549720
0.26140451
0.18829370
0.16470408
0.24097586
0.22450089
0.25344825
0.24359989
0.24443483
0.19685817
0.20926976
0.24238634
0.25110078
0.16505122
0.25622463
0.24040508
0.16807032
0.18128610
0.16599298
0.21210146
0.19018817
0.21523738
0.23202205
0.22794318
0.21740460
0.22038078
0.20032954
0.17165661
0.18311787
0.18665004
0.16202521
0.17371964
0.21714592
0.14615059
0.18558359
0.19797802
0.17720795
0.15145755
0.26193070
0.20639420
0.23123860
0.25509501
0.20167518
0.22249818
0.23954940
0.21980357
0.19789314
0.26140857
0.15507817
0.22434545
0.18027258
0.17313957
0.16751575
0.16256833
0.14999318
0.16929221
0.14076138
0.18518209
0.18656588
0.15568066
0.13248920
0.15877366
0.15885043
0.16712332
0.14746332
0.14798069
0.15999699
0.15721226
0.18494630
0.19999123
0.19297767
0.24008560
0.21463919
0.24250937
0.20846820
0.20705223
0.16920996
0.14398313
0.14971972
0.15551353
0.18671823
0.16296315
0.17824507
0.17198157
0.19390392
0.14693379
0.17603803
0.15046763
0.19024324
0.18470573
0.13144994
0.23378325
0.16331816
0.22997999
0.15178680
0.15297318
0.16369128
0.15891361
0.18469977
0.19172883
0.18262911
0.20758605
0.21570110
0.20024967
0.12305975
0.20095873
0.18646622
0.17641687
0.22859502
0.22254920
0.24913645
0.23333001
0.21819043
