0.04941797
0.20695519
0.20808387
0.20571637
0.20719695
0.21632099
0.19950986
0.18991065
0.19449401
0.21003461
0.19741392
0.19972992
0.19094086
0.18937325
0.19496131
0.19285941
0.21918702
0.25691295
0.22248435
0.25402117
0.24369955
0.20676732
0.21162152
0.26276112
0.23460746
0.21170974
0.18719435
0.20749640
0.17015672
0.21911693
0.14790726
0.21044350
0.20386648
0.18196368
0.17557526
0.18061876
0.18204927
0.22944140
0.19609523
0.21931052
0.22299576
0.22909999
0.26379538
0.20769334
0.18913817
0.21948814
0.23965597
0.15755129
0.20026016
0.15018010
0.14126992
0.14344501
0.15996361
0.17847729
0.19511533
0.14937186
0.18310094
0.14758229
0.13459611
0.13127327
0.13150287
0.14408731
0.19510603
0.21685791
0.16031933
0.20475698
0.15069604
0.09857702
0.10961390
0.14179420
0.15754366
0.15318346
0.16609383
0.16454339
0.15310717
0.21738219
0.11959410
0.19987154
0.20081067
0.14725137
0.16021228
0.15704155
0.16535974
0.14978838
0.17712808
0.13812542
0.16155529
0.14367008
0.18822980
0.15961027
0.18988514
0.22138023
0.20304775
0.17452765
0.22489810
0.21382642
0.17155290
0.14613414
0.15229440
0.17661858
0.21409464
0.24304485
0.17729163
0.21249008
0.21531963
0.18379974
0.15258074
0.14586210
0.15875936
0.15181804
0.21156573
0.16327691
0.15431571
0.13628459
0.13465023
0.15276098
0.19136882
0.18770623
0.20415258
0.18080926
0.15857935
0.14561033
0.14083385
0.14295769
0.15116835
0.16942692
0.13227439
0.16396523
0.16102576
0.15824962
0.19113207
0.18426275
0.16191959
0.15373826
0.22981930
0.16223168
0.17821980
0.14150882
0.16581535
0.14784861
0.20524025
0.26439929
0.18634653
0.19274211
0.18874979
0.18846250
0.19559550
0.20885897
0.20687938
0.16088772
