0.03337431
0.18500710
0.20234394
0.20108342
0.19469905
0.15667081
0.14974070
0.15005827
0.13119388
0.13225269
0.14939070
0.15014434
0.17384529
0.19485188
0.22756600
0.19134688
0.17478514
0.17758870
0.15343523
0.15624046
0.14166451
0.16038990
0.13788176
0.13835669
0.13908648
0.13659811
0.12920570
0.13693166
0.14211321
0.17355752
0.18478155
0.15251017
0.14080882
0.15413260
0.14114714
0.17043352
0.14446425
0.29098582
0.18896222
0.19745588
0.15981412
0.20627856
0.21037054
0.21361923
0.15726066
0.15633178
0.14203882
0.14005136
0.13723588
0.18594003
0.19861031
0.20666623
0.16606545
0.19992471
0.21357298
0.21111274
0.19998550
0.20026374
0.20545673
0.19933939
0.20370913
0.19919682
0.19960666
0.22115922
0.20350981
0.21181846
0.19645667
0.20229626
0.20028567
0.20122981
0.20235443
0.19422913
0.19573927
0.19222736
0.21006894
0.19764423
0.24511218
0.21078682
0.23140264
0.21314859
0.19704604
0.22702026
0.21839094
0.23760939
0.24540019
0.25948644
0.25040841
0.22794676
0.25334525
0.23104334
0.21328235
0.19417381
0.18356323
0.15564561
0.19690537
0.18789005
0.19804406
0.17462611
0.14474654
0.16498399
0.14087343
0.20818806
0.21124911
0.17397165
0.18105602
0.18987465
0.16257644
0.16214395
0.19446850
0.15851903
0.19301891
0.18011546
0.13807154
0.16027975
0.23036242
0.16453385
0.17652011
0.17777848
0.15211916
0.15161991
0.22573614
0.22898006
0.17261195
0.19556475
0.26079631
0.21869373
0.20246267
0.21821809
0.23858762
0.22833991
0.28842902
0.27952433
0.19191766
0.18291140
0.21882868
0.21557832
0.26359296
0.15749812
0.22435832
0.26870847
0.30299902
0.19289947
0.27664638
0.17648602
0.24288797
0.21560049
0.21556020
0.20128989
0.23977494
0.21473122
0.19576287
0.24892616
0.20872498
0.20151615
0.23071814
0.26644659
0.25176167
0.25385094
0.20011759
0.20558357
0.19052982
0.19312549
0.22543550
0.27353883
0.21863937
0.18551683
0.20938897
0.27332354
0.14013386
0.17538714
0.16792226
0.15569711
0.19163084
0.19244027
0.18302345
0.24020219
0.14690351
0.28666019
0.21230865
0.29501653
0.30187106
0.23987699
0.24769783
0.20291424
0.26899362
0.31361890
0.14360809
0.20665336
0.20930195
0.32136798
0.27335215
0.23083711
0.32100415
0.29524088
0.33917189
0.29302907
0.29633427
0.26656651
0.28715038
0.39492130
0.52557206
0.34963846
0.27239490
0.31383681
0.41875172
0.28892517
0.27868938
0.26392365
0.21796584
0.21125746
0.19228268
0.18760657
0.25302958
0.17746091
0.29614520
0.18344021
0.26666427
0.20543790
0.14701009
0.17615604
0.15959978
0.09744978
0.09675956
0.10950303
0.17150569
0.16011643
0.21803451
0.24735308
0.15706706
0.20536184
0.20291638
0.21904707
0.14311934
0.12611103
0.14753509
0.14832211
0.15253735
0.15286684
0.20260262
0.17472720
0.22972512
0.20534515
0.17713428
0.20410419
0.16324496
0.19175768
0.18951559
0.23714638
0.19082332
0.20087433
0.19616652
0.14240479
0.16267610
0.16850591
0.13223267
0.15222836
0.15658903
0.16488242
0.14568067
0.15458250
0.15775990
0.16806841
0.16936374
0.16769028
0.17229748
0.16456914
0.16249251
0.18855381
0.14881730
0.16880465
0.13846064
0.15864801
0.13854957
0.14390087
0.14678335
0.13391399
0.20596123
0.19944859
0.17901802
0.22364306
0.22716689
0.23397589
0.18615031
0.19951153
0.21675754
0.20313454
0.19588804
0.22183871
0.20094395
0.19584632
0.21903086
0.21208000
0.23533106
0.20048380
0.19504809
0.20069432
0.20032382
0.19724584
0.19247508
0.20041633
0.19670892
0.21318030
0.24161506
0.24342942
0.26424575
0.23401570
0.21276045
0.20352483
0.19696760
0.22815037
0.19429088
0.17137861
0.18434310
0.15645242
0.17833233
0.21175718
0.20253539
0.24214268
0.12360168
0.13515329
0.14256525
0.19133162
0.22378230
0.19509315
0.23504043
0.16777611
0.13986254
0.19807267
0.19285512
0.23246241
0.20937681
0.23196554
0.18184876
0.30429268
0.18603539
0.19656992
0.22251105
0.21785498
0.23022342
0.23258328
0.24121761
0.24906516
0.22473669
0.23914862
0.24420118
0.20579433
0.18831515
0.20843267
0.21439052
0.21963549
0.15363240
0.14809704
0.15188169
0.16250920
0.15648222
0.16464376
0.15228176
0.16595960
0.19730067
0.20433140
0.24625945
0.18061805
0.24232388
0.23836923
0.15733671
0.18877244
0.24567699
0.19025183
0.19502449
0.18781233
0.22512078
0.19043994
0.23798394
0.18333817
0.14027548
0.15376472
0.15694666
0.14504313
0.14437270
0.14427018
0.16715693
0.16265321
0.14297080
0.14020419
0.15543747
0.15256119
0.15681791
0.15080762
0.16909766
0.17026353
0.16344047
0.13862491
0.13428974
0.16010070
0.23900604
0.22794175
0.14925408
0.22012758
0.21013498
0.20575428
0.23583770
0.20163321
0.25378919
0.31829453
0.19985962
0.20282507
0.20332575
0.21483827
0.20425653
0.20889521
0.20858812
0.20198631
0.19813538
0.20125389
0.20111561
0.18776441
0.19324231
0.19563937
0.20790911
0.21627927
0.26345015
0.18879461
0.20932484
0.19964528
0.21101189
0.22805429
0.17529583
0.17349076
0.21041417
0.21849442
0.24459338
0.19857335
0.24322605
0.25591493
0.22515512
0.21999311
0.19705772
0.19330907
0.17767715
0.21369624
0.20509982
0.26749563
0.26486111
0.24092293
0.22381258
0.22746134
0.23882914
0.22801638
0.21311355
0.24392676
0.21318603
0.19399357
0.15588522
0.21793771
0.19993138
0.19770002
0.20325541
0.14616013
0.15029407
0.15208507
0.14250350
0.14603376
0.15664482
0.14915872
0.17361689
0.18267059
0.18192935
0.19031191
0.17911386
0.20495176
0.17969608
