0.03572083
0.16545916
0.12788320
0.12935686
0.12985110
0.18999910
0.18089843
0.15622950
0.15270734
0.15161204
0.16402125
0.23923898
0.26238132
0.16933537
0.16068506
0.15309834
0.18534970
0.18504524
0.18309522
0.17616034
0.18477798
0.15907550
0.18939066
0.13258004
0.15580630
0.20214224
0.14525914
0.17271471
0.17812991
0.15266299
0.15012670
0.15283823
0.13875484
0.16551590
0.16121197
0.16618371
0.24914289
0.16116738
0.15109062
0.15135813
0.14067483
0.16586542
0.16671133
0.15711451
0.27329683
0.23946667
0.13841939
0.14696980
0.14886856
0.13341784
0.14556503
0.15680647
0.17966890
0.20164084
0.24900436
0.22015381
0.16089535
0.15296650
0.24462795
0.19934011
0.20000458
0.20029593
0.19211864
0.20037007
0.19815373
0.20515728
0.19896460
0.20560884
0.19819832
0.21216416
0.19798613
0.20176506
0.19988227
0.18624306
0.19041395
0.18923259
0.22108912
0.21017170
0.21761560
0.23739481
0.21935797
0.19224620
0.19405842
0.18521929
0.25158811
0.24146986
0.22271800
0.19842434
0.19331431
0.22992849
0.18590975
0.21932459
0.18131113
0.19445014
0.25625992
0.21621680
0.23172307
0.21806908
0.21394467
0.19056726
0.19466829
0.13836122
0.16578031
0.16970778
0.20951033
0.13999653
0.22385240
0.16409612
0.24413824
0.20616388
0.18773437
0.18861938
0.20586109
0.22379231
0.25689816
0.18291116
0.27515078
0.24954653
0.19334245
0.18623424
0.28550577
0.21843982
0.24131322
0.16179538
0.22016549
0.20427918
0.21566653
0.18586540
0.18777871
0.18894172
0.15057540
0.14483356
0.16900492
0.15384889
0.15065384
0.15353203
0.15442514
0.24837375
0.14781904
0.14308047
0.15709043
0.13903737
0.16525459
0.15610695
0.18211317
0.19677544
0.19105244
0.23919320
0.24046040
0.27265215
0.23104024
0.17217207
0.21285629
0.16032457
0.21891236
0.21838760
0.17445517
0.15076685
0.15535116
0.21425939
0.15156674
0.17247772
0.15274763
0.14571357
0.16108441
0.14994621
0.17515302
0.16929126
0.14635396
0.13072896
0.13023949
0.14519191
0.23719072
0.28520489
0.18716264
0.18212938
0.17624521
0.18222117
0.17339706
0.15868831
0.15009618
0.15401053
0.16227460
0.16436577
0.15304232
0.14966822
0.15025854
0.15249395
0.17109203
0.19906878
0.16715026
0.14045095
0.15088511
0.27590394
0.26985383
0.24977422
0.19124627
0.17319131
0.19900846
0.20515656
0.19843221
0.19891047
0.19950724
0.20756912
0.19755125
0.20119452
0.20514321
0.19649935
0.19479585
0.20457745
0.21319628
0.19313335
0.18939376
0.19466472
0.19376254
0.21701431
0.18452358
0.16527748
0.22316217
0.21874881
0.21275806
0.21056771
0.20598698
0.27070904
0.23682928
0.21099424
0.19465733
0.22234797
0.21042418
0.19514036
0.26526260
0.29806590
0.22225165
0.24682355
0.18427229
0.17440200
0.28784561
0.15467167
0.16926146
0.17867255
0.14654756
0.16441655
0.14565110
0.13913631
0.20250535
0.20927525
0.22414637
0.17002988
0.14210796
0.24492788
0.14060378
0.13277936
0.24582386
0.21104479
0.21225667
0.15791297
0.25754166
0.23879695
0.23815513
0.19838071
0.22339916
0.26251030
0.25499916
0.20078015
0.17058277
0.20274377
0.19155788
0.18383884
0.19021463
0.21836376
0.25320864
0.19759226
0.17338824
0.22561812
0.17475581
0.18154550
0.20663357
0.18005610
0.15660143
0.12817645
0.15331197
0.16793633
0.15000057
0.13652420
0.14516330
0.15209222
0.15208983
0.17363644
0.15568018
0.14918995
0.15536022
0.15388036
0.15590310
0.19869137
0.15335965
0.14331269
0.20339274
0.22567511
0.17358303
0.17813706
0.18452740
0.25780630
0.24566007
0.21098304
0.24145293
0.25546956
0.13821745
0.12974691
0.15823317
0.16261888
0.20694542
0.24179673
0.15759182
0.13388753
0.17611742
0.15617204
0.14935327
0.20992875
0.19792080
0.12848496
0.15723228
0.15335155
0.20516777
0.19319654
0.20870829
0.28863311
0.18811417
0.18533826
0.17471147
0.20557213
0.25385165
0.24914551
0.15154266
0.15956378
0.13989711
0.15284848
0.13884974
0.13291621
0.14797521
0.15655947
0.15620303
0.15408063
0.14878845
0.15781498
0.16651344
0.16592336
0.15409231
0.15682006
0.14944410
0.15490723
0.15580320
0.16229057
0.14667082
0.15150905
0.14860511
0.14534044
0.15410519
0.15957832
0.14341426
0.12968564
0.14793801
0.17879772
0.16862106
0.15924668
0.17171240
0.20612621
0.21050239
0.25184679
0.22535586
0.25492835
0.19912601
0.20004487
0.20454717
0.19983506
0.19759178
0.19930625
0.21557355
0.20981002
0.19622159
0.21421695
0.20062685
0.20305133
0.19400072
0.21191621
0.18991971
0.19264245
0.20535564
0.18915772
0.27276349
0.23803020
0.24144506
0.24637580
0.26885104
0.11805916
0.13337803
0.13442492
0.17280269
0.19080353
0.23737121
0.16762900
0.22013903
0.24443960
0.23062491
0.17826557
0.18413591
0.22221375
0.22063637
0.22184825
0.20124269
0.22665954
0.19399238
0.22822237
0.24238467
0.24595809
0.24760318
0.19120550
0.21972656
0.21325111
0.17564201
0.16239619
0.20029926
0.11892200
0.19948840
0.22224760
0.22790098
0.18697572
0.23616266
0.21959734
0.22401285
0.14774871
0.15977240
0.15146017
0.15344739
0.14045525
0.15851283
0.15212321
0.14349103
0.15198374
0.13773060
0.15486240
0.15421247
0.16148257
0.10868192
0.15840030
0.18612123
0.17659187
0.15725660
0.15499449
0.17713737
0.23211575
0.16136646
0.14485621
0.14455009
0.15888047
0.16044950
0.16171122
0.17200446
0.15281630
0.16923547
0.21701932
0.21647120
0.12474537
0.15771723
0.16304612
0.16450286
0.14694142
0.15479589
0.25971365
0.26214528
0.18380380
0.14368010
0.16410279
0.18821764
0.26149035
0.19156051
0.28556538
0.22469974
0.24035573
0.19055891
0.27310252
0.19397879
0.24663186
0.18059111
0.14578819
0.11930895
0.14124703
0.15060925
0.15853739
0.15521955
0.18532610
0.13671374
0.14242649
0.15963864
0.15843344
0.16657209
0.16480899
0.14751506
0.18765211
0.21685910
0.23162532
0.22459555
0.24217606
0.22512746
0.20464277
0.19558668
0.20645475
0.19531465
0.19269466
0.19866347
0.22094321
0.20265579
0.20652771
0.21238780
0.19848394
0.20208931
0.20066309
0.29703832
0.19035482
0.19143534
0.20044041
0.18785501
0.19592738
0.21459270
0.18670774
0.19136500
0.23290706
0.24401045
0.20585465
0.22364283
0.21145082
0.20077491
0.23322010
0.21196222
0.20944309
0.20037174
0.18648529
0.18130088
