0.04185677
0.22237563
0.24154949
0.16234684
0.17242289
0.20946932
0.20685220
0.26137805
0.13867950
0.16518664
0.16288686
0.20469952
0.15651107
0.16863465
0.16228199
0.17354155
0.14818215
0.14614892
0.14661598
0.14193583
0.22551775
0.19704723
0.16944599
0.20627379
0.16592431
0.18832445
0.26659369
0.23682714
0.21623349
0.24505687
0.20966816
0.17455530
0.17850280
0.14404202
0.15579796
0.16486359
0.15221810
0.15748620
0.15472269
0.16324544
0.15788007
0.14972425
0.15640092
0.17042160
0.20204115
0.18059516
0.18920946
0.26476121
0.19743299
0.18682575
0.18211699
0.19342637
0.14743567
0.14685869
0.18497729
0.24689078
0.19578648
0.27284217
0.19186974
0.15072227
0.14690089
0.16240096
0.16624546
0.19406009
0.16039324
0.16056490
0.15266514
0.24868560
0.16024709
0.13903785
0.16381192
0.13250732
0.13609314
0.15917993
0.15420103
0.13883328
0.14557147
0.14142299
0.16214395
0.16459084
0.15166640
0.15513635
0.15508294
0.15837026
0.14600730
0.15336418
0.14190173
0.16917229
0.14912939
0.16831779
0.17540884
0.16178083
0.14048338
0.21989250
0.15298057
0.15800643
0.16696072
0.14995050
0.16035223
0.14723182
0.23486567
0.20040894
0.16681814
0.18212628
0.25259352
0.23854947
0.18407917
0.17922664
0.28154826
0.18721581
0.22060394
0.22968626
0.20794320
0.20440650
0.20100451
0.22299528
0.20469093
0.19922805
0.19624639
0.22248650
0.22297311
0.21447253
0.22234297
0.21363115
0.22389364
0.21135616
0.19999862
0.18917489
0.19989657
0.20097566
0.23379731
0.22901583
0.24443245
0.23369670
0.21001649
0.17703676
0.21005011
0.20739102
0.24054241
0.22650528
0.22532725
0.22638559
0.20757055
0.18684936
0.21860123
0.17502952
0.22702622
0.20194769
0.21037579
0.24833679
0.21539521
0.23257089
0.19569278
0.14553809
0.14653659
0.19766545
0.19824386
0.14393353
0.15906477
0.15413809
0.16728568
0.14555478
0.15702534
0.20294738
0.21949625
0.13315773
0.12138367
0.14113426
0.15893030
0.18874311
0.19153428
0.24663067
0.13601589
0.13386178
0.14305758
0.14649940
0.13901687
0.19449091
0.28081846
0.18603110
0.19124198
0.14121485
0.22709966
0.17226529
0.13417506
0.16741562
0.19941735
0.28045225
0.23051119
0.23605943
0.21706319
0.18570828
0.15564275
0.16894221
0.17980647
0.18750954
0.18758512
0.17080092
0.18588328
0.15206981
0.13674760
0.29409623
0.15573287
0.18043709
0.17445326
0.22426605
0.18160224
0.25028348
0.20048261
0.18359113
0.14489388
0.15003777
0.15432549
0.19913721
0.22585058
0.23311663
0.18912244
0.20906329
0.16355181
0.17835593
0.21535635
0.20379376
0.16895962
0.16790771
0.14521980
0.19901371
0.15492678
0.14423513
0.16739798
0.14586759
0.14790201
0.15285707
0.16034198
0.12808871
0.17071533
0.15002012
0.15376973
0.14219236
0.19604373
0.13985753
0.17037225
0.21204376
0.18582535
0.15415573
0.15052462
0.16263247
0.15203714
0.15775180
0.15749073
0.15448618
0.15018225
0.15567040
