0.04731297
0.13905740
0.14453816
0.15234065
0.16917586
0.12431097
0.15522885
0.18621159
0.16904497
0.14801049
0.19938254
0.14220643
0.16578484
0.15436387
0.14780927
0.14390445
0.15398479
0.13861060
0.13385439
0.15141082
0.17036057
0.16056299
0.14752293
0.15846348
0.16631269
0.19837809
0.25583649
0.24454355
0.32799029
0.24563861
0.22095847
0.14087462
0.25644231
0.23169947
0.24816346
0.25234127
0.25432730
0.20841002
0.26005673
0.22709632
0.25921464
0.17421460
0.24988985
0.21415901
0.19959068
0.21361637
0.20350289
0.22524309
0.18789601
0.27381849
0.15016294
0.16344523
0.26565242
0.19407535
0.27217793
0.21035957
0.18092704
0.22838783
0.18199921
0.20829320
0.25904751
0.14223695
0.14650512
0.23386121
0.17013049
0.16008759
0.15333605
0.15369034
0.19362831
0.13528490
0.18070078
