0.04895425
0.26274824
0.14526272
0.24513316
0.24973965
0.23600316
0.22333765
0.20894670
0.17309403
0.20923328
0.13892698
0.18305039
0.17277837
0.15281320
0.23773217
0.15801477
0.22670031
0.20003629
0.20359969
0.19521284
0.16685963
0.21697521
0.31922340
0.18657851
0.19811821
0.18487191
0.14799547
0.16382337
0.15189648
0.16633773
0.16189671
0.21306181
0.13309455
0.13573408
0.13297796
0.13874173
0.12991643
0.16578794
0.16719842
0.16547465
0.15256429
0.15497208
0.15388298
0.15305805
0.17882967
0.09836555
0.14682841
0.13185215
0.14815426
0.14021111
0.14837790
0.14702177
0.14397645
0.15319824
0.22927928
0.23521209
0.15735579
0.14074755
0.14952731
0.19769287
0.17037201
0.19605350
0.14751792
0.15625024
0.14952064
0.16715837
0.24157023
0.14281011
0.15188694
0.14002490
0.16672015
0.14967775
0.18472958
0.22447801
0.15058732
0.22625041
0.21335673
0.18776774
0.19217300
0.18412280
0.17147398
0.24959517
0.21505642
0.18712091
0.18913937
0.23113799
0.15853357
0.14135194
0.13025141
0.12408757
0.16048789
0.17012548
0.15583515
0.17018199
0.13059354
0.15669918
0.17513537
0.21124268
0.20479274
0.20134306
0.13773632
0.22953081
0.17175651
0.29346156
0.22891903
0.18197608
0.15503550
0.14997578
0.15845251
0.16803050
0.14696503
0.14752102
0.16946220
0.16867495
0.19212079
0.19066429
0.14164257
0.15602088
0.13806796
0.18294930
0.21300054
0.23293710
0.17910647
0.13125181
0.16859579
0.15337348
0.12914467
0.12813711
0.15314698
0.15128112
0.14109898
0.15326548
0.15040302
0.17764544
0.15630126
0.18086314
0.16594195
0.16180491
0.15457320
0.14744592
0.16102481
0.15055275
0.14656210
0.16620493
0.13386536
0.14101100
0.12737036
0.15825629
0.15835094
0.17437887
0.15733218
0.16120529
0.18970203
0.20662713
0.21517015
0.20999932
0.20567942
0.19718599
0.20886731
0.19854999
0.19619823
0.20668125
0.20281386
0.19990540
0.20122480
0.20457482
0.19774246
0.19260383
0.19244576
0.19869614
0.19520688
0.19652295
0.19285893
0.19051051
0.22577405
0.22714543
0.20683575
0.23927164
0.25498176
0.26397204
0.18608737
0.21949768
0.20663166
0.21225023
0.21464109
0.23065448
0.24041557
0.22973347
0.21342874
0.21925402
0.20523882
0.19502139
0.20291281
0.15296698
0.23337364
0.12514234
0.14439154
0.15989113
0.15396953
0.16645288
0.14783883
0.15475488
0.15776968
0.19789982
0.21365333
0.23937440
0.15732384
0.16721249
0.15043640
0.13150549
0.19465876
0.13979530
0.22955394
0.11393070
0.14167929
0.17276907
0.25409746
0.16505623
0.20337057
0.17066622
0.21615911
0.21987486
0.16075683
0.19690776
0.23092484
0.25398731
0.21749353
0.16074443
0.13869071
0.20743465
0.15563655
0.13371563
0.14806819
0.15271235
0.13676262
0.14888358
0.13998151
0.23266935
0.17758203
0.17171979
0.20109415
0.22460699
0.18345165
0.25382614
0.23172259
0.23179460
0.17378974
0.20991540
0.25846481
0.20980430
0.16228104
0.13517761
0.12993598
0.19425488
0.20406222
0.19526720
0.24868655
0.24361992
0.24954963
0.13779831
0.14026427
0.13299990
0.13945770
0.17622948
0.21112680
0.21467328
0.19071698
0.23532891
0.16006327
0.18263936
0.12856531
0.12570429
0.13717294
0.14375806
0.16393924
0.15331841
0.15107679
0.15231705
0.15304589
0.16919875
0.25814152
0.16337609
0.13157129
0.17254305
0.14778399
0.14790702
0.18054676
0.24372840
0.26261616
0.18000746
0.18822432
0.17675972
0.18786454
0.18582511
0.18560219
0.17462564
0.14375424
0.09991717
0.12261868
0.13198519
0.18278074
0.13915491
0.16324806
0.15491295
0.15962529
0.15548491
0.17295575
0.20302081
0.22154403
0.23364329
0.20323110
0.20618081
0.21115541
0.20887017
0.21396947
0.20433879
0.20790410
0.24055982
0.23233461
0.23837829
0.21578431
0.20857096
0.21201468
0.20629644
0.19365335
0.19885492
0.20200300
0.19480681
0.21034646
0.20530653
0.18663573
0.21646881
0.25547504
0.23216796
0.22658539
0.25086308
0.22541642
0.23769855
0.24964809
0.15914083
0.23875046
0.21689844
0.23260069
0.23993683
0.24778962
0.22257471
0.21486259
0.20605230
0.20386314
0.19716096
0.16808152
0.20452046
0.19579840
0.23006034
0.15495539
0.23411274
0.17592072
0.17418098
0.18471909
0.15571713
0.15998030
0.17007589
0.17574859
0.21664310
0.19596338
0.18224454
0.16273022
0.15831542
0.14715695
0.15139651
0.14224982
0.16277361
0.16013575
0.17271447
0.14331198
0.16480017
0.17363834
0.22222614
0.21962500
0.12513208
0.16131234
0.19526744
0.18771744
0.21364236
0.17265534
0.27330923
0.18488121
0.20107412
0.22433567
0.17622638
0.20306730
0.19162107
0.20264125
0.16565180
0.15051603
0.15780592
0.16652060
0.18746448
0.20937014
0.22590876
0.19707441
0.21600604
0.16759491
0.14433503
0.19098639
0.15973544
0.16196918
0.15226126
0.21850920
0.15057325
0.16298270
0.16445684
0.14848375
0.14862108
0.16742778
0.16118193
0.13957596
0.16771126
0.16723418
0.15723658
0.21241927
0.14778876
0.16584158
0.16239190
0.13441730
0.15411425
0.15129542
0.15761471
0.15340471
0.15436649
0.13419175
0.14254689
0.15280008
0.16652870
0.16942263
0.14448953
0.17002296
0.21395683
0.21773624
0.15599895
0.18633342
0.15116835
0.15688157
0.20890927
0.23974848
0.29094601
0.18616056
0.17110944
0.12174487
0.13032317
0.11202359
0.17647743
0.19063878
0.21745205
0.28086138
0.18990183
0.22125173
0.17897224
0.14479923
0.15498519
0.14464664
0.15917468
0.14661932
0.13726997
0.14434719
0.16604924
0.14987493
0.13342023
0.14479947
0.16829181
0.19173884
0.24781346
0.20407748
0.19425368
0.20927262
0.18988562
0.19171143
0.19926858
0.20063853
0.20732117
0.22209835
0.20815015
0.23121142
0.20026231
0.19234014
0.20050454
0.20183253
0.19572592
0.19224334
0.18753719
0.19339037
0.19350529
0.19517589
0.20645070
0.18492651
0.17555022
0.26036167
0.22466636
0.32039833
0.21481919
0.25575304
0.26865554
0.23400903
0.19689775
0.20838070
0.24162054
0.25007463
0.23088574
0.21986341
0.24589324
0.23577309
0.20504951
0.16649532
0.14695191
0.13417625
0.12784505
0.17713833
0.14651465
0.16098499
0.13642383
0.13559818
0.17981791
0.16499686
0.29414105
0.14905167
0.22189379
0.16037178
0.18307543
0.22860098
0.19698739
0.23465610
0.22493601
0.19366121
0.24892545
0.17838120
0.23275185
0.21308804
0.17223454
0.16739392
0.13125920
0.14384842
0.16056299
0.15775418
0.15113473
0.15888190
0.14559674
0.14496732
0.13777399
0.16423035
0.16771269
0.12724066
0.20462680
0.18810177
0.21257639
0.15820122
0.20170522
0.15919638
0.14996815
0.15248609
0.13163662
0.13574386
0.15203381
0.16299105
0.15214229
0.14323640
0.16813302
0.24279475
0.19701052
0.21021843
0.22204328
0.18016171
0.12807512
0.14506769
0.15891361
0.17803025
0.20753980
0.18229413
0.20597696
0.15604854
0.15301418
0.15797853
0.22004461
0.16224051
0.16769028
0.16684270
0.25145674
0.15929389
0.14253163
0.25216818
0.15127850
0.14756465
0.15680718
0.16222954
0.16245651
0.17842507
0.15723777
0.17821455
0.20613146
0.15828729
0.15992570
0.15912700
0.14020753
0.17290950
0.18659711
0.17882776
0.16631031
0.15113020
0.14796495
0.17548823
0.17180681
0.18593216
0.20778537
0.17982221
0.27137709
0.21926332
0.21972919
0.20116258
0.21511626
0.17515421
0.18555856
0.16769862
0.15114903
0.15005660
0.14035320
0.16796780
0.18490863
0.17734599
0.17924237
0.16665983
0.14126015
0.14919066
0.19139552
0.20989728
0.17124081
0.16872072
0.14682603
0.12551427
0.12069821
0.14969134
0.15260363
0.14719629
0.14458585
0.13694978
0.15244412
0.15057683
0.16347742
0.13810492
0.14488482
0.12751031
0.13556194
0.15198565
0.15017390
0.13897419
0.14801192
0.16727424
0.18280530
0.19424200
0.19411469
0.19440508
0.17259622
0.25494885
0.24067140
0.26648235
0.33807611
0.26456618
0.18671608
0.19872546
0.21161222
0.21487260
0.21715879
0.20491958
0.20745087
0.20311666
0.20562911
0.21651363
0.19735670
0.19374871
0.19981694
0.20014191
0.23086786
0.23943400
0.22802186
0.21000242
0.20687389
0.23612857
0.24945188
0.22211528
0.19520187
0.19219780
0.26169705
0.23292065
0.22788954
0.23901224
0.22060466
0.25026655
0.24696255
0.20122886
0.19619751
0.22303963
0.21831226
0.19706488
0.17434978
0.14746761
0.26231766
0.20605540
0.22533298
0.19599104
0.25205612
0.25589299
0.23858690
0.22362971
0.17240047
0.13419175
0.15113568
0.16036963
0.21062803
0.17471600
0.18317103
0.16291165
0.19882822
0.23377371
0.17112827
0.15657377
0.23998284
0.15895867
0.14518332
0.16164660
0.19844604
0.23734093
0.17993784
0.16714430
0.19716096
0.20435715
0.17660308
0.23361659
0.23031545
0.20895219
0.21119094
0.21048832
0.14137006
0.14669633
0.20231128
0.14963293
0.15539432
0.17267537
0.16821170
0.13793087
0.21610260
0.13421655
0.17678285
0.18619227
0.27317572
0.26942730
0.16969705
0.14942050
0.16529608
0.16576886
0.15497899
0.16349792
0.14474845
0.14613223
0.14693594
0.20186305
0.19989705
0.13677907
0.14945126
0.15231562
0.17325878
0.15118599
0.13623619
0.14204717
0.17957926
0.18391848
0.17867303
0.20617270
0.21506858
0.26763082
0.21287775
0.20871949
0.22229409
0.19481730
0.22172189
0.20115447
0.19748616
0.23366642
0.21908092
0.19025397
0.18845224
0.22571659
0.19911122
0.18388486
0.19248581
0.18712735
0.19117188
0.20746446
0.18892980
0.19601870
0.19040298
0.19030786
0.22786760
0.20150113
0.19409060
0.19002843
0.19826889
0.19108987
0.18840432
0.22367501
0.17393994
0.27119422
0.19717169
0.19730353
0.22415686
0.23187971
0.21811414
0.18261528
0.26572633
0.22640300
0.21688962
0.22415876
0.17730737
0.18722486
0.15734124
0.15368652
0.21739960
0.21678972
0.21118712
0.24969220
0.22140694
0.22438836
0.21459484
0.22853231
0.21585798
0.19178820
0.19166088
0.15452075
0.14364958
0.14898014
0.21849847
0.25904727
0.23577356
0.18951082
0.16967487
0.14318728
0.15499759
0.15297604
0.20288873
0.21780419
0.24772763
0.19744611
0.25463414
0.20894623
0.18788552
0.22747231
0.20566678
0.15177298
0.13901639
0.20688081
0.19279885
0.22599626
0.20127702
0.13887143
0.14502120
0.15250134
0.14994216
0.16237164
0.14881611
0.15979385
0.23311043
0.19927764
0.14002442
0.13661385
0.15419674
0.17792177
0.32093310
0.17954588
0.18150735
0.09787536
0.14204121
0.15404224
0.17619896
0.17838311
0.19986105
0.19034386
0.19178605
0.22848535
0.20516062
0.15447116
0.17143655
0.14851952
0.24941659
0.18152475
0.20168114
0.14040136
0.19126534
0.22976089
0.21651721
0.15553713
0.24983454
0.17920947
0.18521142
0.14761806
0.20870018
0.21293664
0.19285059
0.11758661
0.13306642
0.16432691
0.18846273
0.15455198
0.28550553
0.15661597
0.16383958
0.27461934
0.18862271
0.17339063
0.15270996
0.15178132
0.15388799
0.18447065
0.15341091
0.15871978
0.12899327
0.16683841
0.17407942
0.15119672
0.15190291
0.17293930
0.15534282
0.15714073
0.14875102
0.16990352
0.17195368
0.14272904
0.14754701
0.13625216
0.24564195
0.13739848
0.16343474
0.14968848
0.16298127
0.16335583
0.17507148
0.20685577
0.14450860
0.14334345
0.14505386
0.14670968
0.15767336
0.17036176
0.13736486
0.15609717
0.14508104
0.12993908
0.12441564
0.13868833
0.18704319
0.20006633
0.18377638
0.20830750
0.21356106
0.19891953
0.20291591
0.20749688
0.18613029
0.19221282
0.20705533
0.24879694
0.26924872
0.24763250
0.24944592
0.20621514
0.21829104
0.22052360
0.21480227
0.20833778
0.21859312
0.19682074
0.19108391
0.20809293
0.20579553
0.24534917
0.23878932
0.22813034
0.21687651
0.21699882
0.22416091
0.18491268
0.21127534
0.22750497
0.23051143
0.21161604
0.22659516
0.21902728
0.19852161
0.22482276
0.19216371
0.22150850
0.19331813
0.15652966
0.22308850
0.22083473
0.17813206
0.13588405
0.13313317
0.14931011
0.15991068
0.14885521
0.14491892
0.15199351
0.14247441
0.13826251
0.17185497
0.17942953
0.14601803
0.25562477
0.23597240
0.17237926
0.21568513
0.25500679
0.16535616
0.18021369
0.18347692
0.21144152
0.13596988
0.14028215
0.15501904
0.15983820
0.17219591
0.20130372
0.15494227
0.14257669
0.15234780
0.14909744
0.14475846
0.19189811
0.19910741
0.14388967
0.16347146
0.13850236
0.11600852
0.13147640
0.16358542
0.13528419
0.14459729
0.20158839
0.15410519
0.17878175
0.13463402
0.15628934
0.11053824
0.15783811
0.16245055
0.19429302
0.23113108
0.18543220
0.15324736
0.13585448
0.11892247
0.13771558
0.15928292
0.13682961
0.09888077
0.11399817
0.13278937
0.24036288
0.23501420
0.22653484
0.21821356
0.16603947
0.15878654
0.13598728
0.15845609
0.14760137
0.14597559
0.15394473
0.16272902
0.12002635
0.13583040
0.16943169
0.20295572
0.17181730
0.15169573
0.16181135
0.17197275
0.20240307
0.19321203
0.14389443
0.18144155
0.18282056
0.18566871
0.18620324
0.19778037
0.17803931
0.19138408
0.18578267
0.18707681
0.20689464
0.22500062
0.17673492
0.25397038
0.14552283
0.19598961
0.19135833
0.13441229
0.14764905
0.20474911
0.14877558
0.15527034
0.16773081
0.15498567
0.15460467
0.14288259
0.14761186
0.20519829
0.15447283
0.15899539
0.14321518
0.13602066
0.15035915
0.19891477
0.18111634
0.21349669
0.20195007
0.14541411
0.19745421
0.21028376
0.14653635
0.14420938
0.21783113
0.27310967
0.22972941
0.16880727
0.19547510
0.15998697
0.12651157
0.16400576
0.14935446
0.16448283
0.15027666
0.15270042
0.14185858
0.18859029
0.23089170
0.18922305
0.18084240
0.12316489
0.15108752
0.14799356
0.15983868
0.15766048
0.14929080
0.17788124
0.26059961
0.23543334
0.19119978
0.20500946
0.21673036
0.21691442
0.21522260
0.21738076
0.20426822
0.21341014
0.21976328
0.22652173
0.23087001
0.20998549
0.20194244
0.21589303
0.19156170
0.19504905
0.19507337
0.19263291
0.19026637
0.24993777
0.18324661
0.18913102
0.17908645
0.19923019
0.23223591
0.24159026
0.21518064
0.16521907
0.19405460
0.20868301
0.24791861
0.21728730
0.22450161
0.22187257
0.22055125
0.20263624
0.20823193
0.15428376
0.24322271
0.16825032
0.21397781
0.11399770
0.19319439
0.16004324
0.25566864
0.17575216
0.17110372
0.27369785
0.23158050
0.21439195
0.19330931
0.17627788
0.23356080
0.22718644
0.13964438
0.15736675
0.17970967
0.16272140
0.19474316
0.21574020
0.15340543
0.22503853
0.20569301
0.16208410
0.16310191
0.16364455
0.13777614
0.15160847
0.17402148
0.17801571
0.15809321
0.14980030
0.14433384
0.16165066
0.20097923
0.15309906
0.22938180
0.16164327
0.16721439
0.15422773
0.21155286
0.14089084
0.14342928
0.14193034
0.16011834
0.12784123
0.13052630
0.17442489
0.21830893
0.19152522
0.18900180
0.18248391
0.17352462
0.19982195
0.20817256
0.20654655
0.18844795
0.19373393
0.20572257
0.16208458
0.23139858
0.16646767
0.14682341
0.16598630
0.19200325
0.20448256
0.15603828
0.14381003
0.16508436
0.14044166
0.14644003
0.18446660
0.15555692
0.14549255
0.17845583
0.15327382
0.15674472
0.16913199
0.16153598
0.17542076
0.14804912
0.15391850
0.16166782
0.18060923
0.23112535
0.18628216
0.13740325
0.16249275
0.17219830
0.17805934
0.14257336
0.15813971
0.15688515
0.14543247
0.15406537
0.14449906
0.21675873
0.17698717
0.20423388
0.17269278
0.15266943
0.16027021
0.16364145
0.14651728
0.16490030
0.19876194
0.16559887
0.15538073
0.15821934
0.14791131
0.15972424
0.14440393
0.18531466
0.22819066
0.19738865
0.16348982
0.15609288
0.15101528
0.18059087
0.16509843
0.17086959
0.15324140
0.13906717
0.14393806
0.22033978
0.18394423
0.16936445
0.15561628
0.15444636
0.14561772
0.13860607
0.15645432
0.15530849
0.18414760
0.24200130
0.18455386
0.20777345
0.15640855
0.14841557
0.21924496
0.18432236
0.18789053
0.11813927
0.15819287
0.16512585
0.15929365
0.12843394
0.12193108
0.12474656
0.12421203
0.18177986
0.19770789
0.13411140
0.14599872
0.14304590
0.12269378
