0.04987049
0.23573971
0.24320602
0.26560569
0.27941298
0.22465658
0.23229790
0.22255206
0.16017866
0.23067975
0.14372039
0.22227120
0.20791960
0.20658302
0.20107913
0.22358441
0.22942281
0.23817682
0.22321677
0.21342921
0.25446653
0.20305204
0.23388481
0.18715525
0.23492980
0.19140673
0.16490746
0.16541886
0.14581966
0.20307422
0.15721703
0.22596931
0.14457464
0.14043880
0.15599275
0.18176913
0.18117094
0.24061036
0.19642329
0.20948625
0.23422337
0.25000215
0.20532990
0.23337412
0.18936443
0.28456831
0.17121410
0.16418934
0.16271639
0.21997738
0.25127983
0.19592834
0.22213435
0.23905754
0.18068433
0.24971724
0.23628783
0.24240661
0.15785623
0.17721558
0.14995193
0.14505577
0.14710021
0.15050101
0.14313865
0.15618944
0.14041471
0.13711286
0.13379812
0.17067337
0.24455571
0.17883945
0.17859435
0.16473937
0.13306236
0.16447568
0.21413040
0.19886971
0.19392729
0.20254493
0.14629555
0.15983176
0.15836763
0.16043901
0.16528726
0.17605257
0.14881754
0.14840722
0.14803743
0.19110799
0.15716743
0.15353441
0.15554690
0.18415976
0.19002986
0.21670008
0.21389031
0.15837598
0.16980004
0.16005063
0.14179921
0.16708398
0.16682029
0.15033817
0.20456004
0.19777536
0.22268701
0.20380902
0.20057225
0.21070385
0.19708467
0.19764161
0.20570397
0.20432806
0.20291209
0.21333289
0.21208525
0.20565796
0.20801902
0.19307876
0.20450497
0.19366908
0.19656038
0.18812346
0.19408512
0.18869209
0.19125080
