0.03058386
0.15414548
0.17969894
0.14381838
0.27131367
0.22132683
0.15817785
0.16166186
0.14974856
0.15279222
0.15641212
0.16934681
0.16023183
0.15334535
0.13942647
0.18562889
0.15394044
0.18784690
0.13841033
0.13945055
0.14254737
0.12258291
0.15380907
0.14738917
0.16083622
0.16424441
0.14050651
0.13600826
0.15964508
0.15326834
0.15358067
0.17547584
0.17138839
0.15428829
0.15312982
0.16361308
0.15860415
0.17130756
0.18350363
0.13932753
0.14436626
0.15795946
0.13265133
0.12290692
0.13074446
0.16077638
0.15420103
0.14323473
0.16890359
0.16232777
0.20172524
0.19258714
0.22073317
0.21423388
0.21448445
0.21206594
0.19537497
0.20678592
0.20888901
0.21691632
0.23957014
0.24273849
0.20696998
0.22760344
0.20690370
0.20319247
0.20591331
0.19501591
0.19596434
0.20385194
0.19361901
0.20527077
0.23468161
0.21309280
0.22394443
0.18028808
0.20958352
0.17860889
0.21395993
0.16721225
0.18701911
0.21112704
0.13041139
0.24093914
0.22548556
0.22474265
0.20768499
0.19567633
0.18076038
0.23003292
0.18737268
0.24305129
0.23979163
0.25758553
0.23811102
0.22435260
0.20637751
0.18500495
0.16553569
0.19371939
0.19376922
0.21636677
0.16671610
0.17981362
0.17326570
0.26005363
0.22642946
0.19315410
0.15260983
0.12858438
0.12332249
0.13678193
0.18537855
0.18546152
0.23991203
0.19823647
0.18023229
0.21212125
0.23575234
0.16267705
0.15266657
0.25741339
0.19771290
0.15805888
0.17682648
0.14505816
0.13719368
0.19935250
0.24075651
0.24960065
0.17920756
0.15703654
0.14666796
0.16196465
0.14681745
0.25115609
0.18002653
0.23171949
0.21096301
0.16853571
0.17023301
0.24897718
0.23841739
0.14393449
0.17077327
0.19357443
0.20388579
0.22712684
0.20843267
0.18765855
0.20749855
0.24115443
0.20462823
0.22452426
0.18347859
0.18685937
0.18900585
0.18703151
0.18612409
0.14852738
0.24198389
0.20522332
0.20237589
0.20962071
0.21877503
0.20386791
0.28768396
0.25243115
0.19251227
0.20467210
0.19955897
0.20234013
0.19992042
0.19510889
0.20125937
0.19563174
0.21462703
0.20580840
0.19894505
0.19754457
0.21270609
0.19138265
0.19236565
0.19701600
0.19363141
0.22624254
0.20627284
0.22210741
0.23602271
0.21088934
0.23273230
0.21239901
0.21917772
0.17692709
0.22653079
0.21782565
0.24209356
0.24571419
0.17810392
0.20496726
0.21127486
0.22871208
0.22748876
0.10548449
0.24484158
0.23097062
0.25746417
0.22880697
0.19479012
0.20331454
0.18844032
0.20179367
0.24391937
0.14918566
0.16071677
0.20877981
0.12033510
0.14261103
0.19139647
0.19951034
0.21687651
0.15956306
0.15412045
0.23081779
0.20054173
0.16411924
0.15433931
0.18023014
0.22216153
0.22912765
0.20899177
0.19287419
0.19726229
0.22356606
0.25834918
0.23156142
0.20430493
0.21631002
0.17375851
0.15699625
0.21313429
0.18907666
0.16428161
0.16133690
0.14217806
0.16374993
0.15784574
0.22494650
0.16802454
0.15776539
0.16029167
0.16339922
0.15495491
0.23129272
0.25543475
0.21344900
0.19939518
0.17646074
0.13625026
0.16109514
0.16226220
0.14650559
0.15204287
0.17138672
0.15466404
0.16071749
0.13155341
0.14226985
0.18374658
0.14507580
0.14757037
0.16613030
0.19341278
0.20057702
0.17759252
0.34585118
0.24052334
0.19104815
0.22448897
0.20915270
0.21308088
0.19672036
0.17925406
0.19102883
0.19508600
0.17928410
0.18642330
0.18003201
0.18728447
0.16280961
0.15214038
0.16271996
0.13469315
0.13705921
0.14480853
0.17917347
0.17984152
0.17472315
0.24107051
0.19746375
0.15759206
0.14558601
0.13862920
0.15342712
0.15017080
0.26895356
0.19090199
0.20595956
0.21247649
0.19385958
0.18190765
0.21595788
0.24748969
0.21865320
0.19062996
0.19909239
0.20351195
0.20296073
0.19025207
0.19667006
0.20919299
0.21583581
0.20341182
0.21833348
0.21442723
0.20490122
0.20183754
0.19159985
0.18451428
0.18613911
0.20208335
0.19125056
0.23951077
0.20856929
0.21081758
0.21228981
0.22421145
0.18768096
0.20291901
0.19643426
0.24032736
0.21802545
0.22849584
0.20859456
0.22578812
0.23297024
0.24057746
0.28165102
0.22897959
0.22970438
0.24341941
0.22473288
0.20529008
0.23300433
0.17764592
0.23362708
0.18415570
0.13794184
0.12894249
0.17799973
0.18984056
0.19102955
0.14719105
0.15782857
0.15601039
0.15287256
0.18138909
0.15140271
0.17607021
0.22606039
0.19502378
0.21268201
0.23124242
0.18675184
0.23885560
0.19254017
0.21736884
0.19889784
0.20189190
0.17217731
0.16971397
0.16647482
0.13400388
0.13572884
0.12807083
0.16731954
0.16017461
0.20180678
0.18658710
0.13934588
0.14596891
0.17423439
0.15953183
0.17404103
0.14723301
0.16325498
0.16507101
0.15348530
0.17736650
0.15040994
0.16117072
0.14296556
0.15342307
0.20793462
0.20804620
0.19234800
0.26669574
0.25911069
0.17760754
0.17772937
0.18525887
0.16555142
0.14363265
0.15684891
0.15742707
0.15089750
0.13061810
0.19901848
0.19535708
0.18907571
0.18547988
0.24139071
0.17632961
0.26105356
0.20308232
0.15222979
0.16817355
0.23992753
0.21647787
0.18796062
0.17954540
0.19055438
0.14481735
0.12824535
0.14001083
0.15219617
0.16183853
0.15718079
0.15245605
0.15654087
0.15955091
0.13936639
0.13744235
0.19103169
0.17294741
0.16081619
0.15441775
0.15863585
0.15460896
0.15435410
0.20464993
0.17730474
0.14964819
0.14893794
0.16515303
0.14995861
0.16190529
0.19563079
0.19481015
0.21116781
0.22416186
0.24128270
0.21622562
0.20157290
0.19405270
0.20191026
0.20211959
0.21395898
0.21428180
0.20116568
0.20148277
0.21024466
0.19559717
0.19628882
0.20343041
0.19513106
0.20058393
0.19608784
0.19390368
0.22023487
0.21434832
0.15335178
0.16534734
0.17716908
0.18586087
0.19125795
0.23692298
0.23763251
0.22705054
0.22564101
0.22314095
0.22796297
0.17874813
0.17372823
0.20019269
0.18410540
0.18987751
0.21991944
0.15879083
0.21604586
0.22441483
0.20648789
0.15737152
0.23763061
0.21618104
0.17100668
0.22687197
0.22057986
0.17748213
0.19019985
0.25490379
0.20629740
0.15532589
0.18646169
0.23683667
0.23131061
0.22646832
0.23409557
0.23129630
0.20304608
0.20066810
0.21068382
0.19034195
0.16664696
0.15589261
0.18339109
0.23787093
0.17518139
0.14467168
0.15037084
0.21496248
0.17842388
0.21395159
0.20532203
0.20506454
0.24204135
0.22254562
0.20729995
0.20747232
0.20648432
0.20838070
0.20343208
0.21171737
0.23648930
0.24425507
0.25584626
0.22179556
0.20956993
0.21470094
0.20850062
0.19637942
0.19440794
0.20022869
0.19193411
0.21466613
0.22424364
0.24864244
0.17753053
0.21811342
0.24132085
0.20763922
0.22945714
0.22692752
0.19052958
0.19771147
0.20361733
0.20693040
0.25035787
0.26923680
0.20503426
0.22166610
0.21550655
0.22496772
0.25596809
0.23836422
0.13503647
0.18853641
0.18993521
0.23630190
0.14663053
0.22050285
0.17311883
0.23791313
0.16405320
0.17118979
0.15500569
0.17834902
0.16383886
0.21329618
0.18406510
0.15564322
0.16765189
0.16718817
0.14269614
0.13828635
0.14465046
0.16373634
0.21364975
0.18805075
0.17031980
0.16821957
0.11972332
0.16713715
0.23979330
0.12187624
0.13472509
0.28162003
0.18727326
0.21732712
0.23163414
0.20833325
0.14613938
0.15944481
0.15040302
0.15458846
0.15034485
0.16279578
0.13537884
0.14349103
0.16596127
0.14237881
0.16487455
0.23197174
0.16636300
0.18545961
0.16087413
0.13580894
0.16463614
0.13372755
0.17187119
0.18072891
0.17764068
0.21665525
0.20145011
0.20949936
0.22109294
0.18287063
0.17672467
0.16195703
0.15424323
0.19237113
0.18955636
0.20055151
0.19360542
0.15985894
0.13758755
0.14983130
0.17337680
0.13894153
0.18554974
0.15890026
0.18948603
0.17339063
0.20032454
0.13785124
0.15079832
0.16811228
0.13887596
0.19652104
0.24472308
0.20601940
0.20528746
0.24531126
0.23664737
0.19123054
0.25765657
0.18730736
0.28054237
0.22816968
0.19206572
0.16025734
0.15431094
0.13896298
0.16897678
0.16033745
0.15572643
0.23753524
0.15135550
0.14590001
0.16012430
0.16380286
0.19382405
0.21807766
0.21487021
0.26146793
0.15021086
0.14825821
0.20012403
0.23196864
0.18222928
0.18163633
0.15869021
0.17715049
0.18145299
0.19590759
0.19684839
0.19073272
0.19006133
0.19118619
0.19299197
0.19931173
0.19950414
0.19857764
0.19356322
0.19215369
0.19201231
0.19040537
0.20217347
0.22945523
0.22012544
0.19414282
0.18794823
0.18875194
0.25175023
0.26433444
0.23129892
0.21494102
0.18959856
0.18882060
0.20716524
0.22071910
0.23490882
0.24973702
0.23940659
0.20498610
0.15893817
0.18935323
0.19274759
0.18939543
0.22161245
0.21587420
0.24692678
0.23336864
0.22925925
0.22867823
0.18589544
0.22883177
0.22602439
0.20185709
0.16855788
0.20676184
0.16817093
0.23124433
0.19358420
0.17891955
0.14027667
0.16111016
0.22551203
0.20242071
0.18676376
0.20380425
0.16978669
0.16071415
0.15047336
0.21568608
0.16191363
0.15750623
0.16248703
0.17958927
0.24636960
0.15703821
0.15141153
0.13952136
0.13731241
0.13740087
0.12985730
0.18107891
0.14786863
0.15670395
0.15342140
0.16545200
0.16293502
0.14262462
0.16405535
0.18920827
0.16090012
0.19701743
0.14526463
0.16907096
0.15024137
0.24209619
0.15675378
0.17452240
0.21590972
0.19452095
0.21097994
0.21343851
0.20984697
0.17049146
0.19143295
0.15664577
0.12487149
0.13229561
0.15453243
0.14508510
0.14882994
0.23661518
0.21466660
0.22865939
0.25143075
0.24532795
0.20979595
0.20198607
0.19328618
0.20231342
0.19280434
0.19029546
0.19190121
0.19427419
0.21357727
0.20956397
0.20880365
0.20500493
0.19665837
0.20141816
0.21273994
0.19254017
0.19367218
0.19377875
0.18537498
0.24564981
0.19986200
0.21268439
0.27230310
0.26980400
0.24635172
0.25349283
0.22245049
0.26971912
0.20504403
0.15492654
0.17126346
0.15324926
0.23699164
0.18093276
0.21463346
0.22931409
0.23184729
0.21516538
0.20207500
0.19117856
0.16479182
0.19444346
0.20403528
0.21800780
0.13970613
0.15952086
0.15698099
0.21415019
0.23676467
0.23489022
0.17529845
0.15892172
0.20974898
0.18791151
0.24945903
0.19721127
0.24089074
0.21448588
0.18116450
0.18299437
0.21964478
0.14685249
0.18784928
0.17581391
0.21115446
0.17677522
0.22709012
0.17664504
0.18434477
0.19976020
0.13987374
0.13663077
0.16064858
0.16973853
0.14716363
0.21222591
0.13546300
0.15467405
0.13277721
0.13584089
0.12438416
0.15179968
0.18803430
0.26762772
0.17417836
0.14133883
0.13980007
0.17617440
0.21162558
0.17435837
0.21518278
0.14553428
0.16156912
0.16019416
0.18763065
0.16049051
0.16713667
0.16219139
0.14222097
0.16629672
0.16032553
0.17046046
0.15597415
0.19936442
0.19169521
0.16226506
0.15091300
0.16189027
0.21149659
0.21410656
0.22710347
0.21724010
0.20964384
0.15287757
0.15965700
0.15892363
0.16297174
0.22770143
0.16253710
0.22095633
0.22031164
0.20322585
0.16891789
0.21448970
0.17749739
0.14196682
0.18937564
0.22483468
0.24327540
0.17347479
0.15435410
0.15104866
0.15224719
0.19346714
0.17578721
0.18779898
0.17941165
0.17469621
0.20668077
0.19474101
0.16581273
0.16532850
0.17109823
0.15967631
0.28803110
0.15738010
0.17972541
0.22763968
0.13556337
0.16652417
0.14364290
0.15731072
0.16854572
0.14833808
0.14720821
0.23541927
0.22604418
0.23759103
0.20440507
0.20823264
0.19760656
0.20907927
0.21256542
0.20439601
0.20180869
0.21631861
0.20552135
0.22450876
0.20396304
0.21227193
0.20449758
0.22073841
0.19851351
0.18207216
0.20745516
0.19469452
0.19332361
0.20668173
0.20897508
0.20389390
0.22260141
0.20057297
0.19934082
0.21889663
0.14947796
0.18102336
0.21392965
0.22305226
0.23097372
0.20954657
0.22056007
0.20905781
0.23661852
0.23973703
0.20993185
0.21498060
0.23146272
0.20255899
0.22705245
0.18945026
0.22411752
0.24377656
0.18706036
0.16698837
0.15816474
0.23823142
0.19453001
0.24130392
0.17996931
0.29364228
0.25198388
0.18210149
0.18784523
0.20310402
0.20205832
0.20426726
0.14323068
0.15037441
0.13745236
0.16128993
0.15273523
0.13682461
0.19288802
0.15415382
0.15383458
0.19264269
0.16378355
0.20132399
0.15903449
0.12825203
0.12690830
0.13238621
0.16127372
0.16803932
0.20956302
0.17477989
0.22929978
0.22824287
0.15421724
0.21294856
0.21519661
0.18102789
0.15513730
0.15085673
0.21439219
0.27938509
0.19321418
0.18546605
0.21796298
0.21888447
0.21687651
0.16340137
0.25155330
0.22083569
0.22699165
0.25290036
0.19566703
0.13258052
0.12443185
0.17288494
0.15589023
0.15213680
0.16345882
0.15522289
0.16017747
0.15310264
0.18345070
0.20592380
0.17414403
0.21303439
0.22092462
0.21923161
0.21352363
0.19952226
0.22091961
0.24330521
0.20463657
0.21187830
0.20826006
0.20298982
0.21517658
0.20882988
0.19720173
0.20487285
0.21121502
0.21021843
0.19917750
0.18993282
0.20608497
0.21085978
0.19902802
0.19482636
0.19140720
0.19358230
0.20978355
0.22541332
0.21471286
0.12906957
0.22431159
0.17274618
0.23499870
0.25091839
0.19404387
0.21431518
0.19649363
0.18436694
0.20503426
0.18395352
0.20399117
0.19625211
0.19607067
0.22087049
0.15673041
0.22487068
0.17962384
0.23419499
0.12972951
0.26085472
0.22584486
0.22536683
0.21185255
0.22202587
0.26146460
0.22890234
0.14084029
0.14655232
0.15106153
0.15131640
0.14823580
0.16944027
0.13093472
0.15753102
0.19395781
0.14387155
0.15126610
0.13319731
0.14360642
0.14593792
0.17042351
0.13158512
0.24773240
0.14901733
0.12403965
0.13920999
0.14694548
0.13574219
0.16678667
0.16166377
0.15211391
0.15505075
0.18205237
0.16861701
0.18082714
0.15025496
0.15528655
0.26526856
0.18126369
0.18600869
0.23239779
0.18343091
0.14801192
0.15395260
0.15047717
0.15789437
0.14402485
0.14143395
0.13372612
0.13759685
0.13657236
0.21937537
0.22019172
0.21621251
0.26848388
0.22807646
0.19574761
0.23711324
0.20647812
0.12843919
0.12897468
0.13492513
0.15077734
0.15294576
0.21593022
0.14820647
0.16476297
0.16839075
0.16088390
0.16333365
0.17668939
0.17609429
0.17992544
0.16107965
0.16235685
0.17565918
0.15065908
0.24428368
0.15109301
0.14084625
0.19255662
0.19155169
0.13127851
0.19136238
0.14769268
0.14483452
0.16623664
0.15291047
0.14660025
0.13042164
0.14466715
0.15252757
0.18535519
0.20611334
0.20204782
0.20217347
0.24784231
0.20191383
0.19516921
0.20805120
0.19835186
0.20053244
0.20587778
0.21590352
0.21599841
0.20127511
0.20998502
0.20047045
0.19666338
0.20323181
0.20251274
0.19519162
0.18883133
0.19946885
0.19381261
0.22148657
0.23059487
0.25269437
0.22655296
0.22980833
0.22530818
0.18846083
0.23211265
0.22326612
0.21080518
0.21603465
0.23896170
0.21353316
0.19146013
0.21393681
0.20744300
0.19625497
0.19910502
0.21701097
0.24451590
0.23449063
0.21176839
0.21551991
0.18466306
0.13109756
0.14231348
0.13130808
0.13928175
0.19700789
0.16511035
0.17781281
0.21652222
0.14592433
0.20782709
0.15653133
0.14290714
0.16355371
0.23055720
0.14654207
0.23412657
0.13500834
0.12466764
0.19829583
0.17833567
0.15962362
0.16402078
0.17460346
0.19146585
0.20834446
0.17783880
0.14268923
0.15044498
0.15154290
0.17042208
0.24333954
0.13719201
0.19038272
0.15779018
0.17875838
0.27215123
0.15152287
0.18150282
0.24547696
0.22392631
0.22547245
0.13841963
0.19353008
0.24079299
0.21692204
0.22023678
0.19217110
0.19886494
0.20386314
0.18227935
0.21359444
0.12409544
0.15006757
0.15334368
0.16640139
0.15481377
0.25529504
0.19453382
0.25451326
0.13520670
0.14668036
0.14725947
0.15033627
0.14051604
0.14009070
0.25496435
0.19463277
0.18959641
0.20564866
0.18929291
0.20563745
0.14784098
0.15436840
0.16861081
0.23826766
0.15723920
0.14552760
0.14182997
0.13660717
0.14364839
0.15117478
0.16283798
0.14825082
0.13198471
0.16600704
0.15144467
0.13704443
0.17253351
0.13861537
0.14384365
0.16566110
0.16963601
0.13447571
0.15652561
0.14353776
0.14711094
0.14722943
0.15525508
0.15946174
0.15047812
0.15470600
0.15004802
0.12230587
0.13024426
0.12206388
0.13647866
0.16703939
0.15180397
0.23336124
0.15654063
0.16159058
0.15411186
0.13794351
0.13213921
0.13361740
0.15297103
0.23468637
0.16494727
0.23942637
0.16231227
0.17770553
0.15547013
0.26353860
0.16527700
0.13113165
0.17314982
0.14700508
0.13951778
0.15707541
0.16901016
0.15219331
0.13665247
0.16662884
0.18383384
0.20504928
0.16804671
0.15777278
0.17926455
0.16703582
0.15820622
0.18167925
0.17077875
0.19334650
0.22920060
0.18665504
0.17622447
0.23811054
0.20103741
0.20880985
0.21836281
0.25790882
0.19713521
0.19678235
0.19879007
0.19350600
0.19928408
0.18215370
0.20467615
0.20101738
0.19835854
0.20138621
0.19939303
0.19577837
0.20139623
0.19572234
0.19340372
0.19752789
0.22715735
0.23258567
0.24616051
0.23479676
0.21173358
0.22063112
0.22722459
0.21855092
0.24068737
0.22644567
0.24609113
0.22851777
0.27158070
0.20724607
0.23065615
0.23999596
0.22803044
0.21880341
0.21148181
0.24285674
0.21625185
0.20159221
0.13424921
0.13804054
0.18248844
0.18849587
0.17909575
0.23209095
0.20731115
0.17233777
0.14120626
0.18236494
0.22191596
0.21088147
0.18605590
0.18427968
0.25210977
0.16260862
0.15477037
0.35089421
0.23114371
0.20501208
0.20282316
0.20525217
0.20179701
0.20565462
0.19967937
0.20248532
0.20587206
0.20168352
0.20162439
0.20599723
0.20252895
0.20716548
0.20521927
0.21692920
0.18768573
0.19300508
0.19687653
0.21956730
0.23128843
0.21003199
0.24338102
0.20292091
0.15965700
0.24298382
0.23404264
0.16762686
0.23244643
0.20085859
0.26541638
0.22080231
0.24468970
0.23639512
0.21538687
0.26071048
0.24152994
0.22727418
0.21805024
0.22318983
0.21431565
0.19673324
0.19449186
0.23020315
0.24096966
0.20884252
0.19266224
0.17415047
0.20892167
0.21812820
0.22480011
0.19743466
0.17965126
0.19495559
0.18849540
0.22781253
0.28371310
0.15941000
0.23179889
0.21834922
0.19437528
0.16718197
0.12326288
0.14006591
0.20076489
0.14970326
0.17158246
0.17802596
0.16407871
0.28688550
0.21620893
0.22911072
0.21966386
0.17202282
0.20252991
0.15402341
0.24129772
0.15301800
0.22480631
0.21723866
0.21672535
0.21441746
0.19066811
0.21094084
0.22148347
0.22328854
0.20987844
0.21784806
0.20188546
0.19662285
0.19669366
0.19848394
0.20532227
0.20449781
0.19899344
0.21249533
0.19801140
0.20940971
0.20549369
0.19329596
0.19654441
0.19631720
0.20197511
0.19856811
0.19658279
0.19460106
0.20859957
0.23683667
0.23664808
0.20467782
0.21792865
0.20083261
0.20681882
0.21194744
0.17334867
0.21258044
0.21315336
0.18620181
0.25740790
0.22542930
0.23107529
0.22945857
0.23685527
0.23718143
0.24066710
0.20858550
0.13858986
0.21976328
0.20901656
0.19945455
0.19520044
0.15455246
0.16312814
0.14661980
0.23185444
0.13036251
0.16618443
0.20133328
0.20466900
0.23191023
0.18750954
0.17301583
0.20343804
0.16476417
0.14259791
0.13875413
0.15648127
0.15581393
0.15288901
0.16265464
0.16311812
0.24200773
0.20125341
0.14119697
0.15398741
0.17474508
0.19432211
0.14913845
0.15124917
0.16224098
0.15610623
0.22033858
0.14433217
0.14164352
0.17141509
0.14306426
0.14454460
0.18240333
0.21709752
0.16435194
0.24350882
0.14791870
0.17762375
0.16189194
0.24252009
0.17255759
0.19415355
0.21256638
0.14069891
0.14165711
0.15593863
0.19678497
0.14982176
0.15423942
0.15261579
0.14000297
0.15128732
0.14420938
0.13576055
0.14532971
0.15773058
0.16843700
0.26122665
0.15197659
0.25040269
0.23938203
0.14183593
0.17247415
0.19395900
0.22932935
0.28388906
0.28040123
0.19565058
0.20008087
0.19841170
0.25177860
0.19909096
0.26293468
0.20789766
0.18885469
0.14777112
0.15272903
0.11752081
0.20790243
0.24862218
0.22116947
0.14617395
0.15794444
0.14783692
0.14698291
0.22278905
0.18090129
0.14773417
0.13586426
0.14419961
0.16259933
0.16423559
0.15055275
0.15198660
0.14558887
0.14265108
0.16110778
0.14709640
0.14894462
0.19296503
0.14301872
0.17233372
0.17549467
0.21589303
0.18645000
0.18088508
0.15449405
0.17501616
0.19134545
0.18395019
0.13679028
0.21979165
0.14555216
0.23462963
0.24972963
0.16950512
0.17430639
0.14443660
0.20762014
0.17762303
0.21697164
0.22637248
0.20512962
0.19699192
0.20015717
0.21521163
0.20832634
0.21380281
0.20628476
0.21384525
0.22314835
0.20513153
0.21308613
0.20125651
0.19709229
0.20001650
0.18929148
0.19009972
0.19208097
0.19703102
0.20949769
0.23438644
0.25269556
0.25519109
0.23383999
0.19838977
0.20744252
0.19515347
0.14956236
0.22484088
0.22798347
0.22250199
0.23251081
0.23738813
0.20377898
0.23053813
0.24300575
0.27935839
0.21355200
0.30803442
0.22002387
0.20068121
0.19726706
0.22981572
0.22313738
0.21830106
0.22920918
0.22196317
0.16915607
0.13525534
0.15676498
0.14398837
0.15247655
0.15414858
0.16559887
0.16217875
0.20275164
0.14454150
0.15640330
0.13310385
0.19509745
0.14173675
0.15931535
0.13946199
0.12842441
0.13925838
0.14886189
0.19381070
0.14507270
0.14965725
0.14322877
0.15603542
0.15185690
0.22795272
0.13482690
0.16961789
0.25413394
0.20045567
0.23275614
0.18910193
0.24077916
0.24019718
0.16932631
0.22471523
0.15296006
0.18356872
0.18614578
0.23723698
0.21670508
0.20594120
0.23584914
0.22237515
0.22240138
0.22106075
0.19846678
0.25735664
0.16554952
0.18427253
0.23367596
0.24577332
0.20668674
0.18812728
0.18890333
0.18442607
0.20270491
0.20542789
0.19919705
0.20043230
0.20071816
0.20573568
0.21011209
0.20569229
0.20890641
0.20332599
0.19990706
0.20231891
0.22977424
0.19727731
0.19582248
0.19784856
0.19387984
0.19635081
0.26319957
0.23344302
0.22511172
0.19662642
0.23121691
0.23045754
0.21180916
0.20463061
0.24781179
0.22282887
0.19235802
0.19648933
0.19118476
0.19408131
0.19600368
0.21729541
0.21147132
0.21010613
0.23790407
0.23180676
0.27686572
0.18444586
0.23067641
0.25043821
0.17432857
0.13426995
0.16249847
0.13462234
0.15637803
0.15037727
0.15924716
0.17540622
0.13833499
0.20579743
0.13779211
0.19624710
0.18257451
0.15712118
0.13705277
0.13493323
0.15598559
0.16323614
0.14668918
0.14762115
0.13787889
0.13628244
0.14935851
0.22982526
0.15232015
0.15532064
0.16024232
0.26296544
0.29674935
0.34761071
0.25108075
0.18250608
0.20807433
0.20964003
0.19543529
0.19188023
0.20195103
0.18716812
0.19097137
0.19815469
0.19181085
0.18121457
0.18664765
0.19121790
0.18283939
0.21293402
0.24340868
0.23851371
0.23332691
0.25179505
0.23968029
0.24522233
0.19927287
0.19592333
0.19927645
0.22885966
0.21911621
0.22059512
0.24093795
0.17536759
0.17844844
0.19287896
0.23367763
0.21192431
0.24432707
0.20369697
0.19864345
0.24063134
0.16741538
0.19381046
0.22697592
0.24981713
0.29020429
0.20205212
0.22487855
0.28311706
0.19888663
0.19585061
0.17231011
0.21711683
0.12159109
0.13682294
0.14189720
0.14588499
0.17356324
0.15888786
0.14910579
0.13934040
0.20192504
0.23675752
0.19949961
0.24546075
0.22182655
0.19715524
0.19612646
0.26623321
0.22401834
0.18478751
0.17721295
0.22666526
0.21887755
0.22255087
0.17856097
0.19511914
0.20075798
0.21725655
0.21575379
0.16084862
0.14948964
0.17462707
0.17216897
0.16965175
0.16253185
0.16796088
0.15597200
0.18738294
0.19494009
0.20636654
0.14873314
0.14148092
0.17517996
0.28591251
0.18740463
0.18891740
0.19450068
0.15548801
0.18807983
0.19729996
0.14870334
0.15554929
0.15478373
0.23403597
0.19445610
0.18897581
0.20763421
0.19493246
0.17756438
0.20795226
0.16834235
0.14991689
0.14753652
0.17255569
0.21012282
0.20822740
0.17873836
0.20711184
0.23554850
0.21501303
0.19859600
0.19999790
0.21188331
0.19230604
0.19462466
0.20945096
0.19344091
0.20939231
0.20609879
0.19800735
0.20917082
0.19943881
0.20392418
0.20206594
0.20224452
0.19009304
0.18918324
0.20130587
0.19403791
0.18836641
0.21543384
0.19318628
0.18194056
0.19490862
0.21569061
0.21247339
0.23693633
0.22216320
0.29059029
0.19606161
0.22745800
0.23250270
0.24186921
0.21264744
0.26873517
0.23088741
0.26093793
0.22954369
0.23249793
0.22888565
0.21186972
0.25834012
0.26919341
0.22545743
0.21338224
0.20771360
0.14680314
0.15671849
0.19875765
0.22232652
0.17499948
0.24883914
0.25333667
0.18640614
0.18098497
0.22448611
0.20963812
0.15427518
0.15228701
0.15024924
0.15631437
0.23989749
0.17362452
0.15864229
0.14989042
0.15952563
0.15196133
0.17430258
0.15951657
0.14771938
0.19877625
0.23982191
0.20387483
0.19413590
0.20845270
0.23227620
0.18889475
0.20735812
0.14773536
0.21996140
0.21464157
0.19065595
0.22326660
0.19411421
0.16797876
0.19807529
0.15991282
0.18089414
0.16417813
0.15904284
0.16126394
0.13551784
0.14891434
0.17373776
0.13445115
0.17336369
0.15260029
0.15892196
0.16570163
0.16403294
0.20089674
0.15820670
0.14479327
0.15437722
0.14334559
0.26776981
0.18376946
0.20304227
0.17779827
0.18982863
0.22906852
0.23425102
0.19267249
0.22490072
0.18991590
0.29646397
0.21926451
0.21394467
0.19671679
0.12879205
0.14684129
0.14142919
0.15535164
0.15463758
0.15649128
0.13084173
0.18681598
0.13269353
0.14988923
0.18442273
0.23078704
0.17730165
0.20053887
0.23085475
0.14708304
0.17780328
0.16476107
0.14285064
0.17272639
0.12409568
0.13317180
0.28706837
0.19692254
0.21249795
0.20303392
0.17797446
0.18506289
0.28951430
0.20484400
0.16010427
0.17490888
0.15679288
0.17558289
0.20717597
0.18122315
0.18177223
0.18287086
0.17709374
0.20147347
0.17753673
0.18148160
0.18401790
0.15308619
0.12071490
0.13859797
0.22911978
0.14270568
0.16162491
0.18268871
0.14889169
0.14440131
0.15770411
0.17560577
0.14966583
0.15893960
0.22682691
0.18613577
0.23573017
0.25651288
0.27862930
0.25985003
0.25947285
0.21927238
0.22367311
0.21913385
0.23951483
0.24917412
0.20101261
0.19923353
0.19296169
0.19875336
0.19374204
0.19347501
0.24015760
0.23515821
0.24493432
0.23939729
0.22365785
0.22695112
0.20829511
0.21830177
0.21153283
0.18015766
0.19495821
0.23472524
0.26247764
0.25525737
0.24772024
0.24772525
0.25121903
0.20111489
0.22957325
0.22783780
0.20430899
0.22206926
0.27956629
0.23529243
0.18054914
0.19356227
0.19909239
0.21857238
0.10721850
0.12561870
0.14270115
0.15008473
0.21912098
0.17823362
0.23359203
0.20317745
0.21636844
0.15029240
0.15402007
0.16801858
0.17043138
0.17262220
0.22951317
0.18959141
0.15069866
0.18634582
0.23539996
0.19826317
0.17042875
0.21064305
0.25721717
0.22125483
0.18783092
0.19483352
0.18253827
0.23720789
0.24328828
0.19823146
0.18286443
0.21581984
0.19055343
0.15776277
0.18479538
0.20191002
0.28922892
0.24343538
0.19867802
0.18153501
0.17973065
0.15340447
0.18253422
0.23297834
0.18438506
0.21766019
0.19594765
0.20697856
0.18079495
0.14749622
0.12940598
0.12625360
0.11583328
0.15713501
0.15722942
0.12347126
0.14440250
0.14583063
0.15512991
0.16227770
0.15259957
0.14556050
0.14884591
0.16767383
0.13262439
0.13832569
0.14441180
0.15681219
0.14520788
0.22231889
0.14013815
0.23241544
0.17730641
0.14245343
0.16882420
0.15504885
0.18515134
0.18646359
0.18381166
0.18937469
0.22945356
0.25473905
0.21172214
0.21957994
0.21022844
0.21834517
0.20609879
0.24772334
0.26306129
0.20033193
0.20819020
0.20348763
0.19858551
0.21636796
0.20589614
0.20599318
0.21021700
0.19905210
0.20957518
0.22210383
0.19532585
0.19128919
0.19599581
0.19688773
0.26506591
0.19569802
0.18932986
0.24248433
0.25253081
0.22896266
0.22613025
0.19559264
0.21876001
0.23632693
0.22874713
0.24047017
0.21078539
0.23223758
0.22889662
0.21427321
0.17855906
0.20357299
0.23798037
0.19139457
0.21442151
0.16485190
0.14568257
0.17598128
0.23227906
0.19659901
0.23081827
0.15889454
0.22816586
0.13152218
0.19635320
0.15083623
0.15467739
0.19834471
0.25360894
0.20427537
0.15243316
0.20830703
0.20322847
0.18214631
0.16134596
0.14583111
0.16865611
0.15206432
0.17657351
0.18202686
0.18096924
0.16685987
0.15507174
0.14087009
0.17029667
0.16120052
0.16358495
0.15528083
0.19445944
0.18917894
0.25990915
0.14189672
0.12789536
0.14321089
0.14589500
0.16516805
0.13440347
0.17907000
0.23656249
0.13421917
0.13498092
0.13508677
0.15945935
0.17164779
0.27135277
0.20017028
0.19017339
0.30727458
0.23253632
0.24673462
0.20161867
0.20915031
0.20897865
0.21342158
0.22776723
0.22856164
0.22706962
0.22365284
0.22256541
0.19837403
0.19849157
0.21311307
0.18915534
0.19215202
0.19530988
0.18772721
0.23647547
0.25426340
0.24149728
0.16908360
0.27739358
0.20439601
0.18819785
0.18944597
0.17285442
0.18853211
0.19755459
0.21273470
0.21517229
0.23917174
0.20536971
0.21377635
0.24075222
0.23947549
0.24578714
0.22779894
0.22340131
0.25856590
0.15313935
0.14435291
0.13437510
0.15048981
0.17543745
0.18467379
0.18678522
0.17798328
0.18416762
0.18783164
0.26430798
0.17723227
0.18115520
0.18622923
0.18375349
0.17668939
0.12050033
0.16393399
0.15942979
0.15481424
0.16754413
0.13811994
0.14862823
0.15083265
0.12165594
0.16537285
0.18009520
0.13216090
0.19375014
0.25654292
0.25415206
0.19442821
0.15688324
0.16533327
0.16450357
0.14954591
0.15206718
0.16327333
0.16881442
0.15648699
0.15653467
0.13996601
0.21997619
0.24775791
0.25291038
0.22903252
0.17908311
0.20443892
0.13470650
0.15264440
0.16876531
0.15639472
0.20412588
0.19935942
0.24314785
0.18368340
0.17086148
0.16317534
0.16425657
0.15897894
0.13387227
0.17385244
0.18821025
0.24085808
0.15927005
0.14405990
0.16084504
0.15904212
0.15689373
0.17250323
0.16926646
0.13082170
0.12324095
0.14271545
0.14879370
0.16046047
0.23162436
0.30288005
0.21634507
0.23228574
0.24194264
0.27304840
0.23384452
0.20446563
0.20195365
0.19958639
0.20438671
0.17193103
0.19180346
0.20564342
0.19130969
0.19108653
0.19531202
0.18895769
0.19369936
0.23370576
0.27638459
0.14260459
0.20343661
0.25274038
0.20517135
0.17238569
0.25938702
0.24885011
0.22901845
0.21843648
0.22322559
0.22775936
0.21778440
0.25756860
0.16705799
0.13855934
0.23767209
0.17950392
0.20415211
0.17531323
0.20124984
0.16579628
0.22655439
0.19471049
0.16562557
0.14732862
0.21036983
0.18951154
0.20518827
0.21182847
0.15470099
0.12121320
0.17366362
0.19681358
0.12783360
0.14650607
0.18672991
0.22788930
0.20960903
0.16207218
0.21381760
0.13131070
0.15599918
0.19842219
0.20948386
0.18961835
0.17399406
0.17478681
0.17308521
0.16129446
0.18237257
0.19984579
0.22224188
0.19088531
0.15036368
0.18222928
0.16728425
0.17802882
0.21520686
0.22285366
0.18635201
0.16979909
0.16662979
0.16420841
0.16271853
0.16302109
0.14839339
0.17925978
0.16365170
0.15364838
0.15532756
0.14624453
0.14817238
0.14090490
0.20250154
0.14933944
0.15755749
0.16239357
0.22814178
0.19839358
0.17079592
0.18362474
0.15695906
0.14907980
0.14267540
0.15621257
0.22743320
0.20248079
0.21330881
0.17253852
0.15993452
0.14379191
0.15634966
0.15602565
0.15569973
0.20097184
0.27909875
0.15906000
0.17888474
0.15370226
0.25890207
0.21334219
0.22223926
0.18854070
0.13451624
0.18307114
0.16060042
0.18070626
0.26020169
0.15697503
0.15830684
0.14414573
0.18123293
0.15811682
0.14518309
0.20596671
0.17042375
0.15537882
0.16115880
0.14941812
0.25183725
0.18697715
0.22262597
0.23607874
0.14926529
0.22929597
0.16451597
0.13867259
0.17636895
0.14996600
0.16396689
0.14432836
0.13184476
0.20054698
0.18973351
0.19458246
0.19632459
0.18694282
0.16436291
0.20326972
0.15523934
0.14370561
0.14516544
0.16697192
0.16333055
0.17349577
0.18754101
0.24574804
0.22456264
0.21748686
0.20619392
0.20697689
0.21151757
0.20650697
0.21290159
0.21850443
0.23919201
0.24041629
0.25726295
0.21512151
0.22234058
0.22125578
0.22005701
0.19359207
0.19150972
0.20598912
0.19776440
0.23302054
0.24304318
0.25611138
0.24050760
0.22157598
0.18788958
0.21512628
0.21996999
0.25039935
0.28983641
0.23320508
0.20410776
0.19705629
0.22436380
0.23289633
0.21553063
0.21473336
0.19491911
0.19993901
0.23080230
0.20155597
0.24196911
0.21245956
0.23328972
0.24227214
0.23551607
0.24548197
0.20723534
0.18822289
0.19831204
0.21109009
0.28931928
0.21440792
0.27016377
0.20880723
0.14547348
0.12810588
0.14025640
0.16034532
0.18087435
0.23850298
0.19144011
0.18729758
0.17356682
0.17047882
0.19527221
0.22461724
0.16993976
0.17222595
0.16271424
0.17275214
0.16621184
0.13749790
0.13474751
0.17158413
0.18509746
0.15655208
0.14907527
0.26883936
0.16825700
0.20908475
0.19535804
0.18446469
0.19842553
0.19295573
0.21521926
0.15339255
0.16385245
0.14141631
0.16493964
0.15338635
0.15154052
0.21025681
0.14313936
0.15944958
0.18402529
0.27815127
0.18610072
0.17796087
0.18137240
0.17857575
0.15062618
0.15035033
0.15568328
0.13911271
0.13359094
0.12481332
0.14610314
0.16259909
0.17914724
0.16593242
0.20499277
0.22909856
0.18247485
0.22484970
0.18336129
0.14134002
0.16713881
0.20903182
0.13742089
0.21608949
0.15665054
0.14839554
0.16798472
0.20695806
0.16449499
0.23516822
0.20498633
0.21887970
0.22013545
0.19894576
0.23591757
0.19100976
0.12564659
0.16617703
0.17449784
0.11984539
0.16368055
0.18868113
0.15351391
0.13303447
0.12016177
0.15815496
0.16926551
0.16897321
0.17815828
0.14962006
0.17160821
0.19652224
0.20326114
0.15806198
0.15258980
0.14487410
0.14490581
0.13991475
0.20868731
0.23454666
0.22612476
0.21493673
0.19558144
0.19748878
0.20702362
0.20039725
0.19575047
0.20628762
0.21261883
0.21611738
0.22213674
0.21345258
0.20609856
0.19533730
0.19440937
0.21920276
0.19048595
0.19207716
0.19859552
0.19259381
0.22543502
0.21091294
0.22224259
0.20016623
0.24014592
0.18681192
0.26447272
0.18552375
0.20617771
0.27909184
0.24752307
0.24590135
0.28098202
0.17989516
0.22916865
0.23660064
0.21671176
0.23416114
0.23421645
0.21592832
0.23119497
0.21794248
0.20691252
0.20431423
0.25816798
0.21111059
0.19195938
0.24819303
0.22552848
0.15461779
0.17864680
0.17891622
0.20318413
0.26781106
0.15694594
0.16772723
0.23616385
0.18885207
0.15233016
0.17288828
0.14902973
0.15033460
0.13896823
0.14293718
0.14369440
0.16539073
0.22144485
0.22928596
0.15768051
0.20255852
0.22326231
0.18739915
0.18116522
0.16785216
0.22093225
0.17267036
0.25367498
0.18909407
0.15209603
0.16445947
0.14562035
0.16322899
0.28071117
0.18380785
0.30984116
0.21587658
0.21526766
0.19947743
0.20239663
0.21242070
0.18508625
0.19273973
0.19884157
0.19471550
0.24026871
0.23946786
0.21495700
0.22085595
0.20458293
0.23385882
0.21908998
0.22481775
0.17314935
0.22626019
0.22208714
0.23701358
0.21777868
0.21177316
0.21151042
0.18263388
0.20512366
0.19590664
0.20897555
0.22451544
0.25618601
0.23390293
0.22476268
0.22322035
0.22745371
0.16646385
0.20276785
0.23741198
0.14247966
0.14525366
0.13030314
0.14738774
0.18638897
0.19497824
0.20995951
0.18001699
0.24477696
0.31117916
0.16938448
0.16263795
0.21796131
0.22911716
0.19407940
0.18290639
0.18109918
0.17620158
0.16725588
0.28544545
0.22742343
0.25400472
0.27082372
0.18517804
0.19889688
0.14277983
0.21333933
0.18160343
0.23093557
0.18846655
0.23368812
0.21571779
0.21369481
0.20780301
0.25252867
0.14135575
0.13724422
0.25353098
0.13181329
0.24139190
0.19798374
0.19311786
0.19587111
0.16600442
0.15205121
0.14917183
0.15253735
0.14403129
0.15350962
0.16860437
0.19481993
0.18817425
0.29941082
0.16421962
0.15503693
0.17921805
0.15996218
0.16108918
0.16569638
0.15746737
0.14124584
0.15047240
0.13993382
0.23838377
0.19698143
0.13724685
0.14939785
0.15376973
0.20788622
0.18109941
0.20456243
0.17545366
0.18520403
0.11867571
0.11736298
0.12137866
0.21555972
0.24212003
0.12716413
0.15630746
0.16799879
0.22776866
0.15616989
0.21053720
0.21568012
0.22956777
0.25178599
0.12426424
0.13699484
0.19000578
0.15905499
0.17554474
0.19632244
0.23018146
0.20051408
0.20057750
0.19187665
0.19460940
0.19031405
0.19272447
0.19122219
0.18739438
0.21503735
0.18765354
0.20119143
0.20704865
0.18998623
0.18966269
0.18745184
0.19544935
0.18470407
0.18598413
0.18751383
0.18556833
0.18452978
0.21904731
0.21456552
0.24353504
0.22527194
0.24256301
0.19925809
0.24237394
0.22957039
0.23468113
0.23424602
0.24814391
0.22824597
0.21901464
0.25498796
0.23852396
0.25147867
0.23988557
0.17480159
0.16575789
0.19536805
0.20024276
0.19433188
0.20448613
0.18858528
0.25426102
0.19098401
0.16245222
0.18051171
0.17018366
0.12855196
0.16120887
0.15359521
0.13121772
0.17675948
0.16047430
0.16336250
0.15166974
0.20895219
0.14166713
0.12965822
0.13819695
0.13245893
0.14706469
0.14469838
0.15365338
0.14109588
0.17744899
0.19871354
0.19684911
0.17470241
0.17985678
0.19127488
0.21994162
0.23390007
0.17210364
0.18387842
0.16062856
0.25304341
0.14688087
0.17813659
0.15962744
0.18867636
0.21415687
0.20088601
0.19893670
0.21424413
0.17121959
0.15695667
0.14917755
0.16035557
0.14829183
0.16855717
0.14256048
0.14628530
0.15036869
0.13207841
0.15419340
0.16276717
0.21228242
0.16436076
0.18831325
0.17399120
0.16423726
0.17799783
0.14646149
0.16757250
0.17186332
0.16230416
0.14678812
0.14750171
0.20987511
0.15455031
0.25750422
0.19364738
0.17632174
0.21635127
0.19136214
0.23409343
0.14978409
0.15583754
0.15148926
0.16279173
0.14492679
0.15767884
0.15267110
0.20145011
0.16034055
0.15633321
0.19291806
0.16204190
0.14927244
0.26062226
0.20709634
0.16981125
0.15273213
0.15049291
0.16259861
0.20029187
0.15238976
0.16366696
0.15228295
0.13531709
0.16379285
0.13516569
0.15234995
0.15566802
0.17586112
0.15380192
0.17136240
0.20749593
0.15436316
0.17551756
0.15575743
0.16039586
0.15269995
0.17146397
0.20303965
0.23245597
0.17478323
0.15478659
0.25063992
0.22881699
0.19206905
0.17802048
0.21450925
0.20418620
0.16303277
0.16538405
0.15349722
0.15377522
0.15444303
0.13254476
0.15826464
0.15254879
0.15562344
0.15473080
0.15072751
0.15188932
0.15336990
0.14651346
0.12929821
0.15681386
0.16753531
0.19776320
0.21640611
0.23367453
0.20236993
0.20501518
0.19885802
0.19145703
0.20479274
0.19782352
0.21455574
0.19883895
0.21428871
0.20886612
0.19626999
0.20525241
0.19681907
0.21321535
0.19514322
0.19049835
0.19672942
0.19055676
0.23407888
0.20672822
0.20883870
0.28534889
0.19350100
0.24292660
0.21847963
0.24144101
0.23318648
0.23375607
0.24188185
0.23794603
0.22709632
0.22416520
0.23828745
0.23195815
0.21170831
0.21217179
0.23652101
0.22892094
0.27063060
0.23148870
0.21657014
0.22673440
0.21357679
0.22696352
0.19887400
0.26324677
0.23446035
0.13213515
0.15540910
0.16851068
0.17487478
0.17135715
0.21644378
0.15508580
0.15930057
0.15097880
0.15816045
0.15450239
0.19429684
0.16481256
0.13596201
0.12796569
0.16885710
0.24293303
0.19992042
0.25172400
0.24706030
0.20409513
0.19928360
0.16206002
0.11964345
0.14664459
0.16504693
0.15814638
0.15882921
0.25688791
0.18985295
0.27073956
0.21204400
0.14121985
0.12853169
0.15576386
0.16734648
0.16598630
0.17277765
0.15253663
0.17170501
0.14683223
0.14211130
0.14255834
0.13503742
0.16979814
0.19330049
0.14602327
0.15970016
0.16691017
0.20467997
0.22136235
0.20267367
0.14325261
0.14838505
0.13314772
0.14378262
0.16403270
0.13219905
0.19302273
0.18219852
0.18527317
0.20949817
0.13310671
0.16118145
0.15221405
0.13976669
0.17066264
0.24827719
0.18226838
0.18544006
0.15081143
0.15619731
0.15279269
0.14706564
0.15694833
0.12765241
0.13651323
0.16491556
0.15152574
0.15292859
0.23934793
0.16017175
0.16029501
0.15574789
0.21410012
0.15522385
0.15297961
0.15055537
0.15837121
0.15966296
0.17629004
0.14119339
0.14687085
0.11935139
0.15438461
0.17653990
0.14817119
0.13227510
0.13927555
0.14458251
0.16719007
0.13321185
0.14622283
0.14414835
0.16830969
0.20424724
0.19014430
0.16021419
0.16029835
0.16015625
0.17239404
0.17973208
0.15634394
0.15101266
0.21319580
0.22677469
0.20691037
0.19801235
0.20492053
0.20193529
0.19511080
0.19455552
0.18298364
0.15532684
0.20274925
0.21652651
0.16352940
0.15736151
0.17499089
0.18237162
0.21719217
0.27583027
0.20220184
0.18768597
0.15903163
0.14977121
0.15901756
0.15342903
0.12786412
0.14049411
0.18477392
0.19379091
0.18306518
0.22657394
0.19874191
0.20475650
0.18701720
0.19315004
0.21793747
0.19677854
0.19695091
0.19608450
0.20074749
0.20072293
0.23418045
0.20029640
0.19916129
0.19538927
0.19319487
0.21247530
0.19366837
0.19219255
0.19232702
0.19051242
0.23492193
0.24569774
0.24455571
0.24971533
0.21846795
0.25311923
0.26435614
0.22894311
0.22311378
0.23566127
0.23972440
0.24381685
0.21558213
0.20717144
0.23073506
0.21488452
0.22476888
0.25240731
0.25046682
0.22931838
0.23417258
0.15252781
0.14499450
0.19314289
0.17194819
0.21974254
0.15226722
0.20356679
0.22427559
0.19923306
0.18262339
0.16612911
0.24954486
0.25417089
0.15960407
0.20304203
0.22531128
0.22896624
0.22208405
0.13482380
0.16451120
0.19739342
0.20170116
0.12293935
0.13000298
0.15885091
0.15656304
0.14620543
0.16424394
0.17221928
0.16452312
0.25270534
0.18053436
0.26030135
0.15774441
0.16045761
0.16778922
0.14474940
0.14267349
0.14788914
0.15358496
0.14211917
0.13304090
0.14590764
0.14795995
0.15586638
0.12795138
0.18963265
0.16271687
0.15129638
0.15399814
0.14378715
0.13309097
0.16334081
0.14819193
0.15833759
0.15065002
0.18246245
0.21732330
0.21149468
0.12735891
0.28559184
0.19720674
0.18427181
0.20105171
0.23023796
0.20263100
0.19909239
0.19948244
0.18674278
0.19526792
0.19746709
0.14972901
0.15908051
0.10837388
0.13750339
0.12836266
0.14655399
0.17053246
0.14779878
0.24019694
0.13749623
0.18482232
0.16268158
0.14808726
0.15026855
0.13977599
0.14716077
0.12414384
0.14599586
0.15177107
0.15699649
0.19574475
0.20587087
0.15095854
0.13496971
0.12879658
0.14756107
0.14997625
0.13973427
0.15347743
0.19076347
0.14252710
0.15908670
0.14478874
0.18101120
0.13754892
0.14268947
0.14635062
0.13190579
0.14793921
0.13775778
0.16587019
0.14980698
0.13741827
0.14399433
0.15877223
0.15157700
0.18129015
0.22705483
0.21067333
0.23333979
0.19655395
0.19521546
0.20433164
0.19868636
0.20690703
0.20198750
0.20658326
0.21605802
0.21740413
0.22039151
0.19407320
0.19910359
0.20493960
0.19362020
0.19390607
0.18564844
0.18933082
0.18824434
0.23093510
0.22243762
0.21477675
0.20249534
0.20928574
0.23591733
0.21068978
0.21761274
0.19200993
0.17851162
0.17171431
0.19548130
0.19779396
0.20610142
0.18477964
0.23449183
0.19490957
0.23035669
0.24113894
0.20619535
0.24846649
0.24474025
0.20787549
0.23519683
0.24138856
0.20809555
0.15208459
0.18504477
0.23495245
0.24349570
0.21041203
0.22492385
0.20732403
0.22432041
0.20751715
0.18428326
0.21289945
0.17581820
0.23740005
0.19160295
0.18765616
0.19087458
0.25332284
0.28135872
0.19135094
0.16419220
0.21708918
0.21789718
0.19530344
0.19434237
0.20589757
0.19638371
0.30668473
0.26198506
0.20466089
0.19111681
0.20191836
0.19707704
0.19356132
0.21528292
0.23699665
0.21479964
0.20841432
0.19832730
0.19375181
0.20585966
0.19390154
0.18681026
0.18943024
0.19929218
0.18632030
0.21133065
0.21763802
0.23696947
0.25737476
0.22873545
0.22328281
0.22483087
0.18806195
0.18305707
0.21444845
0.18168712
0.19033241
0.18487549
0.17037439
0.17241502
0.17544150
0.19554067
0.20733142
0.22224879
0.20664167
0.19250178
0.19794989
0.23637033
0.19188571
0.19722080
0.18847370
0.19034052
0.20240140
0.20441508
0.16807246
0.16070104
0.16766787
0.13212562
0.20101738
0.14801836
0.19145489
0.12510610
0.14952040
0.15724111
0.16461158
0.17977047
0.15201378
0.17928696
0.20873761
0.15472531
0.21674323
0.15936613
0.17241359
0.16774988
0.12465119
0.19994450
0.20577550
0.16269779
0.15734792
0.15028667
0.21762180
0.21301985
0.14701486
0.16042852
0.14518499
0.19230127
0.15430999
0.17437291
0.14791608
0.15623689
0.16163278
0.13943624
0.14324856
0.15977216
0.20118260
0.24318981
0.20777488
0.14685869
0.16404605
0.17238879
0.14378381
0.19733930
0.16838360
0.18986082
0.18004274
0.18418097
0.18857765
0.22453666
0.22708917
0.19297862
0.17327809
0.19873023
0.15546894
0.24103522
0.22784328
0.20553899
0.20180178
0.24846125
0.22864461
0.21116185
0.23302960
0.18211389
0.15122056
0.19061255
0.23549151
0.21485353
0.23117900
0.24533463
0.20222688
0.23591447
0.24414468
0.20261526
0.15449834
0.15475893
0.13571215
0.13585877
0.13110685
0.13885522
0.17667460
0.16857791
0.18088841
0.13679099
0.12484145
0.15100598
0.15644383
0.14963317
0.15461230
0.17079639
0.25031090
0.18688202
0.15624952
0.15088344
0.17092443
0.13452125
0.15153718
0.18840337
0.13712478
0.13424158
0.14654899
0.15258980
0.25257850
0.21550632
0.18311739
0.14205575
0.17956161
0.18287373
0.14042068
0.15853477
0.14232063
0.15025496
0.18924189
0.19818234
0.16737199
0.17601514
0.24555922
0.27434564
0.25921082
0.24438787
0.23146772
0.25861120
0.19848704
0.19870400
0.20186901
0.19988775
0.19586253
0.21314216
0.18562818
0.19079900
0.20180321
0.19196296
0.23207617
0.19616628
0.24271965
0.23045325
0.23823953
0.23826241
0.22732520
0.21533132
0.20728350
