0.03448057
0.18466759
0.18836117
0.18847179
0.21020222
0.18112493
0.19613647
0.18075490
0.18355155
0.18381500
0.17616677
0.20116782
0.20424151
0.18302703
0.17491078
0.17464805
0.17847037
0.24888372
0.18800664
0.17624259
0.26868296
0.23016381
0.20686245
0.24179888
0.19271231
0.17847848
0.18342233
0.17456150
0.18656635
0.19162416
0.18774390
0.17205858
0.19827986
0.11965251
0.18358803
0.22625732
0.23734999
0.19225812
0.21111989
0.22823048
0.16125584
0.14040041
0.17577100
0.16845965
0.15824437
0.22107172
0.17514920
0.14155984
0.21472096
0.21812630
0.21635318
0.22609138
0.21584821
0.20102429
0.14043140
0.19855595
0.14232445
0.11159348
0.14109373
0.18033051
0.16361117
0.17954588
0.15519214
0.16035461
0.17282844
0.20649743
0.21539760
0.22399521
0.17484999
0.20618057
0.21110320
0.18593764
0.17734218
0.13930225
0.14361000
0.17210221
0.15028262
0.16232800
0.17492270
0.16235352
0.14776659
0.12980270
0.16326237
0.15801096
0.16464281
0.13990045
0.20075798
0.15056777
0.14006758
0.19553208
0.15743232
0.15456748
0.16606903
0.14911366
0.16874385
0.21775460
0.21598530
0.15902209
0.14182496
0.19912624
0.23976064
0.22421598
0.20910501
0.24315643
0.19354177
0.21008563
0.21204948
0.21267819
0.25728464
0.21233201
0.22328782
0.22261095
0.22282052
