0.05941463
0.23752642
0.20809245
0.21381164
0.20947146
0.20622635
0.19382215
0.20137811
0.19797969
0.23149157
0.25481868
0.19450235
0.21623087
0.21655464
0.18964481
0.22486234
0.23279524
0.23508573
0.23878622
0.25453830
0.23435473
0.18429708
0.25366950
0.26757121
0.25491142
0.24279380
0.21082234
0.22974515
0.20142150
0.21830392
0.14885902
0.14356518
0.16114783
0.18786812
0.14415765
0.18042970
0.21519589
0.22802734
0.12374878
0.16266918
0.13524175
0.14688206
0.16351438
0.17541528
0.20476937
0.15465164
0.14182830
0.20616627
0.18278408
0.22902322
0.18910360
0.13921809
0.13828468
0.18125176
0.19690061
0.19967937
0.12867165
0.15011787
0.19383335
0.21212077
0.22325540
0.20726609
0.22772574
0.19314122
0.17046881
0.15694785
0.15290380
0.17823982
0.16320705
0.14144421
0.17267632
0.16860723
0.14718199
0.20068598
0.17111349
0.14935374
0.16632009
0.15474701
0.19259214
0.16357660
0.15837765
0.18085074
0.15706515
0.13810253
0.17895794
0.15865612
0.13860345
0.14462376
0.22948122
0.23030114
0.16637659
0.16897154
0.14466763
0.14981699
0.15151381
0.16365147
0.15501022
0.16219139
0.15746880
0.14362955
0.15552235
0.16906905
0.26492572
0.13398504
0.20558023
0.24000597
0.18991923
0.16316509
0.12913227
0.17514110
0.16023827
0.22129393
0.23003531
0.21005940
0.16634321
0.24061728
0.18557620
0.19445610
0.25324154
0.22468662
0.20342422
0.20925450
0.21203971
0.21338725
0.20409632
0.21378136
0.20218921
0.21928263
0.22114944
0.22215986
0.22682667
0.20249557
0.20536327
0.22373867
0.20078659
0.19072056
0.20326734
0.19744730
0.21971726
0.21843410
0.19359493
0.22434163
0.28308535
0.27794051
0.12420654
0.20856404
0.20451999
0.16933990
0.22108603
0.24374557
0.23174858
0.22536206
0.23353934
0.22900891
0.24369407
0.21828747
0.22700906
0.23910642
0.24900770
0.24363327
0.22029018
0.19860625
0.19218826
0.24311423
0.27154422
0.28490281
0.23715758
0.24313331
0.13678956
0.19732451
0.23230934
0.20792532
0.18929458
0.24940920
0.15385294
0.16098452
0.16057873
0.23333073
0.19416118
0.14238620
0.20250010
0.21081066
0.25160217
0.19206429
0.23726392
0.17960453
0.22342205
0.21303463
0.19021034
0.23340464
0.18702221
0.16082573
0.20270348
0.23125148
0.18655038
0.15115738
0.20019460
0.17401814
0.14920855
0.26198077
0.21932077
0.26608300
0.24518728
0.20029664
0.18839407
0.21273160
0.16825008
0.17645741
0.14428163
0.16124940
0.16427135
0.14353156
0.14041924
0.16509461
0.19918656
0.19570303
0.17384696
0.20535779
0.15203714
0.14798403
0.16320729
0.16308045
0.24293447
0.22404003
0.20324326
0.21165466
0.17836308
0.14591193
0.15170789
0.24237514
0.19836807
0.17215347
0.12442160
0.11995459
0.18089700
0.19939828
0.23585653
0.24524450
0.23359847
0.17960644
0.20600820
0.21732211
0.18922138
0.13973475
0.13684320
0.13832808
0.14377618
0.15841389
0.17694163
0.14664650
0.24673104
0.25252223
0.22029257
0.20159173
0.20991850
0.20774031
0.20393610
0.20425534
0.22189689
0.21813965
0.20769024
0.20580077
0.19737601
0.19746733
0.20123887
0.21337581
0.19143486
0.20137835
0.19720268
0.21399617
0.22981834
0.22582912
0.24168086
0.21478629
0.22489238
0.27081037
0.20980477
0.21901917
0.21714282
0.19217181
0.20606661
0.19607472
0.28036714
0.20191860
0.25775766
0.21978068
0.24657297
0.25959516
0.19034362
0.17861748
0.23502326
0.22879696
0.23700881
0.23867273
0.25969291
0.14482546
0.17879963
0.24308395
0.21109486
0.21654725
0.20189261
0.20210314
0.14312506
0.15631557
0.16625857
0.16121888
0.14481640
0.19909406
0.15763283
0.19447660
0.18339777
0.16355348
0.16763735
0.19721746
0.16626310
0.17103863
0.15717959
0.13656998
0.12791157
0.14839816
0.26947355
0.19872093
0.18403935
0.12776780
0.23143411
0.22824860
0.22923088
0.23718691
0.23559356
0.15013623
0.12324357
0.19457698
0.21012902
0.15362740
0.14674926
0.18302679
0.15629339
0.19303989
0.18777418
0.18567014
0.18764615
0.19440317
0.18635678
0.18868804
0.18847919
0.13230634
0.15086317
0.15583897
0.16244078
0.16757035
0.17256165
0.24269295
0.16471291
0.15158701
0.16256166
0.15778136
0.18882155
0.19362950
0.16437912
0.22693372
0.17624903
0.24028087
0.11742377
0.10297775
0.15694547
0.13863420
0.16338730
0.15138483
0.14723825
0.15255260
0.16002274
0.18155003
0.18409562
0.20143390
0.18048358
0.20614886
0.15053535
0.13439941
0.15049219
0.13860035
0.13910794
0.14901900
0.14473414
0.13923764
0.17912817
0.19922662
0.21728134
0.16963983
0.26027155
0.18031740
0.23559284
0.18706226
0.21286869
0.20457649
0.20311451
0.18595266
0.18223715
0.15556693
0.14979482
0.15656281
0.18322086
0.19612432
0.15539885
0.15922332
0.16351366
0.13275719
0.15777516
0.22011924
0.19859242
0.16347599
0.14882874
0.13872480
0.16496658
0.15259290
0.16796517
0.16756368
0.19579768
0.19599175
0.13970184
0.15344214
0.14637065
0.14352345
0.13945842
0.20998883
0.15226531
0.19527483
0.19213200
0.16597867
0.15194678
0.15375113
0.14288044
0.16008735
0.17116642
0.16673398
0.15517378
0.15099549
0.17101932
0.14845800
0.15231943
0.15641451
0.17948008
0.15068412
0.15998721
0.23590517
0.14966679
0.14720654
0.21720576
0.21244359
0.17143321
0.15372252
0.17192030
0.16417384
0.14756680
0.15351486
0.16488457
0.18997216
0.22549558
0.19875479
0.20522714
0.19715571
0.21291685
0.20901513
0.20508194
0.20862436
0.22101045
0.21224952
0.21094418
0.21692634
0.21910191
0.21237159
0.21949005
0.19633460
0.19128275
0.19855452
0.19865274
0.19335318
0.24633718
0.22426105
0.21912432
0.23227239
0.21306849
0.23124647
0.22193384
0.24815011
0.17072892
0.22759008
0.22840452
0.19163680
0.21340275
0.16320705
0.16040063
0.19099903
0.23442769
0.20423055
0.27156329
0.24884605
0.20928931
0.19087410
0.20827675
0.18261790
0.17723751
0.12011290
0.12946081
0.19848251
0.14983916
0.16575336
0.15394092
0.14207101
0.22236848
0.14112258
0.16347265
0.13998961
0.13523936
0.15141606
0.15162373
0.16337276
0.15736437
0.14524460
0.16239643
0.19064522
0.17455649
0.12947655
0.15862250
0.15655303
0.16387582
0.13694572
0.14640450
0.17271543
0.14829946
0.14775538
0.24820948
0.14587355
0.16943407
0.19362402
0.19029212
0.21494222
0.17723036
0.17591715
0.17903042
0.18939829
0.19473481
0.19162297
0.18543482
0.19532681
0.19710088
0.20661259
0.23035908
0.23779202
0.21816349
0.23278236
0.14302421
0.16419697
0.16747570
0.16087699
0.25392628
0.20154047
0.16106653
0.15022850
0.16099882
0.14199686
0.14473701
0.13879704
0.14835835
0.19241786
0.22801542
0.23360491
0.19556999
0.15506840
0.13475776
0.15741324
0.15143847
0.16479683
0.16416597
0.16270709
0.14359641
0.15723848
0.12781405
0.13178086
0.15839195
0.17596793
0.24452186
0.24616051
0.22376537
0.15106320
0.17376876
0.16010690
0.15717173
0.15026259
0.16176391
0.17268229
0.17142463
0.14527321
0.16969466
0.14023423
0.16872740
0.14048171
0.12836790
0.13732767
0.13910198
0.16542649
0.14226103
0.16096663
0.21503997
0.15464354
0.12571216
0.15055537
0.21613550
0.14966941
0.15085816
0.14045310
0.14988160
0.16689777
0.16001725
0.15565443
0.15640569
0.14663649
0.16122770
0.16481137
0.16367340
0.14993095
0.26242876
0.23837376
0.25341821
0.24841046
0.23495436
0.20297623
0.21108246
0.19444132
0.20678306
0.20620561
0.20712996
0.20588303
0.20250368
0.21501875
0.21801710
0.21365023
0.22587037
0.20540524
0.19643879
0.22170544
0.22879982
0.20349026
0.18977666
0.19573379
0.19975305
0.20599318
0.21513247
0.22801399
0.23076558
0.20925784
0.20841551
0.16063070
0.19001508
0.20414233
0.19595551
0.18826962
0.20918083
0.20481467
0.17735171
0.21528339
0.20420766
0.22876287
0.20841384
0.19610953
0.23246694
0.12668967
0.16680098
0.23395085
0.24311900
0.19919062
0.18161988
0.19048333
0.19400644
0.21037722
0.20327950
0.26138759
0.26140165
0.25217748
0.21349287
0.21970296
0.14741635
0.15884590
0.20183110
0.13634324
0.13790345
0.13310051
0.14245868
0.24987149
0.13186789
0.13205719
0.15164900
0.15567875
0.17152119
0.20349002
0.26038289
0.25763726
0.21388268
0.20264387
0.20075083
0.18424702
0.20212865
0.22011805
0.26417637
0.23420978
0.17034817
0.14635086
0.27514911
0.14472508
0.12772965
0.14451241
0.14035845
0.19065690
0.15815234
0.20917511
0.16527748
0.18516541
0.21414161
0.26472187
0.20236254
0.16958213
0.19925642
0.17610598
0.17041516
0.14212298
0.14861870
0.15827465
0.19577432
0.19504213
0.20746684
0.23566556
0.28203344
0.21549177
0.15488219
0.17305374
0.29065180
0.18977046
0.19249368
0.20684791
0.19409060
0.18653703
0.19166088
0.18677735
0.21140194
0.22124171
0.28252411
0.21137357
0.19081855
0.19088387
0.19352674
0.20094299
0.18846655
0.18290949
0.18744898
0.18494081
0.18519402
0.22869420
0.17412853
0.19057941
0.20922351
0.21157813
0.17490435
0.22370481
0.23522425
0.23092079
0.24050617
0.20437026
0.21222186
0.22687483
0.22045898
0.26750708
0.19963217
0.22336721
0.22547388
0.23922038
0.22502160
0.23849034
0.24592876
0.17634606
0.20004964
0.14732218
0.14889383
0.16300058
0.15377736
0.15164375
0.14448953
0.14167595
0.16466904
0.22279787
0.15265822
0.21065283
0.15809202
0.22549939
0.18446398
0.16128778
0.19028640
0.17718554
0.17690992
0.18586445
0.21110630
0.15435362
0.14676142
0.13153911
0.16275001
0.16966605
0.16944122
0.14841080
0.29124403
0.20027757
0.13679433
0.12423849
0.17511249
0.18124294
0.13057280
0.12396264
0.14339685
0.15819979
0.13647366
0.14494658
0.13673234
0.15774298
0.15970302
0.15000653
0.14705300
0.13550425
0.15756845
0.16580820
0.16143656
0.15875816
0.14585185
0.15552354
0.16708636
0.16578913
0.15044260
0.14388680
0.14060855
0.15896630
0.14154911
0.10710263
0.11193419
0.13143516
0.15166306
0.16111064
0.18380427
0.18782330
0.18817258
0.22791457
0.20856881
0.21187234
0.14614177
0.16103959
0.16547847
0.16596580
0.14005232
0.16543889
0.14408755
0.15184116
0.16796279
0.14190292
0.15130949
0.14066863
0.15059209
0.18296480
0.14662099
0.14563656
0.17173457
0.17441130
0.15138030
0.15122604
0.20440125
0.23146105
0.21119380
0.19832873
0.20020366
0.20516515
0.19686460
0.19534421
0.19769144
0.19443130
0.20481181
0.20187259
0.20057845
0.19859195
0.20157886
0.20377183
0.20077753
0.21972394
0.19253302
0.19327092
0.19887757
0.20340872
0.19129753
0.21224380
0.22254467
0.18343735
0.14929485
0.23319983
0.19736648
0.22336435
0.12322950
0.14030147
0.16102338
0.22297311
0.13408136
0.15837502
0.29038262
0.25677085
0.21593451
0.23034358
0.21102285
0.22177148
0.21536899
0.21005726
0.21716356
0.20895171
0.20714569
0.20885563
0.17682672
0.17110825
0.18052173
0.20077133
0.18905973
0.22824264
0.22963762
0.26745725
0.18094540
0.17207432
0.14834046
0.17961287
0.15554762
0.14246106
0.16731858
0.18157697
0.16479397
0.14597082
0.12420344
0.16585064
0.16450453
0.18042874
0.19316459
0.20409441
0.22844911
0.21118712
0.18425632
0.18954802
0.18430948
0.22073483
0.22798848
0.19666576
0.20387268
0.20503545
0.19811797
0.19598532
0.19900584
0.19382977
0.20746374
0.22011995
0.21787286
0.21429634
0.24772072
0.26022792
0.21152115
0.19002819
0.18963885
0.19505119
0.19225621
0.19697285
0.21582460
0.20471811
0.25469232
0.25583601
0.22103143
0.22554350
0.22005963
0.26982951
0.20591187
0.19789481
0.19850421
0.18988848
0.24369979
0.22565532
0.20064235
0.25736237
0.24479985
0.22891045
0.22407722
0.24744439
0.22966290
0.22080994
0.22232437
0.20287633
0.22834301
0.18606162
0.18415022
0.18136096
0.24759531
0.24027276
0.24528241
0.26689529
0.21545196
0.18394494
0.17068458
0.24497914
0.16058612
0.12817168
0.14832854
0.16152406
0.11892915
0.11264610
0.13096404
0.12645578
0.13788104
0.16079473
0.20022130
0.22953105
0.16129327
0.22302866
0.22174549
0.22001863
0.19445324
0.26838112
0.22987938
0.16213536
0.13905978
0.12662840
0.23298812
0.18796134
0.18934464
0.13537717
0.17433333
0.11899662
0.16589999
0.16910124
0.15368462
0.17952466
0.15800047
0.17260075
0.15758371
0.14432168
0.22629094
0.15863299
0.16236329
0.15738797
0.15512848
0.16059947
0.15117955
0.19570732
0.18255734
0.15999985
0.20628500
0.16370845
0.18672538
0.16232276
0.21782112
0.19097972
0.19123340
0.20698714
0.17555952
0.16669273
0.16768408
0.16058683
0.15738940
0.15809751
0.15084887
0.15250325
0.16642570
0.16237521
0.16378188
0.14255857
0.22347093
0.17815566
0.21971488
0.21653843
0.17093635
0.15099740
0.21379447
0.14821386
0.14786816
0.14159489
0.15134192
0.19208741
0.19648123
0.16262245
0.19269490
0.18003869
0.18432879
0.20465255
0.17586637
0.19802189
0.16869259
0.16309333
0.17415476
0.14788175
0.14032173
0.15224957
0.16347337
0.17291117
0.15029669
0.13095999
0.14049840
0.19026709
0.17394400
0.15207052
0.16235423
0.15325665
0.17730856
0.25299096
0.18005562
0.19513726
0.23450255
0.19320536
0.22675681
0.22391272
0.15932178
0.14413786
0.14709687
0.16933203
0.14098477
0.13039160
0.14365959
0.16516733
0.19581985
0.19189811
0.19856119
0.19558001
0.20450425
0.24756598
0.20533633
0.22696447
0.17943668
0.18800449
0.20880961
0.19867349
0.20945930
0.20158625
0.20154071
0.19979882
0.20885944
0.20575881
0.21691585
0.19944835
0.20054793
0.20005083
0.19332814
0.20342708
0.19652152
