0.04223895
0.19193268
0.19083261
0.21065116
0.19991541
0.20182395
0.25678349
0.22786689
0.23430872
0.19123912
0.24276900
0.20764446
0.23568296
0.24496961
0.20502853
0.21591210
0.21626401
0.19793320
0.18575478
0.21541405
0.23280001
0.23171020
0.19728732
0.17372298
0.22995782
0.15734220
0.22931576
0.21483183
0.17470193
0.19917822
0.13151431
0.13655996
0.18981838
0.21080732
0.21950483
0.26969218
0.19763184
0.17313743
0.14335966
0.19357920
0.15695238
0.16299462
0.15417027
0.16715646
0.13365293
0.21465349
0.20297432
0.20654130
0.21727061
0.19027138
0.27962565
0.24395776
0.20964551
0.21936345
0.22051573
0.19862318
0.21115327
0.19627261
0.16121554
0.13017106
0.15146422
0.15078282
0.17684722
0.18793440
0.13471627
0.17656040
0.18459320
0.15336585
0.14634705
0.18994045
0.18066263
0.15767837
0.24536324
0.24798584
0.14361858
0.16218376
0.14984655
0.16027951
0.18104315
0.27229452
0.22425294
0.18781757
0.23820758
0.21458697
0.27404118
0.17284894
0.22618580
0.20374656
0.20169878
0.18424988
0.16763473
0.20408893
0.21350718
0.23609471
0.24872160
0.17199492
0.16967750
0.13674831
0.14508677
0.14720392
0.18361306
0.30324125
0.14384031
0.15585017
0.16087532
0.16402626
0.15998435
0.14468598
0.15882802
0.15695810
0.16157651
0.15781999
0.15990758
0.13869619
0.18888807
0.15165591
0.17501450
0.15000176
0.18304944
0.16406083
0.15053582
0.13899326
0.16293502
0.15791082
0.15042782
0.16093135
0.17837524
0.17474985
0.21668553
0.18032432
0.20727897
0.19383597
0.16251993
0.21559763
0.19465446
0.15953493
0.14766955
0.16775036
0.15235138
0.15599847
0.19689131
0.16382408
0.17462182
0.17496443
0.15968204
0.14114237
0.14447045
0.12730098
0.14364576
0.13767672
0.14161229
0.14515710
0.21213937
0.22646499
0.25781131
0.23241735
0.20052648
0.19819164
0.19649959
0.19661808
0.20538783
0.20926785
0.19735336
0.19607639
0.19380736
0.19644547
0.19857264
0.18225121
0.18463349
0.19374251
0.18926978
0.21320796
0.25537896
0.19876480
0.19772363
0.22997189
0.21596050
0.21637797
0.19626307
0.20646024
0.19476867
0.19815087
0.19847345
0.20887041
0.22363544
0.15402484
0.18204641
0.20255017
0.21538997
0.22944999
0.23132586
0.23395371
0.17826533
0.22865987
0.16186333
0.24340320
0.23121405
0.19853711
0.22617221
0.23544240
0.17436147
0.19853020
0.19836378
0.16912246
0.13331676
0.17134953
0.14866686
0.16998696
0.14126325
0.12862563
0.15808320
0.15517473
0.13692713
0.14261699
0.19959641
0.15152073
0.19064546
0.23724699
0.22496080
0.19581223
0.21581078
0.17119026
0.16928053
0.17563128
0.21778584
0.17553377
0.14884090
0.15776730
0.11425757
0.17429352
0.14369726
0.16616440
0.15159702
0.15931273
0.15436840
0.13463259
0.17088747
0.16141152
0.14182997
0.23405671
0.14389300
0.14935160
0.15519214
0.16684198
0.22691798
0.20319390
0.17395210
0.19907880
0.16008186
0.17424154
0.21993065
0.23742795
0.19026923
0.20080876
0.16059589
0.15966296
0.15142703
0.29798079
0.21315098
0.17968369
0.14444113
0.18189692
0.16040206
0.15811396
0.18160868
0.19578147
0.19196796
0.23667026
0.18780637
0.19855309
0.18713164
0.18615699
0.20195436
0.26364279
0.19014263
0.23204875
0.20815682
0.28638911
0.20766973
0.22087502
0.14536738
0.17384577
0.15520978
0.14791107
0.14544773
0.14490557
0.15898657
0.21754408
0.15047789
0.13382483
0.15529227
0.16433191
0.21374154
0.25771523
0.15463877
0.15974116
0.13893104
0.23125458
0.17120337
0.18725348
0.15910244
0.16932583
0.15787387
0.14752460
0.12639332
0.13788319
0.15382433
0.16703510
0.18252540
0.21749306
0.20628738
0.16106701
0.14441919
0.16456294
0.15100026
0.15316582
0.16244578
0.16234493
0.15000033
0.15889192
0.14716220
0.16737008
0.14014459
0.15877056
0.14365458
0.14180183
0.13074350
0.16266870
0.13411307
0.14617085
0.15314317
0.15339637
0.18772960
0.20035458
0.12119627
0.15007472
0.14048481
0.20810246
0.17690730
0.15890193
0.17670560
0.17039418
0.14649320
0.15772200
0.24144316
0.19255877
0.18896031
0.17890596
0.18286633
0.12275624
0.16535521
0.16840243
0.14617634
0.15500116
0.21918344
0.17826390
0.15964746
0.15964675
0.16879892
0.15605783
0.15674257
0.15189147
0.14188814
0.17640829
0.20454359
0.19754553
0.19242954
0.20844007
0.22029662
0.21760273
0.19572878
0.20326447
0.20799375
0.19056010
0.20347595
0.19140482
0.20199823
0.20701122
0.19864488
0.20043135
0.18893647
0.20370388
0.20741177
0.18643022
0.18441367
0.19099593
0.19260383
0.20674300
0.20414901
0.21740270
0.22048235
0.22313714
0.23740196
0.22341037
0.22590685
0.19904804
0.22527623
0.22016025
0.22852993
0.25149918
0.19062686
0.18850899
0.17575192
0.19696832
0.21208644
0.21569490
0.22663236
0.21076632
0.17526340
0.22848177
0.22977877
0.24098539
0.24062514
0.21731019
0.22233987
0.15093517
0.14078498
0.13943720
0.22183204
0.22131324
0.18585515
0.23865962
0.16321325
0.13812685
0.15312576
0.18758583
0.25542235
0.18653178
0.19639802
0.18643188
0.23681998
0.20855260
0.13305926
0.15107489
0.14420390
0.20479894
0.19934392
0.14579940
0.19059205
0.15338111
0.16033959
0.16806960
0.16360331
0.16978526
0.26818609
0.15725017
0.19433498
0.15952802
0.14991546
0.18341780
0.14408422
0.16556358
0.16327620
0.24538779
0.18662691
0.18346477
0.16012335
0.16489577
0.14426136
0.14109969
0.17187166
0.21983218
0.19610095
0.15972590
0.15893030
0.14380574
0.15705490
0.15693259
0.15308666
0.17077971
0.14199686
0.19652057
0.13674235
0.15507889
0.19113755
0.15857530
0.16222668
0.16238737
0.16470861
0.18215251
0.18076611
0.12259650
0.13270664
0.14798951
0.15522218
0.16089511
0.15665960
0.14595819
0.14076114
0.14917326
0.21975565
0.14175439
0.16513085
0.16288638
0.14619017
0.14486861
0.15940738
0.14955735
0.20992756
0.19790983
0.17588019
0.15826154
0.11902642
0.11948037
0.19050884
0.19351387
0.15989089
0.26506329
0.21039200
0.16944933
0.21507859
0.14140940
0.20386147
0.16585684
0.13732314
0.17639565
0.18039179
0.15031886
0.16880536
0.13329029
0.20258594
0.15509677
0.14050794
0.17725515
0.16763735
0.14734030
0.15494585
0.18214679
0.14291668
0.19386220
0.14958477
0.14081478
0.18623543
0.12604737
0.12893915
0.12978196
0.15060544
0.19714332
0.18257785
0.20054770
0.15627432
0.15624738
0.18050051
0.17718315
0.18295741
0.19100332
0.15061927
0.24287224
0.23657608
0.19639874
0.18124270
0.19600725
0.19987988
0.20020771
0.20092440
0.21457076
0.20837426
0.20885849
0.20794988
0.21417975
0.22101426
0.20030975
0.20460033
0.20714593
0.20528293
0.18840981
0.18914294
0.19256806
0.18970728
0.22292948
0.20787120
0.20439863
0.18798494
0.19235659
0.21958590
0.16924834
0.22634888
0.20777655
0.12943673
0.19000483
0.19233346
0.20657253
0.22637486
0.19578266
0.20972490
0.19816017
0.17364597
0.19270205
0.20970392
0.20762801
0.22590423
0.16215062
0.25448346
0.23826838
0.23927331
0.22615957
0.23704290
0.16071033
0.16353202
0.20369792
0.18154764
0.14123559
0.14587569
0.18125343
0.17368793
0.19172239
0.18349195
0.18231440
0.16646481
0.22147274
0.23117948
0.18372536
0.17962408
0.20532084
0.16052580
0.22739601
0.16058826
0.16363335
0.14220738
0.15705752
0.15006137
0.15303469
0.16056466
0.14018369
0.15375423
0.16242862
0.15705490
0.15313077
0.16787767
0.24391246
0.22960877
0.18921041
0.19240475
0.20098734
0.14567184
0.17940307
0.22797537
0.19138741
0.16716123
0.20483303
0.18957806
0.19599867
0.17537761
0.14021778
0.15649796
0.14636254
0.14000154
0.14383698
0.17977309
0.16004920
0.12639904
0.13623023
0.14071918
0.14213848
0.16700768
0.15150023
0.15585756
0.15594053
0.12648630
0.13884187
0.15561676
0.26481390
0.21139097
0.18536425
0.13896537
0.20203328
0.23047686
0.22445583
0.18622351
0.19815850
0.19215703
0.18662095
0.19256186
0.18680048
0.19167209
0.19530916
0.19180226
0.19688463
0.19255161
0.19049692
0.19150138
0.19230247
0.20859456
0.18688369
0.18354464
0.19036269
0.18758559
0.19022059
0.22955871
0.16117573
0.19675231
0.21004367
0.18303823
0.20872426
0.19330692
0.20595336
0.19933176
0.19512010
0.19835258
0.18163371
0.22728109
0.18708706
0.18565369
0.21265173
0.19800019
0.21798253
0.21743774
0.19677424
0.20500326
0.22017288
0.24210858
0.19441080
0.22637773
0.23956990
0.22031093
0.22602034
0.20577407
0.21408129
0.20088363
0.17623687
0.18767071
0.18640184
0.18568063
0.18648648
0.17061186
0.20009279
0.18565154
0.14387941
0.17930150
0.16618466
0.15593076
0.13985419
0.15589046
0.13478327
0.14118695
0.22677326
0.18582368
0.15104985
0.14849758
0.14787626
0.12738514
0.20716286
0.10883236
0.13938904
0.16368318
0.15924239
0.19581866
0.24847054
0.13637090
0.14158058
0.17246222
0.14539456
0.19405198
0.20541143
0.12916565
0.25285649
0.15291595
0.15276146
0.15247273
0.14975905
0.15073872
0.13929415
0.15493798
0.16071510
0.14986324
0.13583136
0.19161701
0.21353889
0.16061425
0.14308929
0.16588426
0.13118482
0.13449311
0.14009285
0.16354704
0.15400958
0.21655965
0.18855023
0.14784431
0.15021729
0.18932652
0.21540785
0.14879704
0.14703751
0.14237309
0.14223552
0.15836954
0.15497875
0.13481975
0.16728997
0.16649079
0.13891745
0.20695305
0.17657351
0.17058420
0.14284372
0.14482951
0.15263319
0.16580725
0.15114164
0.21504164
0.17210078
0.13366652
0.15639877
0.14643216
0.15627742
0.15345263
0.15991020
0.15731502
0.18947649
0.15777326
0.13616920
0.15955210
0.13018107
0.13749647
0.16724038
0.15950108
0.14861774
0.14071655
0.14437675
0.15646648
0.16963887
0.15611768
0.15327692
0.17144203
0.18610644
0.13632059
0.19090223
0.20590448
0.31183267
0.26343441
0.16946077
0.29135251
0.18321633
0.17902422
0.16070557
0.19289589
0.23070073
0.16147065
0.21789408
0.13540030
0.14715123
0.14760923
0.15905571
0.14581203
0.14622283
0.15980363
0.16007423
0.13628626
0.13751268
0.15538406
0.14584970
0.12888598
0.12562251
0.12589025
0.14432025
0.14562821
0.15319848
0.15385652
0.15094638
0.14328647
0.15386438
0.13600826
0.15809941
0.22395468
0.18706894
0.22151852
0.18000007
0.21594453
0.18603301
0.13314176
0.16165400
0.21502662
0.18933940
0.15364408
0.13097334
0.15148211
0.18313432
0.18162704
0.23753881
0.19028378
0.18878436
0.19301414
0.24252748
0.20958924
0.20314193
0.19321418
0.17509222
0.18809295
0.20415378
0.20146561
0.16810083
