0.02630949
0.16016221
0.16417360
0.15349507
0.15302134
0.25101018
0.15899730
0.23180604
0.21326995
0.22671795
0.22454596
0.19888163
0.21359777
0.19722962
0.20243526
0.19885373
0.20344234
0.20317745
0.20647168
0.20678568
0.20967245
0.19717503
0.19995117
0.23385620
0.18612456
0.18691039
0.19286537
0.19317865
0.22123194
0.21484399
0.24630427
0.24095154
0.23633313
0.26855779
0.20802832
0.23553896
0.21577907
0.25729656
0.21477795
0.18559384
0.24168181
0.17292833
0.16795301
0.15288091
0.23748612
0.19789219
0.20846128
0.19463253
0.18517995
0.23322511
0.23973346
0.25261354
0.20717621
0.21532536
0.14233088
0.17345357
0.19638157
0.17340732
0.22609973
0.12990236
0.14823890
0.18340921
0.20662093
0.19716740
0.18331265
0.19540000
0.19117999
0.22771287
0.18256402
0.16490340
0.14897060
0.17409468
0.16846061
0.15540671
0.21276379
0.15672040
0.16162443
0.18970799
0.24270606
0.19381261
0.17721939
0.24424219
0.18464708
0.15699506
0.15919042
0.16849422
0.22939372
0.17774177
0.17308474
0.14127445
0.15524936
0.15268588
0.16030192
0.15420461
0.20310044
0.15679526
0.15420938
0.13071060
0.13252068
0.16661596
0.16795158
0.14465952
0.16665387
0.25333929
0.21161056
0.19065547
0.24779630
0.18015933
0.19856358
0.18561721
0.19745016
0.13442183
0.16833448
0.18659115
0.23383236
0.25549698
0.22819757
0.23401618
0.19140029
0.19754553
0.22242236
0.22696805
0.19632626
0.24061131
0.17839360
0.13735557
0.24357247
0.14643192
0.25731397
0.18258452
0.26077890
0.23479295
0.26432991
0.18342233
0.14575076
0.13159132
0.12659001
0.13919711
0.12666154
0.15925741
0.15347552
0.16283464
0.15126586
0.16143751
0.16212440
0.15485859
0.14712882
0.16743779
0.15937185
0.24325228
0.23048258
0.15121961
0.20169091
0.23622775
0.22332478
0.21885061
0.18889332
0.20028234
0.17631197
0.18393373
0.18621731
0.17266798
0.17889524
0.15810394
0.14612460
0.15431619
0.15345311
0.15089965
0.15979815
0.15435433
0.14455199
0.15626025
0.18360400
0.21217775
0.21969247
0.19576025
0.23607898
0.20629025
0.19373846
0.20386100
0.20836759
0.20219731
0.19724560
0.19731688
0.20286679
0.20059919
0.20134950
0.19757342
0.20600772
0.19387126
0.19578242
0.22147751
0.19473505
0.18896198
0.19151354
0.19364905
0.21249127
0.22100353
0.27252579
0.23644376
0.23538637
0.26850367
0.25773525
0.25742459
0.21129274
0.24534631
0.14094758
0.13660336
0.24432898
0.17272019
0.21299243
0.23889446
0.18666053
0.17426777
0.19045377
0.18677902
0.21732616
0.19389153
0.24548006
0.24108434
0.19714832
0.18890905
0.20043397
0.25082016
0.24387646
0.25781465
0.12314057
0.16736364
0.28601408
0.23271751
0.16058969
0.19204736
0.21834350
0.16396308
0.19844770
0.22227669
0.19093370
0.20154643
0.18708706
0.26617336
0.20509720
0.14004540
0.12369156
0.14872980
0.14256692
0.16190028
0.18359613
0.18579292
0.17057276
0.17599130
0.22883368
0.21866584
0.23786974
0.19449568
0.19162822
0.17724133
0.27329493
0.23099089
0.21520042
0.27317739
0.22995949
0.21431851
0.21479464
0.19061971
0.18207932
0.19193435
0.19633293
0.18546438
0.22224450
0.22549629
0.21941400
0.19915366
0.21186900
0.18522000
0.24679446
0.23434854
0.17826605
0.20153046
0.22324634
0.20896149
0.16653538
0.14336085
0.20017481
0.19499254
0.22428536
0.20452642
0.18989944
0.20719457
0.23333049
0.21711540
0.20488381
0.20157385
0.24703932
0.24691558
0.25631809
0.18341279
0.21137857
0.19366789
0.16489410
0.17065358
0.22088146
0.15179229
0.14104486
0.16072631
0.13110900
0.18194866
0.16912580
0.16392112
0.17000437
0.15641379
0.13944364
0.15139627
0.23885942
0.21293569
0.25190234
0.17738986
0.17754292
0.19582272
0.24292779
0.15494680
0.25606823
0.23957753
0.25684118
0.18333149
0.24815536
0.22546506
0.22034264
0.19350338
0.19715428
0.24180651
0.16413665
0.15207553
0.14842749
0.21008825
0.18303466
0.16167164
0.14610386
0.24088621
0.14906335
0.13458085
0.17307830
0.14099121
0.14836597
0.16237545
0.13842463
0.16284037
0.18371391
0.22787881
0.16873217
0.22220206
0.27197576
0.17509699
0.14673066
0.15013647
0.25976038
0.14190555
0.13731122
0.15473437
0.14966130
0.16937828
0.16803527
0.15418124
0.15166163
0.15037155
0.17674446
0.18888855
0.21238923
0.13628316
0.13823080
0.21881604
0.14343023
0.14084506
0.16476965
0.15898538
0.15129471
0.13820553
0.16831875
0.15292168
0.13837194
0.16707087
0.15656710
0.14494681
0.14787006
0.15470719
0.14603019
0.13481450
0.15344763
0.27021718
0.17447805
0.21402311
0.14310551
0.25753784
0.20436716
0.22501683
0.24540448
0.24632549
0.19999123
0.13948774
0.21074986
0.25478983
0.15443993
0.16051102
0.10209513
0.14201760
0.18738842
0.17305064
0.16258955
0.23763609
0.27574468
0.22881055
0.21127367
0.19398928
0.20498800
0.21605182
0.19721556
0.18883443
0.20391393
0.21555209
0.22623706
0.21775436
0.21054792
0.20469928
0.21617031
0.19730186
0.21081638
0.19445157
0.18614697
0.20555806
0.19007516
0.20058608
0.24522901
0.23876119
0.20333695
0.26555610
0.23254108
0.18798828
0.19965434
0.20067239
0.21925592
0.22288680
0.15936685
0.22640276
0.15027618
0.20358276
0.17744112
0.20363808
0.22524142
0.18126750
0.21006393
0.26589227
0.25844836
0.21151710
0.15117860
0.14775109
0.17471266
0.21055293
0.24710083
0.19724631
0.23053598
0.22993565
0.17465186
0.21834755
0.21330786
0.22954345
0.20103168
0.31028318
0.22267413
0.24884653
0.22884917
0.20707703
0.20430875
0.24414492
0.23473430
0.18494439
0.21493053
0.23661804
0.21872211
0.16046786
0.17827368
0.18689752
0.21520400
0.29068065
0.19361305
0.13727999
0.17228174
0.16389394
0.23286772
0.17204618
0.27568960
0.21094537
0.16975880
0.18724346
0.20379806
0.16184974
0.19638491
0.14781547
0.16090798
0.21880579
0.20358300
0.21285844
0.22058034
0.20744944
0.20878482
0.21911216
0.20361423
0.20642209
0.19994593
0.20001578
0.24074435
0.21979308
0.21149969
0.20647860
0.21738076
0.22125006
0.21399212
0.19455314
0.18669343
0.18889284
0.20220232
0.18504119
0.25394964
0.24930024
0.34350228
0.24723959
0.22397923
0.24955463
0.22576475
0.23046994
0.26392722
0.24127865
0.21843004
0.22851944
0.24020696
0.20251751
0.24889207
0.22250080
0.19640160
0.17027593
0.23050404
0.24360871
0.19031596
0.21506953
0.13727570
0.12950611
0.14804173
0.19111395
0.17178202
0.13525105
0.13509393
0.15253663
0.14517045
0.13172960
0.17585754
0.19728470
0.16219902
0.17864728
0.14620900
0.21743321
0.21988511
0.16668510
0.18287826
0.19118285
0.28358054
0.21528101
0.17772675
0.18934011
0.15849495
0.13354158
0.14663005
0.11860824
0.17605329
0.14805770
0.23445940
0.18737411
0.20994925
0.17472792
0.13861847
0.15151238
0.13842106
0.15725517
0.14146543
0.16247320
0.24003935
0.20132947
0.19677687
0.20574164
0.23652864
0.19467473
0.19250894
0.20655084
0.16787457
0.21435761
0.18671393
0.18478274
0.12957096
0.15239096
0.15503049
0.20313239
0.14561987
0.13723350
0.18086600
0.12052393
0.13439751
0.14789391
0.14959979
0.14024162
0.15994096
0.14350009
0.15411568
0.16273022
0.18205404
0.18624115
0.19925046
0.20587397
0.22529960
0.16629338
0.20308614
0.20135546
0.16124344
0.16715670
0.20648241
0.20020247
0.17095923
0.22293878
0.18688798
0.20285511
0.19751358
0.19322753
0.22862005
0.21886063
0.17966795
0.18688440
0.25526166
0.23245716
0.21581650
0.17914891
0.19934177
0.27411604
0.27213478
0.21573615
0.20877147
0.21564007
0.20565748
0.22948098
0.23742962
0.24258828
0.21845055
0.21608686
0.22026467
0.21603394
0.20322871
0.19463658
0.20578957
0.20406055
0.25430822
0.22703648
0.26999760
0.20825720
0.19330525
0.19313693
0.19274712
0.20509863
0.18086362
0.24562573
0.20283556
0.20063758
0.23409867
0.21278238
0.22173047
0.22800684
0.22702003
0.21436071
0.19049335
0.25059414
0.21076632
0.22576785
0.19536114
0.17950296
0.19957852
0.22430158
0.20620966
0.15861773
0.19516253
0.21805024
0.14258385
0.13048363
0.14794636
0.15710568
0.16526818
0.15007854
0.15097117
0.13172603
0.14747334
0.14265180
0.21569657
0.13445306
0.14569211
0.14385867
0.14945841
0.15021610
0.19582200
0.20551109
0.21641445
0.19076395
0.17338824
0.12540317
0.26562786
0.25128913
0.25261974
0.17742109
0.16240788
0.16160607
0.17388296
0.16635442
0.14716697
0.15497994
0.16679788
0.16474867
0.16002631
0.22698426
0.18399262
0.18264174
0.17496347
0.20205903
0.19102764
0.17981529
0.15037513
0.15476179
0.15916276
0.16870356
0.15886974
0.15252757
0.15008569
0.15359259
0.15139866
0.14314485
0.17404628
0.16635656
0.15223193
0.15936923
0.18954372
0.16657925
0.15264463
0.15731120
0.16041946
0.14226866
0.15607810
0.17062140
0.16028666
0.15036511
0.15836406
0.13112140
0.12397218
0.12080431
0.18179083
0.15028620
0.16849113
0.18818617
0.14086127
0.14162016
0.16038513
0.22401404
0.19621539
0.19646811
0.17979360
0.15007281
0.15368271
0.12861061
0.15814233
0.24661422
0.19965196
0.18160987
0.21532893
0.13557410
0.13034439
0.13497853
0.13041639
0.13933206
0.15095615
0.15637684
0.15527487
0.11377692
0.12171936
0.16427779
0.14136314
0.14701033
0.15124035
0.15493894
0.16139627
0.27438927
0.25089645
0.22331023
0.23678994
0.20635438
0.18731618
0.14559364
0.15324950
0.17789888
0.15080500
0.14364076
0.16406012
0.17298222
0.24895358
0.18485141
0.19259286
0.19792533
0.19664717
0.25572300
0.14655137
0.14123297
0.14763927
0.19840431
