0.03665233
0.16775107
0.17474484
0.17726946
0.16650677
0.15026045
0.12216783
0.15279913
0.15933371
0.16469312
0.15518284
0.15294456
0.13177395
0.18827677
0.14775705
0.12915230
0.16572762
0.12390780
0.21777582
0.18643832
0.15720797
0.16025877
0.15109372
0.13214612
0.14474154
0.14333439
0.13210511
0.14917636
0.15569496
0.17411780
0.16722608
0.18062901
0.16459680
0.21011949
0.13854623
0.16319370
0.16449356
0.24406767
0.17821217
0.14123249
0.17933869
0.15504146
0.17485762
0.17183828
0.15145659
0.14074826
0.15808463
0.15670657
0.14014721
0.14744878
0.13877273
0.15115619
0.17834544
0.15007043
0.14234900
0.13918066
0.16238070
0.13056445
0.17402220
0.14284468
0.15656042
0.18865156
0.16587162
0.23257136
0.15589309
0.18280125
0.16579723
0.12797260
0.15795231
0.14607024
0.13091493
0.14766455
0.12372327
0.12871623
0.15310335
0.17055726
0.15533757
0.15819216
0.15936995
0.15127420
0.14582634
0.13022375
0.13620806
0.14213395
0.13822770
0.13783312
0.17096615
0.14664221
0.16305017
0.15760112
0.20445538
0.14025927
0.14582443
0.14446855
0.16353273
0.19934368
0.22805357
0.20990276
0.16730976
0.17094994
0.15521622
0.13801169
0.21436739
0.21359348
0.25860882
0.19647574
0.19356561
0.19738770
0.21421242
0.19921112
0.19938469
0.20550537
0.20606613
0.21146536
0.20277429
0.20716643
0.21254897
0.19989491
0.19970942
0.21300316
0.20015574
0.19633317
0.20169425
0.20014215
0.24006701
0.22544956
0.19567275
0.18522882
0.24790716
0.24398303
0.22458673
0.22997308
0.24658918
0.24036002
0.21912432
0.22494316
0.15405440
0.20445108
0.20917964
0.22880983
0.17743254
0.20098400
0.23014688
0.20586753
0.19349790
0.15586805
0.17179132
0.24715447
0.20671058
0.26725340
0.23707366
0.18333530
0.16762614
0.21449018
0.16783261
0.14846516
0.15652204
0.14437890
0.16070151
0.16401792
0.14586759
0.16051030
0.16705751
0.21061063
0.15195060
0.14617467
0.14724541
0.15276694
0.20210409
0.18476939
0.20360732
0.16500998
0.20559025
0.17108059
0.27273440
0.16650391
0.25381565
0.20010090
0.26663923
0.25996661
0.16985273
0.24084830
0.15894914
0.18674421
0.25828409
0.20659590
0.21146750
0.17831516
0.21565509
0.20069790
0.34477496
0.21797681
0.26313281
0.22946596
0.24860001
0.20394039
0.14562058
0.13602567
0.14715958
0.13526082
0.13291597
0.14194870
0.12482882
0.14479184
0.16602087
0.13529801
0.14540482
0.14222312
0.15184331
0.15721393
0.14726496
0.18118072
0.24204993
0.15795159
0.18065596
0.20994616
0.18000174
0.12294173
0.14428496
0.16293526
0.15159822
0.15121293
0.14731717
0.13952994
0.14885116
0.17539310
0.13323474
0.20399117
0.20019245
0.20296836
0.23094368
0.20414639
0.23770142
0.18786168
0.18692541
0.18764257
0.24854827
0.23710728
0.20286632
0.24473000
0.23424363
0.20735621
0.20149851
0.20667124
0.20432425
0.19689631
0.19626713
0.19605017
0.19249129
0.20908594
0.20047069
0.20836735
0.20663357
0.20974493
0.19530964
0.19343638
0.21012092
0.18866944
0.18950057
0.19504261
0.19652987
0.19704437
0.23671031
0.16028476
0.21520233
0.17473912
0.23551989
0.22689104
0.18355846
0.20790005
0.18196344
0.20736146
0.22521710
0.22173905
0.22788906
0.20586419
0.19682860
0.25961995
0.18825960
0.23210478
0.20789862
0.19841099
0.17200375
0.24259734
0.19014335
0.21752954
0.20685410
0.22476435
0.17821360
0.17174125
0.18591166
0.24499416
0.13975596
0.26299906
0.19015074
0.15146875
0.15636110
0.24176693
0.14008474
0.20139194
0.19606805
0.15750694
0.19402838
0.22035170
0.18673134
0.18965006
0.21379447
0.22279143
0.24102664
0.18338108
0.20092368
0.18284869
0.13397717
0.23717380
0.18561792
0.20262623
0.14363527
0.21312261
0.15736508
0.16389465
0.26114678
0.16682386
0.15916324
0.15737438
0.16142058
0.20767927
0.21796083
0.19351006
0.20478845
0.19016600
0.16832519
0.15606165
0.15872622
0.17420173
0.14730287
0.15744138
0.20246005
0.18812943
0.13942003
0.16481090
0.24786782
0.20529437
0.23052740
0.17432189
0.15726113
0.15846419
0.17875433
0.15105391
0.14809990
0.16196537
0.16427541
0.15544605
0.16048813
0.16230989
0.18525410
0.16801453
0.15109491
0.21377230
0.24050045
0.21377254
0.15600753
0.12593484
0.13633657
0.15579343
0.16268969
0.27682757
0.15009546
0.16007280
0.15707994
0.15411043
0.14426684
0.12823296
0.13738084
0.18169165
0.20637369
0.18634844
0.12627077
0.17919040
0.19439173
0.19909453
0.17342234
0.15737748
0.15490079
0.17454290
0.14833093
0.15504742
0.20306110
0.14002180
0.14205647
0.18525434
0.17977762
0.17746234
0.14042187
0.16543937
0.15113568
0.18758607
0.21516442
0.13153529
0.22927737
0.17212987
0.14829254
0.14548516
0.13965678
0.14991355
0.15456629
0.17369056
0.18777204
0.15513825
0.16457176
0.16323256
0.15350461
0.15070033
0.19777775
0.15113282
0.14068842
0.13699317
0.11429095
0.15207934
0.16158366
0.14795017
0.19599652
0.14168096
0.20095730
0.19852829
0.19214368
0.19736314
0.21499395
0.18769526
0.20652890
0.21693206
0.20047832
0.21309114
0.28047371
0.26652384
0.18512797
0.23198080
0.25367570
0.21803164
0.16890335
0.15494299
0.16202760
0.16565728
0.23241353
0.20235062
0.23798680
0.18675804
0.20780873
0.20922327
0.21679664
0.20980549
0.21442437
0.21285510
0.22184825
0.24164200
0.21852779
0.22888827
0.20391011
0.20327091
0.21426034
0.20585775
0.19483089
0.20104766
0.20170832
0.23106003
0.22200203
0.21942401
0.23906493
0.22632313
0.23484921
0.21482754
0.22069907
0.19832444
0.22911501
0.21398878
0.23425293
0.21794200
0.22595215
0.22842598
0.21916842
0.25818110
0.22233367
0.22776914
0.22608709
0.21711874
0.21430969
0.20755315
0.12563276
0.12643981
0.15917277
0.15766668
0.14341807
0.14545846
0.18257880
0.18224621
0.13581085
0.16572022
0.18905306
0.16540551
0.20947027
0.28615332
0.17065740
0.12672210
0.20033884
0.13302302
0.12908697
0.15974498
0.20532417
0.17631793
0.19737363
0.20693660
0.19759297
0.19617248
0.17619848
0.14785123
0.17615008
0.23975968
0.21298099
0.18724346
0.15244675
0.16828060
0.16607809
0.16129494
0.15823483
0.17035103
0.17087293
0.17969227
0.14263701
0.17424536
0.25191903
0.15357971
0.20952249
0.19074488
0.19900870
0.20242476
0.20626926
0.19683099
0.18934631
0.19861078
0.19699907
0.21015215
0.19625187
0.19968414
0.20849967
0.20677781
0.19760847
0.19430375
0.18536448
0.19950080
0.19015956
0.22333074
0.27076006
0.21100521
0.20478773
0.24821663
0.20630765
0.17545891
0.20555902
0.21482277
0.19501424
0.25943136
0.25363898
0.24193120
0.24605465
0.23920846
0.23718357
0.22691846
0.20717168
0.25433493
0.18155575
0.21593761
0.22897243
0.21998048
0.21615911
0.22946119
0.18978763
0.17217445
0.30195451
0.18689227
0.18948174
0.18629599
0.19120026
0.22392631
0.26696897
0.23843861
0.21742845
0.15928698
0.16650081
0.15217090
0.15310526
0.17756248
0.17445350
0.14972425
0.23465657
0.18505502
0.21914291
0.19743490
0.14958620
0.15721059
0.15387225
0.16344714
0.20630670
0.14963055
0.15697598
0.15947294
0.17701983
0.18887782
0.21357417
0.15134859
0.14474511
0.17185593
0.17852616
0.14362645
0.17086458
0.14913607
0.17687178
0.14047790
0.16741800
0.19973063
0.24370289
0.23362947
0.23619795
0.13408494
0.15700841
0.15484357
0.14731646
0.16667247
0.17027259
0.16271138
0.26125455
0.22774625
0.21223164
0.21637702
0.20925140
0.18896246
0.16003180
0.23054695
0.15539360
0.21261930
0.19184756
0.15028214
0.15889478
0.16101193
0.15020132
0.14854789
0.14279532
0.14219928
0.15626717
0.13147378
0.14484525
0.14236546
0.17252231
0.15944576
0.15779233
0.16508961
0.18537807
0.14917707
0.15927982
0.15714860
0.16057801
0.16973066
0.21453047
0.15452051
0.16476083
0.15786099
0.16900730
0.15422535
0.14953661
0.14901710
0.14873767
0.16497731
0.15938663
0.16427088
0.16689944
0.23031545
0.14011574
0.20390248
0.20003104
0.22077227
0.20579696
0.20711160
0.20475602
0.21351910
0.19921207
0.19788098
0.19702816
0.20759988
0.20286369
0.20681834
0.20657897
0.20864534
0.23939276
0.26700401
0.21435714
0.19235563
0.20041680
0.20786285
0.19668674
0.21237016
0.20448208
0.25671220
0.25505543
0.25504899
0.20639348
0.20690179
0.24655366
0.26355481
0.24021459
