0.06031680
0.25461793
0.24284840
0.24010587
0.20732212
0.18489861
0.18355799
0.18201756
0.21414351
0.20868087
0.18247676
0.17976022
0.21035433
0.18958187
0.14757609
0.14612961
0.15448713
0.15068173
0.12643933
0.14189434
0.17678285
0.16416526
0.20098805
0.14354658
0.18442559
0.22303700
0.21026158
0.15021062
0.15773964
0.25395560
0.25667477
0.19581628
0.14749455
0.16969776
0.16644120
0.15803170
0.15424895
0.13222671
0.17778897
0.13737941
0.16245031
0.18084002
0.19203234
0.20246673
0.15989804
0.14729619
0.15963960
0.16124868
0.16779518
0.21420431
0.15338039
0.24982405
0.14199805
0.15352917
0.16477442
0.17925930
0.16768670
0.16581988
0.17454720
0.14518142
0.15373063
0.14510727
0.20414472
0.13225365
0.15772033
0.19186425
0.17215848
0.25839019
0.17104149
0.15747857
0.14408278
0.14875889
0.17167449
0.12376881
0.14059973
0.20138407
0.20779324
0.15062690
0.16579533
0.18221354
0.20195627
0.15723395
0.19855499
0.16457796
0.14430737
0.13786840
0.13263297
0.15377474
0.16264391
0.14146161
0.16153884
0.16522527
0.15813684
0.15756273
0.16395450
0.16187906
0.15861058
0.16763258
0.16083670
0.16458368
0.14540553
0.15860915
0.21149659
0.13312078
0.19520926
0.23608518
0.17805743
0.14828253
0.15736318
0.19520140
0.18443513
0.16617107
0.16971445
0.23362780
0.22633791
0.17483997
0.18487096
0.14064336
0.21706104
0.18870449
0.26512527
0.18467259
0.18132353
0.14942193
0.15860438
0.15950871
0.15661407
0.15137124
0.15341854
0.16592360
0.16411543
0.15347743
0.14955306
0.15126681
0.15752792
0.13536215
0.13942552
0.13987184
0.15393925
0.24232936
0.21168661
0.16817093
0.19508529
0.19413567
0.19042182
0.20441151
0.18950629
0.18750715
0.18309236
0.18196988
0.20105124
0.19993186
0.19834375
0.20267177
0.18669724
0.18624520
0.18189573
0.19252038
0.18041992
0.18199492
0.18515587
0.18190336
0.19940042
0.22798181
0.25827909
0.26073480
0.25808597
0.25425386
0.23512578
0.22556591
0.22871709
0.23628592
0.19461894
0.22371101
0.24496126
0.22981024
0.22693896
0.24549055
0.22706389
0.19558549
0.20179391
0.20120788
0.21581507
0.23977780
0.21908641
0.20304108
0.21105361
0.22898626
0.23184705
0.21641827
0.18118286
0.21938634
0.24088740
0.14603782
0.21272445
0.21878147
0.19000030
0.20436788
0.20823836
0.19464922
0.21315837
0.18320084
0.20933104
0.17495298
0.19921899
0.20400786
0.16662097
0.19280577
0.20548272
0.17607760
0.12968826
0.14131284
0.15233636
0.14354682
0.15827250
0.15720677
0.13992810
0.15889072
0.15683866
0.14034414
0.14247370
0.12861133
0.13178110
0.14064622
0.14582992
0.15593553
0.14707875
0.14692163
0.13670325
0.16318250
0.15771437
0.16467214
0.17750525
0.16852951
0.15741587
0.15572286
0.19015288
0.20183516
0.20334959
0.21730208
0.24095583
0.22711515
0.21312547
0.20763826
0.21748471
0.20451021
0.22611189
0.21834517
0.22099996
0.22301769
0.22274494
0.21441245
0.21319985
0.20199203
0.19538713
0.20446038
0.19435453
0.21324039
0.22207713
0.17799234
0.18557429
0.13726473
0.20454073
0.20057273
0.19272661
0.14619708
0.20867395
0.16892219
0.21106243
0.16566467
0.23643661
0.21689296
0.14925003
0.19608498
0.22302389
0.23977900
0.15657949
0.19608235
0.21965814
0.13445997
0.14471722
0.13562727
0.13268924
0.15422821
0.15240431
0.17532015
0.21899652
0.16542006
0.16321754
0.15576339
0.18125772
0.12364864
0.21879411
0.13994503
0.19010949
0.15225148
0.15258789
0.13908529
0.12952280
0.18437171
0.21180964
0.14629483
0.15269089
0.28722644
0.22964621
0.22134995
0.22118688
0.13976431
0.13955069
0.14832520
0.15938425
0.16983318
0.15517020
0.14205718
0.17662859
0.16437197
0.15415525
0.13242698
0.14192605
0.24008703
0.15519190
0.19760799
0.16029620
0.21394157
0.18038297
0.18207622
0.15596080
0.17818046
0.15055943
0.16232777
0.16724706
0.18830585
0.20067835
0.15298796
0.17641735
0.14403772
0.14217877
0.15571690
0.15880704
0.16087008
0.16518688
0.21796179
0.22346020
0.20961261
0.19067049
0.20312977
0.22457576
0.21443963
0.19365454
0.19053054
0.26860046
0.21981478
0.21413469
0.19673753
0.19854999
0.19115376
0.19936442
0.20597959
0.20528889
0.32775331
0.22215819
0.19236135
