0.03343868
0.19133949
0.19693494
0.20073724
0.22106910
0.21422672
0.13861203
0.15493107
0.21657038
0.13935089
0.15099573
0.15586805
0.13822222
0.15944362
0.22214556
0.12682223
0.23712087
0.21344423
0.21321940
0.19198632
0.16980028
0.14311957
0.15167451
0.17362428
0.23521399
0.26265335
0.20368075
0.23189306
0.18115878
0.20957518
0.14425755
0.19323802
0.20268607
0.21928883
0.16325951
0.27127790
0.23955607
0.18424487
0.17789888
0.21290517
0.22965455
0.18157053
0.25871038
0.18631363
0.18401361
0.18262529
0.16608572
0.25458622
0.24657512
0.23002148
0.16679430
0.22050405
0.24831343
0.17577410
0.15772748
0.17743659
0.23481560
0.15392923
0.17455769
0.15453100
0.12900400
0.13359118
0.14225793
0.14604568
0.14529419
0.16830897
0.17891550
0.17542458
0.20624566
0.25397539
0.28419948
0.18547273
0.22627521
0.20184851
