0.05380106
0.19100308
0.19985747
0.18042302
0.16760254
0.16609144
0.16936779
0.14464569
0.14693546
0.16418409
0.15989852
0.16759634
0.12875366
0.23348093
0.19968748
0.25182223
0.16940880
0.15145135
0.15546751
0.12942958
0.25210547
0.16610813
0.14674687
0.14348173
0.15270710
0.16805124
0.16456461
0.16288757
0.16412687
0.26328707
0.22262025
0.26099396
0.24370503
0.22132349
0.18361378
0.15403128
0.14921784
0.19558311
0.22181177
0.21550608
0.21033406
0.20640087
0.21001911
0.20570135
0.21047902
0.20329165
0.20339632
0.20010662
0.19591522
0.20165753
0.20901513
0.20098329
0.20436621
0.21057487
0.19975829
0.19872952
0.21503162
0.20366955
0.19523716
0.19143820
0.19672108
0.18675280
0.19790673
0.21083856
0.14140940
0.16134167
0.20727587
0.12595010
0.14450860
0.14931655
0.22353768
0.16127038
0.18838692
0.14633918
0.14881682
0.13039637
0.15084338
0.17597342
0.21771598
0.18755722
0.18322229
0.26597595
0.23113513
0.17498279
0.24443960
0.19337058
0.18560743
0.22823620
0.19468284
0.27869606
0.20900965
0.15554571
0.14049625
0.23361897
0.16375899
0.16050029
0.16461897
0.15694666
0.13624144
0.14134455
0.13719440
0.15706038
0.15191555
0.15065765
0.17945814
0.15807271
0.14418602
0.25119328
0.19186306
0.19836664
0.23175883
0.18460584
0.16386247
0.23763490
0.17549038
0.19274950
0.14308357
0.14284968
0.16110086
0.15343165
0.24972963
0.16136456
0.16029644
0.18030882
0.17889071
0.15231013
0.16753983
0.19114995
0.18129110
0.18346024
0.18149900
0.18040347
0.16331553
0.14623570
0.15613413
0.14794230
0.13307834
0.15052223
0.16076899
0.20358300
0.13845348
0.16698790
0.20938253
0.19075656
0.15627980
0.14143491
0.14443421
0.15115261
0.15085959
0.16564226
0.15934610
0.15503526
0.15644121
0.14566803
0.22519565
0.16609836
0.15174890
0.20555758
0.21234941
0.20720863
0.17690182
0.18131089
0.20555973
0.20380259
0.19460773
0.20454216
0.19909430
0.20146918
0.20236993
0.20601535
0.19862247
0.20393944
0.20694757
0.21187043
0.20082426
0.20952058
0.21073580
0.18800616
0.18566942
0.19474149
0.18192625
0.25600028
0.19719529
0.20192170
0.27870393
0.17276502
0.19516730
0.21209693
0.22743249
0.17475605
0.23279834
0.24172544
0.21136165
0.17653728
0.13728666
0.20304465
0.15661883
0.13259053
0.15535426
0.13391924
0.13748956
0.11485600
0.12922382
0.20140910
0.10415792
0.17816424
0.19649816
0.18061256
0.14338326
0.22517896
0.12386799
0.14464521
0.16103864
0.14542580
0.16290307
0.23640609
0.14136910
0.16557121
0.14612889
0.14458871
0.15672565
0.21775985
0.22223639
0.15081191
0.15319800
0.16189313
0.15418077
0.14499140
0.16031098
0.15270090
0.16762233
0.15650153
0.17127466
0.20533109
0.23342347
0.17999125
0.16908526
0.16142344
0.15563345
0.15140152
0.15187788
0.21187925
0.18772864
0.18348861
0.17843485
0.24952388
0.19795799
0.21491265
0.23753214
0.30913472
0.15268874
0.14603972
0.15157962
0.17845654
0.15659761
0.18284202
0.22307754
0.23431325
0.18154812
0.22886562
0.19010472
0.24480796
0.18382931
0.13894534
0.14314413
0.15384388
0.14033413
0.15656090
0.14892745
0.17669177
0.21502566
0.16774344
0.14684033
0.21726656
0.16171575
0.16373253
0.15836263
0.17003918
0.19348669
0.19402623
0.14247775
0.16226435
0.15492773
0.16192698
0.14292121
0.15879536
0.11086321
0.12267900
0.13679981
0.17783976
0.18820119
0.17830420
0.17692828
0.18091393
0.13631725
0.18235469
0.13263440
0.17447186
0.13070321
0.16415000
0.17358994
0.16912818
0.21125484
0.20138669
0.20125413
0.21326327
0.22174954
0.22933841
0.16035509
0.14268851
0.15890574
0.17069840
0.16168880
0.14320827
0.15547824
0.14997292
0.16635323
0.23969293
0.20240903
0.18628144
0.13381314
0.16008115
0.15693283
0.14122343
0.20583582
0.18316793
