0.04035234
0.13989735
0.14264917
0.16440487
0.15267587
0.14225411
0.15556836
0.13438344
0.16652322
0.13953042
0.15508628
0.16566730
0.17072415
0.17538691
0.13893986
0.13222528
0.13489914
0.22594905
0.17888260
0.19422793
0.21230364
0.19812775
0.20762753
0.19781613
0.22126651
0.20352817
0.20913506
0.21151376
0.22089648
0.21335340
0.21459270
0.21495104
0.20534229
0.20438957
0.20885253
0.19176674
0.18966007
0.19333482
0.19382691
0.18807101
0.21889806
0.20645666
0.18133998
0.17975879
0.18689108
0.24101496
0.14924955
0.14802384
0.14877009
0.21394014
0.19379878
0.20359945
0.23486876
0.19425678
0.22095418
0.24745655
0.23137212
0.24454927
0.17090917
0.20994306
0.20673871
0.14945483
0.14924073
0.22561359
0.23676300
0.22020245
0.20408988
0.18677616
0.18679380
0.18177843
0.24867320
0.26600671
0.18210268
0.21617723
0.26233697
0.27924585
0.16756439
0.22524643
0.19076562
0.27303481
0.15485024
0.23431110
0.25807595
0.23867559
0.18574452
0.29595256
0.21548533
0.22029424
0.21580243
0.21971726
0.21634841
0.21995258
0.19867754
0.17091560
0.17631245
0.15204096
0.11159110
0.19388819
0.12160516
0.13632894
0.11359000
0.25303793
0.20667219
0.13945770
0.12863708
0.14047170
0.15556383
0.20492411
0.18928766
0.16563106
0.15956497
0.16495776
0.16205144
0.13986182
0.15715146
0.18845892
0.16485000
0.14215088
0.13976550
0.16472268
0.16351223
0.16862845
0.13611245
0.14882016
0.20801425
0.12655854
0.15813661
0.21735430
0.22873688
0.19276047
0.19888830
0.20931220
0.20536613
0.20208120
0.21287346
0.19515753
0.21851659
0.21931124
0.20705986
0.21524382
0.19953227
0.20327616
0.20704150
0.19526625
0.18757796
0.18909883
0.19524288
0.18927169
0.20080066
0.17626739
0.18639660
0.16571856
0.17931485
0.20241928
0.15884018
0.14554644
0.17485952
0.22778988
0.22832942
0.15089869
0.14480281
0.14420962
0.15922880
0.24750042
0.20042729
0.14955902
0.17031121
0.22100353
0.19473815
0.18814921
0.17956758
0.19317818
0.18255043
0.19176865
0.21186972
0.15389156
0.18691921
0.23846722
0.25338984
0.18622780
0.22139144
0.14560843
0.21148491
0.21930480
0.19110727
0.21176863
0.24163604
0.19691563
0.16820669
0.18401384
0.12366462
0.15153170
0.14574766
0.12972808
0.14299965
0.15722799
0.18483281
0.17580342
0.18581367
0.21809316
0.14465237
0.20747137
0.16414642
0.18499756
0.25251102
0.14662766
0.15818334
0.19324636
0.22351527
0.18672657
0.21084213
0.24899960
0.28157997
0.18494129
0.20403147
0.21911573
0.22794342
0.19747186
0.19561696
0.17372727
0.21351981
0.13961625
0.17075396
0.16000009
0.15613270
0.13473296
0.12639403
0.16669941
0.14195704
0.14509082
0.14670825
0.15546727
0.16620922
0.14327192
0.14719081
0.14632177
0.16498208
0.20343041
0.15319276
0.14207268
0.15288901
0.16590691
0.14433527
0.17671061
0.15986943
0.15069652
0.15534806
0.14898324
0.17413664
0.15861726
0.12807441
0.13744521
0.22317004
0.14770269
0.15581012
0.14651132
0.15669513
0.14420390
0.13182974
0.13481212
0.13300943
0.15948272
0.15694714
0.15278816
0.15343404
0.15778303
0.15245867
0.17158079
0.19818830
0.15993381
0.15782905
0.16110635
0.16223431
0.15935898
0.14646554
0.16779661
0.15761375
0.16912985
0.16293263
0.22500038
0.18242168
0.19262695
0.18313360
0.32190013
0.17303467
0.17405200
0.20280313
0.19847226
0.21056390
0.20233274
0.19655466
0.19804883
0.21824932
0.19990802
0.19579148
0.20069122
0.19842052
0.19565129
0.20108938
0.20092654
0.20764160
0.19973755
0.19717836
0.20305729
0.19767809
0.19405890
0.19647074
0.19524646
0.21210051
0.18213916
0.17230606
0.18326449
0.20861912
0.21707010
0.18679476
0.21467042
0.22955966
0.21080518
0.23596644
0.24341178
0.17260480
0.15166306
0.15182185
0.14594150
0.24901462
0.20180798
0.15178657
0.16863179
0.18980193
0.15197563
0.17012691
0.28305888
0.19381046
0.20036650
0.18712807
0.17919135
0.20896697
0.17865372
0.29900527
0.26835871
0.19242454
0.19837260
0.18675375
0.18468475
0.18691874
0.14587450
0.12993240
0.17293787
0.13966131
0.20266414
0.18973184
0.17190766
0.15761852
0.18872070
0.18032503
0.23045754
0.23560548
0.19008684
0.25086951
0.24741840
0.21907640
0.20718145
0.20884347
0.14980173
0.22094512
0.23331523
0.24128342
0.19374800
0.20035863
0.18792558
0.24605250
0.15183401
0.13554311
0.17341161
0.16280031
0.17295718
0.19907355
0.19130540
0.19016242
0.16579127
0.16029716
0.16953135
0.15150142
0.14492559
0.14173222
0.15038371
0.16200089
0.15629196
0.16453886
0.19770598
0.18723321
0.13595176
0.15003228
0.23429036
0.15632439
0.14096117
0.14295721
0.15373683
0.23617268
0.16559052
0.13771772
0.15063500
0.17325997
0.14949036
0.16886663
0.24971247
0.24876523
0.13099885
0.15635848
0.18013597
0.23963976
0.21254992
0.21343446
0.21259165
0.20224214
0.21756482
0.20082021
0.19518590
0.20216727
0.19634008
0.20777178
0.20066786
0.29759312
0.24377704
0.20549893
0.19639254
0.20616555
0.19614625
0.19210744
0.19898057
0.18783045
0.21115851
0.18588305
0.13782763
0.14132071
0.15835786
0.18350744
0.15686822
0.13717532
0.13573766
0.15011692
0.17235780
0.17879653
0.12297606
0.14656520
0.15671682
0.14908838
0.23855019
0.13513660
0.23387790
0.21564269
0.17740941
0.16261125
0.13147998
0.14430141
0.15067410
0.18724942
0.20941830
0.20789242
0.19806910
