0.03163242
0.20998526
0.16153240
0.17752600
0.14778399
0.13314199
0.16172910
0.15219903
0.15602612
0.16494107
0.15270329
0.16384983
0.13152218
0.14239931
0.16489363
0.17088413
0.13688731
0.19902802
0.16799140
0.17798591
0.16696191
0.14192724
0.13586688
0.21572328
0.17887688
0.20019102
0.14655089
0.15622425
0.16688395
0.15210056
0.14350581
0.19138980
0.19085002
0.20398331
0.20786977
0.19529390
0.19304514
0.19596839
0.20739818
0.19846201
0.19709444
0.20571542
0.19578099
0.21058011
0.23079586
0.22925282
0.23494101
0.19129968
0.20532370
0.19701338
0.21269989
0.19478726
0.18560719
0.20043778
0.19558549
0.20090699
0.21188045
0.21886921
0.25451016
0.28384662
0.19152522
0.20277643
0.28183889
0.19813800
0.19472289
0.14372206
0.19126463
0.20465946
0.14274979
0.17735410
0.18901205
0.16488862
0.22838330
0.17330694
0.21392393
0.23480940
0.18620396
0.22651339
0.19175220
0.14680958
0.14314580
0.15066695
0.14910460
0.24817967
0.13483453
0.12246966
0.15518141
0.19552779
0.20384884
0.17484641
0.21714735
0.14716220
0.19474220
0.18744564
0.23882794
0.25365782
0.19035125
0.24938822
0.19547844
0.20663762
0.26121235
0.19339037
0.23354268
0.22011805
0.15591168
0.26232409
0.16641784
0.15151405
0.15302920
0.14222074
0.16226625
0.15746832
0.16302180
0.18654013
0.17319608
0.23720765
0.14850116
0.16934586
0.18448901
0.18785954
0.26024795
0.25146580
0.18266940
0.14894271
0.16450381
0.14521956
0.13828135
0.15277100
0.14784932
0.27840424
0.15913415
0.25389123
0.14046621
0.14184356
0.14124656
0.16250229
0.20212150
0.18447685
0.16030860
0.14413595
0.13963580
0.15131950
0.14566660
0.15640283
0.14463472
0.14831734
0.14899683
0.17119408
0.13828635
0.15849805
0.14438725
0.12305641
0.20579529
0.11434650
0.15062404
0.17098927
0.14751172
0.19111824
0.24651933
0.17629147
0.16418004
0.16075802
0.16597009
0.14108157
0.22028208
0.15061164
0.13665938
0.14555264
0.16545391
0.13701200
0.14631176
0.19871545
0.16339326
0.18396688
0.14547992
0.19637752
0.14513564
0.18255329
0.14788771
0.16886497
0.16476893
0.14636731
0.14502978
0.14471245
0.14609098
0.16220832
0.19970679
0.14566183
0.25535727
0.17569160
0.20879722
0.22151804
0.15158582
0.16646028
0.20566344
0.19024897
0.21649361
0.16629577
0.09750009
0.12828922
0.25109410
0.16716504
0.14453959
0.13709331
0.10820270
0.15894437
0.15039730
0.15741038
0.16829801
0.18311334
0.15150189
0.14845705
0.13884115
0.15351605
0.16598916
0.14723349
0.14966297
0.16161609
0.15727878
0.18048143
0.17854738
0.24511719
0.19445753
0.16821623
0.21001101
0.16219139
0.15183806
0.16339779
0.13010764
0.11733317
0.12608194
0.15655041
0.15474224
0.14597130
0.12319088
0.13428688
0.14406300
0.15066218
0.18218184
0.19144797
0.22617221
0.27011895
0.28846335
0.20683765
0.14530182
0.16288018
0.15009689
0.16829467
0.20197821
0.16980791
0.15113544
0.22841573
0.22634721
0.23716545
0.19189644
0.19038224
0.18915200
0.18995929
0.19962192
0.19312811
0.18866229
0.19496655
0.19090605
0.20386624
0.19541144
0.19141221
0.19276094
0.19182110
0.19217968
0.19417191
0.18879437
0.18581843
0.18431783
0.19186664
0.19119620
0.19007325
0.25024676
0.20849824
0.21956968
0.19033599
0.18858409
0.18190074
0.20550179
0.15753531
0.23065042
0.14595103
0.17271209
0.22807598
0.14393210
0.15591598
0.20087624
0.23367357
0.20441771
0.21287346
0.19683552
0.19184113
0.21913052
0.23333144
0.13781595
0.21568871
0.16236806
0.25070691
0.20003343
0.21658230
0.21124172
0.13024521
0.15437293
0.15484667
0.15973663
0.13360214
0.16730022
0.14732051
0.17318630
0.17405772
0.15642309
0.15736055
0.19912672
0.18322420
0.21864963
0.14915085
0.13840294
0.15047574
0.15010524
0.23525429
0.24417114
0.18214345
0.16504550
0.14374304
0.14470577
0.16106081
0.21266580
0.22076726
0.19681478
0.20828748
0.17535901
0.15210986
0.16532564
0.15207648
0.13377690
0.16246867
0.16800427
0.15818357
0.15995455
0.16144371
0.16680670
0.15402603
0.13133883
0.12338519
0.14706182
0.23676944
0.19499588
0.25030851
0.19999266
0.18608618
0.18831611
0.19846034
0.19639039
0.20153999
0.23887372
0.20626664
0.21476936
0.21018243
0.20464039
0.19480753
0.19933772
0.20086336
0.20223832
0.18130279
0.19059348
0.19311976
0.18839645
0.21733809
0.14092064
0.22674632
0.17342520
0.15572500
0.23173666
0.22460842
0.14425850
0.18730617
0.14690208
0.24928069
0.16013670
0.13401270
0.14045262
0.13298655
0.15997958
0.14018321
0.20205140
0.19591689
0.16461396
0.24755669
0.19559836
0.23278284
0.18663049
0.17822289
0.18861985
0.22676301
0.19736767
0.16957831
0.21174264
0.13681173
0.19704437
0.19280910
0.17881370
0.18155432
0.23177600
0.17729497
0.16504073
0.10950017
0.09807634
0.17591143
0.11070180
0.22966695
0.26543999
0.15971160
0.16665649
0.24453521
0.15856314
0.17764783
0.16084480
0.15070343
0.15089059
0.13775826
0.17766547
0.18143582
0.20408750
0.16905212
0.14945054
0.17020130
0.14044785
0.12727189
0.24128199
0.13651538
0.13889432
0.16359186
0.13788366
0.19561052
0.17623377
0.18802905
0.15452313
0.14201999
0.14291549
0.15629935
0.15036726
0.16399455
0.20693994
0.17419338
0.18856096
0.18324924
0.18521667
0.18553519
0.18620086
0.19130301
0.17851734
0.16910553
0.20786357
0.19938850
0.13590169
0.21467638
0.22578883
0.14485502
0.17594385
0.20402336
0.21008182
0.18884230
0.19857430
0.17821503
0.15156078
0.16214991
0.13390708
0.15363693
0.25225782
0.17676353
0.23379946
0.24943972
0.18759489
0.21112680
0.20185208
0.20835066
0.19149780
0.26278734
0.16959977
0.20064569
0.20619249
0.20093060
0.19951701
0.19345975
0.20106030
0.19063663
0.19477773
0.19628501
0.19129729
0.22228360
0.21688867
0.23055148
0.15311027
0.12481785
0.12098765
0.14623857
