0.04790974
0.17003202
0.18210936
0.25435281
0.19291878
0.16135001
0.15060139
0.15246367
0.16760182
0.20608211
0.15773916
0.14183545
0.14809585
0.15952420
0.22780561
0.14684820
0.15568876
0.14540482
0.15378451
0.17175102
0.18969727
0.18913460
0.15666819
0.20290732
0.18136001
0.19839668
0.15152073
0.14424634
0.22884965
0.15269399
0.13748074
0.15178156
0.16984987
0.16185617
0.23349452
0.20203543
0.22246552
0.22775984
0.24192119
0.16294670
0.15365481
0.14717841
0.13256836
0.15657496
0.21671939
0.21823859
0.20009398
0.22131562
0.19437695
0.16998434
0.20781112
0.21267033
0.19335437
0.19967985
0.15217566
0.23665595
0.19589257
0.20424581
0.19632840
0.18824601
0.23646593
0.20528150
0.15322280
0.15137553
0.15313554
0.14682722
0.14710689
0.15674353
0.15632343
0.16032481
0.14768505
0.16714048
0.16146636
0.21886683
0.15380788
0.16485691
0.15414500
0.24698973
0.23877144
0.18819618
0.25498462
0.23178482
0.21004438
0.15727305
0.19530892
0.22924232
0.26536894
0.17452693
0.24841619
0.20939994
0.18393445
0.21391988
0.19379759
0.15154839
0.15556192
0.16859317
0.16760468
0.14866590
0.13484144
0.16780591
0.15018654
0.17579031
0.17790723
0.12660503
0.14596343
0.16453648
0.15661550
0.17239380
0.16200590
0.15900874
0.15331888
0.17633796
0.15939069
0.20242786
0.19968867
0.14627075
0.21222115
0.11551070
0.15440345
0.22712111
0.13968968
0.13963389
0.14515138
0.16161203
0.15757108
0.16054153
0.15431619
0.14667416
0.17606473
0.16309428
0.18261361
0.15308809
0.14116073
0.15663052
0.16170549
0.16172385
0.15431142
0.16543317
0.15509057
0.22240782
0.12239480
0.22610140
0.22845745
0.22304702
0.20470023
0.20291567
0.20319700
0.21374679
0.19850278
0.20222235
0.20927715
0.21680164
0.20241380
0.21723509
0.19669199
0.20614552
0.20487785
0.18818378
0.19293523
0.19666982
0.19393611
0.21036100
0.23761797
0.27312493
0.21165061
0.20984864
0.26497221
0.16986156
0.15040064
0.18434644
0.23749995
0.24208665
0.18767953
0.18473482
0.19063354
0.16934824
0.16080260
0.12485814
0.15855122
0.26558733
0.21902966
0.21761250
0.12164903
0.20063901
0.16283989
0.14586425
0.16204190
0.24062753
0.23828745
0.13276649
0.14717960
0.22902799
0.13550615
0.14901400
0.14903259
0.16109681
0.14855647
0.16682124
0.14503169
0.14813972
0.15500069
0.21199346
0.13976789
0.13014770
0.15193844
0.16514802
0.21212816
0.18270302
0.16599584
0.15773439
0.23025346
0.19120407
0.22622824
0.16391110
0.15563512
0.13496017
0.18682146
0.25780845
0.17528033
0.18279314
0.23953176
0.17366838
0.19985747
0.20441079
0.17489982
0.19390655
0.20535612
0.20349813
0.16810989
0.13949370
0.14220285
0.14470816
0.16626000
0.19989061
0.20714831
0.14774871
0.17207026
0.14367247
0.17440724
0.16431761
0.15419531
0.16775107
0.14172482
0.17994046
0.24188113
0.21939373
0.18872643
0.22366333
0.14959788
0.16648054
0.22221160
0.14417720
0.19357014
0.24715662
0.14685488
0.13307524
0.14803934
0.15553927
0.16490865
0.15051794
0.14559984
0.13979506
0.18713140
0.15381002
0.14197350
0.14951849
0.16184163
0.15101314
0.14078426
0.19236946
0.18124270
0.15520549
0.21296096
0.15137029
0.11195397
0.11272287
0.11728144
0.11139011
0.12291074
0.15957475
0.15289140
0.15804029
0.14238262
0.15218210
0.12743139
0.14839292
0.13088942
0.14734960
0.23470926
0.13687515
0.22977400
0.23370314
0.19927192
0.20058870
0.19456840
0.20609951
0.22398877
0.22802424
0.21245813
0.26470375
0.23866415
0.21284032
0.20559597
0.23255825
0.22624826
0.21640563
0.23172832
0.20321298
0.20602703
0.20835519
0.20864558
0.19631982
0.20013285
0.19658232
0.23772001
0.17286038
0.18734646
0.15576506
0.18010139
0.17030644
0.13537097
0.14494729
0.14729595
0.15315580
0.22940969
0.12876892
0.15002251
0.13669968
0.14183378
0.13675952
0.20933652
0.21939278
0.12567878
0.16549730
0.21268463
0.19653678
0.15492940
0.17520738
0.18771672
0.24288797
0.21789980
0.20104456
0.18476486
0.14722466
0.14147162
0.18865848
0.16114616
0.18522406
0.23603964
0.15124536
0.20376682
0.15693903
0.15169597
0.15885425
0.15592980
0.16088820
0.17952728
0.22797537
0.14160347
0.14487934
0.15312123
0.16299319
0.19007397
0.18040252
0.15477324
0.13180494
0.13259387
0.13254976
0.20143270
0.19459081
0.17164135
0.23543167
0.20361781
0.20564961
0.26836038
0.19922233
0.13526511
0.15023184
0.15069032
0.15843368
0.17365313
0.20829940
0.18376207
0.24284697
0.14178276
0.14415240
0.17059398
0.15630770
0.24906135
0.17851901
0.16227984
0.17638803
0.18738937
0.18291473
0.20090961
0.19362044
0.15787983
0.15237331
0.13375759
0.14587474
0.14697003
0.13109636
0.26592422
0.15141726
0.14049721
0.16564012
0.15379524
0.14991641
0.16805959
0.17146277
0.17528343
0.23249269
0.21816111
0.23522210
0.19358158
0.18396735
0.18106341
0.16397524
0.13459659
0.15022111
0.16098666
0.18672156
0.14642501
0.15407038
0.21255660
0.13618112
0.24326873
0.25094771
0.21287942
0.15721059
0.28392744
0.22826147
0.19308949
0.18962979
0.19844842
0.21100974
0.19703770
0.22438979
0.19523430
0.19574761
0.21298766
0.20581436
0.21165323
0.22191262
0.20192909
0.20183063
0.19574761
0.27891707
0.22117567
0.19602704
0.19358492
0.19191909
0.20451260
0.21970510
0.22991776
0.22376871
0.14941740
0.15364194
0.20019269
0.15035582
0.13952255
0.22784138
0.16281271
0.22619820
0.27086258
0.21778560
0.25920033
0.17420030
0.16605878
0.15047908
0.16666460
0.09619260
0.09616446
0.14131856
0.15454388
0.18372631
0.19621277
0.18981338
0.20249271
0.18574095
0.18328834
0.18855047
0.20624948
0.16380978
0.19805789
0.26905465
0.19241500
0.18727517
0.19451308
0.20459604
0.16679525
0.20323467
0.13798547
0.21076894
0.13370228
0.14022994
0.18551636
0.23616314
0.20046639
0.18528914
0.25180221
0.18481612
0.14535069
0.14291525
0.14732385
0.21667528
0.19697690
0.25348377
0.19313264
0.19577003
0.15966892
0.15199542
0.16967130
0.15735197
0.20797229
0.23771143
0.18085289
0.19418645
0.19164062
0.26482320
0.21034122
0.16856956
0.14171195
0.14309382
0.16340351
0.16651177
0.15551972
0.17911792
0.20293975
0.14472747
0.20837426
0.17087340
0.13935018
0.23734260
0.18983960
0.21970701
0.14813685
0.15250230
0.17596602
0.23208928
0.24295497
0.13086462
0.14617753
0.15036416
0.14461708
0.15087438
0.17032504
0.16800833
0.14320970
0.12889743
0.18852043
0.21220088
0.22867107
0.15074492
0.18405628
0.17389321
0.14781737
0.17086267
0.13545537
0.19614339
0.15674996
0.16233253
0.23640132
0.27137375
0.21443129
0.20621347
0.19677567
0.20454669
0.19873548
0.21679068
0.20818615
0.21174741
0.20719361
0.23220539
0.19730735
0.19712090
0.21349096
0.19543386
0.20998597
0.19252610
0.20419121
0.19195056
0.20522738
0.23012137
0.21327925
0.15947151
0.14882970
0.15450883
0.14831352
0.12315345
0.17467475
0.17206001
0.13866925
0.29048944
0.19240713
0.22646070
0.17706585
0.29087782
0.15663314
0.14313531
0.18664145
0.17677283
0.15405488
0.15544891
0.25236130
0.14897585
0.15920830
0.21599388
0.15003562
0.14668536
0.16441226
0.14680338
0.13052773
0.20127511
0.19062257
0.21878147
0.14737105
0.14396667
0.18385720
0.22684646
0.22142529
0.20330143
0.22127891
0.15852356
0.18147731
0.19422555
0.16650224
0.18254590
0.15241933
0.16109276
0.16039157
0.15098429
0.16715717
0.14829111
0.14136052
0.16377378
0.16785049
0.16747189
0.21840525
0.17058301
0.25793743
0.21178389
0.17539859
0.18331361
0.17383432
0.17143130
0.22603989
0.24572253
0.14433503
0.19886065
0.25800395
0.17105460
0.15882540
0.15668869
0.15943241
0.13443184
0.16357899
0.16302681
0.19557118
0.20429349
0.21246958
0.26062059
0.18466377
0.18781710
0.19271064
0.17576408
0.18571949
0.21409869
0.18653870
0.24776745
0.23047638
0.22965717
0.15447187
0.24573326
0.16177487
0.15294075
0.16269279
0.15008473
0.17759562
0.15066338
0.15529442
0.16632581
0.22386265
0.19472480
0.18706727
0.19217658
0.19247961
0.18091583
0.21923018
0.19483352
0.24917150
0.25919557
0.18411875
0.18537045
0.19431043
0.20097852
0.18074512
0.18360353
0.17855120
0.17792368
0.19346523
0.19994760
0.18985701
0.18484282
0.18402100
0.19728661
0.20226455
0.27341008
0.18049192
0.16509819
0.21877885
0.33632922
0.18822694
0.23695350
0.19780445
0.19186759
0.27569437
0.21030211
0.23635840
0.21935153
0.21517968
0.20088649
0.20202518
0.20169377
0.20646524
0.19525504
0.19163442
0.19846082
0.19603920
0.21227694
0.13679433
0.20885158
0.13998461
0.22092390
0.14401984
0.18521500
0.18560982
0.21346474
0.15947127
0.17845845
0.15555596
0.15860152
0.15583682
0.24258065
0.14654326
0.16003489
0.17153955
0.25025582
0.14657998
0.27435517
0.19189143
0.20312309
0.24380183
0.25452757
0.25191188
0.14482880
0.15008497
0.18560624
0.16272354
0.14645791
0.14944792
0.23992991
0.18247914
0.18748617
0.18173242
0.16501570
0.18439031
0.20478463
0.20339870
0.22762609
0.18636894
0.15945125
0.15751743
0.14182186
0.13134527
0.15533900
0.18131495
0.23103094
0.15507197
0.17872548
0.20650721
0.16908002
0.17272806
0.16537166
0.25897360
0.24377608
0.24020576
0.13082027
0.21447921
0.19292355
0.18956661
0.21076894
0.19259191
0.19354415
0.19004893
0.19294143
0.19567466
0.16867232
0.16108704
0.13837123
0.17970896
0.23011017
0.22974372
0.12842631
0.17395425
0.15295291
0.15507889
0.13641715
0.14604783
0.13825846
0.13958192
0.14558959
0.15668917
0.15754437
0.13367939
0.16362906
0.16800261
0.15565825
0.15647745
0.16936660
0.15891838
0.16030312
0.16832709
0.14101291
0.13925147
0.14754081
0.15344691
0.16102290
0.16699386
0.17739415
0.14438462
0.14271092
0.16805744
0.15515900
0.19213581
0.19838548
0.21093035
0.20490074
0.19411492
0.20497990
0.21367478
0.20313931
0.20115423
0.19805121
0.22077894
0.21547198
0.21592331
0.21000338
0.19661641
0.20214891
0.20805073
0.19817138
0.18503046
0.18918490
0.19200611
0.19309783
0.23571682
0.19255710
0.17357612
0.14543033
0.19104314
0.23696995
0.21884227
0.23066258
0.16948915
0.20017385
0.14872622
0.17338133
0.18798947
0.24932599
0.19581938
0.22751641
0.14398623
0.18371439
0.23249817
0.17311120
0.25906587
0.17561793
0.16057658
0.15203500
0.15290070
0.22623587
0.18189263
0.15595126
0.20026541
0.12694263
0.24011040
0.16567874
0.16847229
0.17643237
0.16446018
0.21559119
0.19565296
0.14614296
0.17339396
0.21142864
0.16739631
0.13163090
0.18903565
0.14646149
0.15273023
0.18370318
0.18295360
0.20053625
0.23426342
0.19734955
0.18295670
0.12968230
0.15676928
0.20122528
0.15019107
0.17836094
0.16022968
0.19085503
0.15591097
0.15741110
0.18889475
0.22357130
0.17159891
0.21970606
0.15676379
0.16628790
0.14365101
0.14087510
0.14532423
0.14563465
0.16309929
0.16124964
0.15955448
0.25629115
0.18280268
0.25089407
0.19258714
0.21928906
0.24156451
0.13395405
0.21371675
0.17427516
0.19121242
0.19734240
0.25810981
0.23818207
0.20492983
0.22701931
0.21113968
0.20060015
0.20734692
0.20385575
0.19633341
0.19755697
0.19191980
0.21172071
0.20158029
0.19606996
0.20581532
0.20099688
0.20538545
0.20438576
0.19667315
0.19396830
0.19766092
0.20433831
0.22418022
0.18391991
0.26719403
0.22511601
0.19221926
0.23115563
0.25325966
0.09930205
0.10396338
0.09843016
0.14515710
0.16395164
0.15927291
0.19037509
0.27573419
0.21548271
0.16890907
0.18064451
0.13328314
0.14853144
0.14631939
0.18706751
0.13672781
0.13288379
0.13976860
0.15479422
0.22363615
0.16736031
0.15078664
0.22200251
0.13398027
0.14875293
0.22059584
0.15054011
0.17092037
0.20616341
0.26679468
0.21615267
0.19977021
0.24083042
0.26177692
0.23058462
0.21910334
0.14845157
0.16792464
0.17180514
0.13968801
0.14487267
0.18070388
0.15727258
0.16086912
0.15511179
0.17581224
0.17414474
0.20463610
0.17876577
0.26313448
0.23114705
0.20822692
0.20040178
0.22933435
0.24258184
0.20586777
0.19618559
0.26823401
0.19132447
0.18795490
0.16902614
0.16201377
0.17996645
0.15554523
0.20264864
0.15972447
0.16080976
0.23135853
0.25042415
0.23336768
0.24549270
0.23417687
0.28422785
0.20200157
0.21877289
0.21905446
0.21465969
0.20882750
0.24100375
0.21009612
0.23859286
0.21388245
0.21351433
0.20441461
0.20629883
0.19374919
0.19442773
0.20306158
0.20152688
0.24647856
0.14301872
0.18947077
0.21009541
0.24472070
0.22551894
0.15049529
0.17397070
0.24272919
0.19235277
0.18752742
0.20676661
0.24400115
0.23322773
0.16109610
0.14127994
0.14535713
0.15392733
0.14375830
0.17928338
0.23143625
0.27293468
0.25921130
0.23689198
0.20109582
0.20828152
0.22884274
0.20503926
0.25784564
0.22323012
0.21740842
0.23177195
0.14458895
0.16455340
0.15962887
0.14841962
0.19910860
0.13540196
0.13546801
0.14832187
0.16621828
0.17510223
0.24408412
0.25537634
0.18362856
0.13470984
0.15821004
0.17014098
0.15465879
0.21208525
0.18321490
0.14237142
0.18135405
0.13996553
0.16424537
0.14597750
0.16433787
0.19040632
0.19540739
0.26362300
0.13564873
0.15563560
0.16783261
0.14968562
0.14118600
0.13953662
0.16026115
0.15151596
0.24424577
0.15701151
0.21249080
0.24473572
0.19008970
0.19462085
0.20136738
0.18763614
0.26680946
0.23881054
0.16068411
0.28838634
0.20858669
0.21544361
0.21375990
0.20596433
0.21071792
0.22553706
0.23323488
0.22915602
0.22088170
0.21305227
0.21231604
0.22163272
0.19811153
0.20363355
0.21812224
0.25769758
0.19059086
0.20693398
0.20134735
0.20988297
0.19764471
0.17808938
0.25608110
0.20765710
0.15132070
0.14683414
0.23794937
0.22655106
0.19079375
0.22461295
0.17217588
0.19377065
0.17494678
0.12903523
0.15011883
0.11756158
0.13074851
0.13195348
0.19923210
0.26339412
0.23542500
0.13164616
0.18973851
0.16706252
0.14977360
0.18582821
0.23997903
0.21777391
0.17519665
0.18069530
0.17999864
0.26004624
0.22125101
0.17808342
0.18694282
0.15714073
0.20386672
0.17364073
0.14268851
0.14479613
0.15841722
0.14283919
0.14420986
0.15423822
0.12275434
0.14099050
0.16277933
0.22761083
0.14303470
0.18720007
0.28105712
0.23622823
0.23258805
0.19633842
0.14209604
0.15301895
0.14482880
0.15876913
0.15003777
0.14610672
0.15179873
0.15776038
0.16416955
0.15153623
0.12442040
0.15683055
0.17257166
0.21497273
0.21025443
0.16003537
0.22074556
0.21191192
0.14577532
0.15599275
0.14748836
0.17725372
0.15054417
0.15853667
0.16416740
0.17617893
0.15087104
0.18471432
0.15876985
0.14202595
0.15662050
0.15246916
0.14744353
0.14559817
0.16083884
0.14112258
0.18180394
0.13768792
0.12415314
0.13405609
0.13934302
0.14717484
0.13829827
0.14762640
0.13610244
0.09916615
0.14153743
0.19672847
0.20109200
0.20357013
0.15675449
0.21906519
0.22378826
0.22391343
0.19773936
0.20576048
0.21418190
0.19805217
0.19835567
0.19897223
0.19719529
0.20472550
0.20723844
0.25578952
0.22811842
0.20706081
0.20002747
0.21149659
0.18684340
0.19187665
0.19532275
0.20463848
0.22797537
0.16008139
0.21379423
0.21896648
0.20891619
0.17684150
0.23327208
0.27246118
0.28219771
0.23216748
0.24999356
0.22185349
0.24161267
0.20863271
0.19820499
0.24395108
0.23187900
0.16300988
0.17920160
0.24542093
0.26988530
0.21278405
0.22350788
0.22881126
0.20831466
0.14664435
0.17564440
0.20237851
0.17829227
0.17316198
0.26150179
0.17717075
0.27197266
0.14855218
0.16054869
0.20211077
0.16432762
0.16469026
0.18109584
0.24323559
0.22123933
0.19257188
0.26715589
0.22767425
0.27711606
0.22819734
0.20961666
0.21290469
0.27198076
0.26093650
0.25114703
0.25531983
0.20808506
0.21629238
0.20755744
0.21522546
0.20839858
0.21916437
0.23579836
0.21855474
0.22030759
0.21834445
0.21385360
0.22128105
0.20427918
0.19471955
0.19827986
0.20062709
0.19114494
0.23163080
0.27061176
0.26666522
0.22592568
0.21937442
0.23566556
0.23424268
0.19111896
0.21095800
0.22711992
0.23783469
0.20280147
0.20785832
0.14537144
0.16019225
0.13696480
0.12516046
0.15611553
0.14588165
0.20860720
0.28295660
0.22538400
0.19752622
0.19287157
0.21010661
0.18944049
0.18710685
0.16276479
0.15514278
0.15520096
0.23051763
0.18619823
0.19261432
0.19229484
0.15668035
0.18978596
0.24841642
0.19535232
0.13784838
0.14496160
0.15396857
0.18353772
0.16050386
0.13035083
0.14302325
0.15078664
0.22419024
0.24629450
0.14442635
0.15679765
0.15416741
0.15296054
0.14153910
0.16744852
0.15374017
0.18265104
0.16614795
0.14232326
0.15243316
0.16050816
0.16875982
0.16918325
0.15102744
0.15254092
0.16333461
0.16008377
0.15307283
0.15539789
0.16338634
0.14720941
0.14923477
0.27292752
0.26995468
0.23430872
0.22165871
0.26253581
0.17818546
0.18304539
0.18468881
0.18196440
0.24963474
0.17911386
0.23027921
0.23800015
0.17811561
0.16763878
0.18760037
0.18331432
0.17913771
0.14331961
0.14825320
0.14196515
0.15033364
0.19621325
0.14912868
0.18360925
0.23377204
0.23759556
0.19052911
0.25275826
0.17262769
0.14278388
0.14262938
0.14631534
0.14724898
0.15403485
0.14782047
0.16231608
0.16593337
0.14571905
0.15968180
0.15937257
0.15172410
0.24352646
0.24380898
0.14697647
0.21610284
0.19545102
0.21914983
0.19810128
0.20080423
0.19848633
0.21320534
0.20683074
0.19472742
0.19839025
0.19516587
0.23551941
0.21563005
0.21903849
0.21792221
0.19988346
0.19695187
0.20642281
0.18836260
0.19280148
0.18893433
0.19470501
0.18405294
0.22181702
0.28146362
0.21150064
0.21982288
0.13159227
0.12944961
0.13487864
0.14775252
