0.03745246
0.18111420
0.17201519
0.17067647
0.15847540
0.24912190
0.19180107
0.18010950
0.17194963
0.14184976
0.14240241
0.21217585
0.19515944
0.14670610
0.16280890
0.22175646
0.15921879
0.16706872
0.16220474
0.18152189
0.18072701
0.14046264
0.14723158
0.12784147
0.12614489
0.12716556
0.13908482
0.23626924
0.20679855
0.15298867
0.13486433
0.12896299
0.19731569
0.14703298
0.26400566
0.16629767
0.15691280
0.14221454
0.16173291
0.13337660
0.15906644
0.16675520
0.14797735
0.16047502
0.15526128
0.15730667
0.15034270
0.18160319
0.13489389
0.19225717
0.17130780
0.17244744
0.26242256
0.19646859
0.15315318
0.15075922
0.16798258
0.15745497
0.16269135
0.14887309
0.18908596
0.17953444
0.20671821
0.17614770
0.18642187
0.28070784
0.27177691
0.21458983
0.16640639
0.22461772
0.19498682
0.19612598
0.22439504
0.14040351
0.14214659
0.18517971
0.20981479
0.14062262
0.28279018
0.17628860
0.27100134
0.19818425
0.21290827
0.19685531
0.20382261
0.20349312
0.21362257
0.20655751
0.20555592
0.20745850
0.20028830
0.20952225
0.18969560
0.21317768
0.18958712
0.18921161
0.19939256
0.19133401
0.20829844
0.19191432
0.17976880
0.29815865
0.19926476
0.20481634
0.18890095
0.12961268
0.13360953
0.13797212
0.15602970
0.21760893
0.16666174
0.19519281
0.13081956
0.17154336
0.14510107
0.17419791
0.18705392
0.15997386
0.15166426
0.27817369
0.21582341
0.22008085
0.22570467
0.21118379
0.23206162
0.19649577
0.16514897
0.15800428
0.14229131
0.21154737
0.20861530
0.19333029
0.15911674
0.17486572
0.13845801
0.14663649
0.14468861
0.14938259
0.19096994
0.14114738
0.16133094
0.24160814
0.18731546
0.18383455
0.16395807
0.20926189
0.13515759
0.15480018
0.16329193
0.15313506
0.16891384
0.16297626
0.13458061
0.13895774
0.14755249
0.16279936
0.22508407
0.19663906
0.17145276
0.27224851
0.19120932
0.17654300
0.17619348
0.15517783
0.15180063
0.16132998
0.17907190
0.22576976
0.15957928
0.17033792
0.14597011
0.13308477
0.14975762
0.23751354
0.15738511
0.23017979
0.23119760
0.20522237
0.15774226
0.14666295
0.15464115
0.15860939
0.13091731
0.14112449
0.15986896
0.15149236
0.13237691
0.12478065
0.16649008
0.14148164
0.15377522
0.16674662
0.16001320
0.16300893
0.15235448
0.18193507
0.14052224
0.15131497
0.14344692
0.24320722
0.18688202
0.17185211
0.15190434
0.18628526
0.17270327
0.16962147
0.22309399
0.15804601
0.15361547
0.14753366
0.20873499
0.21367621
0.17428899
0.16697669
0.19705510
0.17343497
0.19007039
0.22616649
0.23011804
0.18570971
0.19447517
0.18993998
0.19509411
0.19134998
0.19450808
0.18766594
0.18914056
0.19863772
0.19983101
0.20927310
0.19863343
0.18964934
0.18791151
0.18946743
0.19276905
0.18721890
0.18848348
0.18434811
0.18843341
0.24148273
0.19305539
0.14680171
0.22575092
0.13373375
0.18035126
0.13875055
0.13805890
0.13692451
0.18072367
0.18846846
0.22635889
0.17445946
0.15117574
0.19727087
0.23441792
0.24350262
0.14643764
0.14719605
0.22041059
0.12913990
0.16110754
0.14139605
0.15605402
0.18738127
0.18370032
0.14089799
0.16257572
0.18804622
0.13042855
0.15093255
0.16628623
0.15197921
0.16593671
0.23377013
0.20336151
0.15152407
0.20981026
0.19234037
0.21207428
0.24589610
0.26701617
0.19222116
0.13933349
0.19603848
0.18332839
0.19059348
0.19018173
0.16639972
0.14331532
0.18077350
0.22670436
0.21440077
0.18436456
0.27562070
0.20959878
0.15625000
0.20836830
0.13013554
0.13234496
0.14874935
0.16220713
0.15414453
0.19831347
0.23289752
0.19632435
0.16027880
0.17289090
0.15946198
0.15368605
0.17710400
0.16139984
0.16420221
0.15955210
0.17356110
0.16715074
0.19894409
0.18699718
0.18868184
0.16595817
0.15694785
0.23881292
0.15414762
0.12917233
0.19478869
0.18758845
0.21096730
0.20869040
0.18563533
0.18784451
0.15909076
0.16207719
0.16552591
0.15242100
0.23241496
0.19873047
0.18555236
0.19759154
0.15364599
0.15156078
0.23032641
0.24125004
0.20648718
0.17783570
0.13702512
0.15495300
0.17266631
0.15703940
0.18323827
0.15849113
0.14904118
0.18011713
0.16502571
0.14914823
0.16437387
0.14244390
0.17060423
0.13949132
0.30987573
0.23101544
0.19125938
0.20001030
0.17604637
0.15454984
0.23381972
0.18629408
0.19290495
0.24023557
0.20030069
0.17136550
0.15371490
0.14022803
0.18061852
0.14650989
0.14374566
0.14693952
0.19072485
0.14463639
0.13005757
0.10931063
0.11338067
0.10881305
0.15094090
0.15678263
0.19182348
0.24834204
0.17445898
0.19323230
0.15078616
0.14946365
0.15306830
0.14793754
0.14680481
0.15718102
0.13763857
0.12929273
0.17490578
0.16080332
0.16017032
0.15691614
0.16049170
0.15965295
0.15522957
0.16021442
0.19645023
0.19918013
0.21135759
0.20606780
0.20827222
0.20259023
0.20791435
0.21636367
0.21204710
0.21017909
0.22796440
0.21865582
0.23323059
0.22371340
0.21242452
0.20576715
0.21731806
0.20110369
0.20249867
0.19632459
0.22138786
0.22400737
0.19112730
0.23006201
0.22458887
0.18897057
0.15610647
0.14943218
0.16722536
0.17367983
0.15339327
0.20834923
0.25737619
0.17350125
0.17060685
0.18194270
0.24096060
0.16521931
0.15741777
0.15151334
0.19389606
0.22034383
0.18225479
0.23647332
0.25776649
0.21270347
0.21301389
0.25616860
0.26182747
0.19330955
0.24252653
0.23682308
0.24704409
0.20301461
0.24533987
0.16616726
0.20869946
0.17729163
0.14674926
0.17877865
0.25130033
0.26794839
0.23398280
0.18372989
0.19581962
0.27696204
0.22075367
0.17794943
0.20746160
0.21540380
0.18600631
0.17278385
0.15433693
0.16116118
0.15697432
0.20830798
0.20191193
0.17183137
0.20155978
0.16590643
0.12218595
0.12839746
0.18929005
0.15612650
0.16769385
0.14973855
0.14891386
0.14916635
0.18625641
0.17842269
0.20387459
0.17412066
0.18824506
0.13440871
0.12556243
0.18434811
0.17037582
0.24984074
0.23240113
0.16287875
0.18222666
0.20563316
0.15484500
0.20113564
0.26636100
0.23443699
0.21592426
0.24535370
0.21553564
0.21247888
0.20559525
0.21197224
0.21710944
0.22066927
0.22172880
0.22943640
0.22042632
0.22369027
0.22477269
0.20374417
0.20724487
0.18685722
0.19346380
0.20374632
0.19434667
0.25040412
0.26164889
0.22741675
0.23534369
0.25827909
0.20555997
0.17497683
0.13816237
0.15515971
0.23210645
0.15871763
0.15900755
0.13848400
0.15308285
0.13528872
0.16093493
0.13186407
0.12385845
0.14780521
0.14034176
0.21104932
0.17909217
0.20187354
0.14862394
0.19253922
0.19887829
0.23170209
0.18536139
0.26671124
0.21353674
0.15689874
0.15346622
0.13780046
0.22491837
0.16064024
0.15500164
0.14977551
0.15242815
0.22431660
0.16123295
0.15933585
0.17862868
0.23536158
0.27807260
0.17904401
0.27089429
0.20110583
0.24639297
0.17752004
0.15868068
0.17048931
0.17476082
0.22894502
0.11949825
0.15167522
0.17218304
0.15852427
0.16131592
0.15116620
0.15727711
0.15092778
0.19547701
0.12953377
0.13791466
0.29968643
0.27774358
0.23386741
0.24311376
0.23102427
0.22312236
0.25014329
0.17595696
0.19732571
0.21138167
0.22624183
0.14442062
0.13977909
0.15353203
0.15385723
0.13094950
0.16429162
0.16082597
0.16748667
0.19745255
0.15680575
0.16566968
0.17496228
0.16830540
0.14777136
0.16444445
0.22057438
0.17690563
0.17659998
0.18577862
0.21838737
0.13758278
0.14956379
0.24062347
0.14081717
0.17020822
0.18143058
0.16470146
0.13299465
0.14139724
0.14671469
0.15903306
0.13263726
0.14839172
0.17126203
0.16302443
0.14317751
0.24384475
0.22566652
0.26752663
0.14858961
0.19017434
0.15784359
0.14969873
0.16353202
0.17037296
0.16181231
0.15177679
0.22636318
0.14209270
0.24362993
0.20837069
0.20278335
0.20331025
0.20811915
0.20790911
0.19820714
0.20308781
0.20431471
0.20392823
0.20785189
0.21793818
0.20870519
0.20507812
0.20874906
0.20424986
0.18952179
0.19536090
0.19768977
0.19409871
0.21081638
0.23153520
0.16322684
0.14159727
0.13505411
0.17419410
0.17558718
0.14632654
0.15820241
0.14476466
0.19974256
0.22523332
0.15670919
0.19759297
0.14483333
0.17512536
0.15449691
0.20555735
0.16820049
0.19963217
0.15630269
0.20066404
0.16405654
0.18479586
0.14683247
0.11745667
0.14259315
0.16413355
0.15455794
0.14850926
0.17082214
0.21319675
0.14412761
0.14601064
0.16322684
0.15447354
0.20293427
0.14095831
0.16547322
0.16439104
0.17284656
0.20483446
0.17242956
0.20509148
0.26072383
0.26620865
0.25631666
0.23024297
0.19162583
0.17313170
0.15933824
0.20221782
0.24278784
0.24146461
0.18930244
0.16820979
0.15355158
0.16394997
0.26641321
0.25868034
0.21642447
0.18303490
0.16709566
0.14842987
0.16318989
0.14985847
0.13275146
0.12607265
0.13198376
0.15499449
0.16258645
0.14554024
0.16053510
0.16104603
0.15983105
0.18554497
0.15557480
0.13197136
0.15357256
0.16106439
0.16013765
0.14779878
0.14934874
0.16689324
0.16152573
0.15165067
0.17166734
0.16213417
0.20660424
0.15310264
0.22399592
0.14699745
0.21499729
0.15547895
0.22919917
