0.04423237
0.18778181
0.26150441
0.17020130
0.16942239
0.17288232
0.17168164
0.20239234
0.14740682
0.16093874
0.14886284
0.14699578
0.16148591
0.16308403
0.16017532
0.17634559
0.15667915
0.14740777
0.27495360
0.20293117
0.15155768
0.23606229
0.23288107
0.18253517
0.13611054
0.16583419
0.18939829
0.16890001
0.14124084
0.17599583
0.19463038
0.13756680
0.18102837
0.15039134
0.14708924
0.16303897
0.15650129
0.13369131
0.11095333
0.21441889
0.21416306
0.14507079
0.19723535
0.16547942
0.14087772
0.16410732
0.16211390
0.14426804
0.14573717
0.15500903
0.19704390
0.17615986
0.15910912
0.16921973
0.15006614
0.12746382
0.14764261
0.14950919
0.14387226
0.15113735
0.20379567
0.15268064
0.14930439
0.17661333
0.15055799
0.13621831
0.18439078
0.15563726
0.18317628
0.17812920
0.15326381
0.14510179
0.13421273
0.14582849
0.13056445
0.15260029
0.17452669
0.20551157
0.16317797
0.14980435
0.12836766
0.16421270
0.14906263
0.30841732
0.19851661
0.19728136
0.20006847
0.22280455
0.25526524
0.29284573
0.24007201
0.20206857
0.23223925
0.25555992
0.17863512
0.24124622
0.20505643
0.22797275
0.23185158
0.21605659
0.22424531
0.21644998
0.23598075
0.24752665
0.24399948
0.22618175
0.21193266
0.18411279
0.18037009
0.21209121
0.22295451
0.19819379
0.23397255
0.15615845
0.14707732
0.24704957
0.21494627
0.19102764
0.20631242
0.16876459
0.13967133
0.22228670
0.14090061
0.15029383
0.15584612
0.14862013
0.15400577
0.16297007
0.17547774
0.12878537
0.11396694
0.18857551
0.21211696
0.14440298
0.14081049
0.15370417
0.15481019
0.21580482
0.20073557
0.24777079
0.24534535
0.23769498
0.20852757
0.24102545
0.23527551
0.18832994
0.17383718
0.14340830
0.16377807
0.17309546
0.15389442
0.26366878
0.18012643
0.14982080
0.16520929
0.16086960
0.23183322
0.25022364
0.14508891
0.23733544
0.15570474
0.14733791
0.16085792
0.20304441
0.17721605
0.17836785
0.14830589
0.13968968
0.16670465
0.16329193
0.16560936
0.15000248
0.18260765
0.24700212
0.21764946
0.13737798
0.15367556
0.20736456
0.18353152
0.14833617
0.18149066
0.19476104
0.23859119
0.19712782
0.18843889
0.19054961
0.19659376
0.17843294
0.19386387
0.19072723
0.20853686
0.16072178
0.15177536
0.16082597
0.15063572
0.16983867
0.17148995
0.18313503
0.14293933
0.15233159
0.15158772
0.15922689
0.14752340
0.16873121
0.17428398
0.15199590
0.14212322
0.15818691
0.16359496
0.15440798
0.15796542
0.17311883
0.15566754
0.15098667
0.17021441
0.16112518
0.16208363
0.14518595
0.13477612
0.15035439
0.13057613
0.10076547
0.10875702
0.15367484
0.10939479
0.11787033
0.16281080
0.16837740
0.16825342
0.13988423
0.19325304
0.15300751
0.13863063
0.13006115
0.13055372
0.12247825
0.14764380
0.15143180
0.16897964
0.15137458
0.17484760
0.17175531
0.19166398
0.15201283
0.13888359
0.13283038
0.22308016
0.15610743
0.15069938
0.15210390
0.16046381
0.16325259
0.15484309
0.18746328
0.15895391
0.18045330
0.16267920
0.15328550
0.15214491
0.15956521
0.15466833
0.16224217
0.15843868
0.24634099
0.20961118
0.16275668
0.24144459
0.19286203
0.16297364
0.18774033
0.17822576
0.15601110
0.19700241
0.14556551
0.14969516
0.16363239
0.17469168
0.15709090
0.13501716
0.19333696
0.17257714
0.13405609
0.13526535
0.16400123
0.19725037
0.15917420
0.15762806
0.13679028
0.14627934
0.16671205
0.13912296
0.15755892
0.23496318
0.18559527
0.14304948
0.13817310
0.14881897
0.21532917
0.16818213
0.21589589
0.25601959
0.20799947
0.14394641
0.14802957
0.13700986
