0.03673077
0.15013957
0.17768645
0.14992642
0.15609527
0.14462566
0.23075747
0.14997864
0.12240076
0.13197088
0.17704749
0.16022182
0.16233420
0.12326646
0.13471889
0.13914251
0.14783454
0.16044259
0.13209057
0.13186312
0.13947010
0.16374707
0.16173983
0.18145800
0.18816257
0.15363717
0.18116593
0.13969469
0.15572309
0.22422600
0.21412611
0.19280100
0.19464564
0.15098572
0.12437677
0.14575291
0.16281486
0.14128470
0.18979669
0.20085835
0.25350070
0.25679159
0.19752097
0.21914363
0.26880431
0.16535234
0.24061036
0.16550088
0.16947484
0.15987468
0.16263413
0.14828420
0.15345526
0.14453554
0.15953779
0.21521926
0.21675658
0.19344544
0.19536424
0.24550462
0.16741681
0.19401789
0.20171213
0.19808841
0.20594835
0.20493579
0.19459844
0.18825531
0.19296384
0.21576929
0.22149539
0.26852012
0.24827766
0.24632049
0.16133285
0.13724780
0.13673329
0.13485909
0.13464642
0.16798759
0.12685728
0.16046739
0.17245770
0.17613173
0.25371742
0.15093637
0.14729881
0.14990568
0.14908791
0.13479185
0.13415313
0.15777421
0.15384817
0.15191746
0.13905597
0.15689921
0.15180898
0.15805125
0.15147781
0.17239928
0.14680600
0.15879989
0.14626384
0.15288591
0.14383554
0.15114856
0.17203164
0.16938567
0.18308902
0.19944239
0.23866534
0.19524527
0.19979453
0.20122743
0.20857072
0.19513106
0.19805002
0.19488287
0.20762396
0.21311641
0.23503780
0.23005986
0.19928932
0.19262385
0.20243502
0.21435237
0.18894029
0.18951249
0.19924283
0.19573760
0.19200397
0.24832344
0.19544601
0.15776277
0.16331935
0.17487574
0.21384311
0.20042777
0.19167423
0.21034026
0.23581505
0.14572120
0.23642921
0.20006347
0.18198323
0.29447722
0.20939755
0.23330832
0.18834639
0.22901177
0.21111822
0.26516771
0.16321230
0.16505504
0.15609026
0.13686395
0.16977596
0.13625622
0.21168566
0.18608618
0.17693901
0.16339016
0.14570403
0.17249489
0.13046122
0.19931316
0.16255569
0.12284422
0.21978140
0.21607971
0.15041351
0.23400450
0.18675375
0.21206951
0.15956259
0.25980783
0.13053179
0.23233390
0.19897938
0.23113513
0.18257451
0.16811705
0.17297029
0.25982499
0.19184494
0.23459053
0.22012949
0.24690175
0.19556141
0.22903204
0.20675397
0.23678088
0.19937611
0.14024091
0.21670103
0.27522755
0.17930698
0.18171716
0.19300723
0.21181178
0.14619446
0.15195298
0.16187239
0.16894746
0.14575958
0.16839409
0.17933536
0.18566465
0.18402672
0.17266655
0.17340684
0.16906905
0.18790984
0.18671441
0.18688631
0.14312220
0.16335821
0.19074869
0.16111422
0.15540767
0.19699168
0.14392161
0.15124679
0.15900159
0.15596008
0.13953948
0.18053055
0.22891212
0.14754105
0.14803982
0.18893123
0.17670703
0.18526769
0.13899517
0.12971973
0.29036117
0.22932029
0.15402937
0.15116334
0.16674852
0.16945791
0.20090151
0.16135263
0.16068673
0.14182186
0.15300751
0.14813232
0.13831067
0.16524887
0.15607643
0.16003489
0.18622947
0.20266461
0.15191889
0.15972352
0.16120505
0.13175726
0.21533275
0.13509154
0.13714743
0.12819743
0.15918946
0.14937687
0.18724346
0.18062162
0.19988489
0.24961424
0.20338416
0.19784307
0.21461368
0.19781113
0.19947982
0.19826865
0.20003939
0.22230577
0.21209526
0.21281624
0.20874500
0.20043254
0.20018029
0.22046041
0.19451261
0.18790269
0.20107746
0.19623709
0.19719267
0.23503041
0.18987894
0.20416498
0.20287013
0.15184021
0.14193702
0.16628313
0.16854811
0.20506358
0.14801359
0.14608169
0.16586709
0.17892623
0.16210675
0.27476192
0.14785147
0.20218849
0.22959876
0.15637851
0.19060588
0.24180961
0.17158031
0.17164993
0.15769172
0.14005280
0.15716887
0.17236018
0.22074270
0.14525127
0.22690105
0.15995479
0.14155078
0.25946283
0.19803023
0.13910151
0.17154288
0.25352883
0.13650799
0.17129207
0.19490218
0.17235422
0.23796034
0.18756676
0.18763590
0.18999529
0.19903326
0.19268584
0.19758201
0.18502545
0.23647928
0.21423292
0.13520408
0.11817074
0.13079047
0.14853692
0.21417022
0.21327043
0.21408749
0.17351246
0.16210079
0.16145134
0.17148662
0.22441959
0.21606970
0.15478253
0.15211630
0.16740704
0.17888117
0.14832735
0.15787911
0.17521787
0.18214822
0.17418694
0.16810846
0.21380329
0.15715146
0.12794757
0.14527655
0.15146351
0.14774060
0.14955664
0.15417576
0.21705651
0.20221806
0.18179154
0.23058605
0.18653774
0.20788479
0.15311003
0.19624162
0.24062586
0.22687721
0.21545029
0.18259621
0.24387598
0.23501086
0.21491456
0.21145821
0.20439959
0.27114725
0.22114038
0.20662785
0.23192096
0.22380376
0.22382092
0.21958423
0.22012925
0.20563030
0.21508121
0.19628620
0.19670320
0.19982529
0.19399405
0.26168919
0.18714118
0.19251990
0.18907523
0.19153357
0.21486974
0.16356683
0.23809123
0.22735643
0.15265822
0.16873741
0.20610285
0.17562413
0.18549395
0.17761755
0.27319813
0.21854401
0.27836871
0.29151297
0.22174525
0.21302557
0.15202093
0.25681639
0.23034239
0.20993137
0.18581128
0.23425221
0.20054221
0.21359515
0.18399453
0.29512858
0.22843790
0.18348289
0.21612549
0.16908073
0.18538046
0.24069881
0.17126226
0.15508795
0.14053035
0.16620159
0.25872421
0.15048695
0.13469386
0.18083858
0.13484859
0.16689181
0.14242125
0.16244030
0.15517521
0.15029120
0.16878009
0.17179990
0.19412804
0.18781304
0.18486571
0.19193697
0.14721060
0.15483236
0.17103577
0.16862988
0.17713714
0.13956571
0.20360255
0.15748811
0.16159678
0.17093539
0.17853260
0.22704434
0.17943835
0.17963791
0.16928506
0.20312214
0.20383835
0.18507791
0.13517642
0.13545847
0.13059616
0.11130643
0.10911417
0.12363935
0.12762403
0.16534662
0.25071025
0.15794563
0.16118789
0.20467830
0.24707270
0.22632694
0.26225352
0.19351864
0.16060472
0.14270473
0.15398741
0.15103459
0.18492627
0.19742322
0.20866632
0.21254635
0.21247244
0.20322728
0.20363784
0.20354867
0.20514536
0.20112586
0.21369767
0.17781210
0.19891882
0.19500232
0.19849730
0.19364643
0.21723819
0.20997262
0.15120816
0.22158217
0.23358464
0.22641110
0.20736837
0.21354628
0.20503044
0.18412638
0.15517211
0.14745092
0.15830851
0.16402626
0.20817804
0.19455814
0.19277048
0.31791472
0.21536446
0.25907326
0.17064381
0.13519168
0.16002512
0.15798783
0.21161699
0.14563394
0.13665223
0.18002295
0.15436029
0.15781331
0.14948678
0.12825704
0.14184403
0.14460373
0.15717888
0.15975952
0.15969276
0.17400932
0.16352272
0.21649408
0.16141295
0.16231489
0.16548848
0.15167809
0.17419457
0.17698073
0.17358804
0.16402388
0.15235782
0.15476274
0.16257977
0.15406394
0.16554451
0.17225933
0.14741063
0.15223169
0.15261436
0.17443538
0.21049523
0.16660666
0.16792107
0.14750934
0.19538045
0.16946340
0.14579725
0.15131021
0.19058919
0.14757276
0.19860601
0.15707135
0.19489598
0.16063499
0.15222836
0.16752648
0.16163063
0.15696764
0.15334916
0.14981103
0.15308690
0.14473844
0.16045976
0.15383434
0.14163399
0.14220548
0.14313817
0.15701914
0.16397977
0.16679406
0.15545678
0.18102980
0.12181926
0.21411300
0.22906137
0.14469075
0.17326999
0.22372961
0.18131638
0.14330149
0.18000150
0.14307761
0.15051723
0.16135979
0.15567851
0.16308212
0.15742469
0.15665197
0.15766835
0.14725637
0.14240026
0.13785172
0.14097428
0.15339041
0.15717864
0.16420388
0.15679097
0.21413422
0.16674042
0.15142202
0.15225267
0.21705556
0.20141983
0.21676254
0.21648550
0.20750880
0.20847130
0.20707488
0.20493364
0.23483419
0.21135640
0.22328186
0.21638489
0.21678734
0.21950674
0.21368384
0.19606709
0.22370601
0.19773960
0.19764042
0.19281769
0.19869232
0.22204685
0.28862667
0.10518646
0.09560943
0.09521794
0.09530616
0.17873240
0.14664459
0.10668540
0.11673498
0.10763049
0.09743381
0.09762669
0.14275289
0.10954404
0.13039637
0.14871788
0.25387383
0.23534226
0.20447159
0.20938492
0.21965528
0.22590518
0.20286942
0.20092201
0.21427727
0.20461750
0.20161510
0.19700336
0.20264626
0.21860313
0.19449520
0.20865607
0.27253270
0.24582720
0.23837352
0.20889711
0.23686194
0.25328183
0.23416901
0.21612096
0.22125936
0.22446775
0.20529675
0.21119905
0.21161604
0.21236920
0.21566463
0.19490814
0.21413827
0.20356941
0.21671939
0.25280905
0.22425032
0.21243429
0.22425532
0.21860099
0.20054913
0.20932150
0.21675992
0.21152854
0.19699097
0.23435330
