0.05237246
0.16540003
0.17606902
0.26679540
0.15684891
0.15270519
0.15736461
0.17504716
0.18378139
0.15050244
0.18376184
0.16636896
0.17942548
0.13334846
0.17563725
0.15692616
0.15748382
0.16323400
0.14908290
0.15431738
0.16153264
0.14902496
0.15068102
0.16782570
0.15567994
0.15511489
0.14037991
0.15483880
0.13881898
0.16455412
0.15864110
0.20107055
0.21737099
0.21084785
0.20259523
0.20428014
0.30296755
0.26447058
0.20398569
0.21075678
0.22418284
0.21337676
0.19857597
0.19708157
0.19901705
0.20536900
0.20830297
0.19348741
0.19728351
0.19126916
0.19121265
0.21948147
0.18734288
0.26755023
0.17935419
0.13440967
0.13031077
0.23226309
0.17789555
0.14221239
0.15011191
0.16611814
0.24621081
0.13022995
0.17975593
0.24590850
0.13299561
0.20085597
0.17709470
0.13802600
0.18373442
0.16300535
0.16362739
0.19969773
0.20527124
0.16076088
0.17746520
0.21378946
0.17749000
0.19958520
0.17157412
0.17722321
0.18779850
0.28128290
0.23375773
0.24376512
0.22276807
0.15851092
0.17061973
0.16746402
0.15355492
0.17180705
0.20380235
0.18396449
0.19742703
0.14044118
0.14836740
0.14471126
0.14671159
0.15298891
0.12727761
0.13759804
0.15771770
0.19849253
0.18542862
0.19080353
0.17082953
0.21320653
0.15009117
0.16071224
0.15798426
0.14397788
0.16276336
0.20889497
0.17202640
0.22570086
0.19429731
0.23447394
0.15034580
0.15792465
0.15272951
0.16726327
0.15509343
0.14727235
0.14922285
0.16028547
0.14380980
0.13351703
0.14027667
0.17576909
0.17199254
0.18532991
0.16858125
0.26799273
0.26589203
0.27423429
0.25176287
0.24239588
0.14693189
0.20969224
0.19355059
0.20288539
0.19904852
0.19848204
0.20723367
0.21293926
0.21977735
0.20640779
0.19776082
0.19364429
0.19702220
0.20858121
0.19375443
0.18822336
0.19854760
0.19287705
0.20399070
0.19409561
0.18014050
0.19022846
0.19125485
0.21677852
0.23948646
0.21705842
0.20366788
0.22533059
0.20774508
0.15145326
0.17893267
0.13805294
0.15756440
0.17444634
0.19277525
0.15063071
0.16439986
0.28808236
0.35228539
0.21696782
0.18059874
0.18835640
0.15447664
0.15457034
0.26934075
0.18006992
0.15368462
0.14761758
0.14466357
0.13746786
0.12960839
0.17267227
0.19838953
0.18586850
0.20523334
0.20216537
0.19048500
0.20839119
0.20781898
0.20377159
0.20393372
0.20567417
0.19505668
0.19763255
0.19644642
0.20041132
0.21735454
0.19885755
0.20802641
0.20069695
0.19485617
0.19965315
0.20548797
0.19416428
0.19571614
0.19815373
0.19546390
0.21982408
0.15602803
0.22404242
0.22638631
0.20464802
0.21186638
0.19497561
0.15293860
0.20523500
0.15018511
0.14189696
0.18117118
0.16384387
0.17013812
0.14346600
0.13398385
0.14725852
0.25007582
0.13639569
0.12702441
0.14894438
0.13892007
0.15232134
0.18984628
0.17221642
0.14179754
0.26825809
0.17807150
0.22176051
0.16451240
0.24934363
0.24554706
0.26449537
0.17502546
0.16013956
0.15622354
0.17946196
0.13710093
0.12986422
0.13527775
0.13094187
0.15016031
0.16638875
0.16025448
0.20135927
0.16040564
0.17162704
0.16393423
0.15097690
0.27442265
0.21231031
0.18436193
0.23538446
0.23383427
0.24298143
0.20346475
0.17615032
0.17730141
0.22192335
0.21711111
0.21011305
0.16850924
0.16219306
0.15367794
0.15944242
0.13256836
0.23417950
0.21093774
0.17501283
0.18151975
0.17836881
0.17783618
0.17789412
0.18306398
0.17148352
0.18309832
0.14724517
0.15306020
0.15697837
0.15993953
0.19626212
0.16130185
0.18283844
0.18185806
0.20010710
0.24683905
0.20475030
0.20117784
0.18974400
0.22590828
0.22833085
0.20634460
0.20141053
0.20561075
0.19966841
0.20326018
0.19763088
0.20271730
0.21322250
0.20991039
0.21422863
0.20875406
0.19817710
0.20011759
0.21149826
0.19068170
0.18411350
0.19582605
0.28427005
0.27918172
0.24895978
0.22191286
0.19972849
0.28279161
0.19980931
0.26877666
0.21859431
0.22642636
0.16496778
0.21839714
0.21374154
0.20101810
0.18215322
0.27294111
0.24220967
0.20952177
0.24124384
0.17849493
0.25570893
0.23455143
0.13689041
0.19043517
0.15365696
0.16003513
0.15880060
0.15655327
0.23116350
0.19187093
0.14227796
0.12807870
0.14872098
0.16120386
0.15533376
0.15574670
0.23330426
0.25725365
0.21955895
0.14301634
0.14965129
0.16101694
0.14635992
0.14425135
0.14679122
0.16104341
0.13338780
0.16691494
0.16130614
0.15593815
0.16868901
0.16168976
0.16112566
0.22875476
0.13153052
0.14871502
0.15322948
0.12595677
0.12145448
0.14346671
0.13715506
0.13974619
0.14923453
0.15391803
0.14978004
0.14048457
0.21380544
0.14060307
0.12990236
0.14019942
0.14541411
0.13884854
0.15121722
0.17040896
0.14248443
0.15522432
0.14817929
0.15453696
0.16588020
0.15504360
0.15791774
0.16005301
0.13785887
0.13685560
0.13058662
0.20237827
0.16305399
0.14674401
0.14728546
0.15337276
0.15231490
0.30176330
0.23319912
0.20301533
0.14677620
0.21513891
0.24627519
0.23738670
0.20984650
0.19389248
0.19892168
0.20217872
0.21721792
0.21074748
0.20458937
0.20408583
0.20492673
0.19848752
0.19917297
0.20974302
0.20297909
0.20581889
0.19120860
0.22445774
0.22905421
0.26810837
0.19765139
0.15816474
0.16718578
0.20678067
0.18285179
0.19061923
0.13921952
0.20366931
0.16950822
0.15048146
0.18635583
0.15635157
0.15044475
0.16038513
0.16777849
0.16041160
0.14904165
0.14642525
0.21828198
0.16025186
0.15026879
0.12522030
0.21583462
0.15017366
0.15521717
0.22228336
0.13415527
0.18359566
0.15939069
0.14700270
0.16830969
0.20607257
0.25563478
0.19659376
0.19543982
0.14185095
0.16512465
0.15943217
0.23262882
0.16123629
0.24504232
0.19244552
0.20533800
0.23769355
0.19073367
0.16770673
0.11753988
0.17954230
0.17539549
0.15488267
0.19186068
0.18480420
0.15405297
0.17137790
0.15049458
0.14383531
0.20251751
0.13577127
0.17788959
0.16928697
0.17115045
0.14774394
0.17516565
0.15553427
0.14490843
0.12324715
0.12632322
0.12658405
0.19349170
0.14574885
0.14425802
0.16752052
0.19001603
0.15923524
0.24654675
0.21141100
0.20521164
0.19336820
0.25988531
0.18427968
0.23438931
0.20265150
0.19412231
0.19422865
0.22258520
0.19823480
0.19273496
0.19103503
0.19530010
0.19102859
0.18898702
0.19426489
0.20394921
0.17873740
0.19142795
0.18875861
0.18796754
0.18870044
0.22018027
0.19811440
0.14063859
0.13354540
0.17814040
0.20419765
0.20125508
0.21066737
0.17894673
0.15597129
0.17269516
0.20666337
0.12480545
0.11847949
0.13846087
0.16968083
0.15512562
0.17874956
0.23080063
0.13961792
0.22677183
0.25484657
0.18901730
0.21692610
0.21898365
0.25364137
0.19151664
0.24024272
0.18495607
0.20083427
0.19140553
0.12539053
0.15260720
0.15665245
0.14879227
0.21520901
0.16169667
0.20748019
0.16475248
0.16088486
0.28000379
0.17273736
0.19624567
0.19698620
0.22860265
0.24776387
0.18894696
0.17550921
0.18605065
0.17720556
0.17483950
0.15414715
0.24531174
0.29507875
0.20992780
0.22582126
0.21036172
0.14762545
0.19873714
0.17021251
0.16346908
0.21473551
0.21362114
0.22905493
0.29831839
0.16976118
0.14935255
0.24218178
0.18219876
0.19782448
0.22574258
0.18538833
0.15955210
0.14944124
0.14822245
0.15978956
0.12702060
0.20233917
0.25281715
0.20736694
0.19617605
0.18735409
0.18698907
0.18732905
0.20070505
0.26877666
0.20138311
0.19272304
0.20528078
0.20074558
0.18608904
0.19666672
0.19816065
0.20878911
0.19995904
0.19784975
0.18960404
0.20290780
0.21074653
0.20786023
0.20424628
0.20229459
0.19022512
0.19439054
0.19870949
0.18702602
0.18928933
0.18894815
0.19338036
0.22456193
0.19852114
0.21648645
0.23236489
0.24271083
0.23440433
0.18750477
0.18433738
0.16899133
0.17834330
0.22977781
0.21010041
0.27251291
0.19228792
0.23395634
0.23794603
0.18130851
0.16675615
0.19853640
0.24619341
0.23048449
