0.03651094
0.19969058
0.20451784
0.20015335
0.20413351
0.23595262
0.21934009
0.21949792
0.20255184
0.21155405
0.22013831
0.18998337
0.26398993
0.22442675
0.20792532
0.20942879
0.17611480
0.16317105
0.22556973
0.21224594
0.22496724
0.14583158
0.13922620
0.15591574
0.15966368
0.15588760
0.19840884
0.15399361
0.13844156
0.15198112
0.19001770
0.15484238
0.15840888
0.16769648
0.14574528
0.15795398
0.12917757
0.22846484
0.23466563
0.27156901
0.18555760
0.21839499
0.13255334
0.17130947
0.18461943
0.18248439
0.15159321
0.18669152
0.17836142
0.18912458
0.13708687
0.18462133
0.13345146
0.27829695
0.22934198
0.17243290
0.13199639
0.10848927
0.12930560
0.15579128
0.16594291
0.15756226
0.16180706
0.15369821
0.16013765
0.15173769
0.14473891
0.15621376
0.14145803
0.12648702
0.13402176
0.26573992
0.16141081
0.23354244
0.21457553
0.16869617
0.21293044
0.21233702
0.23046303
0.16783667
0.16975260
0.16301751
0.18333769
0.17512965
0.15374207
0.14086127
0.17968726
0.15775609
0.15696478
0.16610193
0.15136385
0.17839718
0.22480989
0.13652802
0.16418815
0.16342545
0.17915106
0.17129040
0.19587183
0.16398311
0.14780927
0.14556384
0.15651846
0.16087675
0.15663958
0.15578771
0.27845168
0.16192722
0.18294382
0.13268018
0.12810898
0.15540528
0.13376069
0.16543555
0.22121406
0.18596649
0.22953796
0.21158719
0.17952752
0.19293737
0.19162536
0.18118024
0.17915750
0.18228912
0.17936325
0.17936730
0.18168092
0.15365553
0.15858889
0.15151763
0.18906355
0.17016029
0.15640831
0.18108964
0.17375612
0.16180968
0.19907880
0.14022374
0.16648436
0.14854860
0.13024855
0.15436006
0.19530916
0.19222045
0.19117665
0.23324847
0.18083692
0.16897559
0.16031575
0.14902568
0.17385173
0.15060806
0.15824461
0.16278243
0.16184068
0.18729734
0.20079875
0.21751571
0.15153241
0.14815974
0.13877749
0.14481091
0.23311400
0.23063755
0.21055102
0.28950429
0.21334386
0.20068169
0.22240496
0.21338606
0.20950842
0.20648146
0.22949266
0.22690368
0.25000215
0.22830606
0.21833920
0.21960640
0.21448970
0.20786452
0.19245911
0.21226764
0.19829631
0.25071144
0.23295808
0.21601343
0.26159430
0.23601437
0.25337124
0.21680069
0.22389007
0.17127514
0.24524117
0.23768282
0.22346163
0.22072959
0.25425863
0.23696280
0.20307279
0.17341423
0.18179703
0.19499421
0.22149515
0.18458891
0.13905144
0.15983343
0.14606929
0.16993356
0.16732764
0.21643662
0.18642306
0.24312115
0.18952918
0.17096329
0.16779685
0.15103912
0.20660281
0.19180918
0.19656610
0.18971229
0.19028091
0.19637322
0.18954706
0.15223551
0.15760994
0.22326231
0.18313885
0.15284252
0.25616288
0.22288585
0.26426744
0.15398097
0.17314792
0.18384027
0.18951344
0.21066427
0.19088197
0.18571687
0.16778111
0.17278314
0.22877002
0.18405318
0.17299914
0.25103164
0.21189547
0.17103267
0.21815324
0.19523215
0.18741679
0.19848680
