0.05032182
0.18859434
0.19057894
0.20582318
0.20625114
0.19088554
0.19309044
0.19473505
0.19621944
0.18964362
0.20832324
0.29010630
0.22010112
0.22638416
0.21788406
0.30842781
0.25625372
0.28081131
0.27568722
0.25377417
0.31143212
0.31108761
0.20507479
0.22913456
0.24616766
0.23602247
0.19873571
0.35583305
0.23929024
0.22046375
0.20706177
0.22713852
0.22265577
0.27166891
0.23076057
0.21409154
0.24698663
0.32408524
0.20651555
0.21008730
0.20212555
0.20470047
0.19220519
0.18587732
0.19570827
0.19486308
0.21867776
0.26917362
0.26056647
0.24401307
0.21170306
0.19193172
0.21469712
0.22435713
0.22431326
0.22525573
0.22541761
0.26213384
0.21350884
0.20805049
0.20330501
0.22232771
0.20525789
0.21696043
0.24001837
0.24044633
0.21850228
0.20710230
0.22992277
0.22422957
0.22038746
0.22348237
0.21191406
0.21225142
0.21697712
0.25868082
0.22790956
0.21112299
0.19471145
0.24495959
0.20830512
0.22232032
0.25968313
0.22004175
0.23070002
0.21685791
0.23332047
0.20892453
0.21267796
0.22198296
0.22659802
0.24987245
0.22099328
0.18304348
0.25525975
0.20038795
0.21066117
0.20077777
0.22371268
0.21513796
0.21868396
0.19557190
0.18944049
0.19758606
0.22384977
0.22444606
0.22652388
0.22896576
0.21994519
0.23757648
0.22956896
0.21170878
0.23141813
0.23352647
0.21291256
0.23541117
0.23877025
0.23295593
0.21511149
0.21787858
0.23246884
0.21626377
0.22144175
0.21528840
0.23415804
0.23694921
0.24160862
0.20587325
0.23588324
0.22915840
0.27161479
0.21496844
0.23011732
0.23490882
0.27077961
0.20047760
0.17696571
0.28140807
0.28028941
0.24324083
0.22304416
0.23156834
0.24665666
0.23342037
0.24682617
0.21789718
0.24795270
0.20476103
0.20668840
0.17325187
0.23402500
0.22761679
0.21022415
0.20367694
0.23503947
0.27300453
0.18019056
0.24288344
0.22982287
0.20559144
0.17671633
0.17385793
0.28149939
0.19247413
0.18210649
0.22099328
0.26384115
0.31766605
0.23683500
0.17923975
0.26470041
0.17863250
0.30461168
0.23008347
0.29456782
0.21440578
0.26274729
0.23780942
0.21103191
0.23452497
0.21156478
0.26980305
0.31068659
0.17626619
0.21809244
0.23603845
0.17268753
0.23793244
0.21356368
0.18440652
0.22505450
0.23321319
0.22110105
0.29584646
0.27651238
0.20564795
0.23961520
0.20770788
0.22531462
0.24917698
0.23275805
0.24896979
0.24922919
0.25067449
0.22881365
0.22794247
0.25247502
0.25491261
0.21450377
0.18909049
0.20962977
0.21788335
0.21836472
0.21380997
0.22714305
0.20958924
0.23035502
0.22118926
0.20344114
0.19833541
0.22161436
0.20590568
0.19356132
0.21420503
0.20708084
0.24145627
0.15224409
0.13530731
0.15383220
0.12818718
0.14682198
0.19158149
0.19912601
0.23465872
0.18393207
0.18350101
0.18606949
0.19623899
0.18711877
0.18507695
0.21403122
0.18711162
0.20478868
0.18023419
0.17310381
0.15275621
0.14662790
0.19220209
0.18738961
0.14304876
0.19075799
0.18768191
0.18496609
0.17229438
0.21746898
0.19352221
0.20442438
0.19711065
0.24021769
0.18969011
0.20416045
0.20569777
0.21592903
0.21011019
0.25774002
0.29532552
0.23176622
0.20634604
0.22118926
0.19150615
0.20593214
0.20240498
0.20764661
0.19315410
0.19788551
0.20096087
0.20874691
0.21693516
0.26168561
0.19406629
0.22706127
0.21462798
0.20808125
0.22684288
0.22472048
0.20953989
0.27884841
0.23081613
0.24257040
0.22522402
0.17764330
0.26755977
0.14394832
0.14074564
0.15385509
0.22371888
0.15049243
0.23202348
0.18282056
0.14799929
0.22925949
0.28090239
0.24127817
0.25046825
0.23480415
0.23011279
0.23576736
0.27662921
0.26947188
0.19557500
0.21627498
0.21568298
0.22371173
0.17938924
0.20856190
0.18929505
0.19201899
0.20669627
0.16419601
0.15101743
0.15567040
0.20894504
0.15379786
0.15164638
0.17680788
0.19501233
0.13065886
0.18420339
0.16168594
0.16367865
0.16503429
0.19549346
0.19773006
0.14344978
0.13427615
0.13426757
0.20564175
0.16428018
0.16216278
0.16709089
0.15562797
0.13156223
0.13132429
0.17600083
0.19043899
0.19179130
0.21947026
0.20012569
0.16740155
0.14619064
0.14092684
0.15031552
0.15197206
0.18325520
0.17645383
0.16509366
0.15609980
0.16219735
0.18877625
0.13645887
0.24902892
0.18334651
0.16056561
0.16920996
0.15145612
0.20868421
0.17015576
0.16060781
0.14754748
0.15452957
0.14047599
0.14753699
0.16296506
0.15956187
0.16004872
0.16042900
0.17309618
0.15281940
0.25130105
0.15766740
0.18372583
0.14891148
0.15178585
0.15926528
0.14761615
0.14755607
0.16783023
0.15343046
0.15235972
0.14763570
0.15803552
0.14431405
0.16855168
0.15799832
0.17513537
0.15943098
0.15454674
0.15736246
0.16522765
0.16005182
0.16433835
0.14645910
0.14129615
0.16394663
0.14233160
0.14439702
0.15625978
0.15962243
0.16456389
0.13682151
0.14131331
0.13139725
0.15330911
0.22183156
0.17457747
0.17386770
0.15847015
0.16629815
0.22522521
0.27133393
0.17927289
0.15625429
0.17587256
0.18782640
0.16491008
0.22796512
0.20075536
0.16355371
0.14753485
0.15776610
0.16538930
0.15983653
0.15725231
0.14598727
0.20561838
0.15096998
0.15161133
0.16422105
0.17069244
0.17064095
0.14698148
0.20332956
0.13533449
0.19506264
0.20724225
0.15816832
0.16651273
0.15904880
0.16524029
0.20008087
0.21121764
0.17702508
0.19992137
0.18229818
0.15822053
0.17071605
0.16063309
0.14259768
0.16527152
0.15382767
0.17469954
0.15903401
0.16571999
0.16156864
0.15708184
0.14470601
0.13852048
0.13822007
0.13981700
0.13201165
0.13531685
0.19887853
0.17625713
0.13903737
0.16829348
0.17168093
0.21390367
0.22621441
0.20815873
0.21604061
0.16014719
0.15026736
0.16357183
0.14839005
0.16127181
0.15804791
0.21275759
0.21192527
0.20466757
0.20336580
0.19969511
0.21121383
0.20387697
0.20859003
0.20172358
0.20969892
0.22585702
0.20776558
0.23456144
0.20753479
0.20311928
0.19905519
0.20488644
0.19801617
0.20314407
0.19909263
0.19632101
0.19733453
0.25854874
0.29082084
0.16107154
0.23771334
0.20840955
0.22552896
0.19931293
0.18719506
0.24377394
0.22679234
0.25923586
0.25639868
0.13054204
0.15504575
0.23779893
0.23668575
0.21995997
0.23151708
0.22776270
0.19321442
0.25215936
0.25180197
0.22940779
0.23263478
0.25470042
0.21868181
0.15229106
0.16577673
0.16051507
0.12868810
0.13062334
0.17176604
0.15983105
0.20710135
0.19012976
0.22584748
0.24835753
0.23028302
0.22097373
0.18731928
0.24684167
0.19267154
0.20284629
0.26489162
0.26656628
0.16497850
0.26205659
0.15356612
0.17405653
0.18242860
0.17589998
0.14043927
0.16463494
0.14638805
0.16581821
0.24766374
0.18094873
0.14623141
0.16800308
0.20343852
0.19350266
0.15479612
0.22841120
0.22712970
0.18531537
0.18830156
0.18897367
0.24150038
0.25310135
0.20405674
0.20109344
0.20737219
0.20933008
0.20903254
0.20693803
0.20305705
0.19969368
0.19825196
0.21698093
0.20087957
0.19513083
0.19806075
0.18944693
0.21893811
0.19345737
0.18296742
0.21888304
0.22165155
0.20972109
0.22391558
0.20448613
0.22190404
0.19189763
0.22970366
0.17316628
0.16287327
0.18762112
0.26570463
0.20751238
0.16777420
0.18811464
0.21224999
0.21029735
0.18066931
0.21366143
0.24428082
0.15885186
0.18245625
0.16145515
0.17123270
0.17310214
0.22130752
0.16413641
0.15629101
0.15633321
0.13273025
0.26385427
0.19644547
0.21254468
0.15273476
0.17021561
0.14767885
0.16063762
0.16702294
0.16337848
0.16121340
0.14242387
0.15637541
0.18065667
0.21184516
0.22311687
0.17777658
0.17561197
0.13761449
0.16475344
0.21185255
0.21215081
0.25802183
0.29224944
0.22656012
0.17217517
0.20275331
0.23890114
0.15576577
0.25296402
0.18712759
0.15729737
0.14107180
0.15331697
0.17947173
0.15022922
0.21402144
0.13307667
0.22070217
0.24065137
0.24317169
0.17329335
0.18114209
0.10952115
0.22671080
0.18393874
0.19572902
0.21170735
0.18924713
0.17292476
0.17851520
0.16805434
0.15465999
0.15657449
0.18184972
0.20062518
0.22481871
0.14787483
0.15007687
0.14531112
0.15563130
0.19554067
0.20519495
0.15512204
0.17011976
0.14024687
0.15601659
0.15830660
0.15678883
0.16820002
0.17046571
0.15702248
0.15039897
0.17426491
0.14548731
0.14548707
0.27704859
0.21170664
0.19567418
0.16294193
0.17452312
0.20954013
0.19027662
0.20974493
0.18121481
0.24586654
0.21425676
0.18598533
0.18869019
0.24232793
0.16820025
0.15655279
0.15765929
0.15246987
0.15776563
0.16622925
0.18178964
0.15353823
0.16187906
0.16150236
0.17628312
0.20203853
0.22937775
0.18347216
0.19319296
0.17363143
0.18089080
0.14886189
0.23778057
0.20346308
0.21127009
0.19201612
0.20448208
0.20490289
0.16676474
0.15074015
0.13163185
0.18108654
0.16382647
0.22081137
0.32420492
0.14526987
0.14282727
0.25280356
0.19371819
0.15551162
0.19261527
0.19325495
0.22466803
0.16712546
0.14600825
0.17639279
0.16048479
0.18019581
0.15528917
0.14691329
0.14483595
0.13944435
0.17374468
0.15235209
0.18489623
0.23773551
0.20333219
0.20502234
0.20840240
0.20330644
0.20547795
0.20790005
0.20605826
0.22101641
0.21121073
0.21498013
0.22376847
0.19739985
0.20713425
0.20138478
0.19788337
0.19409585
0.20056629
0.19384837
0.23060632
0.22358108
0.18637180
0.23653364
0.23148894
0.16448498
0.14874101
0.21539474
0.18775105
