0.05286169
0.19301915
0.20373559
0.19869375
0.21603799
0.22528553
0.16431379
0.16439152
0.17509770
0.14221644
0.14763856
0.14893484
0.15145421
0.16775703
0.17372108
0.25169277
0.22179437
0.16881490
0.29143810
0.19086313
0.19324756
0.15718889
0.15499187
0.14576721
0.16294670
0.16077209
0.18354869
0.16727304
0.16400981
0.17815399
0.14454579
0.14037299
0.16410899
0.18644691
0.14336467
0.15847898
0.17219806
0.15133858
0.12648773
0.15657187
0.15168905
0.17381024
0.21387935
0.20053506
0.16868114
0.14901280
0.17365146
0.24882507
0.19933701
0.20821834
0.22915196
0.17292476
0.20949602
0.15952063
0.17512822
0.14491367
0.15109324
0.17758846
0.18970513
0.18557191
0.20691490
0.20483518
0.21123099
0.19816422
0.20254445
0.20772982
0.20445848
0.19295382
0.20654726
0.19891357
0.20831966
0.19733596
0.19932508
0.19338894
0.19607878
0.19916081
0.18984365
0.19188523
0.18726707
0.19256592
0.21010876
0.26611972
0.19933486
0.17880511
0.25785184
0.19725180
0.17795444
0.19674683
0.17955709
0.25753522
0.26708913
0.22367454
0.18722010
0.22837329
0.23881102
0.24692130
0.22992325
0.19510102
0.24234033
0.20751929
0.21618176
0.16981578
0.14510250
0.17051220
0.14143300
0.14496017
0.16929340
0.17155457
0.16432452
0.13625550
0.24470091
0.18761468
0.17842269
0.19254899
0.26821041
0.13809466
0.24333739
0.20148516
0.23455405
0.18584871
0.23032260
0.23877501
0.18539977
0.20207381
0.21460319
0.20024872
0.18808603
0.26418138
