0.03022981
0.14953828
0.17293000
0.19692898
0.20311666
0.26538181
0.24873233
0.21101856
0.18145752
0.12699246
0.21736646
0.21937346
0.20180535
0.20351863
0.21686268
0.28152132
0.25334740
0.22528291
0.22938585
0.22579813
0.22084689
0.19781518
0.19573689
0.19629455
0.20184970
0.18974924
0.18731594
0.19550848
0.19594502
0.18992591
0.24059606
0.20328951
0.19667244
0.24312258
0.26252508
0.23468041
0.22628284
0.15427756
0.25671887
0.23083329
0.17039585
0.19966650
0.20558357
0.12976599
0.13595271
0.18303156
0.20807838
0.19029570
0.20679569
0.25485682
0.22757673
0.20810127
0.20683789
0.22836351
0.21969199
0.23990035
0.20302796
0.24108505
0.20517516
0.15934610
0.13305616
0.14044833
0.16792774
0.16242862
0.16082072
0.13040972
0.16162944
0.22608376
0.12569785
0.24546552
0.23671174
0.22986889
0.18937135
0.17438793
0.14891410
0.18965364
0.23674512
0.15310645
0.17196202
0.14816427
0.17342687
0.19999623
0.14702773
0.16314077
0.14985991
0.16195321
0.14318991
0.15000629
0.14670920
0.14067483
0.23011017
0.13789105
0.14548302
0.17254114
0.17486644
0.15002728
0.16536832
0.14579415
0.15434623
0.21865702
0.25611043
0.24572301
0.15899920
0.16053796
0.17951322
0.19538975
0.21233892
0.19744468
0.20699239
0.17067981
0.16935992
0.17371535
0.22936344
0.19208956
0.14984083
0.20323110
0.14017272
0.14429545
0.12746787
0.13363719
0.15737534
0.15698481
0.16205931
0.19833302
0.15250659
0.17438340
0.12054467
0.15649247
0.16266465
0.19291353
0.15410614
0.13593817
0.17718315
0.19713593
0.14669943
0.15007997
0.14448857
0.16342306
0.15410972
0.17229843
0.20533586
0.18076682
0.21004987
0.19292474
0.22524643
0.18822551
0.21105218
0.20441961
0.20058846
0.18513989
0.29354119
0.18772078
0.18617773
0.25996828
0.18195009
0.18608141
0.19118857
0.18453050
0.19383979
0.21897745
0.18714738
0.24829459
0.21522427
0.19871879
0.20337701
0.25044274
