0.03290772
0.18240523
0.18645644
0.19953847
0.18463039
0.17848206
0.18284011
0.17771292
0.22644520
0.23422790
0.23007441
0.18237209
0.13332582
0.19563150
0.20053339
0.20212746
0.15692377
0.20780468
0.21239567
0.21132040
0.20977211
0.23134089
0.20176291
0.23517346
0.21562362
0.24200559
0.25900412
0.25690269
0.22077012
0.16619730
0.11931562
0.15472293
0.14175439
0.15248132
0.15697813
0.13862681
0.19572735
0.20563149
0.24429917
0.20222950
0.14109254
0.14097857
0.20233107
0.25101709
0.18199778
0.19417167
0.19920063
0.23946691
0.18349695
0.17557645
0.19393682
0.22666597
0.14658403
0.18485403
0.23133516
0.14925647
0.14745998
0.13639712
0.14509773
0.13716960
0.15922165
0.16306162
0.16573811
0.18502951
0.13888574
0.15066266
0.15376472
0.18088365
0.19107985
0.15419769
0.19252729
0.17605948
0.18532133
0.22898340
0.19474006
0.20068097
0.21411443
0.19107771
0.15521836
0.15903616
0.15115714
0.23073125
0.14002943
0.25519013
0.25066519
0.25909328
0.28575158
0.21334314
0.18435216
0.19192815
0.18871760
0.19237685
0.20245099
0.20894265
0.19726157
0.19921494
0.19647098
0.18971181
0.18674588
0.21027493
0.18643212
0.18277049
0.18598318
0.18835473
0.18658566
0.21757340
0.22910357
0.25221491
0.25924659
0.22462535
0.23710537
0.24809289
0.25264692
0.21101379
0.18250299
0.22987938
0.20411158
0.18236828
0.13300085
0.15203524
0.23303699
0.21377611
0.23309040
0.16575766
0.22734523
0.18470693
0.17844915
0.19379473
0.19357324
0.26781940
0.21406817
0.23234153
0.22868657
0.18519282
0.17647004
0.17106915
0.18839455
0.19395757
0.14704728
0.22377515
0.16265202
0.10412788
0.10669374
0.13352990
0.26297283
0.19521832
0.14735246
0.14060950
0.13544035
0.16569304
0.14868736
0.12926602
0.14358258
0.14734602
0.22876143
0.22993851
0.19146681
0.18865728
0.14458609
0.18397832
0.15053225
0.16152596
0.14396024
0.20198584
0.19104481
0.21486378
0.21482944
0.22967243
0.16638684
0.15748787
0.18186688
0.20162392
0.12003565
0.15334868
0.13810325
0.15150189
0.16349411
0.15411448
0.13121986
0.15050173
0.14240408
0.14869571
0.17855072
0.19374681
0.13733888
0.12220788
0.12653852
0.14887476
0.15035725
0.21685314
0.14467597
0.17597055
0.20953250
0.23758674
0.17622685
0.15558171
0.15100241
0.15928197
0.15997100
0.17581487
0.22442245
0.23715687
0.18286467
0.26181364
0.19148183
0.17537785
0.19088292
0.18066931
0.20391798
0.20670176
0.15567112
0.14231634
0.16972971
0.19062257
0.18649340
0.28699088
0.21880078
0.17495346
0.14194536
0.26677465
0.20600986
0.17788506
0.16422820
0.15286160
0.15137577
0.15298367
0.14751410
0.18043280
0.18005157
0.17198777
0.23215127
0.21829128
0.17965889
0.17324948
0.14260530
0.13717175
0.13900805
0.16153526
0.15035391
0.14532351
0.15317583
0.15651488
0.18101478
0.18474030
0.16914749
0.14080811
0.13633561
0.14172316
0.15474105
0.17364836
0.14859819
0.14527702
0.14098930
0.11672735
0.11444211
0.24324393
0.17922926
0.18670011
0.12132382
0.12321234
0.13465786
0.13315082
0.15309238
0.15880585
0.16842914
0.14440775
0.17804050
0.14311409
0.15741396
0.16327143
0.15643740
0.16641951
0.23543262
0.14142966
0.16924334
0.15996313
0.21083140
0.15086532
0.15997481
0.11450553
0.14676046
0.14891386
0.15592313
0.14091420
0.14119959
0.13994312
0.13366246
0.13201380
0.12198067
0.14907646
0.14639831
0.14429188
0.15541863
0.14607430
0.18630743
0.17188787
0.15401483
0.13652730
0.13274360
0.13137484
0.16730380
0.14977956
0.15040326
0.14110351
0.14472532
0.14591312
0.13372302
