0.04587841
0.19140649
0.21222925
0.23536777
0.22475481
0.22210145
0.18796492
0.18513155
0.20663214
0.22015190
0.19291615
0.19644070
0.21303630
0.19567800
0.17284751
0.17149210
0.18393540
0.18356752
0.19194365
0.21425176
0.21809745
0.23718166
0.22954941
0.24202013
0.22008014
0.21667433
0.20474005
0.20969343
0.29204011
0.17778850
0.16019368
0.15320015
0.14629602
0.15172863
0.16197944
0.17226458
0.15229750
0.16227293
0.16415143
0.17214417
0.17617559
0.15510225
0.14553881
0.16210318
0.17709780
0.15157938
0.15720487
0.23484588
0.16216087
0.17151189
0.23361826
0.19053435
0.19860005
0.19558692
0.17639732
0.19663167
0.15262198
0.14359546
0.14274263
0.12929225
0.15095162
0.24104428
0.17850566
0.14461184
0.16132259
0.15242863
0.16584420
0.17560816
0.18807268
0.14731765
0.17970943
0.17088032
0.14330602
0.14667726
0.23164129
0.23257041
0.18626332
0.18701696
0.18508887
0.17030811
0.17904234
0.19614935
0.18572664
0.13495970
0.15065193
0.15059614
0.14645529
0.14722896
0.15131736
0.16681194
0.18734622
0.18993521
0.19593716
0.17936969
0.18150139
0.18873549
0.18860269
0.19101596
0.20416141
0.15336394
0.30041313
0.14661598
0.13562846
0.15423059
0.14440894
0.16061211
0.14897180
0.15397358
0.16178107
0.15888143
0.16218519
0.16561627
0.16298604
0.16402411
0.18350911
0.19782257
0.24243879
0.18702984
0.20296907
0.20882511
0.20479965
0.21801186
0.20255494
0.20704985
0.22878790
0.26068354
0.22678590
0.20830345
0.20559263
0.20766950
0.20546556
0.20017457
0.19204021
0.19804358
0.19400048
0.19671011
0.22338772
0.18696404
0.20700431
0.19975019
0.19473672
0.20862818
0.21693850
0.27602935
0.23337984
0.16803217
0.20956445
0.20247912
0.21209645
0.23652077
0.25191879
0.24813581
0.21108508
0.20689154
0.21927500
0.23860526
0.24754238
0.21554422
0.22484255
0.19317150
0.23828268
0.24252391
0.16760230
0.12422562
0.15713024
0.16338396
0.17177653
0.14483881
0.18245006
0.17094421
0.21181631
0.20218301
0.16018701
0.13552737
0.16300917
0.14297771
0.19117928
0.25517464
0.23226285
0.22084498
0.16531277
0.13071036
0.15251780
0.16688418
0.15499306
0.21222401
0.18610311
0.14238977
0.17133999
0.16909957
0.22736669
0.18823504
0.25502658
0.20200372
0.19543123
0.19893599
0.20698166
0.28174496
0.18523622
0.22141290
0.15439105
0.14312124
0.18926883
0.18680167
0.16851020
0.14902091
0.15220118
0.14270115
0.17829490
0.14238334
0.15687847
0.17402101
0.20269561
0.16126609
0.11374402
0.21005702
0.19311333
0.11663866
0.14346862
0.15220165
0.20329642
0.15642881
0.15377712
0.19268465
0.19211721
0.18452549
0.17214251
0.13856125
0.13598228
0.16795754
0.15262914
0.16558576
0.15160537
0.15679145
0.14834762
0.16206622
0.16855645
0.23264384
0.20243049
0.17463517
0.18669891
0.13836646
0.14893126
0.12890911
0.14076686
0.15589547
0.16026640
0.16197443
0.17943811
0.16225672
0.15492415
0.16148734
0.14085841
0.18916702
0.14676595
0.13894200
0.11581445
0.14763355
0.14579391
0.15261745
0.16534925
0.14974880
0.13554192
0.15534067
0.16573358
0.16969538
0.15264750
0.18908882
0.28895807
0.24077058
0.20617223
0.21249580
0.20957470
0.20208669
0.21130681
0.21421504
0.23559785
0.22006917
0.27260470
0.25268960
0.27261615
0.18925929
0.18776608
0.19895840
0.19310427
0.22847104
0.27484941
0.14525461
0.15256548
0.17477703
0.20825052
0.15175247
0.22338176
0.16954541
0.22145557
0.21658230
0.24635601
0.24369073
0.21585560
0.21529436
0.25935435
0.27931595
0.21912456
0.23148060
0.18928027
0.19333196
0.18911839
