0.03534055
0.16845632
0.17104435
0.15010023
0.15963721
0.13499022
0.22572923
0.17669034
0.17570901
0.23961043
0.15161681
0.13433075
0.13557410
0.13047099
0.22225833
0.19569016
0.24007964
0.20687032
0.24360991
0.20813298
0.21908116
0.22225475
0.21680307
0.20259356
0.23089910
0.23082900
0.22646642
0.22890997
0.21211004
0.21348238
0.21481895
0.28814101
0.18775082
0.20538783
0.18869519
0.21625471
0.24612713
0.23901272
0.23491168
0.22643065
0.24201202
0.14038539
0.21874094
0.23080802
0.17205572
0.20641541
0.21748328
0.16442680
0.21947074
0.21969032
0.20650625
0.20109749
0.20794439
0.20327520
0.22003913
0.20928860
0.21664858
0.22191525
0.22775936
0.21022630
0.19710231
0.19768548
0.24712682
0.23984528
0.17984104
0.21126747
0.24102283
0.16164684
0.19490099
0.13362575
0.13362813
0.14440465
0.14341307
0.17356586
0.15067101
0.14654469
0.21803617
0.17780828
0.24747992
0.24930072
0.27196527
0.19689345
0.21398020
0.19431067
0.25859380
0.23549914
0.21360040
0.20426226
0.16635871
0.20457053
0.24287343
0.15099072
0.21225119
0.14785933
0.15859270
0.14897919
0.15437293
0.18070030
0.14948297
0.15672112
0.15592289
0.20803475
0.16115952
0.14867067
0.18358254
0.15127969
0.15965867
0.15850663
0.13531470
0.13455629
0.19916725
0.13323283
0.14282060
0.15118027
0.14771175
0.14565945
0.16205692
0.15928841
0.13195777
0.13116908
0.16901922
0.19094801
0.14138651
0.14816403
0.13691330
0.15462112
0.22294235
0.15073228
0.23198366
0.18115973
0.27005982
0.16327500
0.24468279
0.28736877
0.24591494
0.13359094
0.26512194
0.26129818
0.18801308
0.22072339
0.26428461
0.20921397
0.22566938
0.18352365
0.21653962
0.16721869
0.22533154
0.15597034
0.16017056
0.16311216
0.17269397
0.14043331
0.21860051
0.24735427
0.17910767
0.14958930
0.16308761
0.15844917
0.12604427
0.17853570
0.22956157
0.14335132
0.12891889
0.12903762
0.20157456
0.13181186
0.16977954
0.27137303
0.17234850
0.13934183
0.18866467
0.17776585
0.20620823
0.22500825
0.17392087
0.21486115
0.23501968
0.20674610
0.17472076
0.19195294
0.26607919
0.32169414
0.23268533
0.19046974
0.21614742
0.19595623
0.19245267
0.19488597
0.19209409
0.29737425
0.27268958
0.17352748
0.23509955
0.22734308
0.22046828
0.27815795
0.17984653
0.21959853
0.22080588
0.22745538
0.14877629
0.17141962
0.20829201
0.17469883
0.22780156
0.23130751
0.23704147
0.22932673
0.20029163
0.19535756
0.22617769
0.24537897
0.23487186
0.24111414
0.15383959
0.20525670
0.13901949
0.32548642
0.18553162
0.16003180
0.19895673
0.14718914
0.12748170
0.15747976
0.16750264
0.15018439
0.17238522
0.14473319
0.16545963
0.18419862
0.15853500
0.15257621
0.14194441
0.15387344
0.18053126
0.24636316
0.23834372
0.28016353
0.22316194
0.15525699
0.14715075
0.16404486
0.23648810
0.18853378
0.14349914
0.14696050
0.19447231
0.18218470
0.23839712
0.19684672
0.23860002
0.17395449
0.20493793
0.18465161
0.15822482
0.21753168
0.18607545
0.17866611
0.18652797
0.18848395
0.14030623
0.14097524
0.13814688
0.17160749
0.13063359
0.14702344
0.12790680
0.12289214
0.12947798
0.15566421
0.18113256
0.15089297
0.17464805
0.13776970
0.15862775
0.15928340
0.13884997
0.16473627
0.17370081
0.15861940
0.16364431
0.20412326
0.20015049
0.13471460
0.18826938
0.21076059
0.18716311
0.18472004
0.21121097
0.21168637
0.29459214
0.16637325
0.14940763
0.15121126
0.30059242
0.26855850
0.22758460
0.19344330
0.19162393
0.19532323
0.19788456
0.19581532
0.19290090
0.19314265
0.20728970
0.19347763
0.19173431
0.19725370
0.19103074
0.19545555
0.18747044
0.19589782
0.18875051
