0.02497816
0.19139194
0.21953464
0.21455026
0.20040083
0.22694588
0.28255558
0.19751477
0.19131637
0.19550300
0.21142673
0.26689148
0.21979880
0.17964673
0.20652986
0.19182086
0.19703150
0.16620183
0.23910880
0.22014308
0.20002079
0.17314029
0.17078519
0.20350504
0.23828006
0.20307302
0.20560050
0.21521497
0.23202252
0.22388411
0.20808458
0.23339343
0.27776766
0.22486138
0.20197439
0.17909765
0.20561123
0.25109768
0.16607046
0.15108967
0.25112295
0.13611388
0.18062830
0.18920946
0.15436459
0.15926790
0.14911890
0.16744232
0.15716195
0.23224688
0.14722824
0.17143130
0.15738034
0.19382906
0.16140652
0.15056014
0.15562916
0.15474844
0.20021319
0.19463611
0.25467515
0.22104669
0.21306157
0.22771358
0.24437809
0.25077629
0.27372169
0.23683548
0.16623759
0.17735076
0.17973471
0.15076208
0.13992977
0.16068482
0.18865061
0.25525570
0.19388175
0.20601177
0.24623871
0.15348244
0.16089940
0.14933848
0.15954971
0.15696955
0.16831326
0.15279269
0.20098019
0.21286774
0.25495172
0.20370436
0.17142677
0.19272017
0.21194053
0.15067005
0.13976359
0.13952756
0.13507819
0.18348432
0.17055941
0.16694856
0.15128064
0.18499660
0.16649485
0.17467046
0.17205977
0.20903850
0.16413260
0.20520759
0.24203777
0.14121580
0.14294744
0.19257116
0.19861269
0.19225574
0.19240141
0.25041151
0.18891692
0.19130778
0.17017865
0.14963937
0.15190196
0.16298890
