0.03270364
0.19824386
0.23332047
0.23267865
0.23435998
0.25692415
0.25319123
0.17645550
0.22083640
0.19356918
0.20785594
0.18426895
0.24931049
0.24097133
0.22890258
0.25330615
0.18289828
0.21113253
0.17003679
0.21424508
0.16426015
0.17293048
0.21275544
0.17689705
0.20217443
0.23008609
0.22052526
0.21607733
0.24433112
0.27276611
0.23882008
0.21055007
0.28111815
0.21120191
0.19948363
0.17694092
0.18906760
0.13823819
0.14077258
0.20785213
0.12741828
0.13927674
0.18922400
0.14926839
0.22837877
0.20655537
0.18345857
0.12916970
0.16335058
0.14408827
0.15810394
0.15054512
0.15941763
0.16232562
0.14844251
0.16389608
0.17009902
0.17162013
0.15402865
0.16300869
0.21671152
0.15835643
0.15208149
0.24333787
0.20764518
0.20148587
0.21691060
0.20994043
0.16601825
0.15584707
0.17504740
0.14367533
0.17765927
0.15718436
0.17387509
0.18602037
0.20213723
0.14835835
0.12513304
0.16510153
0.15035415
0.14910531
0.14741731
0.14603257
