0.03982973
0.23706079
0.15513515
0.16450262
0.17225909
0.29233789
0.19298196
0.16885400
0.15931535
0.15350866
0.19360375
0.16929412
0.21098709
0.22229862
0.20075369
0.20139098
0.17482448
0.19648933
0.22431207
0.24883032
0.21664834
0.19554877
0.20493174
0.19565296
0.19488811
0.21193838
0.20270777
0.21317220
0.21999741
0.21440744
0.20458317
0.19808793
0.20065999
0.20595694
0.20845819
0.18891215
0.19108558
0.19167876
0.19135618
0.24429131
0.23033667
0.17464471
0.21050310
0.21347165
0.20348668
0.16890168
0.19219017
0.13261461
0.27902317
0.23504210
0.19536567
0.21186471
0.23955345
0.20017195
0.19794369
0.20898461
0.23733115
0.22542167
0.18082476
0.21963310
0.17787194
0.20332432
0.20783949
0.24592876
0.22829843
0.18744802
0.28964186
0.25479078
0.21199679
0.22023129
0.18512416
0.23690486
0.19249558
0.19955158
0.14287019
0.14736938
0.23938751
0.18694949
0.18700194
0.19223094
0.19756246
0.17473912
0.19401646
0.24576330
0.24132109
0.26313591
0.23613906
0.22016931
0.22303629
0.21401715
0.18078041
0.30299020
0.17268300
0.15336370
0.18329549
0.18987417
0.23244023
0.16853094
0.16029501
0.14506364
0.14350533
0.15011621
0.17642665
0.22428107
0.15284300
0.13755035
0.16630316
0.16465425
0.14238811
0.21233797
0.24107361
0.12283945
0.13616300
0.16189575
0.16215587
0.14213490
0.14816976
0.14004803
0.14566326
0.16494131
0.19150281
0.14550328
0.17086959
0.15414190
0.14671135
0.20689631
0.23692393
0.23590565
0.13519955
0.15180039
0.15381575
0.14317465
0.15400147
0.21032500
0.15700293
0.16930008
0.16462159
0.14333129
0.19309878
0.20521617
0.19866943
0.15762019
0.16775417
0.14987445
0.16666603
0.12492037
0.15108013
0.14010334
0.17156744
0.15994239
0.17421579
0.15713906
0.15569282
0.23514915
0.18244815
0.23761821
0.14684439
0.15012193
0.14418507
0.16119218
0.16125774
0.14104939
0.16140747
0.16292405
0.15519238
0.16747999
0.16169500
0.16043448
0.15745211
0.16776466
0.15135288
0.29980278
0.17912412
0.28212881
0.18439293
0.20528460
0.18670368
0.26707983
0.23758316
0.20060277
0.20789623
0.19651175
0.20374894
0.20105767
0.20224166
0.20205164
0.21932173
0.21972060
0.20800638
0.20525956
0.20721579
0.20735884
0.19656181
0.19289017
0.19728804
0.19215202
0.22519875
0.22403860
0.21567965
0.21302724
0.21800423
0.20034432
0.18851304
0.19725180
0.21017671
0.19696569
0.20905590
0.18292594
0.23708081
0.18383193
0.23158932
0.21334577
0.21922684
0.26696014
0.27574635
0.21187901
0.26903319
0.26472044
0.20513058
0.21477246
0.22174978
0.20608950
0.22363782
0.21510839
0.12423611
0.24193668
0.21114182
0.27259851
0.23944259
0.21649671
0.20519161
0.20790124
0.24287462
0.14728856
0.13445187
0.13430905
0.14717388
0.14959645
0.13916087
0.19248152
0.15453219
0.15593386
0.13915062
0.14601707
0.15488696
0.11836457
0.15718770
0.15582657
0.13420534
0.23266387
0.14996839
0.13514662
0.15219927
0.15398884
0.15716720
0.15974998
0.17254782
0.11692977
0.16092253
0.11940193
0.13233685
0.14213419
0.14574718
0.14815474
0.16360188
0.28300548
0.14476919
0.20010734
0.15008616
0.20405126
0.16991472
0.16262269
0.15315580
0.15249825
0.14796495
0.16696644
0.16684341
0.15962601
0.21062469
0.17016244
0.22583914
0.24444628
0.17015243
0.19735098
0.15914607
0.15466928
0.17730570
0.14780879
0.13188243
0.16168952
0.13105178
0.14797449
0.14720845
0.14896822
0.17347074
0.16786242
0.14473248
0.15074801
0.16530967
0.14318442
0.15310454
0.20477057
0.18831158
0.15511036
0.15502834
0.14765167
0.12746906
0.12630486
0.16077542
0.16129971
0.13671041
0.13981867
0.13725686
0.15713120
0.16124678
0.14622784
0.14390969
0.14249039
0.18662357
0.18580556
0.15981770
0.15986347
0.15070820
0.13504696
0.16416216
0.15275216
0.14653254
0.13327932
0.19199800
0.15102839
0.18272424
0.22706079
0.13876629
0.16686344
0.15579438
0.15439534
0.20177627
0.22191215
0.22387171
0.21793509
0.18030119
0.15862298
0.13911796
0.17700338
0.18414474
0.18434453
0.18338919
0.25972438
0.23512697
0.15266800
0.15589905
0.14096212
0.15010667
0.16500807
0.18977857
0.15393901
0.14252424
0.13077402
0.13448954
0.14559674
0.22059894
0.21062803
0.20474911
0.18506074
0.21872663
0.17651224
0.21149778
0.21055436
0.19926858
0.20136070
0.19759846
0.20612216
0.20210934
0.19616938
0.21044731
0.20863438
0.20734310
0.34270763
0.21450233
0.19796610
0.19497013
0.21541953
0.19409323
0.19534135
0.19635367
0.22291875
0.22098064
0.22113585
0.24119997
0.18133688
0.20822167
0.22572732
0.23019147
0.21750355
0.19100165
0.23725843
0.20472360
0.17154574
0.17694998
0.22608852
0.24126863
0.23624682
0.22900128
0.25431991
0.19224548
0.22946525
0.21150589
0.20732999
0.24754810
0.25054741
0.21086717
0.19375801
0.13654780
0.20117211
0.18689179
0.15068889
0.23271728
0.20394230
0.20636368
0.23189187
0.22334170
0.19329929
0.16126800
0.16522908
0.16713691
0.16203904
0.16562653
0.16039276
0.22372532
0.18798518
0.15046525
0.20652771
0.16104388
0.16387749
0.17313623
0.16746807
0.15189266
0.16163349
0.15382409
0.12081456
0.12965941
0.19552732
0.21003056
0.15576935
0.15352154
0.15205407
0.16533136
0.18244648
0.16096449
0.16510773
0.16319418
0.16002488
0.16234350
0.21981382
0.24555135
0.21449900
0.21338725
0.14050221
0.20234585
0.20236254
0.19725871
0.21880293
0.21692824
0.21617317
0.15267062
0.16169858
0.16620135
0.15325761
0.15318322
0.15784907
0.21167183
0.20312524
0.22840214
0.22217560
0.19688201
0.20796013
0.20547557
0.20580912
0.20100284
0.25331283
0.25473332
0.21091986
0.22275662
0.20911598
0.20732331
0.21015525
0.20197916
0.19272208
0.19710159
0.19634652
0.21956015
0.23094082
0.21685743
0.20399666
0.23461628
0.20056510
0.22413325
0.24464035
0.22172213
0.20766854
0.21901536
0.16797233
0.19286633
0.20406556
0.25295877
0.22579265
0.20292139
0.22136164
0.18351769
0.23460722
0.23321223
0.22231460
0.25191069
0.21640062
0.23632884
0.23550987
0.18706584
0.23938537
0.24923396
0.21520233
0.17556453
0.12898660
0.14887094
0.15145969
0.16248560
0.19555664
0.17045116
0.13489485
0.19975233
0.22969103
0.20532465
0.26560950
0.16529155
0.15574074
0.24307179
0.23927927
0.15305114
0.14825392
0.18713713
0.26745081
0.20775843
0.21850753
0.20086765
0.20728469
0.16162252
0.22683120
0.19535542
0.17113447
0.18063903
0.18397689
0.15613508
0.15909767
0.16224360
0.17091084
0.17285252
0.15331864
0.15660310
0.14079237
0.12991834
0.15032172
0.22902441
0.12498045
0.12192130
0.12886357
0.17142391
0.15871978
0.17524433
0.14260387
0.17207551
0.22410440
0.20722580
0.15126944
0.14735579
0.15073204
0.16425085
0.20370889
0.21113729
0.22225833
0.19242311
0.21751881
0.21858168
0.18317080
0.19202995
0.25864482
0.21409464
0.22707891
0.20588946
0.19181633
0.19046307
0.19423246
0.18914056
0.22758198
0.17398834
0.16092277
0.15608215
0.13569951
0.13846588
0.17371798
0.16808844
0.16212821
0.16019797
0.22889876
0.21698236
0.15462518
0.19263649
0.14855766
0.15474701
0.15661311
0.15432119
0.15676594
0.17739272
0.14536977
0.14637399
0.14325857
0.15091586
0.16041636
0.25088000
0.24198675
0.20084286
0.19284248
0.19226456
0.21214390
0.21159244
0.21534491
0.22471070
0.22102737
0.21786880
0.23449993
0.21177030
0.22220016
0.22225499
0.20588923
0.19421458
0.19981480
0.19686294
0.20419598
0.20435596
0.18375492
0.22849894
0.18496037
0.17901278
0.20206523
0.20662212
0.21808791
0.20222116
0.17945218
0.19650173
0.19270778
0.25026774
0.21682262
0.23665810
0.23304367
0.20579052
0.23256540
0.19296074
0.23623776
0.22731924
0.23051071
0.20699906
0.15423799
0.15429640
0.15844369
0.25083041
0.21282959
0.20821714
0.20603776
0.21663260
0.20888090
0.16038537
0.23264885
0.17494750
0.18161678
0.18108916
0.20213175
0.15281081
0.14885259
0.15699744
0.19627643
0.18190551
0.24036288
0.23915434
0.20275664
0.20293164
0.19004154
0.18943810
0.24169564
0.18942142
0.20250654
0.18257332
0.14038062
0.12995863
0.15185595
0.15687466
0.15735841
0.16973853
0.15756130
0.13467669
0.19902968
0.15613294
0.14702749
0.13830948
0.14335513
0.15889025
0.16762948
0.13278747
0.22032833
0.20296383
0.18754077
0.14740968
0.15860510
0.15829873
0.17651391
0.21454740
0.21353436
0.22787714
0.19559431
0.22824025
0.20167661
0.15848136
0.17544818
0.16336513
0.15234303
0.15907145
0.12804556
0.15183854
0.18687677
0.21594191
0.19697452
0.20914602
0.13514233
0.15209007
0.17329168
0.15353203
0.15360093
0.16691422
0.18618393
0.15392566
0.17097712
0.15430951
0.15441942
0.15036178
0.19322681
0.24639750
0.19696403
0.19830871
0.23763585
0.18162489
0.18965983
0.16058826
0.12940264
0.16261292
0.15643263
0.15942526
0.13562298
0.15298772
0.14857483
0.14757848
0.16784120
0.20959377
0.25634432
0.31490445
0.22312069
0.21988583
0.19613218
0.16019225
0.20405149
0.20804381
0.23411131
0.18027353
0.23822474
0.20780945
0.20522809
0.20082545
0.20667791
0.20337534
0.20383978
0.20364022
0.20728207
0.20923591
0.20821261
0.20662808
0.19826245
0.19349098
0.19813776
0.19685268
0.19249773
0.19624114
0.19556093
0.21023512
0.23520541
0.22682858
0.24074960
0.22904253
0.19736218
0.18678451
0.24350762
0.23532581
0.24535513
0.26709270
0.21941924
0.22639871
0.26573515
0.22456503
0.23814821
0.22167540
0.22497511
0.17891145
0.21635842
0.18298721
0.25560331
0.18567681
0.12900090
0.21268034
0.12137413
0.16344881
0.15762806
0.24263525
0.25062227
0.20839858
0.24218321
0.19520783
0.17379713
0.28510070
0.24254584
0.21088171
0.16441989
0.16979909
0.21842074
0.16193938
0.16086030
0.14750457
0.15745091
0.14901757
0.22835851
0.18345189
0.18305707
0.18419313
0.13413644
0.15308046
0.15835690
0.15950656
0.15934396
0.14136577
0.19768167
0.18624210
0.14240122
0.19084573
0.17110991
0.16607261
0.15342116
0.14366579
0.15603256
0.17378807
0.16023350
0.14103627
0.13642573
0.15194440
0.15398693
0.14948845
0.14313269
0.14178061
0.14492440
0.24546552
0.25161171
0.18896818
0.17395425
0.20555186
0.21298099
0.19023347
0.19885230
0.14829206
0.27409959
0.13479972
0.15315008
0.21263456
0.15250397
0.15818453
0.15204430
0.16768289
0.15535951
0.15837145
0.13327217
0.14735889
0.14579391
0.17369032
0.14756107
0.15985870
0.15144444
0.22615385
0.14855361
0.15242147
0.14486742
0.15285611
0.17781425
0.15134668
0.13995004
0.15465331
0.15107441
0.16350770
0.15659928
0.18685436
0.15748954
0.18957424
0.13420367
0.14658666
0.16361070
0.15427470
0.16742086
0.16606641
0.16016483
0.14268422
0.20410204
0.14932418
0.22638178
0.16123176
0.33596087
0.23420262
0.20944333
0.20739770
0.19369721
0.20237160
0.20190597
0.20478702
0.20876694
0.21173477
0.20453453
0.20703363
0.20568252
0.20943284
0.21495128
0.20554876
0.20574832
0.20006442
0.21020913
0.19344878
0.19725657
0.19405580
0.21501160
0.23378015
0.27081180
0.21261048
0.22894120
0.19948673
0.23212814
0.21561837
0.20921874
0.24009752
0.21809697
0.21011162
0.22965240
0.12150693
0.24693346
0.23738909
0.22431183
0.19347239
0.24354649
0.23536348
0.23214746
0.23043680
0.19605136
0.19004893
0.19467783
0.21075702
0.18194866
0.19995928
0.25931501
0.24459171
0.26007962
0.19100380
0.23778510
0.31130433
0.20750165
0.16305256
0.21941137
0.16581845
0.21560216
0.15845275
0.18598723
0.21081161
0.16112041
0.15567064
0.14585662
0.26270247
0.20281363
0.18059587
0.18569469
0.16054869
0.22099686
0.16636777
0.21638036
0.17535377
0.14883780
0.13828516
0.14401507
0.16408181
0.15493679
0.16425800
0.15447402
0.14770961
0.14365101
0.15225267
0.14427328
0.16293168
0.16709375
0.19249201
0.14534807
0.18898988
0.23591065
0.19514751
0.19224429
0.17615628
0.17297220
0.12621355
0.11999679
0.12560129
0.13625526
0.16300988
0.16957498
0.15386462
0.13697362
0.15879583
0.16617703
0.13679910
0.15755749
0.16493845
0.16247201
0.13648224
0.15567803
0.16480708
0.15518045
0.16218948
0.14940929
0.25052500
0.19959378
0.26040268
0.21271849
0.24423289
0.21188021
0.19977236
0.20735836
0.20771670
0.20233750
0.20019531
0.22136784
0.21615458
0.20388794
0.22111177
0.20513010
0.20338130
0.21060085
0.19312835
0.18928313
0.19434214
0.19291091
0.19418454
0.24338794
0.22494221
0.24609065
0.23460555
0.22853208
0.23551035
0.24467993
0.18065023
0.18182564
0.17263365
0.22115922
0.22796965
0.23542047
0.22153401
0.25076413
0.23072553
0.26462770
0.22267532
0.23127747
0.17082357
0.19978237
0.17383552
0.23448896
0.25092745
0.27759933
0.28493762
0.15131855
0.19080305
0.20301867
0.23642826
0.24299002
0.20616817
0.17784047
0.17683220
0.21851921
0.20466709
0.22990179
0.23205996
0.20580578
0.23709226
0.15615463
0.15733838
0.16087580
0.14651537
0.14072800
0.14287734
0.15248275
0.14864469
0.14756012
0.16148305
0.16629148
0.22978950
0.18264389
0.20398021
0.19471407
0.17749000
0.19801450
0.18373847
0.16209865
0.16453648
0.17758203
0.19241643
0.19112372
0.23410296
0.25883722
0.20257807
0.23827982
0.17363977
0.19470310
0.18082905
0.19467092
0.15564942
0.16455960
0.21121979
0.21263099
0.21033072
0.21807671
0.23409152
0.18241692
0.17643952
0.15739655
0.15862346
0.14072204
0.16078758
0.16465068
0.14820337
0.13863349
0.17776012
0.26612139
0.24132872
0.19921136
0.18865442
0.18752527
0.16285801
0.13836861
0.14429426
0.23441768
0.15539169
0.19967604
0.16258144
0.14975524
0.19649482
0.16764498
0.16221476
0.19161487
0.16718149
0.15258074
0.13554168
0.13248801
0.14317036
0.15094638
0.16229916
0.21435595
0.22989988
0.20269084
0.20546603
0.19817972
0.20485044
0.20232677
0.20354319
0.20220447
0.19719076
0.21221566
0.22293830
0.20889354
0.21586204
0.19668293
0.19737267
0.20063710
0.20442986
0.19174433
0.19422054
0.19993329
0.19521570
0.21232367
0.25425148
0.23417568
0.22994804
0.25312328
0.13169551
0.15607667
0.23182535
0.22730231
0.26147389
0.22142458
0.19054294
0.28338313
0.24790859
0.17876220
0.21376133
0.24141932
0.15968299
0.22891331
0.17471790
0.17004657
0.14303470
0.13560247
0.16144204
0.12754989
0.15416431
0.15077281
0.20519280
0.20059395
0.15861464
0.20894265
0.20807362
0.20473814
0.16414022
0.14687324
0.15974116
0.14023042
0.24091840
0.22133422
0.23380494
0.18456674
0.15955162
0.20709562
0.22893214
0.22124982
0.18507266
0.15513110
0.14090157
0.18057227
0.14287853
0.16025496
0.15882444
0.18086171
0.16603661
0.16324711
0.20844746
0.17714095
0.13291931
0.15715218
0.14708328
0.15201545
0.15407801
0.14825177
0.16358113
0.16818094
0.13781643
0.15492773
0.15232801
0.16060185
0.15909100
0.14860678
0.21175599
0.23836398
0.16855550
0.24987197
0.19939566
0.16521406
0.17207479
0.16003656
0.13266611
0.12291288
0.15550852
0.14945245
0.14932632
0.16031122
0.14292026
0.14103675
0.14055991
0.14617896
0.13074994
0.15834284
0.20239305
0.17827916
0.16567254
0.15656567
0.19380403
0.19835949
0.20753169
0.21825600
0.18960714
0.15478587
0.15754509
0.14956307
0.15873003
0.15776610
0.14653277
0.14778185
0.22559547
0.17234564
0.15615249
0.15157676
0.12092590
0.13056540
0.11030364
0.13338351
0.14705062
0.17086172
0.18340230
0.19466019
0.20591497
0.18299484
0.17553329
0.20229506
0.20050430
0.19060969
0.18503284
0.18140054
0.19450903
0.20975065
0.23637748
0.19718981
0.20071411
0.20893288
0.20297551
0.20133972
0.20076275
0.20292974
0.20758986
0.20353627
0.20512033
0.20295000
0.20424986
0.20200276
0.20776725
0.19495916
0.19778895
0.19369435
