0.05026555
0.25069618
0.21249390
0.20693684
0.21933651
0.23454356
0.21932220
0.19267893
0.18058276
0.19423604
0.23035502
0.24840617
0.22179675
0.19843197
0.24093962
0.20796585
0.16908836
0.17185783
0.16200376
0.23522639
0.17547369
0.18739367
0.26775217
0.25380278
0.19735384
0.20737624
0.21193266
0.14155984
0.19474983
0.18273401
0.13249588
0.18197775
0.15362215
0.14850378
0.17267299
0.20840454
0.15952253
0.14845800
0.17545676
0.24784088
0.15756249
0.17156768
0.16226959
0.16430545
0.17753315
0.27000809
0.14662814
0.17642927
0.18476915
0.18777466
0.20831251
0.19736624
0.15717912
0.19602227
0.15755796
0.26338196
0.17551970
0.17877913
0.21880150
0.13411593
0.15878654
0.15232563
0.20320988
0.21823716
0.17334771
0.23870754
0.15220070
0.18545461
0.12486959
0.14634085
0.15262866
0.14276052
0.15737009
0.15410686
0.20243120
0.22326493
0.21653271
0.21665239
0.18925667
0.25832343
0.15737534
0.15199280
0.20722723
0.14963484
0.15941834
0.14134073
0.14693213
0.16247535
0.15336752
0.17142534
0.15481830
0.15490174
0.15806413
0.15197039
0.14398193
0.13144803
0.12653708
0.13248539
0.13674045
0.12292576
0.15278196
0.16082215
0.19714642
0.26200891
0.27059317
0.22313666
0.19172621
0.19836426
0.27160692
0.22452354
0.21947718
0.22187829
0.20528746
0.19320798
0.20432401
0.22253442
0.19498730
0.18921065
0.19716716
0.19454145
0.23360991
0.21866918
0.20410538
0.20783973
0.21673822
0.21477437
0.23086023
0.20269942
0.23155499
0.20691919
0.20711803
0.21431470
0.24252892
0.23538446
0.27099872
0.24918771
0.22733212
0.19173646
0.18362355
0.24688649
0.14684129
0.17437553
0.21957016
0.21912646
0.24617743
0.23117852
0.17826533
0.15916729
0.22922826
0.20808196
0.19184089
0.32893538
0.18405581
0.20219445
0.13464737
0.26517081
0.18297553
0.19314337
0.14771748
0.15210414
0.17439818
0.14145017
0.13178349
0.16388917
0.17697477
0.21806526
0.15209556
0.17110014
0.23396587
0.15061092
0.24861217
0.21322799
0.13538218
0.22839928
0.14873362
0.15518236
0.16770363
0.16690993
0.17271018
0.17022061
0.19095922
0.19153452
0.18565679
0.19804859
0.16444063
0.24156022
0.14622331
0.15355897
0.16505957
0.15235901
0.13420057
0.14980006
0.14859557
0.15646243
0.21219635
0.18213725
0.20553470
0.21779513
0.21385527
0.16580367
0.15340686
0.16593003
0.18915510
0.16254497
0.15509272
0.15154290
0.13817477
0.13239336
0.12971354
0.14047718
0.16625619
0.19256854
0.21122813
0.21638203
0.20500970
0.20921063
0.20081639
0.20555091
0.20484257
0.20437813
0.20258236
0.20099425
0.21085238
0.20774913
0.25552225
0.21816993
0.20292807
0.20939469
0.19423461
0.18738675
0.19503760
0.19159985
0.21124840
0.23264766
0.20588040
0.17588305
0.20221210
0.22323489
0.22275114
0.21834445
0.17703009
0.22699285
0.21371937
0.18948936
0.21611118
0.19974160
0.22254372
0.22293401
0.21592331
0.20494390
0.20964193
0.23786235
0.21139050
0.22653461
0.20274830
0.15514159
0.18123055
0.13657355
0.16227961
0.16227841
0.16230083
0.20254874
0.22049260
0.15206814
0.13850093
0.14385152
0.14081049
0.17305565
0.16747904
0.20563865
0.19810438
0.19394088
0.26286149
0.20005512
0.21681046
0.25640154
0.25378323
0.22586870
0.19260144
0.21465969
0.18400860
0.26461768
0.20731807
0.20741630
0.23910546
0.21321535
0.17513824
0.25408483
0.20117354
0.21028042
0.14901924
0.22449279
0.17191911
0.17313933
0.21042848
0.17726636
0.17670655
0.18063378
0.18929291
0.17902088
0.17496300
0.17848754
0.18256021
0.17061234
0.13383174
0.12854195
0.14777827
0.16482687
0.15674019
0.17245626
0.13549304
0.18809414
0.14506507
0.13996720
0.13658571
0.18249273
0.19179749
0.13761783
0.12736034
0.14926267
0.22207761
0.23318648
0.20366836
0.25221658
0.20850253
0.21523190
0.22069764
0.21165729
0.19739604
0.21238899
0.19876981
0.20467019
0.20609260
0.19671178
0.20173097
0.21941328
0.20354772
0.21334577
0.20385504
0.20806527
0.19956756
0.19858766
0.19060087
0.19834042
0.20011282
0.21815395
0.23454595
0.22249460
0.23316026
0.20194483
0.24219251
0.22039390
0.23344207
0.21865463
0.24212408
0.20750213
0.19376159
0.25976133
0.23994637
0.21251583
0.23808813
0.21928620
0.26216841
0.20526218
0.16503692
0.31132007
0.19593096
0.20287609
0.24544883
0.22664642
0.19057727
0.20525742
0.21030760
0.21898985
0.18418741
0.17872429
0.20995808
0.21625113
0.20500708
0.19201255
0.19703603
0.20843625
0.22924328
0.18048263
0.18430400
0.18671107
0.18015647
0.20002007
0.19088054
0.22410679
0.12488174
0.12421966
0.13507366
0.18459368
0.14909911
0.15515709
0.16032529
0.16662169
0.16028929
0.16799426
0.21836543
0.24102879
0.17010927
0.16629577
0.13593888
0.15990353
0.13022923
0.15590930
0.17441440
0.16838503
0.17188215
0.25213718
0.22107315
0.18070102
0.25499058
0.15114641
0.15998554
0.15962934
0.16095996
0.12661624
0.12627578
0.12924814
0.15177298
0.17103028
0.16405654
0.17701554
0.13460970
0.15910625
0.18188858
0.15960884
0.14966583
0.14573264
0.14851713
0.12942576
0.13127708
0.17508316
0.14407873
0.15960526
0.16616535
0.15277624
0.13032651
0.17326832
0.16227293
0.15657330
0.15528536
0.13780832
0.15854454
0.14386988
0.13326335
0.14715886
0.15064859
0.20655465
0.19600773
0.20727062
0.21103168
0.20969176
0.20212460
0.21725106
0.21072268
0.20350170
0.20217538
0.20246720
0.22130132
0.22838068
0.21371436
0.21438909
0.20675540
0.20477891
0.21662736
0.19489193
0.19125485
0.20139027
0.19426417
0.19045925
0.21712637
0.20617747
0.17133880
0.23913717
0.20180464
0.19762945
0.20863461
0.23087907
0.20735431
0.20173526
0.20399880
0.25158572
0.25715899
0.22700548
0.19288135
0.18475294
0.24962831
0.21821213
0.23485684
0.23020434
0.21862721
0.22281122
0.18180466
0.18899369
0.19878173
0.12096977
0.14732313
0.14637232
0.13194466
0.13050914
0.17228198
0.16382146
0.26796484
0.25217199
0.20563602
0.14385915
0.13502407
0.15909362
0.15884137
0.24227071
0.21343303
0.20427227
0.33254933
0.21159601
0.17364812
0.24951744
0.18583727
0.19535136
0.21862125
0.20349741
0.21600914
0.20399642
0.15242815
0.18500042
0.28709817
0.19850111
0.23561049
0.21921277
0.16273737
0.15831733
0.14608932
0.15598750
0.16516614
0.17286444
0.14862823
0.14376044
0.15166354
0.15256357
0.16247988
0.15267134
0.21784711
0.15884757
0.17118669
0.15944290
0.16029811
0.17891121
0.15903807
0.15142918
0.14218211
0.13557196
0.15516973
0.15564156
0.16670704
0.16450858
0.13608170
0.12051225
0.20524478
0.18409872
0.15800405
0.15345430
0.16471839
0.22621608
0.20597625
0.25348234
0.22287607
0.20689416
0.18176651
0.21226597
0.21118331
0.17844915
0.21694279
0.16126466
0.19390273
0.18895960
0.22538710
0.23645639
0.20839620
0.16004205
0.14264369
0.21952820
0.13552690
0.16493106
0.16256738
0.17175555
0.16077995
0.17398047
0.15421224
0.14745808
0.16019011
0.16002846
0.16465521
0.16100359
0.21673250
0.17342472
0.22372222
0.20516109
0.20903683
0.26429653
0.21227074
0.19672918
0.19412255
0.19429755
0.20599341
0.20686698
0.21080637
0.20460320
0.21066928
0.19506741
0.19304562
0.19508672
0.20840669
0.19287395
0.18918943
0.19746923
0.19554830
0.19770694
0.25743961
0.24384689
0.25550914
0.24715614
0.25330472
0.22977734
0.19001460
0.23848724
0.23087978
0.23625159
0.22288156
0.19832087
0.23668885
0.21039224
0.23178434
0.24539638
0.20115399
0.18840694
0.24146891
0.17276073
0.16616964
0.22171140
0.15632868
0.16304159
0.17199278
0.15338659
0.18142700
0.18542314
0.15837955
0.16763043
0.15532422
0.16826630
0.14894629
0.15796018
0.16323924
0.17555261
0.24347639
0.12447858
0.13900208
0.15770936
0.12984920
0.17462134
0.14939499
0.20515585
0.14619398
0.13787961
0.23318410
0.19726992
0.14709711
0.18496156
0.18656707
0.15240979
0.14652681
0.18527937
0.17399931
0.20580745
0.14105201
0.21510386
0.15540862
0.13952065
0.14250994
0.22771430
0.21487474
0.22738171
0.26907897
0.20130515
0.23025203
0.24982262
0.29415822
0.20312214
0.24800968
0.25840139
0.20223880
0.27075291
0.17791104
0.14655375
0.16498375
0.14479637
0.15906405
0.14288473
0.23956442
0.14902997
0.18692541
0.21130729
0.19599128
0.19386601
0.18614578
0.17250204
0.16438866
0.19797540
0.16275978
0.16479707
0.15946674
0.21120214
0.19958782
0.16960168
0.22926259
0.17931724
0.15596533
0.14228368
0.16495633
0.14925146
0.19788933
0.13570976
0.15712762
0.14933968
0.24974465
0.18309140
0.20201159
0.24729896
0.18380308
0.16192508
0.21375632
0.19095588
0.20612669
0.26113820
0.20086813
0.20129800
0.19970465
0.19049716
0.19356465
0.20293498
0.19199634
0.20830774
0.20004678
0.20257282
0.19659615
0.19721794
0.19193673
0.19324946
0.19901967
0.19065976
0.19100618
0.20567679
0.19715166
0.19372320
0.24131465
0.18987370
0.14978933
0.16832280
0.22638559
0.21168900
0.13648868
0.20016742
0.23195791
0.18136477
0.22950649
0.19874620
0.23622036
0.22175694
0.17688060
0.19090009
0.21223259
0.22614121
0.25684667
0.19161010
0.18719363
0.19955158
0.19924498
0.25086260
0.21989536
0.24521446
0.14519000
0.19120765
0.21907759
0.18344736
0.18964386
0.19355989
0.21408176
0.24620867
0.22725606
0.23138309
0.14605308
0.13909173
0.14705467
0.14216781
0.15733981
0.15625262
0.18046117
0.14285111
0.15748763
0.22164106
0.13296342
0.15508986
0.16301870
0.14266348
0.22925973
0.17799711
0.18117332
0.20868492
0.19879270
0.18205976
0.25256896
0.16159320
0.17832065
0.19444895
0.18627667
0.20396709
0.14914489
0.16355729
0.15039968
0.27391720
0.21486521
0.23687172
0.21053958
0.24024034
0.16693687
0.21215940
0.14506960
0.14372253
0.13962603
0.13797784
0.16555214
0.16937661
0.12392569
0.13041782
0.14590859
0.15472698
0.16133809
0.21409297
0.16154385
0.14163709
0.14445472
0.18558860
0.18737459
0.19749975
0.15250659
0.13565183
0.16780400
0.22554374
0.20251727
0.18977714
0.23881483
0.23688769
0.16788721
0.14591694
0.22020483
0.15136909
0.15360022
0.15752792
0.16379690
0.16608047
0.11339736
0.15884972
0.14353085
0.15131116
0.14223766
0.13289833
0.12412691
0.16857862
0.16381645
0.13101649
0.13338065
0.16413546
0.17992687
0.17988229
0.15944529
0.16152453
0.14308167
0.18109298
0.27743769
0.20039272
0.19240212
0.17751503
0.15105438
0.16259360
0.15026188
0.31232119
0.20233822
0.22709060
0.22092390
0.15504050
0.15537238
0.13476110
0.16964245
0.22325063
0.20785165
0.20601392
0.20082855
0.20266819
0.20653272
0.22693634
0.19983315
0.19245458
0.19998980
0.19885015
0.19745636
0.19310164
0.19501805
0.19323325
0.22610736
0.20727587
0.22050476
0.22546411
0.22076845
0.22811556
0.21552849
0.22925997
0.22059274
0.22093821
0.21713686
0.18952680
0.18161559
0.20325685
0.22696781
0.22734141
0.23711777
0.21049523
0.22123957
0.25184250
0.21048331
0.21399975
0.16879416
0.16087127
0.14590502
0.15324926
0.16248870
0.16462779
0.21473408
0.14176750
0.23245025
0.24795175
0.18752360
0.18087792
0.14694858
0.18038511
0.22932339
0.13399005
0.14306426
0.20160103
0.22186136
0.18558097
0.18403935
0.18728518
0.12537384
0.20240688
0.22034550
0.22488403
0.15691733
0.15688682
0.18339944
0.21254039
0.16522074
0.15124846
0.14492106
0.16390896
0.16367149
0.12778187
0.14345622
0.16413188
0.15361881
0.13253260
0.15720320
0.20974994
0.20920920
0.24800706
0.20603037
0.24776959
0.20663548
0.16413283
0.20167947
0.23091722
0.19685745
0.15821695
0.18570113
0.23336625
0.24306154
0.17780304
0.18898416
0.19430518
0.26255512
0.23643064
0.16867757
0.22901106
0.14027834
0.17882466
0.19535661
0.14000607
0.14307570
0.13310695
0.12842441
0.14212346
0.12633538
0.13796616
0.14528966
0.18317080
0.15739799
0.16252971
0.13886142
0.14458203
0.14297986
0.17991018
0.25239754
0.17315197
0.14797473
0.18489289
0.13748431
0.14280057
0.16714978
0.14813232
0.15329504
0.13751340
0.14715242
0.16206288
0.16439676
0.20994353
0.19788647
0.23003006
0.28080702
0.18421292
0.15676999
0.13845372
0.14055109
0.16059875
0.14756489
0.18373370
0.14585829
0.15723205
0.13608551
0.13590145
0.18574357
0.24277020
0.20361495
0.22954750
0.19091034
0.17811418
0.14620256
0.17066503
0.19635153
0.15118074
0.17068291
0.15903306
0.14551663
0.15211558
0.17032862
0.14529896
0.19045663
0.20268488
0.17607903
0.22845531
0.18941689
0.28101182
0.24327135
0.21405864
0.20817351
0.22528362
0.22421908
0.22535157
0.24638629
0.22885871
0.22314024
0.23026133
0.21600533
0.22531581
0.22964215
0.23230052
0.23367929
0.18872190
0.19715285
0.18712902
0.20006204
0.18475771
0.18046308
0.19555902
0.18062353
0.25058508
0.24853587
0.25474548
0.23754001
0.23496938
0.16113591
0.20817471
0.26915407
0.23999691
0.16872525
0.24745917
0.18806529
0.15735817
0.15839219
0.28504038
0.22558832
0.20787644
0.21883011
0.16667414
0.19223762
0.19361401
0.23778081
0.14222264
0.21289420
0.21484971
0.19439673
0.31045198
0.22647643
0.24565220
0.14708543
0.17281175
0.26576877
0.18346906
0.18842673
0.15066004
0.16633534
0.18401265
0.14965296
0.15409279
0.17134070
0.23402071
0.22935605
0.18921757
0.25419974
0.17906499
0.17598319
0.24424434
0.22441721
0.19205713
0.19886112
0.20662594
0.15712190
0.25167966
0.25048351
0.21655107
0.17613316
0.17494678
0.18376017
0.17700839
0.18128395
0.17962980
0.18228889
0.17639661
0.17514777
0.17962503
0.17993450
0.21952176
0.17134643
0.14656949
0.15704465
0.16096807
0.25334787
0.19857359
0.18612218
0.19290447
0.22643375
0.23877621
0.25249529
0.23946023
0.19753337
0.20816088
0.19421339
0.19104815
0.18450642
0.19986153
0.19054437
0.18960428
0.19299531
0.20488095
0.20059800
0.20976543
0.20710945
0.18886709
0.19396400
0.20826507
0.18692064
0.18239689
0.19054532
0.19128442
0.24527478
0.30090356
0.19955158
0.19358754
0.19911003
0.24724197
0.21763897
0.22831321
0.23933387
0.20042276
0.19730067
0.18884230
0.19426489
0.23800373
0.18983984
0.17695212
0.17608023
0.17601013
0.18680787
0.17935419
0.18055844
0.22710919
0.20682096
0.19267988
0.17596054
0.19089484
0.17132735
0.20834970
0.21248078
0.15752935
0.23391342
0.23068476
0.19728923
0.17584062
0.17537093
0.17702079
0.18098569
0.18329644
0.20037627
0.25614500
0.17753839
0.17643976
0.19280148
0.20709896
0.19861913
0.19322228
0.19403219
0.19465375
0.25405097
0.15812826
0.21720839
0.19628048
0.12950730
0.23450470
0.25929928
0.20715618
0.18480706
0.20488930
0.15723133
0.14637399
0.15476394
0.16217542
0.24870920
0.26947308
0.26138282
0.15584183
0.16737747
0.17770481
0.23155832
0.15265250
0.14265227
0.14195371
0.16343784
0.15874839
0.15337300
0.12516284
0.13139319
0.14889646
0.15875340
0.18302774
0.25173974
0.21927619
0.14794898
0.16856527
0.16579342
0.14180994
0.15444160
0.14767408
0.17728806
0.14634776
0.17603946
0.14680862
0.16338015
0.16094542
0.19679737
0.19842339
0.18034530
0.16172981
0.15483260
0.19665551
0.17240644
0.15714884
0.14048052
0.16025114
0.12842989
0.14039540
0.17678213
0.20969772
0.15264177
0.20557690
0.19342351
0.22110081
0.21342683
0.20633817
0.14258385
0.17414141
0.15041685
0.14147925
0.16358089
0.15982866
0.13382435
0.14819837
0.13377881
0.14684749
0.17123032
0.19466066
0.17582798
0.14625549
0.15422916
0.14674425
0.14904189
0.17491961
0.18518972
0.18730974
0.13319826
0.16865182
0.18080020
0.15550828
0.15985155
0.15879083
0.14002514
0.16380262
0.14842629
0.20390320
0.14866495
0.22344089
0.19454241
0.16417432
0.14504218
0.13954830
0.17176485
0.14167571
0.15537643
0.14766979
0.13713264
0.14897275
0.14850044
0.13117886
0.15349579
0.14825487
0.15735626
0.21161962
0.14054728
0.14053464
0.17001939
0.16850710
0.15984344
0.13192058
0.14409518
0.24065018
0.21389127
0.22725105
0.19454622
0.21603012
0.21406889
0.21605396
0.20074725
0.19910169
0.20266771
0.20076537
0.19514585
0.19214606
0.20760870
0.21725512
0.21088386
0.22401214
0.19744325
0.20098662
0.19820309
0.20824313
0.19717717
0.19865441
0.20246220
0.18741870
0.22848797
0.23132467
0.27213717
0.23914886
0.27126050
0.16949630
0.15768313
0.22814584
0.23229814
0.20570111
0.15151811
0.22272635
0.17622375
0.17707014
0.17769217
0.18594003
0.19235921
0.24470997
0.21696162
0.19456577
0.19304323
0.18926954
0.19846225
0.22350454
0.22486186
0.23371696
0.29951382
0.19704723
0.15417075
0.22116804
0.22336721
0.27961111
0.29776812
0.14040565
0.15925384
0.14732075
0.15392542
0.19808459
0.12452793
0.14012122
0.13327384
0.14919233
0.16723561
0.20904183
0.18058777
0.19206929
0.15479636
0.18685746
0.13458967
0.14386010
0.13537765
0.18057394
0.13737178
0.13540649
0.14153576
0.13000202
0.13272429
0.16040230
0.14357829
0.13716531
0.14356685
0.13909507
0.15260363
0.16550016
0.15233445
0.16529036
0.15020704
0.15832996
0.17841792
0.21216798
0.14522576
0.14595413
0.16793346
0.18182039
0.15141273
0.13691974
0.16750288
0.17217493
0.16849732
0.15279436
0.13862491
0.16058612
0.18946910
0.15783954
0.12930298
0.16193557
0.18508124
0.17143250
0.15776825
0.15730071
0.15720558
0.11976337
0.13552284
0.14785671
0.14307594
0.19569826
0.13742924
0.18957901
0.22312832
0.20783186
0.16565061
0.15450191
0.14985871
0.15900183
0.16877007
0.19718266
0.14517522
0.14683056
0.16332197
0.16522121
0.15254426
0.14877462
0.16883063
0.24598575
0.21187735
0.23281240
0.18952131
0.19578862
0.18190980
0.14921021
0.14522147
0.17608237
0.16465473
0.16979122
0.20196033
0.23139238
0.23985672
0.19668698
0.20137596
0.20700550
0.20134068
0.20073938
0.19542336
0.20491385
0.19866490
0.21539187
0.19469666
0.20046449
0.19755435
0.19254899
0.21168518
0.19101572
0.18947434
0.19052672
0.19319057
0.19752765
0.26129341
0.22305727
0.23835421
0.23143196
0.24531198
0.25650144
0.20074368
0.20703506
0.21630764
0.22439218
0.19633937
0.24292827
0.25056958
0.21538782
0.19013858
0.30026388
0.24334645
0.19306087
0.17052293
0.26523852
0.21099305
0.22299361
0.23794007
0.15623927
0.26871657
0.22591257
0.26743150
0.22737885
0.20315528
0.24542975
0.17975950
0.16693950
0.23545933
0.19137764
0.16155577
0.17537165
0.12518740
0.14914799
0.30652094
0.19863629
0.16059327
0.15233064
0.14657068
0.16544437
0.14596128
0.15339208
0.15442991
0.16703939
0.14113331
0.15996385
0.18775749
0.18979669
0.18160415
0.15649915
0.17115521
0.15493631
0.25482845
0.21805525
0.14263940
0.16658187
0.14662981
0.15618110
0.19568801
0.22134066
0.25530720
0.15451431
0.14375615
0.14752507
0.16458559
0.20099711
0.17685008
0.20851588
0.14988041
0.24068308
0.19775081
0.19798422
0.17711878
0.22350502
0.17277980
0.20518470
0.15925837
0.21624303
0.20598793
0.19414735
0.20612359
0.25084686
0.18186164
0.22840261
0.17411447
0.16223502
0.14655423
0.24683833
0.28159881
0.19741988
0.18583584
0.19991541
0.14970446
0.13097572
0.14613509
0.15709496
0.19799447
0.18992019
0.17830467
0.18285918
0.25459242
0.21969128
0.25836444
0.18777180
0.24771476
0.26448679
0.22038484
0.19653773
0.22040105
0.21656728
0.21719003
0.21180463
0.20417953
0.20122218
0.20362329
0.19803548
0.18553138
0.18934202
0.19532132
0.20561504
0.21664667
0.22905874
0.24878955
0.23006749
0.22201657
0.22200823
0.26268387
0.19292164
0.20770574
0.25163007
0.23462510
0.25129843
0.21235132
0.22119975
0.22114348
0.21616602
0.21923780
0.25026870
0.22453737
0.22607112
0.21842504
0.24212146
0.24853921
0.22127795
0.27623868
0.19138956
0.19929719
0.23656702
0.19062209
0.21784782
0.27069139
0.25125504
0.18693757
0.21313095
0.20024610
0.23474336
0.25185609
0.13445973
0.25042462
0.17960405
0.18996334
0.19874907
0.18766713
0.22436523
0.17042732
0.29268551
0.23250008
0.18707967
0.32356310
0.24701333
0.16892195
0.15124178
0.15801239
0.15127397
0.15131354
0.14428735
0.12399936
0.14232421
0.15156031
0.18259764
0.18765426
0.14871407
0.14799738
0.16578984
0.15623689
0.16403246
0.14189863
0.16145039
0.22808194
0.21855831
0.15703249
0.16438031
0.15775609
0.15171957
0.18386531
0.14027262
0.20505977
0.15100455
0.15822840
0.15241957
0.12911773
0.15132952
0.16995525
0.19156981
0.15720654
0.15267777
0.14023900
0.15060973
0.13449097
0.14287114
0.13221121
0.17734885
0.16257358
