0.05154181
0.24597025
0.18982458
0.20892048
0.19016552
0.17231894
0.13678074
0.15059495
0.14342999
0.19927788
0.13297725
0.15693974
0.18413925
0.14329338
0.14288044
0.14246845
0.16388202
0.17908573
0.21450496
0.18854594
0.15663981
0.14713240
0.13633990
0.14581633
0.17317533
0.17479897
0.15502739
0.17537808
0.15762472
0.15536356
0.15700412
0.17357635
0.16426778
0.15334463
0.13951588
0.14455152
0.13931060
0.16176867
0.16375375
0.16008615
0.14151049
0.24245834
0.18321681
0.18891931
0.18578935
0.20046568
0.22204828
0.20371842
0.22224832
0.20155549
0.18422270
0.14668632
0.16879606
0.21334219
0.14745736
0.13629079
0.18660975
0.17504549
0.19852161
0.21122622
0.20548034
0.20248389
0.20145822
0.20501614
0.26507068
0.19876933
0.20515370
0.20271158
0.21431184
0.19947219
0.21035290
0.18741035
0.20194650
0.19094729
0.19433331
0.22406411
0.15423727
0.17691112
0.22886419
0.21046638
0.22953701
0.25080490
0.26718354
0.20744705
0.17382026
0.19055629
0.18842554
0.26704216
0.20266533
0.21550417
0.21540952
0.16249943
0.25365448
0.21026015
0.20973372
0.17299080
0.20422029
0.22620773
0.22488213
0.22813344
0.13655996
0.23757505
0.24961138
0.16296649
0.16719079
0.14986539
0.14882088
0.22783613
0.15788388
0.27865052
0.26611066
0.26729441
0.25037694
0.22307158
0.18318915
0.22026658
0.21450973
0.21269751
0.22033143
0.21605134
0.22098517
0.17750430
0.18159890
0.19797921
0.25462770
0.20871615
0.19600439
0.20110750
0.20865607
0.20261836
0.20135832
0.20239735
0.21693158
0.20997906
