0.05746865
0.21103930
0.19993925
0.20069170
0.19429564
0.23298955
0.19515753
0.19504356
0.19292784
0.19385910
0.21795273
0.24697351
0.25325918
0.20597124
0.25920153
0.22264528
0.21827269
0.24265814
0.26043653
0.22569394
0.20554805
0.26828313
0.21989036
0.21690631
0.20811987
0.23245478
0.19607878
0.22057891
0.20177388
0.20282388
0.18802118
0.17374396
0.14602041
0.22479773
0.14890528
0.16634917
0.15503263
0.14834356
0.22535253
0.16461301
0.17119408
0.13967109
0.17258191
0.24160051
0.17469192
0.15811515
0.20367885
0.26068115
0.19684863
0.19556212
0.27863097
0.23179674
0.14757991
0.14494514
0.18603873
0.21948886
0.18434906
0.24019504
0.30028129
0.27083230
0.19805050
0.20698881
0.22670960
0.17411971
0.13882828
0.12996364
0.25909734
0.21080828
0.15613604
0.23106170
0.24478555
0.20410967
0.22300434
0.18663335
0.22596931
0.17747283
0.16802597
0.19233227
0.19840050
0.24645138
0.21261930
0.22267461
0.24245954
0.17783499
0.19839692
0.23845816
0.21505857
0.20990610
0.19844365
0.19612622
0.19229698
0.20308971
0.19062519
0.19472957
0.19338489
0.19176292
0.19567823
0.19729900
0.19744945
0.19367576
