0.03940225
0.18797922
0.19335842
0.19063187
0.20263124
0.19044614
0.18808722
0.19057345
0.18620825
0.19632196
0.22290468
0.22497249
0.25612760
0.33802319
0.22760534
0.21025968
0.21406198
0.22831249
0.14871716
0.20452118
0.14211035
0.14290357
0.18962264
0.23524380
0.23383069
0.21386981
0.20789361
0.24865365
0.20538449
0.22924805
0.20487809
0.20633101
0.25065351
0.24042892
0.22532463
0.25147057
0.23990083
0.22002935
0.17125010
0.23521781
0.20688438
0.22744823
0.18267965
0.14067507
0.16851759
0.17527962
0.20848179
0.18400216
0.16283727
0.17881560
0.14453888
0.25554371
0.17189622
0.16650367
0.22383523
0.23288822
0.20411706
0.20217729
0.22995424
0.24879789
0.26264143
0.25548792
0.17012739
0.16241145
0.14309239
0.16418719
0.16825891
0.15696859
0.15487266
0.27628231
0.24391890
0.22578931
0.17263842
0.18078279
0.18531060
0.17849565
0.21074367
0.10909510
0.15977001
0.20662141
0.25100327
0.22843909
0.17941499
0.18559313
0.16157389
0.21291614
0.16673923
0.19073224
0.22858429
0.15876555
0.13806200
0.15269351
0.15735888
0.18543434
0.14781451
0.17186952
0.15207291
0.15188122
0.13465023
0.14429235
0.14584327
0.24578810
0.13235188
0.18637347
0.18768430
0.18996525
0.29403067
0.20016408
0.15369081
0.15102029
0.15245700
0.17170811
0.14820385
0.17743087
0.15455294
0.15013528
0.14945936
0.15703559
0.20934129
0.14525986
0.16196394
0.15292811
0.14747667
0.12352180
0.13364816
0.15675282
0.12597394
0.14598918
0.13053727
0.13694859
0.13446236
0.14626861
0.12665105
0.14714026
0.14574695
0.17022014
0.14839530
0.15755749
0.15907598
0.20993948
0.21238780
0.16749382
0.16580534
0.16784525
0.16219568
0.19216323
0.23458099
0.24343300
0.19988275
0.20650673
0.20382547
0.20276046
0.19650769
0.19798279
0.21790242
0.20766640
0.20252299
0.22646594
0.21434975
0.21197224
0.20649767
0.20590782
0.18847752
0.19788504
0.19822359
0.20067286
0.22209191
0.22051549
0.19918275
0.22358990
0.23604608
0.20549822
0.25288773
0.21055365
0.21196246
0.22120595
0.25829315
0.26045990
0.25911665
0.24252868
0.22809839
0.22996736
0.25984049
0.21743202
0.19519925
0.18542957
0.18950605
0.19007850
0.19822931
0.24030876
0.14697409
0.14707756
0.18491840
0.21548986
0.18827009
0.13642216
0.15162349
0.16185808
0.16836214
0.14773226
0.15103865
0.16683269
0.17375398
0.18496537
0.17248583
0.21483636
0.18251419
0.21467161
0.22315645
0.18682528
0.21935129
0.19413972
0.18483448
0.15942073
0.16429758
0.13597560
0.15289474
0.17471480
0.13192296
0.12080860
0.19356775
0.17800713
0.15230727
0.14426517
0.16955233
0.14893174
0.16319871
0.24426603
0.23571825
0.15978980
0.12499809
0.14512467
0.15307951
0.18515277
0.16848159
0.15389276
0.16768003
0.16094995
0.14979148
0.14291120
0.23396063
0.21213531
0.23136139
0.18128133
0.15694952
0.16018915
0.26190042
0.22193837
0.20909119
0.15630364
0.23708797
0.20745087
0.21371245
0.20417809
0.20466828
0.20755005
0.20658588
0.23162580
0.21125865
0.21834850
0.21833396
0.20919919
0.20722890
0.21974683
0.19672894
0.19756675
0.20185161
0.19652915
0.24221778
0.23076940
0.19397950
0.20609546
0.18452668
0.19665480
0.19846821
0.17519689
0.18754911
0.18523884
0.18282175
0.18695807
0.19714355
0.21851397
0.20876741
0.20563126
0.22613120
0.22325873
0.21600199
0.18598986
0.21136856
0.20404267
0.19679141
0.18784666
0.19194770
0.23342156
0.21048236
0.17846560
0.23033285
0.22790980
0.19559836
0.22852612
0.25852466
0.30126405
0.22174001
0.19104981
0.20922518
0.12234402
0.15330648
0.21459198
0.23863506
0.15787387
0.16389298
0.14850426
0.19769502
0.13871360
0.12706089
0.28447509
0.19414473
0.20555305
0.22454453
0.20958972
0.19366550
0.17830634
0.18481779
0.23819423
0.19565010
0.19136477
0.22986507
0.19328547
0.18330026
0.15944695
0.23921347
0.18263149
0.17007470
0.19537640
0.21036744
0.23649287
0.20342016
0.18893909
0.15671921
0.14633512
0.16970682
0.15359402
0.15360165
0.13368082
0.14651775
0.15357351
0.22704649
0.21256542
0.18785620
0.17293835
0.16930699
0.21913385
0.17270756
0.23899341
0.20563674
0.26797295
0.19525433
0.17928576
0.15799880
0.14534688
0.16217470
0.19914389
0.19245601
0.22198415
0.19973564
0.14984584
0.14931250
0.16811395
0.15593553
0.16075826
0.15067911
0.14347148
0.13394833
0.14754295
0.14668751
0.15178347
0.15174127
0.15205240
0.19087291
0.21483040
0.18273425
0.16258478
0.15183640
0.14987016
0.21920347
0.21397758
0.20547962
0.22273278
0.19356418
0.25076532
0.17186785
0.19382429
0.22408056
0.20095015
0.21026945
0.19926834
0.20067024
0.21113276
0.20060706
0.20255160
0.20324850
0.21622014
0.22914672
0.21728849
0.22282958
0.20565701
0.20150256
0.20731711
0.20428991
0.19594789
0.19430971
0.18927813
0.19874525
0.22853112
0.22199440
0.26399207
0.23981428
0.21624017
0.17129278
0.13671255
0.16949964
0.13965106
0.23389244
0.21744037
0.22360730
0.21961212
0.20687842
0.24405789
0.23368812
0.19591308
0.20476317
0.22072029
0.25625610
0.21747446
0.20869350
0.22047877
0.20508432
0.21426725
0.22325516
0.25154519
0.18642068
0.18966269
0.20725965
0.21177530
0.24288630
0.21809912
0.18112564
0.21576595
0.22073364
0.20116067
0.22164035
0.19328213
0.25351334
0.25596786
0.26285839
0.27238321
0.19370651
0.24175406
0.18405962
0.18579721
0.17387080
0.17510533
0.18231940
0.20336556
0.15184188
0.16207981
0.20244646
0.16146350
0.17014670
0.14726162
0.13274765
0.15941501
0.18285275
0.12798452
0.16007209
0.14968276
0.14025545
0.13990331
0.14563966
0.14039278
0.16897917
0.15223694
0.17832375
0.17392111
0.17622566
0.15589643
0.15792966
0.16607356
0.19365382
0.18615913
0.13580632
0.16208744
0.20036817
0.23008108
0.21250463
0.24192619
0.22852612
0.17625594
0.18046355
0.16655612
0.22514081
0.16568828
0.18856883
0.16535211
0.13921762
0.14602089
0.12782121
0.12685966
0.15118217
0.14436054
0.12420559
0.18798184
0.11015368
0.12966061
0.17615771
0.17659354
0.16839719
0.17578268
0.23261023
0.24476528
0.21066141
0.19708300
0.20318341
0.20204592
0.20493913
0.20543933
0.21613216
0.23130965
0.22295141
0.21365166
0.22097993
0.20711565
0.19414401
0.21434784
0.19412971
0.19853258
0.20497131
0.19200373
0.22299981
0.21822619
0.18752003
0.25226974
0.22402453
0.21712995
0.19706798
0.18615532
0.22478247
0.21769810
0.24073982
0.22970009
0.23717046
0.25186229
0.23567104
0.25318074
0.22462082
0.21246719
0.20233464
0.20361876
0.20273638
0.20104313
0.19084716
0.17892337
0.21382213
0.15652442
0.19052505
0.22442079
0.23047495
0.18148160
0.16709661
0.13622785
0.14434552
0.16458011
0.18689895
0.12117124
0.13935637
0.18720460
0.18473601
0.17101932
0.16252780
0.20735693
0.21221733
0.20967126
0.22108555
0.20039964
0.20451427
0.21179771
0.20853376
0.21806788
0.20211840
0.23051071
0.20925689
0.19592071
0.21514511
0.21076989
0.20704913
0.19513607
0.20293093
0.19713616
0.20039964
0.19736123
0.21024227
0.21727204
0.19693542
0.21718478
0.20860934
0.19457626
0.19784021
0.20279455
0.20447326
0.18864870
0.19352984
0.18727326
0.26083469
0.25749469
0.25282168
0.27428579
0.22341514
0.24119568
0.22441840
0.21564531
0.20791650
0.21277809
0.22525764
0.20244265
0.19212818
0.23016787
0.26918483
0.21541786
0.23108506
0.20888281
0.21650100
0.24445605
0.14112377
0.21578789
0.22178912
0.21563911
0.16092730
0.27725148
0.20119023
0.24504924
0.19210625
0.20835876
0.21307325
0.21036601
0.21758223
0.20520711
0.24090242
0.22421479
0.16180754
0.16133356
0.19082379
0.21238542
0.12972713
0.18342853
0.17850876
0.16135478
0.16906548
0.18444252
0.16529298
0.12734437
0.14642000
0.17284799
0.16307902
0.17892218
0.22812629
0.18918276
0.12778425
0.12816525
0.17540789
0.16495371
0.15447974
0.15657282
0.20933819
0.16139579
0.17607927
0.25606871
0.17202473
0.14976931
0.14583349
0.15707874
0.14247060
0.15843296
0.15988231
0.14259362
0.28337383
0.13785076
0.16595006
0.16173220
0.16878581
0.15372062
0.16484213
0.18729591
0.19143772
0.19067621
0.15557218
0.14274049
0.20438004
0.18953156
0.21145511
0.16844440
0.13857031
0.14566207
0.10879254
0.09813857
0.16292048
0.25152230
0.16097355
0.16574144
0.15304399
0.14961457
0.15047836
0.16306329
0.13257718
0.25557733
0.13084984
0.20045710
0.14667296
0.15864730
0.16996622
0.16699052
0.13417482
0.15903974
0.18485665
0.18928027
0.22581339
0.26369071
0.23497868
0.17132592
0.15360904
0.15632343
0.15900183
0.13517308
0.14576435
0.15923285
0.16048765
0.14584732
0.15718102
0.15961719
0.15000200
0.15686131
0.12470722
0.16531515
0.13614774
0.14399314
0.13080263
0.16369128
0.19283199
0.18610716
0.12935662
0.15076351
0.14399600
0.14930129
0.18255448
0.18687224
0.20279312
0.19433713
0.20034623
0.19940972
0.19746208
0.20409751
0.19153619
0.19777703
0.19271946
0.19272995
0.20926905
0.20545888
0.20715618
0.21018958
0.19062686
0.19595718
0.25008869
0.22488427
0.18374801
0.18697095
0.18516970
0.19396257
0.21710658
0.18572164
0.13928890
0.14365673
0.21342540
0.17658949
0.17905498
0.26218390
0.23221993
0.17965937
0.19248247
0.21191382
0.21278548
0.21743083
0.18271208
0.19552541
0.14584684
0.19346166
0.19081283
0.22799540
0.20372415
0.22749972
0.24437308
0.21793652
0.26282811
0.23576093
0.23668051
0.19909501
0.19786239
0.23674440
0.15537739
0.19629407
0.21309376
0.17755413
0.19721341
0.21410012
0.19719815
0.22494268
0.20900249
0.21249604
0.19652557
0.22273660
0.16424513
0.14310789
0.13748026
0.14067554
0.15091658
0.16458249
0.18920064
0.18859243
0.14657617
0.17557883
0.15777183
0.15612125
0.15008616
0.15005994
0.16896987
0.14777088
0.15001750
0.14646435
0.14742994
0.22308874
0.27789354
0.24928594
0.20949864
0.19114709
0.18157649
0.15161777
0.15821767
0.14951277
0.15262580
0.12972474
0.15522838
0.15731478
0.16685319
0.14180136
0.21484947
0.24001503
0.18512368
0.18272853
0.16847849
0.12937188
0.13953662
0.15737271
0.12723804
0.16551280
0.12563682
0.15091801
0.15834618
0.15821147
0.15117645
0.14075065
0.15675950
0.18346167
0.18210506
0.16106558
0.14905405
0.26958251
0.15809274
0.16780329
0.16347551
0.16443658
0.13722658
0.14102149
0.16218114
0.13727617
0.15165758
0.15599489
0.17714596
0.15844250
0.15407395
0.15661716
0.15647936
0.14694405
0.24492049
0.18916464
0.16102505
0.15579057
0.16976357
0.15157652
0.14131212
0.17397094
0.13296580
0.16094971
0.16255069
0.14431357
0.17707777
0.14575338
0.14502764
0.14780974
0.15359831
0.15132403
0.18966222
0.18451047
0.14719319
0.13862705
0.14980817
0.16655636
0.15959406
0.15376210
0.16729879
0.22795343
0.23142958
0.16084671
0.17515016
0.17000985
0.16979003
0.19672155
0.24570966
0.20037770
0.23315096
0.22060990
0.23997760
0.19692159
0.19222593
0.19431424
0.19317627
0.22710252
0.20190883
0.20031881
0.19924283
0.19554806
0.20055509
0.19708562
0.19571376
0.19303370
0.18721271
0.19087934
0.19807935
0.19010711
0.19160676
0.18971944
0.19337606
0.25300217
0.21142364
0.20130801
0.21751356
0.22347474
0.24298811
0.22385406
0.21313834
0.21649718
0.21435118
0.22131181
0.25495100
0.23493195
0.21242023
0.21952438
0.22727251
0.23831248
0.23124218
0.20718884
0.23342466
0.25420094
0.19827867
0.19959688
0.19230199
0.19576526
0.13679218
0.10801053
0.10752511
0.10436177
0.21864367
0.13976645
0.27971268
0.23359966
0.19144630
0.18923378
0.18894553
0.18208933
0.20192885
0.19091606
0.15627289
0.10786867
0.17812514
0.16844773
0.12915611
0.12829781
0.16227007
0.17122364
0.14747214
0.21814275
0.20620942
0.15166855
0.12659073
0.15348840
0.14591694
0.20920563
0.14626765
0.15121341
0.16215134
0.16491890
0.20716643
0.16356516
0.14120269
0.15580487
0.15404081
0.18653941
0.15842652
0.22280359
0.19407821
0.13205004
0.14022827
0.16429615
0.14975929
0.15895629
0.15989304
0.15712237
0.16083288
0.16275668
0.14936066
0.16293383
0.14257193
0.17301488
0.20353031
0.18820095
0.18321800
0.23029327
0.17607260
0.18677258
0.19826555
0.22871256
0.20996451
0.22260427
0.21420431
0.13748622
0.12504816
0.13705850
0.19226742
0.15514207
0.15078974
0.13401961
0.13879681
0.17526865
0.14964604
0.15010357
0.18721032
0.15110207
0.17187381
0.15182710
0.17296743
0.21032882
0.18532777
0.13781190
0.15290737
0.15093017
0.15817451
0.15232682
0.15422034
0.15427494
0.14442039
0.17413449
0.14938688
0.14390731
0.15212512
0.14587808
0.15431190
0.13871956
0.15395856
0.15028620
0.16517901
0.16131067
0.14946842
0.16907954
0.22624779
0.14515138
0.14956975
0.14852524
0.15291190
0.15718555
0.15391374
0.15668416
0.15769482
0.16330147
0.15188861
0.22312093
0.19531822
0.23685575
0.19795442
0.20606637
0.17987251
0.13709641
0.17456675
0.20056200
0.17548418
0.18905282
0.17887187
0.18529797
0.18863916
0.15548110
0.15292406
0.14022207
0.14798951
0.14706540
0.23982501
0.18449712
0.19118309
0.16773176
0.19401312
0.17585135
0.16355729
0.16625547
0.15069818
0.17455292
0.18251467
0.14065623
0.18424201
0.13830590
0.22844267
0.21940470
0.20815825
0.25372267
0.24336386
0.27645707
0.21411037
0.21428084
0.21438074
0.20841813
0.20372415
0.21450758
0.20309997
0.19207311
0.21115541
0.20010471
0.21395969
0.27235866
0.22404814
0.23169351
0.20382357
0.20423603
0.23259759
0.26227093
0.20683694
0.23286748
0.23423195
0.25248313
0.20719028
0.23549414
0.21713638
0.20358849
0.15898609
0.24209094
0.25133920
0.23524594
0.18963218
0.22169566
0.21078444
0.22930670
0.21325469
0.21401000
0.22505903
0.16052485
0.16218734
0.15428066
0.14379787
0.16302061
0.13600612
0.15275264
0.15617442
0.15336442
0.16973138
0.27783132
0.24470568
0.17292237
0.19298768
0.21674156
0.21365118
0.18627191
0.12930441
0.13164616
0.14673138
0.15220189
0.17209268
0.15844607
0.16823959
0.17060256
0.14180684
0.17979503
0.18356061
0.18361187
0.16948271
0.20777225
0.17696571
0.18754792
0.20341635
0.18043232
0.16397309
0.15845227
0.16309595
0.19194865
0.17418218
0.15002823
0.15768218
0.17385960
0.14148593
0.17318559
0.17975736
0.18966508
0.19236159
0.23731947
0.16640496
0.16690779
0.19764733
0.19909120
0.22181988
0.14953446
0.14624596
0.17644238
0.25157404
0.24459505
0.19445252
0.22204590
0.21981263
0.19626546
0.21532774
0.21643209
0.19457531
0.20203924
0.20672154
0.19912672
0.19453120
0.20049858
0.20469117
0.21071124
0.20824361
0.21201587
0.21563077
0.19970989
0.20382285
0.20741153
0.22837234
0.20762253
0.20046687
0.26795268
0.22044921
0.13606811
0.12901545
0.22798944
0.26381969
0.24285197
0.23245406
0.20528126
0.19339275
0.19499278
0.14728618
0.26111031
0.26274681
0.19651222
0.18222618
0.22018147
0.23682690
0.22980404
0.23344684
0.23033857
0.24719977
0.21749902
0.24676514
0.22090650
0.20844364
0.23381019
0.15663838
0.14488482
0.27542973
0.22184348
0.19270897
0.19091558
0.14172292
0.09853864
0.20196986
0.18211865
0.19358015
0.19255686
0.18719530
0.23020744
0.22485542
0.17381191
0.21060443
0.20197272
0.20208716
0.18283010
0.19606996
0.17975545
0.16483116
0.15612411
0.19583082
0.18402362
0.25436950
0.17968750
0.15773559
0.23123693
0.16683936
0.18069172
0.18780661
0.21721768
0.16760540
0.16108179
0.14256239
0.13539505
0.15593100
0.12999010
0.13572717
0.13940406
0.13525200
0.16761518
0.22247219
0.22288060
0.18845963
0.17550230
0.13628221
0.15821242
0.15863395
0.19977117
0.14251518
0.15212345
0.21495390
0.18675733
0.22460318
0.13111782
0.13999224
0.19363618
0.16309166
0.15282154
0.15109825
0.15688324
0.15047240
0.14668107
0.16839027
0.16952443
0.14442945
0.14790773
0.25404859
0.21650386
0.17016149
0.16932964
0.27346539
0.19790316
0.22374225
0.22157836
0.20609283
0.19388986
0.20133090
0.19994593
0.19661045
0.20076609
0.20312667
0.20159292
0.20807219
0.20560193
0.20897651
0.20020509
0.19344330
0.19851446
0.20741367
0.18961668
0.19153118
0.20017815
0.19333124
0.22007036
0.24875021
0.23236322
0.24451900
0.23507977
0.20784235
0.24850726
0.23391843
0.23278618
0.22622895
0.23460650
0.25639486
0.22428679
0.25431442
0.21667695
0.24173546
0.21603036
0.20070052
0.25045681
0.17748713
0.23358369
0.21511436
0.17714071
0.23386168
0.19019127
0.24727726
0.19650245
0.22967935
0.16061997
0.18474984
0.15602374
0.20759940
0.18440056
0.13413715
0.20693588
0.21173906
0.22268653
0.19100571
0.25431824
0.19930768
0.16698074
0.25272751
0.18048453
0.26422095
0.25099707
0.24352241
0.21073174
0.22959566
0.20970345
0.19570613
0.18347836
0.14207458
0.15530705
0.20914006
0.19531965
0.13814425
0.17640185
0.14981699
0.17877960
0.18017578
0.24291492
0.14398575
0.13171959
0.12352228
0.15372872
0.14116955
0.13599277
0.12930179
0.15048981
0.16755509
0.16699886
0.15222311
0.14432049
0.16004682
0.13576007
0.16026163
0.14452195
0.15687275
0.22125483
0.18089676
0.14993262
0.13369846
0.13295770
0.17352962
0.14276099
0.14779496
0.14066601
0.16170239
0.10017610
0.12043023
0.11586499
0.15265965
0.23037577
0.16441488
0.15152335
0.19710875
0.20798755
0.20238662
0.17335606
0.15698385
0.28281045
0.17963266
0.17888021
0.15013576
0.16321898
0.13782120
0.16927123
0.16254306
0.18085361
0.15300965
0.19651151
0.16026974
0.15105486
0.14647365
0.26329184
0.20915341
0.24013638
