0.04362607
0.18805599
0.21353221
0.15873361
0.16948247
0.15662575
0.12632585
0.14981437
0.21455836
0.15397024
0.23276448
0.17456245
0.17862248
0.21315050
0.19526076
0.20691633
0.14922547
0.14868522
0.14528275
0.17400813
0.15972161
0.22250724
0.14890194
0.15205598
0.17678285
0.18498826
0.17951775
0.18818665
0.18479729
0.14943099
0.15148282
0.15663648
0.23296738
0.21698785
0.18645835
0.18641114
0.27725244
0.21517253
0.21058106
0.26857853
0.21179724
0.21895194
0.21155334
0.21015239
0.20496774
0.19516182
0.20080853
0.19830847
0.20684004
0.20681024
0.18837261
0.19980907
0.19482708
0.19164658
0.24168086
0.19981980
0.21701837
0.22615123
0.30970883
0.25994873
0.21575379
0.18721628
0.21134377
0.22927666
0.22920942
0.20254016
0.20825386
0.18451834
0.20724273
0.21638465
0.23088598
0.23394847
0.23475718
0.21587563
0.23072553
0.21564746
0.19254351
0.15575337
0.18704224
0.15953350
0.16845751
0.21968746
0.21591759
0.20180845
0.13629818
0.13998127
0.20842767
0.20942807
0.19911432
0.21882820
0.19734764
0.20268106
0.22482514
0.20427394
0.21891570
0.23024392
0.22061920
0.28673553
0.18492937
0.23123932
0.13923955
0.12731886
0.20798016
0.17469764
0.16020966
0.18380475
0.17353487
0.12836146
0.15517044
0.14435625
0.13943219
0.12768126
0.15140080
0.14038515
0.15337920
0.15935278
0.16176558
0.16845989
0.21493697
0.14966822
0.23586679
0.19951868
0.15162396
0.26028442
0.19853425
0.15390778
0.14684057
0.15035653
0.18978906
0.25576925
0.14407372
0.14971709
0.14126325
0.15989614
0.14909601
0.15453124
0.16271186
0.14979506
0.14938116
0.14697504
0.15974903
0.18106270
0.14027834
0.17237425
0.17965364
0.14809990
0.17151189
0.17980647
0.22106385
0.17540431
0.20332241
0.15248775
0.15705156
0.15419555
0.15138888
0.15171504
0.17575908
0.17278600
0.16928983
0.15673327
0.14753175
0.14500117
0.14135575
0.15532827
