0.02612901
0.16335225
0.13926649
0.14956832
0.13616657
0.25076151
0.20408177
0.18071151
0.19400287
0.22521520
0.17965984
0.14409685
0.20287156
0.19302893
0.14525175
0.16467357
0.21140218
0.15245199
0.16828537
0.16122842
0.17549109
0.16295242
0.16625237
0.14560509
0.13681626
0.10729241
0.13564825
0.15458417
0.14134073
0.11077452
0.11610413
0.14882493
0.15523839
0.15180945
0.23932219
0.15891480
0.15424895
0.16252756
0.14889884
0.14532924
0.20525885
0.16231418
0.15520978
0.13104463
0.15185475
0.16716695
0.15337920
0.15049529
0.13852906
0.14837790
0.15776491
0.15283871
0.16729760
0.14517570
0.12875938
0.17563772
0.15686989
0.23975062
0.11430192
0.12935162
0.15726733
0.15377593
0.15850258
0.15986276
0.15041447
0.14288378
0.14098430
0.15169716
0.13874936
0.19560671
0.15921068
0.15185475
0.18868399
0.17277527
0.13599586
0.18369508
0.13358545
0.12975621
0.14011002
0.13134575
0.14028168
0.15242553
0.13577700
0.15250230
0.19224501
0.24702835
0.21648884
0.22808790
0.20504856
0.19032311
0.20138955
0.21053100
0.19875288
0.19825554
0.21372819
0.21512055
0.20715356
0.21444035
0.21450567
0.20407224
0.20040727
0.21310997
0.18962073
0.19625354
0.19594598
0.19216275
0.24116373
0.19162321
0.21206713
0.24986506
0.21976995
0.32119942
0.23873568
0.23610902
0.19937849
0.23404169
0.22293997
0.18586683
0.23904657
0.22311330
0.17117620
0.20977426
0.18803191
0.19608998
0.24548769
0.25045562
0.22989440
0.22405696
0.17971325
0.15801907
0.18678188
0.15745568
0.16102529
0.16930151
0.17169046
0.18218422
0.20463395
0.17195797
0.14835167
0.14058208
0.16828370
0.15222311
0.20715904
0.14934516
0.16698647
0.14193678
0.15605140
0.11849761
0.14092255
0.27526188
0.28481531
0.21804833
0.20529079
0.24792266
0.17071772
0.16371465
0.22872519
0.18882108
0.18628335
0.23928952
0.16084886
0.15194726
0.13773012
0.13325477
0.14505458
0.20671678
0.22678256
0.20254636
0.20640874
0.24683571
0.24944878
0.18665838
0.16920042
0.18613338
0.16791868
0.13074470
0.21327019
0.24108720
0.24409389
0.22118068
0.20687389
0.24820042
0.20373321
0.23483586
0.25190520
0.16463399
0.16320610
0.14870501
0.21298623
0.21396303
0.15633392
0.20807314
0.27585578
0.26714087
0.22436643
0.18830156
0.20992160
0.21448731
0.19749880
0.20889425
0.19267178
0.20908594
0.20941544
0.20945120
0.22281289
0.21428299
0.27568579
0.29103661
0.19114041
0.19373846
0.19701433
0.18966341
0.22941875
0.20195627
0.19787192
0.25532961
0.13242269
0.17347693
0.21679711
0.24450612
0.19484615
0.20908761
0.20011258
0.22114849
0.23132038
0.24495101
0.23746204
0.22652912
