0.05678201
0.25819302
0.24174643
0.23755908
0.24908280
0.21033072
0.21128321
0.17732596
0.21533108
0.21057224
0.25680757
0.18247509
0.13212180
0.15928555
0.13525867
0.16868424
0.20000076
0.18030596
0.26425362
0.25464082
0.18120408
0.24373150
0.23728013
0.24649048
0.23220944
0.17216277
0.14067149
0.20134544
0.15072942
0.18102360
0.16585612
0.12859559
0.16306186
0.16793418
0.27293348
0.20536828
0.20099998
0.19038010
0.16816664
0.18268275
0.15820384
0.15023875
0.15110397
0.16161418
0.14649105
0.13056803
0.15217996
0.21513319
0.22530127
0.15445781
0.14787745
0.15495276
0.15183091
0.13891578
0.12616301
0.13433766
0.22247982
0.19019961
0.17802167
0.17865396
0.23765111
0.20494771
0.16832566
0.24489617
0.18431187
0.16000724
0.15649033
0.12686753
0.15744638
0.17001390
0.17769957
0.15582538
0.14775896
0.19249916
0.20825219
0.20466304
0.15150714
0.14389491
0.17548037
0.21379995
0.18552613
0.18468118
0.18464923
0.22494912
0.16134524
0.19660711
0.15665531
0.15844345
0.16095424
0.19114208
0.15267372
0.15741229
0.15295911
0.13988328
0.16305304
0.15966272
0.15249038
0.15096855
0.15670228
0.17344975
0.19754100
0.20282769
0.21493340
0.21313500
0.21562696
0.20731401
0.20023203
0.19527435
0.20180058
0.20827007
0.19633865
0.22102690
0.23135185
0.21938229
0.19816947
0.20848370
0.20218372
0.21841717
0.20890903
0.19093370
0.18929911
0.19830108
0.20291734
0.22924662
0.18713665
0.26561475
0.24796081
0.25714254
0.27290320
0.22623324
0.23845696
0.21286988
0.23753667
0.22975111
0.24081016
0.24387217
0.18936276
0.20667648
0.24874473
0.22153330
0.21881843
0.20741868
0.16282368
0.15085816
0.22485828
0.18030405
0.17620015
0.14349198
0.14090228
0.21789455
0.14876294
0.19095588
0.16318417
0.15821576
0.15411043
0.16240954
0.16066837
0.13422275
0.15297389
0.22625065
0.13911128
0.12937999
0.21867394
0.19493341
0.15944290
0.16139245
0.13664150
0.14779353
0.14620900
0.20801234
0.14144683
0.15035319
0.14731097
0.25777698
0.23944640
0.22569394
0.27734089
0.19873762
0.24777150
0.17678332
0.18501067
0.19838357
0.16921377
0.19510460
0.14395618
0.20935845
0.16694117
0.18397903
0.18683267
0.13521314
0.18001914
0.14696169
0.15380645
0.17235255
0.15682220
0.16924071
0.20060730
0.23510146
0.23008204
0.22035432
0.14863920
0.20532203
0.20282626
0.21294117
0.18201590
0.18797565
0.15089655
0.12666225
0.18313098
0.19302464
0.23044515
0.15482926
0.13224864
0.19432950
0.19472814
0.15828896
0.14511204
0.13665104
0.16478157
0.13722730
0.16800022
0.15049314
0.13980722
0.17955232
0.14357662
0.16634512
0.14875388
0.13426518
0.21545482
0.18454003
0.15621376
0.15495253
0.18314600
0.25359344
0.27786803
0.21888781
0.20716071
0.16859698
0.14155507
0.12698078
0.14404845
0.19186640
0.20912838
0.21785951
0.19258189
0.19527721
0.20585752
0.23201489
0.16864133
0.18226838
0.25160456
0.22371840
0.13914752
0.23034263
0.15169477
0.12760425
0.12693119
0.16726112
0.14387321
0.15714097
0.16410828
0.14253068
0.15720034
0.13081622
0.14012575
0.13400531
0.17487216
0.16454911
0.13872123
0.19590402
0.18006396
0.26017451
0.21661448
0.23699260
0.20040083
0.19382977
0.20108962
0.19167972
0.19462132
0.19424939
0.20332265
0.20696640
0.20510983
0.21208763
0.20454121
0.19787478
0.19377708
0.28826952
0.24298334
0.23286939
0.19320560
0.19262981
0.19115376
0.23145318
0.19717145
0.19577956
0.28977752
0.24974012
0.22619653
0.22035217
0.25203323
0.23219919
0.25110364
0.19486260
0.23549438
0.15194297
0.16155577
0.20522404
0.18321371
0.19964170
0.24637270
0.25262523
0.26903319
0.20112562
0.19919872
0.25417376
0.20259833
0.19322300
0.20637608
0.14627981
0.15531754
0.13760114
0.20833135
0.15110207
0.21601129
0.18746305
0.19289541
0.15756083
0.16405320
0.19584751
0.21216846
0.21622777
0.22081232
0.21360946
0.18874955
0.19145703
0.16986775
0.15256834
0.15539527
0.15385604
0.12958384
0.12831974
0.16312695
0.16058207
0.15919089
0.14562607
0.16717505
0.15522146
0.16436529
0.14223647
0.19069839
0.16874552
0.19841719
0.17609978
0.13625884
0.15508747
0.15710616
0.17066193
0.14714956
0.14770627
0.16141558
0.14688802
0.13244700
0.15847898
0.15123463
0.14316297
0.16652441
0.15070152
0.15033007
0.16618586
0.14148307
0.17570591
0.16781139
0.15214682
0.15643215
0.14747810
0.18088484
0.14872837
0.16915727
0.23281503
0.15553856
0.16649294
0.16435671
0.14351988
0.14315772
0.16141796
0.19081497
0.17996454
0.16231990
0.17736530
0.20942354
0.26265192
0.21175694
0.20576811
0.17117906
0.14963222
0.17536688
0.14961362
0.15426469
0.13960171
0.18028617
0.14672613
0.15370297
0.15166831
0.16233087
0.13944912
0.16240287
0.24669337
0.19317412
0.15623546
0.15001917
0.17975616
0.20651937
0.16943002
0.18172574
0.30799985
0.18295717
0.13703322
0.16463113
0.14645767
0.14999294
0.21432972
0.20015788
0.15288091
0.15180039
0.24380445
0.22474217
0.16688657
0.18653345
0.14794588
0.15440679
0.15023422
0.15518761
0.17296863
0.21838713
0.20812297
0.19955277
0.19717193
0.20698690
0.19556260
0.21198797
0.19942331
0.19259930
0.20464182
0.21124339
0.31554055
0.20527124
0.21680427
0.19495773
0.19419289
0.20531678
0.19891763
0.19518757
0.19654274
0.18872142
0.23307729
0.21189737
0.15981078
0.21233773
0.19299173
0.18808794
0.21283698
0.24207950
0.19677687
0.21577477
0.14454341
0.19906521
0.22609258
0.20177817
0.20877481
0.21576190
0.26445317
0.22085786
0.25312233
0.20633030
0.24201941
0.21619630
0.17962337
0.20022202
0.18926454
0.16607308
0.16947389
0.18798470
0.25010586
0.19961548
0.14783955
0.13255692
0.14647317
0.15704298
0.13344145
0.13869667
0.18567586
0.15910387
0.17490625
0.19362426
0.15992069
0.16419983
0.15631676
0.16020060
0.16931176
0.14713073
0.13876629
0.14088583
0.24440217
0.24434018
0.25560999
0.24165344
0.25663400
0.20869279
0.28807974
0.25571442
0.22659135
0.15106583
0.15165472
0.18295074
0.18890762
0.20038033
0.16607976
0.13146114
0.13804865
0.13772321
0.15827298
0.28200006
0.19011497
0.14787459
0.14021492
0.14505625
0.18358755
0.18717933
0.15357137
0.16852689
0.22942376
0.17720008
0.27805734
0.21123862
0.15408063
0.16888809
0.15997362
0.15773439
0.17300606
0.15035057
0.14859343
0.15816092
0.23590684
0.22721553
0.27089500
0.21179938
0.15939116
0.16702700
0.15740561
0.14470887
0.16344452
0.13435769
0.15097833
0.19076800
0.17353058
0.16224051
0.16224337
0.13105989
0.24755049
0.13839102
0.27477694
0.20264959
0.24292111
0.26444888
0.18987489
0.20348477
0.16043568
0.21944141
0.21592093
0.20453286
0.18706465
0.21091890
0.23142290
0.26107931
0.15857410
0.26737523
0.24197173
0.20040941
0.26418638
0.31282520
0.23176217
0.22120643
0.19080043
0.19628382
0.20140076
0.18870282
0.22296476
0.23091984
0.24580622
0.21977997
0.23232126
0.24277568
0.23576665
0.21950340
0.20464277
0.14717364
0.13648319
0.16349888
0.15806580
0.16927576
0.19780350
0.17041445
0.14545608
0.14225435
0.22809768
0.16470885
0.14399576
0.14484596
0.16025662
0.16197205
0.16058564
0.14745665
0.14191747
0.22217989
0.17645121
0.15249944
0.16491890
0.16883349
0.22249889
0.18657780
0.14779258
0.15169001
0.14068532
0.13094401
0.14345455
0.25839806
0.15788102
0.16001320
0.15266728
0.14765906
0.16901231
0.24884009
0.21100020
0.22594476
0.23718762
0.16094065
0.22539949
0.23451352
0.22108793
0.27754545
0.20448923
0.18057418
0.20554137
0.17665219
0.24507141
0.18923020
0.16144729
0.18801641
0.22379327
0.13168836
0.15517068
0.14175010
0.14815092
0.16253209
0.14936423
0.17026973
0.18070602
0.18373919
0.16458178
0.23186851
0.21858978
0.14404202
0.16484404
0.14333797
0.14761591
0.16711116
0.15314412
0.18511891
0.15910459
0.14086580
0.16364741
0.27477169
0.18713856
0.21327949
0.17824912
0.14389968
0.19654131
0.26613522
0.19453287
0.19492292
0.19695735
0.20772314
0.20665622
0.21184158
0.20738482
0.20542979
0.20216370
0.19417262
0.20741987
0.19128919
0.19235587
0.19646215
0.23947740
0.25989842
0.17931128
0.18480325
0.24317622
0.25532985
0.23516679
0.22435379
0.21219540
0.24496603
0.22766709
0.24179196
0.24787378
0.17750025
0.17595482
0.21781778
0.17925143
0.24618769
0.20236683
0.17449212
0.21746421
0.22031093
0.20030570
0.17060447
0.15528083
0.15414143
0.16051364
0.16043258
0.15951562
0.23464537
0.18033886
0.21026182
0.18022776
0.33034492
0.27127647
0.18655109
0.24017906
0.21343780
0.15175843
0.28141117
0.17381644
0.16737223
0.17620063
0.21990442
0.22048664
0.27885056
0.16752911
0.25439739
0.18121576
0.16548681
0.17244506
0.15122557
0.14048743
0.22336316
0.21379328
0.13752508
0.17884040
0.14544487
0.17659521
0.17867041
0.19919491
0.21126270
0.22574759
0.16264009
0.16978621
0.21309280
0.15389609
0.15700173
0.14459300
0.15398169
0.12934017
0.16318345
0.18173146
0.16067886
0.18411064
0.17269921
0.22146153
0.19405365
0.22055650
0.19822931
0.20401359
0.16956306
0.18483186
0.17209387
0.26025200
0.22225475
0.19505000
0.20180416
0.20144153
0.20748854
0.19574261
0.22372675
0.20443892
0.21610808
0.21352172
0.19776416
0.20324445
0.19510603
0.20489144
0.19030356
0.18854666
0.19027853
0.18635106
0.21595073
0.25233865
0.23015666
0.23712516
0.21320152
0.17273211
0.21618843
0.20919275
0.21606040
0.23093033
0.23472118
0.19251633
0.18328428
0.25594330
0.18367457
0.21903133
0.22436285
0.23468804
0.24256277
0.22088051
0.24219060
0.18833113
0.18972540
0.18846655
0.16799569
0.17558575
0.15886259
0.15041709
0.22866583
0.17634940
0.21283078
0.14056420
0.13908768
0.17931414
0.13328409
0.13617373
0.14384484
0.14811468
0.19968772
0.24265528
0.21771789
0.22121048
0.22669768
0.21453333
0.18284726
0.24887943
0.25881553
0.19560409
0.21357322
0.20746613
0.23847151
0.17743206
0.18020082
0.19525170
0.17738128
0.16547108
0.17013359
0.20639515
0.23698974
0.16704154
0.19101691
0.19033194
0.19386029
0.18621111
0.21874619
0.19233322
0.20138144
0.19511652
0.24870896
0.16263747
0.15874958
0.16964936
0.15476346
0.15441489
0.16488647
0.15584016
0.16369581
0.19324040
0.19045854
0.20164609
0.19136572
0.15703678
0.14736891
0.14905787
0.15089893
0.15072680
0.16653371
0.15871906
0.14258003
0.23708510
0.27047515
0.21469235
0.25484014
0.19807196
0.20556521
0.20147872
0.20586872
0.19922304
0.22151875
0.21805096
0.21977329
0.21314263
0.20687914
0.19345951
0.21629214
0.18907285
0.18720078
0.20208406
0.19506097
0.20549250
0.17106295
0.21158791
0.18858743
0.25187492
0.23189187
0.17231607
0.18411732
0.17159224
0.22057438
0.22295117
0.20774460
0.19289947
0.22527599
0.20599627
0.24758339
0.24829483
0.22190785
0.21987343
0.15533686
0.23264599
0.20638561
0.23382735
0.21887541
0.18894386
0.17051864
0.21152306
0.20961428
0.25078130
0.18514729
0.19595170
0.20785165
0.27171707
0.28516006
0.28892255
0.21423650
0.17133260
0.25964832
0.21453738
0.16421223
0.26014829
0.15425658
0.25056005
0.20265484
0.19175482
0.26432252
0.15291500
0.16892123
0.14313293
0.15687108
0.15165234
0.16592360
0.15651989
0.16746664
0.15215325
0.16812468
0.20117402
0.17820334
0.22298455
0.21179175
0.16085601
0.18164062
0.16557097
0.16086769
0.15716195
0.23484516
0.16624737
0.15978765
0.15675282
0.16777754
0.20234609
0.18253994
0.21438885
0.14887357
0.14000392
0.15212703
0.15650606
0.16178489
0.18854880
0.20934391
0.21814013
0.21500015
0.21205568
0.20117140
0.21709657
0.19967628
0.20450783
0.20289636
0.20667052
0.19646716
0.19845104
0.19536757
0.19898415
0.20512891
0.20015407
