0.04083443
0.14546394
0.13479495
0.15218592
0.17364645
0.22078013
0.21385813
0.28282928
0.17084241
0.14619279
0.15538716
0.16028094
0.14403963
0.18571877
0.13663340
0.17292762
0.16123199
0.18468285
0.16168475
0.13595438
0.13674307
0.15527010
0.13750362
0.19446230
0.16914201
0.13379931
0.17533207
0.12297177
0.20700788
0.20714664
0.17444968
0.23317218
0.21892500
0.22620440
0.20473051
0.18280363
0.19997287
0.18715835
0.20394564
0.23792958
0.25568604
0.23093176
0.20843577
0.23966813
0.23250866
0.19333148
0.19578528
0.17248392
0.16333079
0.22123170
0.20343828
0.22574258
0.17562604
0.17063117
0.16484261
0.21728539
0.20451522
0.16152859
0.17228341
0.21002269
0.17338872
0.16473913
0.15787673
0.17821836
0.17184687
0.16907477
0.16016722
0.17640924
0.13017297
0.16720247
0.16262603
0.14342570
0.23149872
0.15659142
0.15411186
0.10252500
0.12609124
0.18561649
0.18037248
0.14239502
0.15612435
0.15035534
0.15221691
0.15421462
0.16510510
0.16993117
0.14775920
0.14586806
0.14769840
0.15343595
0.14665914
0.12634730
0.13666797
0.14385343
0.15187192
0.15641212
0.13621736
0.14637065
0.22455645
0.15393949
0.15815759
0.14662242
0.19096327
0.16157269
0.15781403
0.14041328
0.16596222
0.16468358
0.16104770
0.16839361
0.14885616
0.16091371
0.15897346
0.15594935
0.17480350
0.22286701
0.19122434
0.29474330
0.18258357
0.18467021
0.18134046
0.18189812
0.16418004
0.17805147
0.19271517
0.15155649
0.15426922
0.19959474
0.15512991
0.15775442
0.15501761
0.14743423
0.12700295
0.18776393
0.22725821
0.13459420
0.13416910
0.15487885
0.15604305
0.16988111
0.15372777
0.13539886
0.14347959
0.16706324
0.18988943
0.14208317
0.14337564
0.31906247
0.20357656
0.18310881
0.14190173
0.14019608
0.13717842
0.13747525
0.20267844
0.17460203
0.17534852
0.20243573
0.25460625
0.18346643
0.15142894
0.23217368
0.17739201
0.19739819
0.23735142
0.23209643
0.20311737
0.20527530
0.21527576
0.19979262
0.20378804
0.21320605
0.22250342
0.20718360
0.21600580
0.20789051
0.22247076
0.19714379
0.20158911
0.19034290
0.19591618
0.20276976
0.20078611
0.25086045
0.22396111
0.21527219
0.18393946
0.21804047
0.24738669
0.23302794
0.24192977
0.22763896
0.21662498
0.20638466
0.14842033
0.19335961
0.25106215
0.23041964
0.14119530
0.20975280
0.19832826
0.22315359
0.18437457
0.23566532
0.21339679
0.11533022
0.14986992
0.19834328
0.16798162
0.13976955
0.17062926
0.19464707
0.26417232
0.19091082
0.19546151
0.19424820
0.15751338
0.17331600
0.16829085
0.14688420
0.14470553
0.15456200
0.16025281
0.14983273
0.20708013
0.15109158
0.19861197
0.14473081
0.23060679
0.13718152
0.15893531
0.15661907
0.19660783
0.20073009
0.18641496
0.16003203
0.15580034
0.18034172
0.20036483
0.22741938
0.13969326
0.13773417
0.14640379
0.17557859
0.23083138
0.17608190
0.18450642
0.17583847
0.18346357
0.16110158
0.20931101
0.18949652
0.15529108
0.15613413
0.16965151
0.16154313
0.13485503
0.17598104
0.17090726
0.26342654
0.20708632
0.19918942
0.24522090
0.22916079
0.17416072
0.15051866
0.16779041
0.14993811
0.12945938
0.13044930
0.14609551
0.17863750
0.14238286
0.14676857
0.15447545
0.14604259
0.15253305
0.14120579
0.15228581
0.17407680
0.24367785
0.14315438
0.20225954
0.13897276
0.13533926
0.13309312
0.15055060
0.17535472
0.15004659
0.15336227
0.18264246
0.15710425
0.22672033
0.22180772
0.23259735
0.27937198
0.28518867
0.22304106
0.23353934
0.14144230
0.14236474
0.15796185
0.15605879
0.12169266
0.13095999
0.14560199
0.13668585
0.13257337
0.18234515
0.15776730
0.15584326
0.16430831
0.16716528
0.15530396
0.15654254
0.14650536
0.15064692
0.15237188
0.15357947
0.13123369
0.21725416
0.16202140
0.16002679
0.12978220
0.13668513
0.15477061
0.16592884
0.14852762
0.16154718
0.25317812
0.14680862
0.14814401
0.19298124
0.17840028
0.19832063
0.20992398
0.20802760
0.21352029
0.20934033
0.20701122
0.21764350
0.22649884
0.21914744
0.20221996
0.21989059
0.21183372
0.19716215
0.19620442
0.19770002
0.19431281
0.22859621
0.16654468
0.17931795
0.20647144
0.22341490
0.25213861
0.21519375
0.22163391
0.19085407
0.19252324
0.19294024
0.18601584
0.19001532
0.18995547
0.18003321
0.18657875
0.18733311
0.18703222
0.18653655
0.22950554
0.23757195
0.21980047
0.21936512
0.25730944
0.20833945
0.23480320
0.20870852
0.20502043
0.18986821
0.22336864
0.20384598
0.21948266
0.24835539
0.17339897
0.22481203
0.22272420
0.21119785
0.22531438
0.19303608
0.14713097
0.16498303
0.15499234
0.16992807
0.15962934
0.15344048
0.18214774
0.25241899
0.18797660
0.20015955
0.24957585
0.20068049
0.16081405
0.16957998
0.21556926
0.23448205
0.14824843
0.19541121
0.21025252
0.16971374
0.15805507
0.14265418
0.20363760
0.17263818
0.16019344
0.26775694
0.16888428
0.16676784
0.14774227
0.25741649
0.17202806
0.16410470
0.14509630
0.15283179
0.16055465
0.15825462
0.15945983
0.15592170
0.15820456
0.17295933
0.14928651
0.14603257
0.13833880
0.15316296
0.16630507
0.15008235
0.12724328
0.13299799
0.17762804
0.14260721
0.26416683
0.25274229
0.19892168
0.27657986
0.29291463
0.22893834
0.20252061
0.20156312
0.19853520
0.19785857
0.19988489
0.21221495
0.20355201
0.19992447
0.20346546
0.21273613
0.19462848
0.19536114
0.20305967
0.19394970
0.19577026
0.19020486
0.23030186
0.21356678
0.23172021
0.19903851
0.22870278
0.19046259
0.24343443
0.19206500
0.19312048
0.28372598
0.25053358
0.25124502
0.20382452
0.23032594
0.21853423
0.23940945
0.26111126
0.22432780
0.23286843
0.21696782
0.20982218
0.20407081
0.23975253
0.18999100
0.22581029
0.15125203
0.22317767
0.23764420
0.22855282
0.29327202
0.17290211
0.22956419
0.14188981
0.16193247
0.18709111
0.22010088
0.19053006
0.16680717
0.20882082
0.17045283
0.20548129
0.16851091
0.22439027
0.21402168
0.16419387
0.24381948
0.19072366
0.20133877
0.18169832
0.13353062
0.20044374
0.19686127
0.15391660
0.13637209
0.15756893
0.16163802
0.13818669
0.14163709
0.13722515
0.17007875
0.13841629
0.23686385
0.15271378
0.15631819
0.13485503
0.17572594
0.15853548
0.17885423
0.26742077
0.13888526
0.16521645
0.16703415
0.14566588
0.14530540
0.16569114
0.16159129
0.15659571
0.15865040
0.14532161
0.14516234
0.15055490
0.16460204
0.13832951
0.18705225
0.16092610
0.15654445
0.18100095
0.21307087
0.15892529
0.20256639
0.22976613
0.22840095
0.18168521
0.18105865
0.17362118
0.15153289
0.16755271
0.15117717
0.16177464
0.16070652
0.18840218
0.20526600
0.21628881
0.19142628
0.15403867
0.16354465
0.14250970
0.16150475
0.15024900
0.14423203
0.14450836
0.18426275
0.12903738
0.23120451
0.13513589
0.21862984
0.14038682
0.14703631
0.16655183
0.17957640
0.16696882
0.17656374
0.16704893
0.17410541
0.15010762
0.14007163
0.13998628
0.16245389
0.12979507
0.20575023
0.19853568
0.14868546
0.13081884
0.15243101
0.17699575
0.16640925
0.14888978
0.16372538
0.14823461
0.16821837
0.14405704
0.21494699
0.18448305
0.14711595
0.17646718
0.25313830
0.25020361
0.20156598
0.20292974
0.21023178
0.20213747
0.20072365
0.20287275
0.20449877
0.22228622
0.21424866
0.21600723
0.20612431
0.20651674
0.21337748
0.21781540
0.19559503
0.19877267
0.19705749
0.23236585
0.18341851
0.19660759
0.21684289
0.21748972
0.22676468
0.17258239
0.17945957
0.17313313
0.19798660
0.16759491
0.24329448
0.25154328
0.23654318
0.25178266
0.22745776
0.19333434
0.20976853
0.21675658
0.19014049
0.20226717
0.19201255
0.18103123
0.20325232
0.26361656
0.28383899
0.15149879
0.18830633
0.14524484
0.19178367
0.17206740
0.13358045
0.16399503
0.15680575
0.18871522
0.18045139
0.18840075
0.14206648
0.20168591
0.14845228
0.17927241
0.17919993
0.18189263
0.13790965
0.15385437
0.14071035
0.17965031
0.19993258
0.18795514
0.18805790
0.21409607
0.23417234
0.16017723
0.22865987
0.20891714
0.19016027
0.18281436
0.19187403
0.17862248
0.15479374
0.15498638
0.13426375
0.16787910
0.14554167
0.27267218
0.15391850
0.15974236
0.14894700
0.13519907
0.20522404
0.23111033
0.18001890
0.19927192
0.20178628
0.21679735
0.19808459
0.21097636
0.15799332
0.14269209
0.14085913
0.13378572
0.23504663
0.22779417
0.21255755
0.22780275
0.22431087
0.18678069
0.24212599
0.20077109
0.20852566
0.17025876
0.15118003
0.13632584
0.11927342
0.19502497
0.14629364
0.15381098
0.14752412
0.18151808
0.16958380
0.19642758
0.23572373
0.20586634
0.21580124
0.22166228
0.16984749
0.16680050
0.15681982
0.21446753
0.18141961
0.19594169
0.19991851
0.23363018
0.28776121
0.22269726
0.19837928
0.20238256
0.20490384
0.19935060
0.21342635
0.21345305
0.20656395
0.20333457
0.20462132
0.21402192
0.19747663
0.20571065
0.19568133
0.19339323
0.19559193
0.18987918
0.22519374
0.21373248
0.22722459
0.23399210
0.14648008
0.22916603
0.30023193
0.26291132
0.24899840
0.21809745
0.22669125
0.17216158
0.22278571
0.25821161
0.24570417
0.22863340
0.20643663
0.19858599
0.18705249
0.20888996
0.20213842
0.22261071
0.18919563
0.11802936
0.12585688
0.13910627
0.15818882
0.13546753
0.12867475
0.14075971
0.14023685
0.22299695
0.13497257
0.13203073
0.15630293
0.14836645
0.16685891
0.17143703
0.17053628
0.14744949
0.18169665
0.19305611
0.14258742
0.19148016
0.16191769
0.15574837
0.17064571
0.12821436
0.16651869
0.19072700
0.22215939
0.27836704
0.24384189
0.17276049
0.18188357
0.15467405
0.16620803
0.19738317
0.20073771
0.14725304
0.11848450
0.15781903
0.17129898
0.14686894
0.15005231
0.14458251
0.16265273
0.15019488
0.17124343
0.15473318
0.14970922
0.10788703
0.13556933
0.13878655
0.24162841
0.29395533
0.26727462
0.20109868
0.25044513
0.18835878
0.23579812
0.24143934
0.21261144
0.21779561
0.21237898
0.21130371
0.19352007
0.16130090
0.15959740
0.20687056
0.25579715
0.20698929
0.18892312
0.18038106
0.18510222
0.19190526
0.18805933
0.22823405
0.20201230
0.20856500
0.23018479
0.17246699
0.13653612
0.15863252
0.14872026
0.16475940
0.18418550
0.12863779
0.14547849
0.15049410
0.15258241
0.17089701
0.14117956
0.13946891
0.15602803
0.15372419
0.14737940
0.12428474
0.15566158
0.14957070
0.19742107
0.13003778
0.12413120
0.11544466
0.13738346
0.18472934
0.14456582
0.19625497
0.17289233
0.17774105
0.19470191
0.15845323
0.19808936
0.21584606
0.17036629
0.14981937
0.16941881
0.15680528
0.13659930
0.14279079
0.15978837
0.16637182
0.18791509
0.17170644
0.16572833
0.16717505
0.16087890
0.15435791
0.18942165
0.15191364
0.13524461
0.15953612
0.15450335
0.13764048
0.14355826
0.15812969
0.17351770
0.14720416
0.15494156
0.14158344
0.13776970
0.14977026
0.15793729
0.15088940
0.17452836
0.16354418
0.14722323
0.16190267
0.21060205
0.23528886
0.16003180
0.15119457
0.14290690
0.13781357
0.13515997
0.15513110
0.18053865
0.18694854
0.16054249
0.15609884
0.16245103
0.15414238
0.15694070
0.15186214
0.19585061
0.19950914
0.19911265
0.19385958
0.19926238
0.19227934
0.19234371
0.18424177
0.18881249
0.18700075
0.19926023
0.19088411
0.20168495
0.20126939
0.20125508
0.18842292
0.19313598
0.20935178
0.18466496
0.18422174
0.18887830
0.18830776
0.20779967
0.22281146
0.22697854
0.20575714
0.22358370
0.25415134
0.24751091
0.22132015
0.23876333
0.23794103
0.21665359
0.19421506
0.18147993
0.25147867
0.23841524
0.18929195
0.19115734
0.21698451
0.22222972
0.25579596
0.20619035
0.23467040
0.18139124
0.22718430
0.21488547
0.22257400
0.18354917
0.19513631
0.15375733
0.15052199
0.18525553
0.17467761
0.15154314
0.17089295
0.17736101
0.15670633
0.20566344
0.15177560
0.16850138
0.15698743
0.16996980
0.21118116
0.17838979
0.19633460
0.25868869
0.14210558
0.15364981
0.16349506
0.16479397
0.23856878
0.18900537
0.20561886
0.14639258
0.22888112
0.24033213
0.18908978
0.18319058
0.15940571
0.20020604
0.28306437
0.18849564
0.16490698
0.18705130
0.23110723
0.19718647
0.17691112
0.24227810
0.23893213
0.22176147
0.21187997
0.28566027
0.24548793
0.22049665
0.21180844
0.21009779
0.21157527
0.20239854
0.20296621
0.20862532
0.19431448
0.18719220
0.19567323
0.19366407
0.22348332
0.20847440
0.23813558
0.24685025
0.22262573
0.18325758
0.22313166
0.21875525
0.19181442
0.17803550
0.18784356
0.17180800
0.21510386
0.25849295
0.21851373
0.26819563
0.17704558
0.25990200
0.20820379
0.21166587
0.23594475
0.22300339
0.19830656
0.21383429
0.24877071
0.21203089
0.24751568
0.20925474
0.20406461
0.21863127
0.19295144
0.14872122
0.17368174
0.14702988
0.13805628
0.15468073
0.15422964
0.24340916
0.21993613
0.15887928
0.18195987
0.13526773
0.15865612
0.15803313
0.15469170
0.21824932
0.13705611
0.12017488
0.13968372
0.15985990
0.17495918
0.23253489
0.14731574
0.10027099
0.13536787
0.16693068
0.18477678
0.20940804
0.15127325
0.17478991
0.23451304
0.15688610
0.14644170
0.15605497
0.22230983
0.15461254
0.23046684
0.21800780
0.25717449
0.26120019
0.22977757
0.24352169
0.19207883
0.14510965
0.14168501
0.15401506
0.15167093
0.17688441
0.13963938
0.15243435
0.17104101
0.15566969
0.17337322
0.15714550
0.14258862
0.15251517
0.17687154
0.15947890
0.17965555
0.16465592
0.19741154
0.16925979
0.14878058
0.14297843
0.14224482
0.13865805
0.13000011
0.12606025
0.17040157
0.15558386
0.13622928
0.12908649
0.13052917
0.17831588
0.18612838
0.22546506
0.16597986
0.16410685
0.16009736
0.14637756
0.15399861
0.15614915
0.16481829
0.17103052
0.17186666
0.16128230
0.14918399
0.15144897
0.17645836
0.16508961
0.16187644
0.18907118
0.15069532
0.14375496
0.16594958
0.17688465
0.19210672
0.15177989
0.16320443
0.15019035
0.16517282
0.17285872
0.14894938
0.16389751
0.12738085
0.15154791
0.16018009
0.15878892
0.22860456
0.22198796
0.19402719
0.23226643
0.15814543
0.15157104
0.14477015
0.14690638
0.16261935
0.15713930
0.16407084
0.15602469
0.15494680
0.15106750
0.20601821
0.17798209
0.22071052
0.14919519
0.14953065
0.14380789
0.13247991
0.13329434
0.13765025
0.13996863
0.14691997
0.21541524
0.14571691
0.13707542
0.21091652
0.17813826
0.16842532
0.21607518
0.16200781
0.11936235
0.10912824
0.10844398
0.12269735
0.13440275
0.22110319
0.19930673
0.20108175
0.14295554
0.17939472
0.21875143
0.18827915
0.24573112
0.22622824
0.21246958
0.21770024
0.20842147
0.21244216
0.22160840
0.22262216
0.20834970
0.21684670
0.22207451
0.22021866
0.20975947
0.22451615
0.20424080
0.20811820
0.20526719
0.22184539
0.26510096
0.19870019
0.22154570
0.18284535
0.13701105
0.23442769
0.23043084
0.26455140
0.25358510
0.22507238
0.19415522
0.19751954
0.20017934
0.22507000
0.24177098
0.22881484
0.21308613
0.21405554
0.20347333
0.17147040
0.19540024
0.14668703
0.15826702
0.15324187
0.15819955
0.16296792
0.20598388
0.25710654
0.19336414
0.11126685
0.17662382
0.16836572
0.15358996
0.15785789
0.24443197
0.18060660
0.24916267
0.24044037
0.20361471
0.15372992
0.15309715
0.12048364
0.14680290
0.15098429
0.15221262
0.17566586
0.15636563
0.16348362
0.17864156
0.18019319
0.20986772
0.17681575
0.14222503
0.15260196
0.14197707
0.15415764
0.16431046
0.17747045
0.14849567
0.16313672
0.14593554
0.20796442
0.19609284
0.22085428
0.26107335
0.19553900
0.15212846
0.20524073
0.16637588
0.16609454
0.14459968
0.13656569
0.13521123
0.15624332
0.15988445
0.16998172
0.16795444
0.27082491
0.22200108
0.21418881
0.21352887
0.15771317
0.17823935
0.19951344
0.17070150
0.18910122
0.17189336
0.21826768
0.15102196
0.16031766
0.24341607
0.18209100
0.16188812
0.12963128
0.15110254
0.19085765
0.15519118
0.16924930
0.15391231
0.14001560
0.12556911
0.13015008
0.12335777
0.21775317
0.14828610
0.14514160
0.12627339
0.14295745
0.16807318
0.15214634
0.19014955
0.15055156
0.13355350
0.14781332
0.18557525
0.16772318
0.16385818
0.14210057
0.16413021
0.16360855
0.14652944
0.12619901
0.12101817
0.14111471
0.15367055
0.14636159
0.20927072
0.17016649
0.13830209
0.24193168
0.25784898
0.19898987
0.18366885
0.21136022
0.24137640
0.17657757
0.15808725
0.13975167
0.12990236
0.22928286
0.13174844
0.13472438
0.15327334
0.15312552
0.15838981
0.17127657
0.15161085
0.14844251
0.19770288
0.13222432
0.14801073
0.17160940
0.14890647
0.17876744
0.15563416
0.15199113
0.16525507
0.15936399
0.15312195
0.15291619
0.14496613
0.15453219
0.15694356
0.14773202
0.14617991
0.14477873
0.15529037
0.22031450
0.20646334
0.20161510
0.19697571
0.19975710
0.20482898
0.20961046
0.19739413
0.23729897
0.20044923
0.20064497
0.20690703
0.19630623
0.20369935
0.20531368
0.19449210
0.19596410
0.20031691
0.19562340
0.23269701
0.22777653
0.25543785
0.25755024
0.26156855
0.17984295
0.19370866
0.21393704
0.18573809
0.15557504
0.22081375
0.22352886
0.21026826
0.24289680
0.19514465
0.23704863
0.25494313
0.28684235
0.27055144
0.26853633
0.23900342
0.22626638
0.21713114
0.21907473
0.15474772
0.19178820
0.26300454
0.22716403
0.16262031
0.15207934
0.17926502
0.18269300
0.18682766
0.23863316
0.23731804
0.17584372
0.18200827
0.23544836
0.21618772
0.22156429
0.23135567
0.20416951
0.15744114
0.24180889
0.18126774
0.20987606
0.20220470
0.17770743
0.16237783
0.17769814
0.22616482
0.16549921
0.16414857
0.15621352
0.18573332
0.19678831
0.13568306
0.15385580
0.14833403
0.15011668
0.17704725
0.16369963
0.14327836
0.15855789
0.18769860
0.19819236
0.13675547
0.14765596
0.14572978
0.15777302
0.16170144
0.15216398
0.15537167
0.20470905
0.16099238
0.15508080
0.14718699
0.16411304
0.19098735
0.16131401
0.13158917
0.13887167
0.13545728
0.14972639
0.16387486
0.15804648
0.15704846
0.15131140
0.15650177
0.16844821
0.19356227
0.26538324
0.24422503
0.21846175
0.22692013
0.20023680
0.18493748
0.24275374
0.16020942
0.30045485
0.19578695
0.18102407
0.17626524
0.19959712
0.19831967
0.20059347
0.20824957
0.22144842
0.16299748
0.13957858
0.15356088
0.18121505
0.11929774
0.15631413
0.22183490
0.23338032
0.16207790
0.15776229
0.15108871
0.13331914
0.16410780
0.17549801
0.14487314
0.16788912
0.18702245
0.13298845
0.19962573
0.13900805
0.14404655
0.14043450
0.15738034
0.15541387
0.17395687
0.14154410
0.13820291
0.21068645
0.23797584
0.20355749
0.20032430
0.22076464
0.20670938
0.21161795
0.21211243
0.20437288
0.22604275
0.21963358
0.26953125
0.22079682
0.21764231
0.20734453
0.21533918
0.18973041
0.19587374
0.19976878
0.22278976
0.19803524
0.21214461
0.27386498
0.26377916
0.21730185
0.19429278
0.18743181
0.22666836
0.20622730
0.21496892
0.22163033
0.22453332
0.25175405
0.25728726
0.20460391
0.17396736
0.22315717
0.23667502
0.24747825
0.22224045
0.20615935
0.25983977
0.26977110
0.21653962
0.18844032
0.22800207
0.24930525
0.22234154
0.16545105
0.14031506
0.15252519
0.18144655
0.17003894
0.14731288
0.15737009
0.16619968
0.21966124
0.20431137
0.21931458
0.26558661
0.17477846
0.27137566
0.15886593
0.15671849
0.14804912
0.14788246
0.22017312
0.18438625
0.16005921
0.16864514
0.25761127
0.19602275
0.20519781
0.18478322
0.15395308
0.15456271
0.14548731
0.13955593
0.14175677
0.13714528
0.15826964
0.20794511
0.17284203
0.20974398
0.21420288
0.18610597
0.19132590
0.17403245
0.19080400
0.14475513
0.14943051
0.15359235
0.16287255
0.15487814
0.16381240
0.21630549
0.22654819
0.18682885
0.16734767
0.17278504
0.17062926
0.17903304
0.24110627
0.17520833
0.22754931
0.20004225
0.18033314
0.15074706
0.17422366
0.23983979
0.17276669
0.19848824
0.22712541
0.21221781
0.20482183
0.23708510
0.21040273
0.22271991
0.21673393
0.22009826
0.23207569
0.24329710
0.24896598
0.21530080
0.21924520
0.21154785
0.19976258
0.20697093
0.20321870
0.23704743
0.20851135
0.19876814
0.20182562
0.16755056
0.20533133
0.20531106
0.15252352
0.14262462
0.25188065
0.17567897
0.18922424
0.21567750
0.23186016
0.22292519
0.23382521
0.16967559
0.20118594
0.18435955
0.21070147
0.25608134
0.23853087
0.24396491
0.24267387
0.19428468
0.25345492
0.21120024
0.18016601
0.15098858
0.19365907
0.15047956
0.21367049
0.23362565
0.26485252
0.28041625
0.22232342
0.23344254
0.16335201
0.17224503
0.16798329
0.19137692
0.20994687
0.17636156
0.20290256
0.18538332
0.19549012
0.18189883
0.20917296
0.18671727
0.19846034
0.22823238
0.18805432
0.13244939
0.13782167
0.14770579
0.13669562
0.11988020
0.15750194
0.17708373
0.19442677
0.17179012
0.17143464
0.22924328
0.26483440
0.25698185
0.20201063
0.16568565
0.16095209
0.14776921
0.16252065
0.15111113
0.20855379
0.18870354
0.25521636
0.27984643
0.17034316
0.25899076
0.17649436
0.17604303
0.22406054
0.23170424
0.19945741
0.21217108
0.22188377
0.20796990
0.21070862
0.21255875
0.21796107
0.23032665
0.21471643
0.21846771
0.19921803
0.20256114
0.22105169
0.19575787
0.19436598
0.19457698
0.19340205
0.19234228
0.25420237
0.21745229
0.23084807
0.25110173
0.18634558
0.26884866
0.16923571
0.13808179
0.12518191
0.14950323
0.19126630
0.19855118
0.24129343
0.24556828
0.26921272
0.22979331
0.24514508
0.24404550
0.23294544
0.20495009
0.22028947
0.21296287
0.24396873
0.21374297
0.15751505
0.19348931
0.19973421
0.24013305
0.16356635
0.14100552
0.18037772
0.16891861
0.17476535
0.21227336
0.15191984
0.16734147
0.14393878
0.14783931
0.23164129
0.17272067
0.25206041
0.20230007
0.20810366
0.14704156
0.16768456
0.16929293
0.16502881
0.19708705
0.19307041
0.15042043
0.17920756
0.20607090
0.23198938
0.23481917
0.20403242
0.17269158
0.15212774
0.16368580
0.16336203
0.15696812
0.15717506
0.16400743
0.17417192
0.17320132
0.20864558
0.22088957
0.25036573
0.22978663
0.21602511
0.18507075
0.18275666
0.19318390
0.17928314
0.17208838
0.16669369
0.16899872
0.19020724
0.18022776
0.19743371
0.11867142
0.16105103
0.16885376
0.14097285
0.15829110
0.16418123
0.16176534
0.15212679
0.15499759
0.14951849
0.14820099
0.14934111
0.23501730
0.24832010
0.17740417
0.22821069
0.23264098
0.21296382
0.20772266
0.22218394
0.21456909
0.22337389
0.20441604
0.20474672
0.21835160
0.23261166
0.20934105
0.21110654
0.21302176
0.20882750
0.20764565
0.23184729
0.20474792
0.25454569
0.27194190
0.28259659
0.25655079
0.21958542
0.18857145
0.23289967
0.18056464
0.17242336
0.22321177
0.19842982
0.23269916
0.25166249
0.23431587
0.23670101
0.25997710
0.19374013
0.25171566
0.22620940
0.15945673
0.14463329
0.16550541
0.19654274
0.16099548
0.25239134
0.23577929
0.25742412
0.22013569
0.20531678
0.23553157
0.18823433
0.22315288
0.22445321
0.17515922
0.20302367
0.19083619
0.23170328
0.25368261
0.15047622
0.14421034
0.23285818
0.18334460
0.18638444
0.19991136
0.13950658
0.15944815
0.19038486
0.21576333
0.19804287
0.25781107
0.17810726
0.21306896
0.21340990
0.17475700
0.18334079
0.17931461
0.17619300
0.21565151
0.27914953
0.26277614
0.18561029
0.14690733
0.16410232
0.14673328
0.16143584
0.15648818
0.16568470
0.14753079
0.17258286
0.22404552
0.17613006
0.19277573
0.24215841
0.17368937
0.19884682
0.13894582
0.16272116
0.14865804
0.16284347
0.20411754
0.16565895
0.16245222
0.16279316
0.13369107
0.13372231
0.17424870
0.20900154
0.19269991
0.20964932
0.19008636
