0.04997611
0.18294597
0.20404434
0.23126245
0.18384838
0.24492431
0.23617792
0.21302605
0.24282384
0.19342327
0.16223288
0.29056239
0.18761301
0.22891164
0.21539950
0.14074993
0.18175292
0.19057345
0.22772384
0.16121602
0.19797993
0.19254446
0.21607685
0.22607565
0.20145965
0.20454502
0.20376229
0.19981027
0.19371080
0.20819712
0.22073436
0.20805049
0.21251392
0.19933176
0.20047760
0.19349980
0.20142245
0.21415091
0.19593740
0.19176269
0.19500613
0.19166565
0.21276402
0.19797349
0.27418780
0.24368930
0.22323680
0.24783421
0.21890497
0.18159008
0.20822263
0.30323219
0.22092128
0.22322106
0.22864199
0.21025348
0.27068782
0.20859957
0.20266676
0.19107795
0.25705695
0.26582909
0.24190187
0.24254513
0.16629505
0.14278817
0.18089819
0.22665024
0.16853690
0.16262221
0.16508794
0.17754674
0.16346884
0.13646674
0.16600871
0.13356376
0.24365878
0.16674066
0.14928961
0.17081094
0.16903019
0.16658306
0.15706325
0.16892314
0.18900251
0.18284178
0.15313125
0.13202667
0.18217731
0.15240288
0.23517156
0.20775676
0.15187168
0.29745555
0.20727539
0.18932176
0.18000960
0.18549132
0.18802238
0.21729469
0.23842144
0.15019870
0.14370584
0.21428394
0.18791056
0.18744898
0.21054268
0.18262148
0.14641690
0.14578986
0.13424230
0.14254880
0.13333797
0.16630793
0.17399502
0.25726962
0.26792288
0.23255014
0.19379306
0.18663955
0.25101137
0.22855663
0.18727279
0.20267367
0.22088289
0.20080805
0.13583493
0.17804003
0.14598584
0.22566199
0.17128015
0.22394204
0.19843388
0.21258330
0.18354201
0.20745087
0.17385435
0.21191621
0.21256423
0.15578771
0.17340612
0.21083188
0.19448066
0.22535133
0.21891880
0.24895787
0.17906475
0.16504645
0.14752603
0.15688181
0.16123962
0.16207099
0.18511462
0.14593005
0.15464997
0.18562937
0.18058109
0.21459818
0.18571544
0.18006730
0.18772912
0.22894692
0.15593028
0.15492034
0.13710189
0.17526603
0.18455386
0.19743967
0.20159292
0.24040222
0.17604542
0.19541407
0.16468501
0.26553750
0.18219543
0.18604326
0.20513988
0.19203186
0.15133977
0.15560102
0.18784904
0.24256873
0.22476721
0.14563394
0.12815094
0.14646840
0.21068239
0.21810961
0.23722863
0.21880078
0.21227789
0.25614309
0.19991040
0.22203755
0.19785404
0.21322656
0.28337264
0.18815112
0.19477749
0.19971275
0.18737602
0.21906567
0.23182607
0.21782184
0.18917847
0.22093654
0.19862962
0.19750452
0.21603107
0.15911007
0.23354912
0.16745043
0.23226666
0.20870638
0.22831607
0.19365644
0.18456841
0.19437981
0.19136810
0.24519110
0.19590950
0.20167732
0.21130562
0.22584796
0.17816019
0.21412635
0.22803259
0.17858505
0.13333201
0.21613622
0.16034007
0.14964390
0.15176749
0.14591980
0.19753075
0.16092420
0.15262508
0.16764212
0.21114898
0.13274360
0.15615845
0.13263226
0.14534140
0.17055774
0.26552701
0.13255286
0.14767957
0.22727728
0.21727967
0.16375923
0.15051293
0.18974328
0.15745139
0.13933897
0.14372277
0.15343118
0.15493035
0.22018981
0.15751600
0.18713903
0.13690758
0.13835955
0.19556069
0.24241900
0.13568163
0.15521336
0.14354014
0.12194157
0.13346958
0.12290192
0.14395094
0.14691973
0.18839288
0.26553965
0.19229841
0.20192075
0.20545959
0.17610717
0.21269941
0.19157839
0.17666936
0.20697355
0.17180228
0.14424348
0.17480636
0.22318792
0.17771983
0.18974757
0.15331054
0.16959071
0.17597008
0.21466756
0.18949175
0.22426057
0.18300033
0.18465829
0.13267636
0.16571069
0.16128516
0.15362406
0.13553882
0.17205119
0.23661709
0.13692856
0.16062784
0.14756846
0.16241765
0.18527699
0.21089053
0.18788791
0.17488146
0.22954893
0.19359851
0.16526341
0.15902543
0.13467288
0.14602041
0.14860892
0.13910365
0.14520955
0.16051149
0.13990736
0.15155506
0.13955522
0.17534781
0.15377355
0.14398026
0.13090134
0.13363457
0.15851116
0.15956855
0.18969321
0.15273952
0.15154243
0.16531563
0.15505886
0.14751697
0.15133476
0.19800067
0.21033096
0.14298224
0.15246153
0.12066197
0.13266563
0.13869023
0.17823529
0.17962694
0.21370435
0.17381096
0.20702934
0.14296460
0.15198421
0.16574478
0.15211415
0.14736557
0.14084840
0.18173790
0.22138000
0.14189911
0.16040659
0.16547251
0.16129470
0.16942978
0.13098264
0.16835380
