0.04279137
0.20733643
0.22929764
0.18387079
0.19819045
0.24685526
0.19380879
0.19838357
0.19630408
0.19043779
0.21916080
0.20952010
0.20568466
0.20751572
0.19613481
0.19700217
0.20732188
0.20188260
0.18729568
0.19075966
0.19784045
0.18968606
0.24181294
0.20465565
0.23651123
0.25096297
0.22666860
0.21426630
0.18259192
0.25023532
0.22558665
0.23942757
0.22527790
0.21624732
0.19522619
0.21614504
0.25119829
0.24499774
0.24626088
0.21708393
0.22924590
0.17210793
0.21167111
0.21252155
0.21755528
0.16485476
0.14992070
0.16635394
0.15965700
0.15260744
0.13649964
0.12511086
0.13417959
0.14436889
0.18270397
0.18546581
0.26028228
0.23754478
0.25110221
0.17277288
0.19312000
0.19963813
0.22869754
0.17654800
0.14997363
0.13857532
0.16281772
0.16002655
0.21309805
0.17686605
0.15575433
0.16225863
0.18008685
0.19832587
0.23793745
0.22452474
0.19016337
0.16087151
0.14599729
0.20530963
0.18276525
0.25543714
0.25688028
0.17740488
0.19611478
0.19653487
0.20855474
0.24927855
0.20497203
0.28536439
0.22390604
0.21955633
0.20840454
0.22327042
0.19635773
0.20501542
0.20231032
0.20616055
0.20473170
0.21784806
0.19485974
0.20407152
0.20094943
0.19532514
0.21033931
0.21330905
0.18944359
0.18305707
0.19708657
0.19528055
0.21025229
0.21129465
0.21958494
0.20458531
0.15489292
0.22281432
0.22988319
0.25478005
0.22017241
0.20193148
0.20280099
0.21076441
0.14638996
0.20481110
0.12339592
0.25316358
0.21451592
0.22810459
0.32394814
0.23256183
0.24301195
0.25919557
0.23347664
0.22989988
0.16986179
0.17906547
0.19654322
0.20419788
0.11996651
0.14466023
0.13519549
0.19361019
0.18156815
0.20267129
0.25167894
0.19847155
0.13052177
0.14008236
0.14390564
0.20969868
0.16229057
0.22189116
0.23620510
0.22076225
0.22079444
0.23800135
0.19310737
0.15963459
0.23184848
0.15142083
0.18117666
0.15439916
0.16414809
0.14459085
0.22256541
0.28623462
0.22035360
0.19027853
0.26514840
0.19652367
0.20038271
0.17638564
0.17187643
0.13876271
0.14447427
0.12448692
0.16489100
0.16640115
0.18530512
0.15725660
0.15666747
0.23628759
0.23432255
0.22389984
0.22957420
0.20923519
0.25635004
0.19925714
0.16339493
0.29922080
0.21494126
0.19012022
0.18347859
0.14234781
0.22703099
0.20000744
0.22145152
0.16894817
0.14246345
0.16657424
0.21316338
0.20006347
0.17948437
0.16206074
0.16004729
0.23589993
0.16512609
0.26877880
0.19830132
0.41362762
0.24122643
0.26544428
0.17292714
0.18473554
0.19276166
0.29782128
0.29553175
0.25626493
0.23158479
0.20350957
0.20112658
0.19327497
0.20021152
0.22797251
0.24216390
0.21390891
0.15214944
0.28479624
0.21591520
0.18307900
0.17239308
0.17217588
0.18128037
0.13759398
0.13850260
0.16749954
0.16149497
0.13679409
0.28341126
0.14051509
0.18886399
0.26752830
0.17532372
0.19582295
0.21203780
0.21014476
0.19285417
0.19290757
0.25489450
0.19650888
0.21279144
0.19577861
0.25434327
0.24414492
0.27015090
0.22346139
0.19306922
0.24911475
0.23592305
0.24376822
0.35900879
0.29663515
0.24941039
0.25020242
0.28083491
0.27565026
0.24404955
0.24552226
0.24014378
0.26393700
0.23539519
0.26493073
0.25660276
0.23429012
0.21235323
0.26160431
0.20469904
0.25258899
0.20088410
0.17381191
0.22720909
0.21470976
0.22490931
0.17058802
0.16802168
0.22429824
0.18622994
0.24103975
0.24683118
0.17578387
0.23456812
0.21296096
0.20176315
0.19377470
0.14563513
0.18059683
0.17894816
0.15585423
0.16699529
0.15978670
0.14777303
0.15560293
0.14794970
0.14404869
0.22194171
0.18613672
0.14574766
0.16567469
0.15496492
0.14098263
0.13801360
0.15802956
0.18954015
0.23891234
0.19123435
0.15777183
0.18698812
0.14986062
0.19343185
0.19455075
0.14469719
0.17034006
0.14352274
0.15443039
0.19621706
0.20938730
0.19720411
0.16254210
0.18924308
0.24340844
0.24258113
0.17368484
0.19842720
0.15812969
0.15968204
0.25621963
0.18874359
0.15261507
0.20440435
0.17108417
0.18391705
0.19229078
0.13270879
0.16395378
0.21148801
0.22362208
0.14770246
0.22072792
0.14451551
0.14782643
0.19755197
