0.03805327
0.20157218
0.26601171
0.22731972
0.22552395
0.20605564
0.20368409
0.22664118
0.19953442
0.20573020
0.21668100
0.21282268
0.21794319
0.24143982
0.22398257
0.23384666
0.20904398
0.21437669
0.21266890
0.20584440
0.19263530
0.20795369
0.19721580
0.21781540
0.18283820
0.21032667
0.14319348
0.20145965
0.20516348
0.26380515
0.21680784
0.17948365
0.20067739
0.24384594
0.21820045
0.22557712
0.19337487
0.21333027
0.20002866
0.22633362
0.23537922
0.19998980
0.19871402
0.21401739
0.24880481
0.22795892
0.26267672
0.23647642
0.20767188
0.24391389
0.24555159
0.25466323
0.32931614
0.23711920
0.21770930
0.18466115
0.17444110
0.17710257
0.24719143
0.32560754
0.21886301
0.22658014
0.21874762
0.17465353
0.20098424
0.20600629
0.22829676
0.24113488
0.27427411
0.13941288
0.19421721
0.17515016
0.15860343
0.16118288
0.17168355
0.15026808
0.20447874
0.13731694
0.14813662
0.14658260
0.16504407
0.16285419
0.29383636
0.17317510
0.16091108
0.16101265
0.17700720
0.18208146
0.18525100
0.15344882
0.14440680
0.24080157
0.23193884
0.19055390
0.17656064
0.20581889
0.19119382
0.24596190
0.18391323
0.18309164
0.14238906
0.16103101
0.14899945
0.15692711
0.15620637
0.15348005
0.15525818
0.15562344
0.14838195
0.14572740
0.16237187
0.16064954
0.17553782
0.16235590
0.15700793
0.23228335
0.16997385
0.16672134
0.15304542
0.17966056
0.18670702
0.17462277
0.16192079
0.15855193
0.17533088
0.15391588
0.15700412
0.15633464
0.17009521
0.17344666
0.16176605
0.16577864
0.23816228
0.28034711
0.23672915
0.22259116
0.16620803
0.14138722
0.15221477
0.18841672
0.26629877
0.25586939
0.18313718
0.18057060
0.20922184
0.19726467
0.17462516
0.19580579
0.15769148
0.17128229
0.15787649
0.16683054
0.24686742
0.20140934
0.16970634
0.19332385
0.22447276
0.16084957
0.15912151
0.16400456
0.20564175
0.19799566
0.21118712
0.20382977
0.15044117
0.14010358
0.17910242
0.14762902
0.14233494
0.15828776
0.14817786
0.14916468
0.17493486
0.16790247
0.12718248
0.13608932
0.15505409
0.16160703
0.16653156
0.16937041
0.17643857
0.14630008
0.15935469
0.14956284
0.15513921
0.15133142
0.14872479
0.15702939
0.15386677
0.15344954
0.20583224
0.15931559
0.22013021
0.14574313
0.16508079
0.14816427
0.16503763
0.14900041
0.17801476
0.11496830
0.15045404
0.16668558
0.22313881
0.15957379
0.15818405
0.17024589
0.17599964
0.14905334
0.15838385
0.26777887
0.21550155
0.29548407
0.17612076
0.17261982
0.20014310
0.21228719
0.17662740
0.20016479
0.21952486
0.17758894
0.21244717
0.27824521
0.24083066
0.18148065
0.20472431
0.23163128
0.23633170
0.16419077
0.22337842
0.20496798
0.18719006
0.23565030
0.19866800
0.30024910
0.19869876
0.22754097
0.20679498
0.20474982
0.25209546
0.24767470
0.26635766
0.20900130
0.22257471
0.20380902
0.14891791
0.18065858
0.17854404
0.18012619
0.27089214
0.26349115
0.20469856
0.26652741
0.16238999
0.18332434
0.24735236
0.19805288
0.13781691
0.17246771
0.15414119
0.19260263
0.17482328
0.18725991
0.18557119
0.22260165
0.23564672
0.26056290
0.21756101
0.22886395
0.19123101
0.18944836
0.20375800
0.23868418
0.24794531
0.18929076
0.19529438
0.19290757
0.18778419
0.15309572
0.17993021
0.19171000
0.20017529
0.20117950
0.26271963
0.16614556
0.18145561
0.21046638
0.15772462
0.14718962
0.16373420
0.12620091
0.16073394
0.14963841
0.16823530
0.17319536
0.21674180
0.18282437
0.24346423
0.18102694
0.16196156
0.15293264
0.16330457
0.15285516
0.16130424
0.15640616
0.15811467
0.19085097
0.17388129
0.19508767
0.16793966
0.16709018
0.18376780
0.14377046
0.13349390
0.15983677
0.16437650
0.16802406
0.14593911
0.16418529
0.14805746
0.16323543
0.17839670
0.19355369
0.20107198
0.24039817
0.18152022
0.17472482
0.17558074
0.24833488
0.19333720
0.28530121
0.20886087
0.23923397
0.24436235
0.20022130
0.19398832
0.19555354
0.19899559
0.19378018
0.24597621
0.20943260
0.19295835
0.19231701
0.19693494
0.20334268
0.19147849
0.20517731
0.22079730
0.22916150
0.18557906
0.19320154
0.18844557
0.20118666
0.21228647
0.15924501
0.15626884
0.30359912
0.25392699
0.23031998
0.23436427
0.22662187
0.21280241
0.21817684
0.23528266
0.19267035
0.22297287
0.21784973
