0.05938005
0.25529146
0.22990084
0.25252986
0.22868276
0.16056967
0.16797638
0.18561840
0.21987295
0.20264578
0.22019649
0.23462152
0.20388055
0.15218759
0.19433236
0.17751932
0.20698333
0.19725108
0.18491220
0.18293023
0.17889380
0.18323135
0.18575621
0.17271519
0.15782356
0.13075471
0.16536760
0.16726708
0.11891580
0.14036489
0.14882231
0.13814735
0.13122869
0.15573263
0.15098763
0.16350341
0.23029542
0.14172029
0.19591498
0.20573354
0.24183607
0.21367908
0.15527821
0.16343284
0.15693688
0.21351981
0.15852237
0.24788857
0.21454716
0.21066213
0.23728538
0.16395164
0.12840152
0.19239759
0.14615226
0.21018934
0.13921332
0.13457298
0.14312243
0.16182137
0.14172411
0.15613699
0.16592193
0.15495443
0.13901353
0.20254064
0.21154118
0.26363873
0.19893336
0.19051123
0.19297838
0.15585828
0.14172840
0.17345023
0.18683290
0.14982915
0.15496039
0.14765024
0.26245785
0.19736099
0.19045210
0.15731025
0.15521860
0.16405559
0.15321350
0.16806388
0.15848184
0.17987156
0.16710591
0.16368794
0.21532726
0.23241162
0.23235559
0.21349907
0.17264390
0.16385365
0.18547654
0.15868807
0.15219402
0.13829637
0.14532614
0.15280366
0.14320135
0.15775752
0.16086674
0.15921879
0.19418693
0.19785047
0.18162465
0.24773002
0.19264817
0.13702750
0.20183253
0.15659451
0.18676949
0.21184492
0.14218664
0.22716951
0.23128057
0.15401196
0.15060449
0.15644789
0.12640595
0.13558340
0.14640594
0.16095948
0.15390539
0.16398931
0.17040658
0.18760324
0.15259624
0.13265944
0.15215850
0.14120317
0.13955259
0.14512134
0.14664459
0.17906499
0.19275451
0.16851044
0.17996049
0.19031334
0.14732742
0.19346285
0.15804601
0.23745298
0.13720965
0.14563918
0.27472067
0.17921615
0.20952415
0.27451277
0.23096895
0.21949482
0.23996782
0.25718069
0.24867296
0.22682190
0.21232271
0.23331666
