0.03445578
0.16767931
0.13607621
0.14046669
0.13842845
0.21396708
0.15295768
0.13965034
0.15308189
0.14695740
0.13418007
0.15027595
0.12830281
0.12723017
0.13764405
0.12023568
0.12021494
0.13491845
0.12761235
0.18764544
0.16451526
0.16224003
0.25400019
0.22135282
0.17813683
0.18819833
0.18207932
0.14674854
0.14886427
0.15787292
0.16036129
0.17222428
0.18163562
0.22624874
0.19192529
0.19324923
0.19443274
0.20737672
0.19832134
0.19818163
0.20095682
0.19847012
0.21847486
0.21112466
0.21191573
0.20043278
0.19310427
0.20732069
0.22299218
0.19351959
0.19243121
0.19728184
0.19411731
0.19406009
0.23406482
0.19184446
0.24952006
0.20143247
0.24516344
0.22936535
0.15169740
0.20879960
0.20178437
0.19961357
0.21810746
0.23343062
0.22853398
0.24033356
0.18091011
0.20549607
0.19378066
0.23516941
0.25038838
0.23017478
0.23457193
0.21667337
0.21818280
0.25028658
0.20456219
0.16518331
0.21672416
0.18881178
0.26001716
0.27827692
0.24343038
0.21687150
0.21487522
0.18847752
0.22415566
0.19873476
0.10515904
0.16983533
0.17517734
0.17331195
0.21348548
0.16705775
0.19383574
0.25523114
0.16105747
0.16836882
0.14735198
0.14077902
0.22598147
0.19581485
0.23065114
0.24869680
0.23573017
0.22753525
0.19995236
0.17406440
0.16468358
0.15154576
0.21396732
0.17353678
0.12543273
0.13829470
0.15143275
0.14730191
0.16454673
0.16088629
0.16652203
0.14850044
0.16160226
0.15284419
0.15364575
0.17701125
0.23057222
0.15023041
0.15372872
0.15577054
0.18329477
0.20260429
0.18987107
0.18919158
0.19490576
0.16552162
0.21335196
0.22670388
0.22041702
0.13373852
0.14435005
0.14481688
0.14018750
0.16070461
0.17604733
0.13951468
0.16937494
0.15141106
0.16607189
0.15421033
0.14756179
0.16378212
0.15546060
0.17087317
0.18332219
0.18130088
0.11390305
0.13865638
0.14168382
0.14482903
0.13843703
0.12384892
0.13950157
0.14129329
0.13723254
0.14091873
0.14930725
0.13411927
0.11899352
0.13278222
0.14820290
0.14944696
0.15165162
0.16516829
0.22678995
0.21161962
0.14301991
0.15605354
0.17123365
0.16106009
0.16709995
0.15856981
0.16917682
0.13553953
0.12510657
0.14719868
0.12423396
0.13081336
0.16616559
0.16903353
0.17858124
0.18232346
0.15145350
0.18269300
0.26051974
0.23749375
0.19431353
0.18564987
0.13764763
0.13704491
0.20380378
0.16913819
0.17260289
0.18602538
0.15742683
0.13681984
0.15433478
0.17555833
0.16200042
0.15443540
0.16547704
0.16536999
0.15979838
0.14260960
0.16124654
0.18649530
0.15839505
0.12694049
0.14766097
0.21416521
0.22649813
0.18811464
0.17108250
0.19037175
0.20017481
0.16472435
0.20201635
0.19435453
0.24739242
0.23520136
0.20077014
0.20182133
0.20480919
0.20134830
0.20220661
0.19785428
0.22398186
0.20807242
0.20498443
0.21159124
0.21289563
0.19966912
0.19760990
0.20537281
0.19386005
0.20821166
0.19664383
0.19124174
0.25802207
0.10762739
0.09986496
0.12774515
0.14091110
0.17549133
0.16033959
0.13770866
0.23269033
0.18376946
0.12336564
0.13296580
0.14776373
0.18378711
0.23960447
0.17405701
0.22927427
0.22639155
0.16770840
0.15152526
0.21669984
0.21777415
0.12926817
0.19861460
0.20613766
0.19394684
0.23364305
0.18369651
0.20582533
0.19106340
0.19368410
0.17520666
0.20362711
0.13328338
0.16160321
0.23607278
0.25718093
0.18237567
0.20652986
0.21196723
0.17875385
0.25106287
0.15237021
0.13325787
0.20303416
0.22480392
0.21335649
0.19450998
0.21109509
0.19878912
0.25493121
0.22487330
0.24795699
0.20841002
0.21378636
0.18132043
0.14937234
0.19242048
0.15423512
0.13797903
0.17961717
0.16526437
0.15414286
0.14043617
0.17263675
0.16820741
0.15258718
0.17015171
0.23795199
0.13926625
0.15570903
0.13624358
0.13656735
0.11929464
0.13512564
0.13429427
0.12488389
0.13681984
0.15171146
0.12345314
0.15567923
0.14733768
0.13994431
0.20881033
0.16119051
0.13472390
0.17582583
0.16275358
0.17673826
0.22203112
0.20229340
0.21260524
0.20531940
0.18172526
0.21083593
0.24340177
0.17129970
0.16667652
0.30090904
0.25752783
0.19363952
0.15016556
0.16841960
0.16699719
0.13815188
0.14396596
0.10668063
0.10056376
0.10196233
0.10174298
0.11206889
0.11660600
0.12792563
0.11848736
0.12576008
0.11202216
0.14707613
0.17436075
0.18527555
0.19394064
0.13677931
0.12798715
0.11832166
0.10644722
0.14240885
0.15094662
0.16239095
0.23718476
0.19362259
0.18848968
0.21082640
0.17500138
0.29061437
0.25832009
0.23220110
0.16542554
0.13817835
0.14443135
0.16785884
0.24221683
0.19490027
0.14462185
0.14073896
0.16006136
0.14659953
0.14591193
0.14446545
0.26195717
0.18987966
0.14564419
0.15682054
0.17144871
0.18659782
0.19184160
0.18634725
0.19857264
0.28079867
0.18693709
0.20502758
0.20051885
0.23075891
0.20350695
0.12128425
0.13442326
0.14882946
0.19562626
0.22240639
0.15145493
0.13577151
0.17847824
0.13476753
0.14967942
0.12893844
0.16101456
0.15610123
0.19372368
0.15088677
0.16357613
0.14900875
0.14173102
0.12566328
0.12487888
0.12764311
0.14645624
0.13965249
0.15041614
0.18398833
0.14684987
0.15508223
0.14756131
0.14397359
0.11573696
0.12355208
0.10355473
0.10760689
0.12597442
0.17423725
0.14283037
0.14216566
0.15150547
0.15295076
0.18340659
0.14671993
0.14768052
0.15034771
0.14775038
0.14434385
0.16248274
0.15444684
0.17843628
0.20193577
0.20639324
0.21062517
0.20466661
0.19924879
0.20531464
0.18746948
0.19213867
0.19479179
0.19244337
0.19304419
0.18641782
0.19675732
0.19376397
0.19491076
