0.04151130
0.21455216
0.20003438
0.19414520
0.20113921
0.20294738
0.23080969
0.25529552
0.23915648
0.18842554
0.22026420
0.19847345
0.23294640
0.19078732
0.24478817
0.18368721
0.24869561
0.24795175
0.22908473
0.21178460
0.23785806
0.22854829
0.23407865
0.24184299
0.22655606
0.19278383
0.25325727
0.21426392
0.22099996
0.22143507
0.19267464
0.22837162
0.15029669
0.13169885
0.15452075
0.18029737
0.17091370
0.20555592
0.11425042
0.15027547
0.15941620
0.15450644
0.17570567
0.19404697
0.20977688
0.20745730
0.16094065
0.14974785
0.15250421
0.17571878
0.18380475
0.14129782
0.13803530
0.15914106
0.18846130
0.23006082
0.24367404
0.21890140
0.19295931
0.25520277
0.19160271
0.14073730
0.15822005
0.14444661
0.15562105
0.15685415
0.15566468
0.15192699
0.19221401
0.16373944
0.15544438
0.15217209
0.20235634
0.17635822
0.17067695
0.14941525
0.16530395
0.13434553
0.15255976
0.17958856
0.19699097
0.24018216
0.16594505
0.18947363
0.27069354
0.16790533
0.26478291
0.14608884
0.14264631
0.17834640
0.14745402
0.17877221
0.12095618
0.17019606
0.14797592
0.15113139
0.14947581
0.14202929
0.16884637
0.19488621
0.20609665
0.18502665
0.15135813
0.18792105
0.16318750
0.18444824
0.20266175
0.15663910
0.13412118
0.19050241
0.21538329
0.18994784
0.25939846
0.16987991
0.18065143
0.21801424
0.17339563
0.15643430
0.17270374
0.14344501
0.17660475
0.13264394
0.13630223
0.15841365
0.14985538
0.12765455
0.12328911
0.12276840
0.13462996
0.13611627
0.14583278
0.19637251
0.16623211
0.13697910
0.10735250
0.11576390
0.16555810
0.22230196
0.26061320
0.24003744
0.20888710
0.20012808
0.19387913
0.19293714
0.21226501
0.20449829
0.21382165
0.21407962
0.21059346
0.20219898
0.20083475
0.21546268
0.19220853
0.19285131
0.19765043
0.19380569
0.24154639
0.26540089
0.24772000
0.26468563
0.22494745
0.23466468
0.20785117
0.20027781
0.20716476
0.17696452
0.18675566
0.18830895
0.19483757
0.18030000
0.12377834
0.23706532
0.17806888
0.22197795
0.21244740
0.21774244
0.21285009
0.21401572
0.20901561
0.22813439
0.20371985
0.19692063
0.13382196
0.23972440
0.20903134
0.21279240
0.19673181
0.24070024
0.14416647
0.16571784
0.18925261
0.15156722
0.17970300
0.15564823
0.15268183
0.21227193
0.17666817
0.24375868
0.19651437
0.15856504
0.17019844
0.14562464
0.12703657
0.22367549
0.13860273
0.16432548
0.21319294
0.18058801
0.18338943
0.20148921
0.18296981
0.17165160
0.20976114
0.20609736
0.23969150
0.19614935
0.19516826
0.19858766
0.19020724
0.20802927
0.27055550
0.16643453
0.16302586
0.16572428
0.15708756
0.14069724
0.14238596
0.15174198
0.15850234
0.14702630
0.14142084
0.14908910
0.18226624
0.13171887
0.13813853
0.19847536
0.16682434
0.15259981
0.22105169
0.20374870
0.12543678
0.13986492
0.14671874
0.16543150
0.13348293
0.13793850
0.16970825
0.16627026
0.16390038
0.13356328
0.16929436
0.14795637
0.17767143
0.15796709
0.14979625
0.20799541
0.15891790
0.15543842
0.14992213
0.15848660
0.12628198
0.14742517
0.12103224
0.10419917
0.12492156
0.16294003
0.16383719
0.16759086
0.19229531
0.15540218
0.16963816
0.14028072
0.14592719
0.14899540
0.16822505
0.15762067
0.14197540
0.15164733
0.22006869
0.24702168
0.19680262
0.22772193
0.22986627
0.19876385
0.25184488
0.22975302
0.14485788
0.13182378
0.15717769
0.15165758
0.15615392
0.18777609
0.14711285
0.22220707
0.21230268
0.21936655
0.20132470
0.19527650
0.20003343
0.20697904
0.19899225
0.21023107
0.19853425
0.20491147
0.20680141
0.19791913
0.21115899
0.20761347
0.20722008
0.19590664
0.18586111
0.19130564
0.19529891
0.21722460
0.22200179
0.20278978
0.23699427
0.22276759
0.23084140
0.20858622
0.17190719
0.21396708
0.14639711
0.22557712
0.21535039
0.20528221
0.21334743
0.17323732
0.18127918
0.21781588
0.23171210
0.21568489
0.21092629
0.20387554
0.22378874
0.18722153
0.17473745
0.20048976
0.16180038
0.13575029
0.12502289
0.12118864
0.21056128
0.12287450
0.14493418
0.15408826
0.16863441
0.19633889
0.13009167
0.13988972
0.14467931
0.14848781
0.13537884
0.16009212
0.13423777
0.14170861
0.14718223
0.20444369
0.18517852
0.14400196
0.16014814
0.20019579
0.18178344
0.15045285
0.16589499
0.24082541
0.17349100
0.13217402
0.13045573
0.16119552
0.14065576
0.23564291
0.15669775
0.18754172
0.14443302
0.15475392
0.19741297
0.15805101
0.15119672
0.15367508
0.16169024
0.23408937
0.19706178
0.21506453
0.18392229
0.24628568
0.15794468
0.13076234
0.13745070
0.18743825
0.21075702
0.13838315
0.20655942
0.17380738
0.16044712
0.15227151
0.15833402
0.14520335
0.16997409
0.16800523
0.17948055
0.22811389
0.16100168
0.18033195
0.16062760
0.19619513
0.20916438
0.20284534
0.15545774
0.15933919
0.18057036
0.22961354
0.30096650
0.18648696
0.16273165
0.14728498
0.18234491
0.14753413
0.15619349
0.18299913
0.19584012
0.23857522
0.21916175
0.18992519
0.14453459
0.15625501
0.14401126
0.13444233
0.16097069
0.17978215
0.16247010
0.15996814
0.16428614
0.15089869
0.16362000
0.15424109
0.12543249
0.13152814
0.12618709
0.16319299
0.15994978
0.14997244
0.16110802
0.13558626
0.15871716
0.14072180
0.15449190
0.14943981
0.17538238
0.16027808
0.14689565
0.14908504
0.19454813
0.16696286
0.15509892
0.17756557
0.15418696
0.17648745
0.14668226
0.12303114
0.17015481
0.17657828
0.15350294
0.16378617
0.17212725
0.19234324
0.18578577
0.16904640
0.16884327
0.15630388
0.15894294
0.14818358
0.24556136
