0.06687784
0.21350050
0.13772535
0.20406055
0.25130248
0.18312669
0.18959999
0.14063787
0.16971135
0.14733028
0.14549303
0.14675617
0.15759087
0.15273190
0.18385339
0.15900803
0.17434716
0.16279054
0.14912367
0.15060377
0.14204144
0.12997222
0.14439225
0.14982295
0.14431477
0.16182208
0.17072010
0.15010905
0.25053573
0.19801450
0.21842813
0.18676805
0.16914129
0.23026466
0.23866916
0.21683431
0.20835614
0.20011926
0.20059323
0.20016527
0.20431089
0.20382547
0.20449281
0.20899463
0.21313357
0.21281099
0.20115638
0.21507430
0.20041990
0.19259667
0.19450688
0.19517446
0.19093823
0.18897080
0.23270535
0.21500540
0.22732067
0.22750163
0.19465780
0.22167349
0.18379784
0.22544837
0.25896931
0.26622438
0.24408507
0.19295382
0.23921084
0.23100114
0.22939396
0.20586967
0.19247055
0.20621419
0.20592904
0.18835282
0.20250106
0.23403573
0.22605896
0.19329739
0.22496343
0.20761371
0.17756224
0.18252134
0.15232825
0.24474740
0.15786505
0.15701914
0.13747978
0.13948989
0.12335515
0.15632677
0.16502476
0.15630674
0.12887883
0.13814521
0.23596048
0.12143755
0.16109443
0.14892578
0.14683771
0.13627887
0.24209619
0.14352107
0.13672137
0.15427351
0.14794779
0.13718891
0.17349291
0.27493978
0.17579484
0.17051506
0.13535738
0.13195610
0.14403367
0.21836782
0.18355632
0.13172889
0.20980430
0.14017153
0.18933153
0.14095211
0.14892817
0.16064382
0.12936354
0.12673497
0.14770985
0.10982990
0.13340640
0.13676524
0.16010499
0.13677597
0.14705133
0.22304082
0.17318082
0.15162563
0.15621543
0.18424678
0.19485474
0.19262671
0.22652316
0.15165758
0.23807549
0.20895004
0.22911119
0.18958807
0.21890807
0.19506788
0.19276857
0.27645421
0.17336512
0.22380090
0.17751908
0.15369320
0.24289298
0.17835736
0.17894006
0.16487765
0.16441894
0.18407750
0.23730493
0.18963337
0.14549518
0.13401103
0.15005565
0.14960790
0.15434694
0.16227245
0.15185905
0.15499997
0.14521146
0.17487836
0.15483952
0.15126300
0.15693212
0.15776610
0.17721581
0.16996312
0.15782928
0.14012313
0.15008593
0.14653134
0.15893149
0.14012766
0.20726871
0.16264987
0.15676117
0.13122892
0.17296267
0.13359690
0.15154862
0.18465900
0.16954112
0.15414548
0.14553523
0.15502429
0.15633917
0.16576767
0.20871449
0.23880100
0.24711370
0.16027689
0.16604900
0.14834428
0.15328717
0.16441298
0.16164374
0.16756034
0.15977621
0.14974880
0.15022683
0.13859558
0.14495492
0.14199567
0.15230608
0.16751480
0.15132427
0.14851713
0.15333843
0.16378570
0.14875960
0.14681816
0.16673207
0.14303303
0.16208935
0.15672565
0.17306495
0.16119885
0.18100882
0.18964291
0.18387175
0.16776037
0.18192196
0.19565511
0.23745823
0.15550876
0.23013377
0.22231722
0.20365286
0.12973475
0.16512179
0.15143418
0.16896725
0.17538381
0.13976932
0.17531776
0.22762537
0.17193460
0.14624357
0.13481951
0.13967562
0.16183424
0.21218657
0.22065854
0.17998695
0.16460085
0.18428922
0.22430396
0.22317815
0.22959971
0.21016192
0.19534969
0.19672084
0.20315218
0.19331431
0.20668483
0.19975400
0.20081925
0.19840169
0.21356559
0.20858693
0.21078277
0.19940901
0.19831347
0.20768881
0.19352078
0.20079899
0.25840950
0.20474339
0.23097444
0.22811723
0.22597528
0.23312330
0.24236321
0.23603797
0.23306370
0.22244835
0.22553039
0.20349145
0.23769760
0.17887783
0.22129846
0.23096395
0.22773957
0.19260812
0.18185377
0.18719316
0.19313478
0.22153544
0.19229364
0.16101503
0.21104097
0.18663001
0.20700026
0.19321060
0.23286819
0.18553305
0.22651911
0.23503566
0.15996552
0.17371607
0.14399099
0.16513801
0.13718057
0.23684263
0.13422871
0.26276326
0.13810730
0.22697043
0.16764379
0.14714622
0.15062904
0.18896270
0.20215750
0.19478083
0.17907333
0.17725587
0.18599105
0.28351068
0.20766997
0.18583345
0.16068172
0.15791512
0.26046705
0.16296482
0.16160703
0.15073824
0.16768718
0.15400410
0.16506767
0.18605924
0.22624230
0.19702005
0.19180536
0.19440889
0.19094563
0.15988278
0.15726066
0.13759089
0.13790846
0.12122989
0.15627789
0.21292496
0.24101686
0.18637347
0.23276258
0.17558169
0.19709802
0.14544392
0.18464375
0.18727231
0.18902111
0.14327192
0.18131161
0.20289540
0.19203329
0.14674020
0.12231302
0.14949489
0.14497185
0.14935422
0.14742136
0.18167663
0.17263842
0.16793799
0.14331412
0.15887427
0.21781516
0.16701865
0.13954020
0.15773797
0.13907743
0.14007401
0.14662719
0.12088633
0.12748957
0.13288713
0.17884970
0.26172948
0.20754004
0.19863772
0.20487309
0.21039629
0.20415521
0.20345831
0.20502043
0.20751405
0.22057652
0.22367859
0.21324587
0.21265960
0.20765591
