0.04759669
0.22338057
0.18672681
0.22736526
0.24019122
0.24078035
0.18541193
0.26606965
0.19545627
0.18426776
0.13792467
0.13395119
0.18627620
0.21664548
0.14681721
0.21632028
0.25452018
0.26702356
0.23764968
0.21310234
0.26899338
0.28107047
0.26478219
0.26272678
0.21922493
0.21787763
0.22830892
0.19977260
0.24415207
0.20683193
0.18527269
0.18070459
0.18046498
0.18540001
0.17587018
0.12590003
0.14999199
0.14048362
0.14404035
0.24282932
0.14254355
0.11865401
0.12657666
0.23073936
0.16966987
0.22281051
0.22303629
0.22638083
0.24004412
0.15808344
0.12101817
0.16596842
0.12741399
0.15993214
0.21444607
0.26948118
0.31346464
0.20536804
0.23818374
0.23843837
0.14749908
0.14795208
0.21422029
0.19907713
0.17806935
0.13458395
0.13317037
0.14165092
0.23364305
0.15764189
0.20935130
0.22842169
0.19451284
0.19988751
0.16155195
0.14712930
0.15008402
0.16692114
0.16197228
0.14091063
0.20472550
