0.04688668
0.19818830
0.18456697
0.19419599
0.17374873
0.15005398
0.16681361
0.14368868
0.14542484
0.27090406
0.13832259
0.14078379
0.16381741
0.15515137
0.16885805
0.21481252
0.15888238
0.22158098
0.19210649
0.24773526
0.25724316
0.18071532
0.17923021
0.14640355
0.16546988
0.15922904
0.14471745
0.16521072
0.11195898
0.10815096
0.13804531
0.16005492
0.20820141
0.14926052
0.14561319
0.16135263
0.14676523
0.15750957
0.14892220
0.13341928
0.15850186
0.16099858
0.14270759
0.15227389
0.13146949
0.15368319
0.23671508
0.16726112
0.14789915
0.13960791
0.13859105
0.15339565
0.19040394
0.18770099
0.16584325
0.14556623
0.13101149
0.12402034
0.10808420
0.10339761
0.14751482
0.14395666
0.18773341
0.18668246
0.12054396
0.12746024
0.14232016
0.15915513
0.19297695
0.22857809
0.18216705
0.17922878
0.16397381
0.20488358
0.23279715
0.15239644
0.16483140
0.17083931
0.15160465
0.23010421
0.25693941
0.18374944
0.21003842
0.18711400
0.14956164
0.18401790
0.21017408
0.21552157
0.17686367
0.19269991
0.20002341
0.19153738
0.20247293
0.20615411
0.20961690
0.21410298
0.20693231
0.19897866
0.20103240
0.20593357
0.21523643
0.19505906
0.19864869
0.19101810
0.21318030
0.19492006
0.20972538
0.21178961
0.24580574
0.24463296
0.21075130
0.22988677
0.24340391
0.15594649
0.18277240
0.14706349
0.22014952
0.21049237
0.16173315
0.23745465
0.22779655
0.23663998
0.18610239
0.24340987
0.21181750
0.22994637
0.22718692
0.21790814
0.17191577
0.18261814
0.16131377
0.28308153
0.23802733
0.19077682
0.13357282
0.20032024
0.14261842
0.20443010
0.21953273
0.19344687
0.17581487
0.18845892
0.16359997
0.18931961
0.20726824
0.14104223
0.12980247
0.17280722
0.23384786
0.18487906
0.19477391
0.18213391
0.13485622
0.22305226
0.18897009
0.15451312
0.18083596
0.15484071
0.14587998
0.16951990
0.17350578
0.17320371
0.13798165
0.14530802
0.18401432
0.16902113
0.15334702
0.14736128
0.18352103
0.12643814
0.15725350
0.14845657
0.15618682
0.15279341
0.16766405
0.16339135
0.14981842
0.16952205
0.14916420
0.19773364
0.19767928
0.18268538
0.22811437
0.21795511
0.20744967
0.20960879
0.13525534
0.14798117
0.16758633
0.15269256
0.15287352
0.15267444
0.14802551
0.16552401
0.19197941
0.16119480
0.17730594
0.16485405
0.15314007
0.14976072
0.16324282
0.25939035
0.18123817
0.19369698
0.19088340
0.16461444
0.15627289
0.17759609
0.22154355
0.12816954
0.14852858
0.16459751
0.14244604
0.14076233
0.13748097
0.17362428
0.12784958
0.13893867
0.18924570
0.24202013
0.19766855
0.24354219
0.15710902
0.14627981
0.13313651
0.15196419
0.16519308
0.15812230
0.16619277
0.15638447
0.14787579
0.13947582
0.16220641
0.14026761
0.15803599
0.16926527
0.18970680
0.18691826
0.16148067
0.30280709
0.23687696
0.20137501
0.23378301
0.15376139
0.22237754
0.25646996
0.14835334
0.15383744
0.18963838
0.19063878
0.21892905
0.22659183
0.20858550
0.20618653
0.20085001
0.20272732
0.20109773
0.19905496
0.23382568
0.22336745
0.21828151
0.22065520
0.20261955
0.19307876
0.21522856
0.19307184
0.18946576
0.19836426
0.20209551
0.20794344
0.25050497
0.19879055
0.23495030
0.24217081
0.22379088
0.22533059
0.24960256
0.23384094
0.22589874
0.23216033
0.22591209
0.21487689
0.18154049
0.22475505
0.22657537
0.23696494
0.24216056
0.23209476
0.24163508
0.19710946
0.19929934
0.22745156
0.21462154
0.19705200
0.15649867
0.16870260
0.16955090
0.23467207
0.15788078
0.15124059
0.17080498
0.19575191
0.17038846
0.14028764
0.17295742
0.19195294
0.16705513
0.15156651
0.22285604
0.22251129
0.19741797
0.20739007
0.20959973
0.16869593
0.26275849
0.14421892
0.13368535
0.14628625
0.15367937
0.17217422
0.25851154
0.16236353
0.16113305
0.15834832
0.19464350
0.17310429
0.13923645
0.13356233
0.10767865
0.19257951
0.18435502
0.25472808
0.15916109
0.12442446
0.12173724
0.18038940
0.16526127
0.22218394
0.20758271
0.18088865
0.23865438
0.19798350
0.24131942
0.18850565
0.18112421
0.17807031
0.17744946
0.21028781
0.17085695
0.24308157
0.14640713
0.15739322
0.14127159
0.16932273
0.14036965
0.12973547
0.12923479
0.14833283
0.16739607
0.15971088
0.13538241
0.17918468
0.14920568
0.15421915
0.14537525
0.13716006
0.15190601
0.14673090
0.17138505
0.17177725
0.17163515
0.14837003
0.17268658
0.14457440
0.14109445
0.17076254
0.18301535
0.27891684
0.22214103
0.22388506
0.17324018
0.18806100
0.22726870
0.15132594
0.15217519
0.15140009
0.16549921
0.14614129
0.15869761
0.17338967
0.15299773
0.15686226
