0.04145122
0.16168666
0.13249397
0.21444488
0.15069771
0.17675877
0.15293455
0.23216271
0.20038867
0.16136146
0.14633965
0.16088581
0.14203405
0.16815758
0.14627028
0.18067145
0.12017775
0.12658596
0.15697289
0.13966155
0.14064956
0.12684774
0.14965844
0.15436697
0.13120556
0.18061137
0.13281250
0.14277816
0.15728498
0.14663577
0.17262554
0.20178413
0.17710257
0.16299033
0.14150262
0.13459182
0.13686299
0.15928245
0.14200497
0.15428472
0.15281153
0.16446328
0.15691543
0.14550543
0.14096260
0.16569328
0.17624068
0.14162588
0.16490722
0.16994214
0.16601515
0.13425612
0.17456293
0.20385218
0.14492679
0.18595552
0.21807265
0.16825867
0.20756030
0.22886634
0.19929218
0.21146774
0.20728469
0.20175481
0.20689940
0.20776463
0.20212555
0.20210195
0.21364069
0.20548153
0.20822120
0.21551895
0.20358229
0.20012951
0.20585823
0.18689513
0.26566172
0.22139502
0.20162439
0.19725800
0.26122189
0.21106100
0.21178031
0.18675137
0.22767949
0.23515773
0.23571801
0.21359420
0.21176338
0.25738263
0.22173595
0.18973923
0.23670244
0.24456334
0.16010690
0.22565651
0.22251940
0.23518825
0.19499755
0.18817067
0.18103027
0.19962597
0.21890974
0.18179297
0.20008135
0.22037029
0.22374773
0.19447660
0.18435812
0.20332956
0.16145611
0.16421366
0.19485927
0.22636056
0.20680261
0.19163060
0.28729177
0.13645029
0.19798684
0.22213984
0.23284936
0.20191813
0.18420053
0.19475937
0.19274306
0.25648713
0.25364208
0.17174053
0.21287751
0.20048189
0.22075844
0.25870419
0.18685484
0.13590860
0.14938402
0.17196727
0.12847042
0.13396072
0.15384698
0.17911148
0.15894365
0.14861083
0.15003085
0.19550514
0.10882449
0.17534256
0.18253160
0.17404008
0.19023609
0.23076344
0.15799904
0.12822151
0.13552547
0.14295506
0.18945503
0.15292001
0.15239525
0.14663386
0.15024567
0.19259238
0.18950367
0.13626742
0.10553598
0.15333629
0.20603371
0.19043612
0.22043538
0.17433429
0.15215206
0.17803001
0.17212868
0.16385388
0.16025901
0.15038228
0.14765358
