0.04264379
0.20015669
0.17725205
0.18564296
0.17325497
0.20190811
0.15374279
0.14391637
0.12581229
0.17477798
0.15162277
0.12813735
0.15399337
0.21228218
0.23329067
0.13092351
0.17210221
0.27135634
0.17145061
0.18055415
0.19362283
0.23542428
0.14640737
0.14701629
0.15915418
0.24237061
0.25030899
0.23391151
0.21797371
0.21331048
0.20268846
0.18126774
0.22070813
0.24217534
0.20029759
0.22411585
0.22105575
0.20403218
0.21596456
0.21266913
0.26805162
0.27346873
0.22443008
0.22017622
0.21019149
0.21593118
0.18949127
0.18694782
0.20276594
0.18628454
0.26355648
0.23107648
0.26207185
0.18518734
0.15287304
0.18958521
0.25183225
0.25032163
0.21510673
0.19286466
0.26502895
0.20578742
0.19057345
0.18791652
0.18195105
0.15584803
0.18537378
0.21300602
0.20217776
0.22919154
0.20907354
0.20549345
0.19774318
0.19613099
0.23868084
0.24319315
0.19704723
0.25932646
0.22078753
0.22173285
0.22263145
0.14672947
0.25242829
0.26616430
0.21173835
0.25154996
0.26482844
0.18952823
0.21084952
0.15572500
0.16289186
0.16795921
0.17107630
0.24858785
0.16221356
0.15062070
0.14914966
0.15412331
0.16408134
0.19156098
0.24990630
0.18788338
0.12792444
0.13500118
0.14436030
0.14844012
0.15483332
0.17952538
0.18428373
0.16434503
0.15725493
0.17588043
0.14096785
0.22033191
0.16888332
0.15730596
0.14484286
0.16662431
0.14561176
0.13880444
0.13617945
0.12897229
0.13443971
0.20034170
0.19443989
0.09598088
0.12530589
0.15529251
0.16165423
0.23484373
0.15210629
0.15702724
0.15006304
0.18384767
0.14556789
0.13988376
0.14743114
0.17604375
0.18087292
0.18803549
0.15310049
0.14206123
0.15976739
0.17343879
0.19212675
0.16507101
0.23093748
0.21883893
0.18000340
0.22615910
0.21482062
0.21415019
0.15695786
0.29065013
0.18834996
0.19716358
0.13484216
0.16518664
0.15165114
0.16519761
0.15235806
0.16255856
0.19120264
0.15308452
0.14704394
0.15181375
0.21071982
0.15378284
0.16094017
0.16425896
0.13955140
0.16026759
0.14425373
0.16219044
0.15621138
0.14903831
0.15375018
0.15445447
0.15599203
0.16226864
0.16304064
0.20694542
0.20599079
0.20676136
0.25374389
0.25598073
0.18953562
0.18876719
0.19772840
0.20772338
0.20757890
0.19113231
0.19361472
0.19079161
0.20279574
0.20944333
0.21541953
0.21687031
0.20093918
0.19916224
0.20770502
0.19864798
0.18265200
0.19667816
0.18673491
0.25275564
0.26909828
0.24074030
0.26213002
0.21549082
0.20034909
0.16706920
0.21423197
0.21244645
0.21935225
0.20165730
0.23068309
0.20931983
0.22353721
0.22775626
0.23714375
0.26118493
0.24215484
0.22467971
0.20973730
0.20041394
0.20511746
0.18577170
0.20061183
0.23007274
0.14469910
0.15274072
0.16280270
0.18189478
0.18088961
0.15257072
0.15757442
0.15058565
0.14417291
0.12845111
0.14632058
0.14643645
0.25729728
0.18592525
0.19430351
0.18510556
0.16905260
0.14262128
0.16455007
0.13552785
0.11939621
0.16368103
0.17904758
0.20535326
0.25821447
0.21934080
0.16930437
0.29837203
0.20681262
0.21868682
0.19822645
0.14471984
0.14911175
0.18158031
0.14235258
0.15973139
0.14535499
0.14688873
0.16178226
0.12883067
0.15238237
0.15816092
0.17363048
0.16433549
0.13819981
0.16220379
0.13787413
0.15358400
0.17166662
0.26445436
0.20757890
0.17191839
0.18297434
0.21181941
0.13996124
0.18373823
0.18638659
0.18211102
0.17805791
0.23264146
0.20100331
0.17092228
0.14762688
0.14958000
0.14709473
0.15052032
0.15573907
0.14578986
0.27856374
0.19127345
0.20341444
0.14855671
0.13781404
0.12592149
0.15915108
0.17424726
0.15604043
0.15151048
0.15515327
0.15442467
0.15036821
0.17753100
0.15598035
0.15907192
0.18662596
0.14510345
0.13941622
0.16174698
0.19334173
0.22920465
0.18442583
0.20945477
0.18190885
0.18772244
0.17623377
0.14559126
0.14749432
0.14549780
0.13640761
0.14516807
0.15599227
0.18834472
0.19627428
0.15388393
0.14884758
0.14972806
0.16703153
0.18574238
0.20772457
0.19920111
0.19130826
0.19033480
0.20075321
0.20611811
0.19804668
0.20240593
0.20002699
0.20546532
0.20605183
0.19984460
0.20616150
0.20289445
0.20276189
0.19516420
0.21303010
0.18310547
0.19467258
0.19468164
0.18968678
0.20889997
0.19523430
0.24793720
0.23041511
0.25111747
0.22384191
0.20778656
0.21937442
0.25536728
0.18738699
0.16432333
0.20247602
0.16066289
0.16272283
0.24756122
0.20774317
0.20887065
