0.04506111
0.18495512
0.22607207
0.19293618
0.26682782
0.26485705
0.21810794
0.21870208
0.20862341
0.17404389
0.14004636
0.19993901
0.20997763
0.16364503
0.14902735
0.16358995
0.15726209
0.14059401
0.14113402
0.14378691
0.19538283
0.20922709
0.15528274
0.14267206
0.15323949
0.18046713
0.14735079
0.15712428
0.15712476
0.15782952
0.15534210
0.18852234
0.18205929
0.17548847
0.26271582
0.17777991
0.21870089
0.25736070
0.20157862
0.19442225
0.19790602
0.21647286
0.21584749
0.20780253
0.20230556
0.24643517
0.27806354
0.21222162
0.21400380
0.20565677
0.21014667
0.19399428
0.21638942
0.19693494
0.18663359
0.19194508
0.18882751
0.18571353
0.25073218
0.17637968
0.20966744
0.17675972
0.18313670
0.19612646
0.23642993
0.25270224
0.18944693
0.17938495
0.20296550
0.18976998
0.20253372
0.19190788
0.14724207
0.18607306
0.21935010
0.18464446
0.21831870
0.22953987
0.20249295
0.16868138
0.24007893
0.22635698
0.21831250
0.21196055
0.23602653
0.22066450
0.20795202
0.22866654
0.22615671
0.23339295
0.22946191
0.22727156
0.17812681
0.26424313
0.21234560
0.20258451
0.17108107
0.17261720
0.12445545
0.26093102
0.18915057
0.14341283
0.15625930
0.16982341
0.15096045
0.22779441
0.24429917
0.20223618
0.19537830
0.19173574
0.17293382
0.17743969
0.17742109
0.27332354
0.23107338
0.27353430
0.24401307
0.22100568
0.23755598
0.22659707
0.16052914
0.16993499
0.17201304
0.15036106
0.16026092
0.16161823
0.15496850
0.22047186
0.20120859
0.16950226
0.13687134
0.14572597
0.15721917
0.14782667
0.16546178
0.20512342
0.20384336
0.18039584
0.28904057
0.18105435
0.20146513
0.17691922
0.19388318
0.17575002
0.19092488
0.22571373
0.22807050
0.25861764
0.21853781
0.20868897
0.19631958
0.20479870
0.27405834
0.23545694
0.18897510
0.19138765
0.18918705
0.18348861
0.19543529
0.18389201
0.18136120
0.18786955
0.18042946
0.24415731
0.25496793
0.19530869
0.20459485
0.25726938
0.20959663
0.20566535
0.20429087
0.20734382
0.21757674
0.22047091
0.23534775
0.22391009
0.21337819
0.25168061
0.18356514
0.23468161
0.24326324
0.24433279
0.23046184
0.26022935
0.17149425
0.17619681
0.18335700
0.21274233
0.18929863
0.19492078
0.18755627
0.19913888
0.16091776
0.16266108
0.13574910
0.17619181
0.21731305
0.16495466
0.17440367
0.25488496
0.19620705
0.18858123
0.15915751
0.16675067
0.14798164
0.15152574
0.13184834
0.12156320
0.14234519
0.14908051
0.18041706
0.19303322
0.20814800
0.17606902
0.12387466
0.13976073
0.19713902
0.18145442
0.12672448
0.14953065
0.14154387
0.17508340
0.21089101
0.25064254
0.20653009
0.23347163
0.20048761
0.21686769
0.23909831
0.21053076
0.16319633
0.14313865
0.14811325
0.17342424
0.15981555
0.13181448
0.14483213
0.17444873
0.21785498
0.26356411
0.24003243
0.19769526
0.22369528
0.23973179
0.21187735
0.17780447
0.13721061
0.19786716
0.13751340
0.16598439
0.15155888
0.22714758
0.23200750
0.20396256
0.22300148
0.22103930
0.18378758
0.19779611
0.20617294
0.20222807
0.19055033
0.19626975
0.19187188
0.20620966
0.27604246
0.22806025
0.20276666
0.21551251
0.20127106
0.24690199
0.18811035
0.19675756
0.19137979
0.19427252
0.19023728
0.21802235
0.25648856
0.21607828
0.17958689
0.18664813
0.25298452
0.20471573
0.19721556
0.23651481
0.22650266
0.19368482
0.13643193
0.20773387
0.19516325
0.21675348
0.20377612
0.13574433
0.21241236
0.20493078
0.25166416
0.23187160
0.18234015
0.21949673
0.21354461
0.21596766
0.22618651
0.21821904
0.19713473
0.23908401
0.13936996
0.16824341
0.14672112
0.15237546
0.15117908
0.15388513
0.14081573
0.14800572
0.23909330
0.17888212
0.20022821
0.19823599
0.22366428
0.23449016
0.16206193
0.15038633
0.18790793
0.18562102
0.17565703
0.15422845
0.16157436
0.18859768
0.16298842
0.15073395
0.15564084
0.23418307
0.15854144
0.20795631
0.13264537
0.14572597
0.14796925
0.16946173
0.20405841
0.13607740
0.14014602
0.13799930
0.15342045
0.14864397
0.16082811
0.13264537
0.14305496
0.13512802
0.13599515
0.15136075
0.15651488
0.15051341
0.15650415
0.11239862
0.13685560
0.14683819
0.15744615
0.20038033
0.23379993
0.21189594
0.19225216
0.18558002
0.18857408
0.15957594
0.13413048
0.13609433
0.11783457
0.12165356
0.10839462
0.15278077
0.21635723
0.13856912
0.14473200
0.15089059
0.16023684
0.14669061
0.22224426
0.15028048
0.16123128
0.15378904
0.15949035
0.15980053
0.20419645
0.25627685
0.21804547
0.19013500
0.18999863
0.18463898
0.17035341
0.22391582
0.15808034
0.17292738
0.17499089
0.15671086
0.13420272
0.15295315
0.15205383
0.14888167
0.13574457
0.17542958
0.15674806
0.17411160
0.15446258
0.15515566
0.16805744
0.15790558
0.18043756
0.16613030
0.15537715
0.15952754
0.16875005
0.19041348
0.13672662
0.14416599
0.16844559
0.21382737
0.25659657
0.19434214
0.19065309
0.15605116
0.14325452
0.13462210
0.21468210
0.17009544
0.14512324
0.17745018
0.28363371
0.16386724
0.13897967
0.15659928
0.27086401
0.23427939
0.22700191
0.19124985
0.18552017
0.19757724
0.19050145
0.18728042
0.19110918
0.20735931
0.20894718
0.20155025
0.20314550
0.19067550
0.19606423
0.23760891
0.20963144
0.19081664
0.18702483
0.18748999
0.19059777
0.18994999
0.22928286
0.17045951
0.17876101
0.24860239
0.23499322
0.22867894
0.19137406
0.24641562
0.20039248
0.20051241
0.21224308
0.22059989
0.22732615
0.22247314
0.20407152
0.25025868
0.23543787
0.21747828
0.20292354
0.18119478
0.18170333
0.23537374
0.22434020
0.20274901
0.18715620
0.18329334
0.18841124
0.19864845
0.22950673
0.16311693
0.23653436
0.21905470
0.22061944
0.21238041
0.26138067
0.19162083
0.14723849
0.15975857
0.14760041
0.14802957
0.15540576
0.15459847
0.17156315
0.22729445
0.19459391
0.21341443
0.21877718
0.23898816
0.21810341
0.24706888
0.17518616
0.14865327
0.16588259
0.16011453
0.14791632
0.22588921
0.21820951
0.18453646
0.20743132
0.28130627
0.22994995
0.18349099
0.26942015
0.19320941
0.18479419
0.20048642
0.15873671
0.15012622
0.16609836
0.17683005
0.18792534
0.13959837
0.19763112
0.13664889
0.15866661
0.19101667
0.17608762
0.15916204
0.18473554
0.14356804
0.14164686
0.21109223
0.14421082
0.12550640
0.15084743
0.17901278
0.18084574
0.18372655
0.17387915
0.20627308
0.15418696
0.15139246
0.15269995
0.17227960
0.14261413
0.19067192
0.16060305
0.15024066
0.15417671
0.14632607
0.17146754
0.14437103
0.16954136
0.14558315
0.13363075
0.13845968
0.14766550
0.13824964
0.13651276
0.14400458
0.12634420
0.15351796
0.14272475
0.15931869
0.15288615
0.14075208
0.19189453
0.16295528
0.14767551
0.15820789
0.14003372
0.17969227
0.19217634
0.19961524
0.18090868
0.19052315
0.18406272
0.14009666
0.14627147
0.15683937
0.16895914
0.15636587
0.21731877
0.16095781
0.19128656
0.19141650
0.19500089
0.21302629
0.20866752
0.20009375
0.20234728
0.21303320
0.19777751
0.20064569
0.20743227
0.22045135
0.22255850
0.22235703
0.23568726
0.20948744
0.22196817
0.21202469
0.20959806
0.18698168
0.19090939
0.20438361
0.19972825
0.22598815
0.24050331
0.24728179
0.24583340
0.18148923
0.20934033
0.22912431
0.24199438
0.22040939
0.19811249
0.20300841
0.19222403
0.21368051
0.22641468
0.22624350
0.22148943
0.24016571
0.24963665
0.20042038
0.21291399
0.23041320
0.21454024
0.19116354
0.13932467
0.14338207
0.15171528
0.13554645
0.13267326
0.16500640
0.16345882
0.19936156
0.16134262
0.15836644
0.16344070
0.14705420
0.14212775
0.15229750
0.15095854
0.21139240
0.27642179
0.23500466
0.15126801
0.16805625
0.14088058
0.14438725
0.16073227
0.18023133
0.15762734
0.22756672
0.13739467
0.15315866
0.16603279
0.28432918
0.17046642
0.14445162
0.22923517
0.24490738
0.20450044
0.19995475
0.16046238
0.15403605
0.15880942
0.16563034
0.15097904
0.20041037
0.13610959
0.23020768
0.13633108
0.15480113
0.15716791
0.17908120
0.20717430
0.18490958
0.23453856
0.20307875
0.23572850
0.19573522
0.20690179
0.20782018
0.20117044
0.15589428
0.13019443
0.15622401
0.18821144
0.15368032
0.17196441
0.16227055
0.16666317
0.14102674
0.18053031
0.14552450
0.13756537
0.13471627
0.15428686
0.21406698
0.21985960
0.24963546
0.18583822
0.23895741
0.20820546
0.22012854
0.20183778
0.20183563
0.20807672
0.19778633
0.20658684
0.21079707
0.18903255
0.19898605
0.19357014
0.19935966
0.21054697
0.20188427
0.20014024
0.19599009
0.19110632
0.19813037
0.19510579
0.20322132
0.19055057
0.19601941
0.19648623
0.21173668
0.22599173
0.24855971
0.22222948
0.23535514
0.24828005
0.23579407
0.15469122
0.12368226
0.14115858
0.24989343
0.23412347
0.20443463
0.20763874
0.21567488
0.17924619
0.18845320
0.18703938
0.19685936
0.25271726
0.22520351
0.19923520
0.26369119
0.22443509
0.21247649
0.26534033
0.23888350
0.20484996
0.19212890
0.17929077
0.26063371
0.20968127
0.16896534
0.21871948
0.24520779
0.17706609
0.16917849
0.14995432
0.16258645
0.14966536
0.14838433
0.17021680
0.19378924
0.18349171
0.12788486
0.23643303
0.21828771
0.18585253
0.18964362
0.22758007
0.22786522
0.24586821
0.21813869
0.21226001
0.16386771
0.24157000
0.20070863
0.23030257
0.12745714
0.12900114
0.14919782
0.17677021
0.15219784
0.17216206
0.14728689
0.13856125
0.17231178
0.17158580
0.22277236
0.19160557
0.19728422
0.19748044
0.17921233
0.23439789
0.17887139
0.14936590
0.13841677
0.16084790
0.15425086
0.15453482
0.14464521
0.25618935
0.22116780
0.17797804
0.15520477
0.16065907
0.15174985
0.15197611
0.14331341
0.14894605
0.13710713
0.17803550
0.14648843
0.16107965
0.13735723
0.18694711
0.15748906
0.16114378
0.21852708
0.22233987
0.17364740
0.23398829
0.22654104
0.16801882
0.16404986
0.14410520
0.14255977
0.14420128
0.14334059
0.09780741
0.19391608
0.18425179
0.21978402
0.23995948
0.14674997
0.20367146
0.20179081
0.24398398
0.13312960
0.10977244
0.13761234
0.14233661
0.15496778
0.19687247
0.13747120
0.13179231
0.17157507
0.15082908
0.15997505
0.12983584
0.17986298
0.19907641
0.16463041
0.14672089
0.13708949
0.15044737
0.15586424
0.14411139
0.16878080
0.12695241
0.16042876
0.19223309
0.22497869
0.20000029
0.23255563
0.21913934
0.17452431
0.14427400
0.19108772
0.17301250
0.18323159
0.18775439
0.21308708
0.19842339
0.19427323
0.19755340
0.20262289
0.19172382
0.19636035
0.19222212
0.19074559
0.19270587
0.19679952
0.20035815
0.18903089
0.19173360
0.27585578
0.22975063
0.21405077
0.19694567
0.19921732
0.19346380
0.19296718
0.18564558
0.21982384
0.24910045
0.23675179
0.22019362
0.21589589
0.23250866
0.20875072
0.20413136
0.19229007
0.24279761
0.22588372
0.22500086
0.20111251
0.26706791
0.24677706
0.20258641
0.19568253
0.21484184
0.24241328
0.19221282
0.21402645
0.25181031
0.22785997
0.27035642
0.22871447
0.18801069
0.17021942
0.18372941
0.17270947
0.18506265
0.17632890
0.18042970
0.17505145
0.16879272
0.15026546
0.16497755
0.17184091
0.15952778
0.19534636
0.21061850
0.28098989
0.21109080
