0.02637720
0.18819904
0.21373796
0.14911127
0.18210673
0.16185331
0.14946079
0.14432287
0.15831685
0.16186213
0.15605879
0.16380668
0.25889087
0.17451096
0.22992778
0.17156243
0.14112902
0.21574688
0.21868563
0.13507628
0.14954519
0.14888906
0.16661143
0.14961004
0.15105700
0.14590454
0.15681458
0.14533710
0.15072703
0.15008235
0.12983656
0.11826539
0.14204073
0.18087649
0.18393064
0.16216063
0.16357327
0.15680933
0.20175838
0.24428248
0.22412896
0.17863107
0.18162441
0.19964552
0.18370724
0.18606710
0.23052573
0.20547605
0.19721484
0.19440174
0.19659495
0.19492507
0.19393897
0.19416451
0.21247196
0.21417880
0.21675825
0.21489358
0.21522450
0.19828105
0.19840980
0.20943642
0.19219303
0.18594527
0.19185829
0.18757892
0.22509360
0.19801831
0.22775602
0.25811434
0.22507429
0.25820160
0.15606546
0.24449062
0.22894359
0.25506377
0.24174333
0.21374559
0.15610671
0.22126484
0.22648430
0.22978115
0.24979854
0.26340771
0.21416545
0.20448112
0.24579740
0.22105813
0.21763897
0.14830303
0.21506715
0.13237882
0.15457582
0.22316146
0.23934269
0.25503087
0.22975230
0.15938687
0.26437569
0.18240356
0.15018392
0.14971566
0.15672207
0.24637032
0.15528154
0.15769863
0.19231009
0.14404535
0.19650960
0.17447805
0.12425017
0.15204167
0.15011954
0.16768479
0.15006185
0.20842695
0.14275217
0.16073751
0.17599893
0.16806698
0.15209079
0.17601180
0.23974967
0.15739822
0.15717530
0.14520240
0.16775036
0.15130401
0.16571712
0.15516186
0.14305115
0.16257071
0.14690399
0.14576197
0.14803362
0.13982844
0.15956640
0.32141757
0.16063809
0.14562678
0.17704964
0.15900683
0.15121889
0.17761397
0.20267272
0.16522765
0.16040325
0.16039252
0.16142249
0.15658307
0.15791202
0.25803447
0.19138694
0.17783070
0.17662334
0.12233353
0.16081309
0.14652085
0.14559269
0.15095687
0.13027620
0.16232514
0.16190696
0.14833498
0.16740084
0.16230583
0.14637780
0.16282129
0.16061735
0.14749002
0.13887548
0.18073368
0.19929338
0.14618540
0.12462401
0.13743925
0.17238998
0.21515918
0.18434954
0.20077062
0.21990490
0.17305422
0.14274049
0.13965893
0.15425539
0.16737175
0.14664221
0.23023319
0.16460180
0.15588927
0.16226315
0.15328693
0.16391802
0.14664102
0.14464712
0.13848829
0.24984479
0.17696166
0.15884280
0.19246936
0.16156960
0.22287345
0.20225263
0.21272540
0.16132665
0.15646601
0.11750031
0.15112042
0.14689755
0.15028358
0.20834208
0.25485373
0.14596081
0.14904976
0.18896580
0.20414424
0.14918852
0.16799736
0.15328312
0.16869617
0.16048098
0.16100264
0.15550518
0.12750030
0.14753890
0.15751767
0.15566182
0.14177418
0.20439887
0.19458675
0.15729856
0.16236091
0.21652508
0.15945101
0.15881610
0.14833045
0.21056557
0.12923098
0.13985419
0.18380809
0.16407156
0.15176415
0.18758106
0.15158892
0.15106583
0.15275216
0.17634988
0.17035937
0.13906240
0.18099999
0.15778446
0.17359853
0.13788033
0.22456694
0.26012087
0.22025633
0.21773744
0.20185614
0.19126964
0.19763255
0.25172448
0.26193571
0.20419788
0.19410920
0.20054603
0.21141577
0.19892550
0.20914507
0.19527555
0.19343114
0.19226456
0.21164083
0.19110131
0.18853688
0.19051480
0.19594359
0.18944883
0.23551273
0.19691730
0.23079824
0.25636554
0.22481728
0.29458785
0.22231197
0.18985629
0.22535491
0.22629595
0.22199941
0.21114469
0.21929860
0.20677733
0.18500185
0.13553190
0.18770909
0.21076608
0.20658970
0.23390007
0.22973347
0.23009920
0.19298434
0.26316142
0.21118641
0.30514646
0.23336959
0.14338660
0.19044423
0.19828725
0.17040777
0.15101123
0.15073752
0.14035392
0.21044850
0.14519644
0.15578794
0.17084622
0.15135360
0.18148756
0.23133969
0.18069077
0.16791439
0.15044427
0.16957664
0.21834731
0.27534008
0.21762371
0.17381215
0.23899579
0.23932958
0.17848182
0.16165781
0.19751596
0.21008039
0.23262215
0.31988502
0.26270771
0.22457266
0.18748450
0.17029262
0.16107225
0.19792652
0.20206952
0.14256406
0.17490816
0.15709233
0.17086387
0.16013408
0.14997077
0.14525366
0.13524699
0.14334917
0.14016271
0.18618751
0.19018793
0.19112420
0.18999815
0.19517684
0.16671491
0.17467690
0.21549988
0.18677211
0.21218181
0.19165683
0.18268275
0.18221974
0.18957281
0.32351398
0.17645288
0.16164827
0.20543623
0.20250463
0.22126985
0.18117857
0.17897654
0.21271825
0.16339135
0.16650629
0.20189524
0.13926697
0.16095567
0.17979360
0.14901114
0.17387104
0.15110779
0.15422988
0.18967199
0.21901774
0.26378036
0.19186473
0.27088594
0.22043753
0.25464463
0.25947285
0.20189524
0.20585418
0.20856166
0.18938112
0.18563247
0.21774554
0.17057395
0.15573740
0.14695239
0.17961335
0.15385866
0.15207410
0.15940166
0.27164936
0.20465589
0.16977215
0.34060049
0.20261621
0.20252848
0.19850111
0.20257998
0.20889974
0.19984055
0.19284654
0.19934249
0.18956423
0.22501874
0.22798896
0.17888570
0.24820662
0.20685720
0.20426559
0.22704148
0.23312068
0.23141599
0.22506237
0.24948311
0.22036386
0.23527455
0.21388531
0.14957738
0.26055336
0.26758075
0.19936657
0.19428873
0.18474317
0.21076179
0.21294236
0.25671005
0.23852468
0.21489978
0.21530867
0.20340872
0.20425248
0.23940992
0.19537044
0.21556854
0.26572323
0.18503785
0.12603021
0.13048887
0.21570897
0.15462565
0.15882897
0.15420103
0.15802622
0.13823652
0.14017320
0.15196109
0.16809750
0.16473246
0.19241405
0.18646002
0.22564411
0.15509701
0.18861890
0.19413805
0.18630195
0.19649649
0.16843462
0.14855528
0.22921252
0.15259385
0.16387153
0.17578530
0.17260337
0.15968490
0.25733256
0.15465903
0.16342330
0.14593744
0.17091632
0.21512127
0.13834286
0.14739871
0.16243267
0.15716577
0.15099478
0.14538860
0.17160630
0.14749408
0.17191744
0.16694856
0.15692306
0.15247536
0.17031217
0.21387434
0.15115762
0.18325067
0.19013810
0.15045404
0.13815928
0.16184402
0.23334265
0.16954660
0.16894174
0.14220166
0.14681387
0.13992763
0.13418078
0.16113567
0.15956354
0.15225339
0.13963056
0.14114451
0.14885640
0.13765931
0.11901927
0.15122771
0.15477991
0.22763705
0.19250846
0.19442344
0.21749473
0.28419232
0.29295707
0.28733206
0.22249126
0.23945737
0.18742418
0.19233561
0.19193697
0.19537711
0.18944240
0.16996908
0.16700435
0.17242527
0.17372108
0.17053819
0.16086841
0.18627691
0.13326931
0.16723228
0.16222644
0.17092896
0.19136047
0.23336315
0.18688893
0.16367316
0.15377617
0.21321416
0.13974690
0.17280936
0.22147179
0.22485757
0.23163080
0.21979284
0.19774485
0.21490359
0.22749186
0.20585823
0.20120120
0.20582891
0.20212483
0.19166088
0.19522333
0.19517112
0.21953058
0.20772362
0.21248507
0.20268154
0.19427228
0.20336962
0.20359778
0.19087577
0.19245505
0.19236994
0.19582796
0.21882892
0.22939754
0.19397688
0.23251820
0.18652940
0.18194199
0.23749375
0.20366240
0.19882655
0.23922396
0.22232127
0.20793462
0.21371126
0.24622059
0.24059463
0.21874380
0.19019032
0.22969675
0.14643860
0.23480749
0.18768406
0.24015117
0.20712090
0.23876715
0.25958300
0.22906280
0.23571682
0.22058296
0.20149612
0.22041225
0.19456410
0.21843624
0.22662306
0.29760647
0.20884514
0.18255401
0.18665075
0.16938281
0.18964958
0.16157913
0.16059256
0.22634792
0.18590951
0.14850211
0.14478850
0.20275044
0.17123675
0.17101884
0.16428113
0.16381550
0.17105293
0.15026927
0.14158225
0.18235135
0.16975141
0.16523194
0.26079702
0.20074558
0.21245337
0.23299646
0.21268296
0.17334604
0.14754558
0.14247322
0.12791300
0.13803625
0.22942686
0.23287368
0.27056050
0.19921660
0.17942572
0.16485047
0.13640428
0.14852834
0.15416813
0.15915704
0.23375416
0.22300935
0.20404291
0.19577670
0.18396521
0.22843981
0.19651175
0.18981266
0.18832254
0.19006181
0.12995124
0.12032866
0.14183259
0.14879131
0.24633956
0.17530012
0.16251278
0.21921015
0.19111991
0.19830227
0.20393848
0.20341682
0.19570017
0.19612694
0.20352054
0.19470572
0.25443697
0.19345260
0.19777989
0.20958781
0.21621013
0.20263195
0.20018506
0.19891739
0.19170690
0.20498824
0.20463634
0.19025421
0.19038272
0.19636226
0.19000769
0.18985844
0.25577426
0.23417640
0.22580338
0.23743343
0.25254774
0.23260307
0.22243762
0.21931791
0.22380853
0.23068285
0.17871189
0.20298553
0.23075581
0.22897220
0.23368835
0.21814036
0.18338251
0.22602868
0.16715050
0.21855783
0.24574924
0.17480922
0.14664960
0.16039133
0.15332532
0.17065787
0.16084099
0.16249132
0.15749288
0.16763663
0.21978664
0.15483522
0.15475130
0.17486429
0.23335719
0.22486520
0.18260622
0.20178294
0.29958725
0.21081114
0.18861246
0.23343110
0.15874720
0.16113687
0.20682573
0.15672517
0.16337562
0.11993313
0.11654019
0.14529514
0.14889431
0.14170957
0.13091278
0.13409781
0.16125131
0.21166372
0.15829372
0.16509891
0.20036745
0.23359442
0.13052654
0.14434052
0.25434279
0.14920735
0.23059297
0.17704725
0.18055320
0.22560048
0.16563296
0.15562081
0.15817523
0.15954757
0.15452242
0.14474058
0.21808648
0.14211321
0.14180374
0.15424490
0.18339968
0.18651843
0.13707161
0.26284051
0.26847291
0.24646688
0.21800923
0.23208570
0.23847151
0.21858692
0.20942664
0.22323871
0.21011186
0.24134779
0.21455216
0.22345829
0.22648978
0.22495270
0.21456575
0.21738362
0.20615339
0.19485879
0.20768332
0.19718885
0.22558975
0.21954393
0.23952746
0.24015164
0.21924329
0.20716286
0.21989489
0.18796492
0.23295212
0.26388931
0.25127029
0.24876022
0.18509960
0.19773412
0.19852567
0.24506497
0.20375037
0.19024467
0.19826078
0.20375967
0.19288492
0.20254493
0.19029140
0.19451213
0.19942307
0.20640874
0.18598151
0.25440478
0.18383074
0.22683287
0.23487091
0.14062810
0.14341092
0.17384648
0.15306640
0.15608978
0.15486455
0.16395187
0.21483970
0.22922611
0.15310502
0.21498322
0.23119879
0.15459728
0.23959899
0.14819288
0.15200806
0.14492226
0.16996980
0.18520546
0.22786260
0.18576407
0.19956064
0.20045662
0.16393518
0.22390866
0.20022440
0.12114787
0.13692975
0.15274572
0.15477490
0.17040610
0.14614534
0.14006710
0.23696637
0.16810632
0.17735505
0.20289302
0.24285889
0.19802451
0.19679618
0.23554969
0.15778685
0.15410972
0.14673066
0.18316483
0.15447783
0.16663027
0.18602872
0.16083646
0.15612078
0.14501262
0.15709901
0.20984578
0.18172669
0.13817024
0.14858198
0.17797136
0.14566064
0.18088388
0.21737981
0.18770409
0.19687700
0.16275620
0.16205549
0.19608331
0.16418266
0.23045707
0.19161630
0.16560102
0.29759264
0.21395159
0.22390461
0.18160152
0.15411162
0.13812876
0.13938808
0.23905587
0.19591689
0.28331614
0.24828243
0.23336005
0.19819379
0.23944116
0.21305776
0.20202374
0.20990109
0.20004940
0.19605803
0.20325804
0.20641208
0.22575688
0.20290136
0.21293688
0.20868111
0.21316957
0.19548583
0.19554019
0.20554328
0.19174266
0.19974709
0.19694304
0.19325662
0.24845362
0.23243833
0.26772547
0.22781944
0.23933792
0.22685742
0.23302436
0.21660471
0.21398401
0.21203089
0.20856881
0.21810484
0.20942020
0.19423151
0.19367981
0.23529816
0.23763037
0.19512582
0.22962117
0.16844940
0.22374439
0.17137980
0.16063094
0.12185264
0.14135146
0.14079070
0.13498020
0.16709495
0.15042877
0.14463472
0.13230538
0.28208661
0.19118500
0.16322112
0.19710183
0.12263441
0.16506267
0.16597176
0.15972996
0.13748479
0.12504506
0.19645953
0.16141462
0.14469266
0.23015356
0.21321797
0.23284125
0.21616936
0.20992398
0.22696686
0.19491458
0.15898371
0.15294552
0.17276382
0.18780589
0.20930743
0.16949272
0.17370009
0.16601634
0.15974998
0.19152951
0.21567512
0.22407413
0.16455388
0.13861942
0.15927863
0.16136885
0.20332503
0.12661910
0.15635133
0.15280867
0.16743302
0.18284440
0.17446852
0.17755675
0.27394772
0.20357227
0.14433813
0.11847949
0.19674277
0.14487576
0.19835234
0.20847869
0.17040300
0.17408705
0.19025850
0.15361094
0.19365788
0.17089653
0.21977282
0.19117880
0.16310549
0.15404630
0.14544582
0.13910532
0.17531180
0.18759322
0.15407610
0.18154454
0.22123861
0.22161603
0.23587489
0.17842913
0.13944054
0.13955688
0.14985561
0.14608121
0.15596843
0.14917660
0.15295959
0.14375854
0.14752531
0.24607563
0.17208624
0.23739767
0.24713778
0.22496700
0.19876671
0.20266652
0.21248889
0.20039010
0.20372510
0.19997454
0.21730328
0.21931505
0.21514249
0.21846199
0.19832492
0.20042229
0.20224667
0.21412158
0.19323993
0.19143176
0.19391251
0.18731380
0.21203947
0.22575688
0.23035622
0.22864246
0.23788285
0.20877695
0.20161963
0.21751499
0.22807884
0.22776413
0.21243644
0.21587658
0.23621440
0.18177319
0.18455553
0.20842457
0.21007371
0.24768209
0.25775075
0.23623419
0.20390916
0.25869417
0.23161817
0.21268940
0.19280601
0.25396705
0.20596766
0.20200920
0.22075319
0.23013473
0.23014092
0.21190619
0.26416540
0.21449113
0.21092081
0.22954297
0.21586776
0.20975184
0.23300529
0.17945600
0.17311049
0.21666884
0.20147324
0.13667989
0.19558978
0.21776295
0.17374110
0.16508222
0.17390227
0.16804886
0.20552397
0.17787957
0.12446022
0.12585044
0.15244722
0.15298414
0.16105890
0.20308661
0.18057489
0.17202830
0.18172407
0.22777677
0.20800042
0.19060802
0.22818756
0.16432500
0.14135647
0.13845825
0.18229699
0.18919516
0.18583751
0.14898109
0.17009902
0.13899875
0.14702964
0.17831922
0.21906185
0.17797947
0.28224683
0.14624763
0.15682387
0.20017505
0.26661587
0.29255438
0.22195172
0.19073558
0.20716381
0.21593404
0.18929338
0.25937271
0.25353432
0.22912717
0.22856426
0.24194407
0.23214436
0.20265651
0.20597577
0.23474407
0.19264507
0.19297862
0.19638014
0.19063997
0.22369218
0.23475981
0.18347883
0.21289587
0.24022269
0.21573687
0.21819997
0.17773223
0.17055941
0.21418977
0.20426655
0.15927935
0.21810603
0.23312974
0.23641109
0.23673511
0.24268770
0.22234797
0.21953487
0.25047565
0.19865084
0.20938659
0.21262121
0.20016575
0.25564218
0.14802217
0.15265584
0.13682413
0.12901449
0.11515522
0.13024473
0.14753056
0.20126963
0.16709399
0.20461035
0.13174558
0.13711715
0.14585161
0.13895702
0.13470387
0.17912507
0.16070986
0.14211202
0.16367531
0.15223432
0.19115710
0.19086671
0.20683193
0.16423750
0.17333484
0.14833379
0.25760460
0.22289944
0.16473675
0.20699048
0.20406985
0.24491906
0.17995882
0.14430690
0.13506341
0.17017341
0.17114520
0.19278288
0.18620658
0.20599413
0.18982911
0.15722299
0.16791105
0.20564747
0.15502787
0.18452454
0.15018177
0.26146340
0.16633940
0.14261985
0.12507701
0.14118743
0.13437343
0.18209696
0.22580361
0.21849489
0.24185133
0.26075125
0.23867941
0.20982265
0.23637533
0.22709608
0.18170643
0.21782327
0.21416664
0.16850495
0.15938330
0.15441346
0.15830946
0.26358509
0.21092820
0.20048285
0.17614913
0.24468541
0.15200043
0.13856673
0.17846608
0.14826012
0.13846135
0.23066306
0.14988828
0.15178370
0.25726819
0.18198490
0.14847684
0.15238881
0.19935274
0.19216490
0.19264078
0.19288135
0.17844868
0.20406771
0.22606206
0.20338225
0.19623995
0.21214771
0.21049118
0.20606017
0.20221043
0.20696712
0.22504783
0.21823096
0.21565557
0.20076227
0.20248318
0.20052433
0.20966125
0.21642756
0.19111443
0.18835759
0.19850516
0.19069147
0.21891475
0.24866295
0.19428468
0.21312022
0.20395374
0.23991513
0.22819400
0.24040794
0.24290133
0.21605945
0.19044375
0.24682903
0.21530199
0.21915722
0.21566010
0.22156024
0.22754526
0.22528577
0.22653246
0.21883655
0.24142146
0.18521571
0.17229295
0.16159630
0.17059541
0.16114211
0.14565635
0.15737367
0.19350767
0.23106790
0.15794992
0.17606544
0.13482738
0.12153029
0.11460900
0.14982033
0.19624662
0.18956923
