0.02954626
0.14016938
0.14559889
0.14611387
0.15367341
0.15284371
0.19705391
0.16603327
0.20562482
0.18981695
0.13749814
0.15251279
0.19577694
0.12875056
0.20724750
0.19879746
0.15488744
0.19869280
0.23181176
0.22997451
0.24848747
0.25677228
0.32163787
0.15910411
0.16442299
0.13030267
0.22823000
0.28542948
0.16891408
0.17836666
0.20509362
0.20864129
0.17088366
0.17539287
0.19802237
0.18527389
0.17572856
0.23556447
0.17463088
0.14821839
0.14256907
0.15536451
0.15119314
0.17757893
0.19367313
0.12101150
0.15291429
0.15301394
0.16423321
0.12475562
0.15300727
0.15582037
0.22762322
0.25771904
0.23045778
0.19096875
0.18069291
0.16319990
0.14509892
0.15151739
0.13101220
0.11771703
0.14972591
0.13606429
0.23389959
0.14121509
0.15831614
0.16422248
0.17790365
0.18678308
0.18516016
0.24908710
0.21721792
0.14866471
0.15580869
0.16574597
0.14657640
0.14017463
0.12956762
0.14280844
0.15195608
0.17690325
0.16451597
0.17378974
0.25667620
0.17714024
0.15789676
0.16623282
0.15840673
0.16011238
0.14514875
0.14231277
0.13381624
0.16099691
0.15818596
0.13863015
0.13834214
0.17393422
0.14437580
0.15822768
0.13583446
0.14167356
0.16918898
0.14289689
0.14396787
0.16297531
0.16322851
0.15475726
0.14531517
0.13911653
0.16495728
0.17477369
0.15173459
0.14886355
0.12952209
0.17058492
0.15227890
0.14459109
0.15499926
0.17229939
0.13826966
0.15604854
0.18338919
0.22725511
0.20632219
0.18710017
0.19823575
0.26308775
0.14502239
0.15892434
0.20255852
0.21052480
0.22104764
0.18431377
0.21046543
0.19925451
0.19085312
0.19763756
0.20161128
0.20763206
0.20301962
0.20347810
0.20549154
0.20124149
0.19714189
0.19506001
0.21351123
0.19947410
0.18662786
0.19560432
0.18611956
0.21537995
0.24005890
0.24840689
0.26669431
0.22039628
0.21651506
0.14016509
0.16498685
0.17070317
0.22697830
0.22009850
0.21792626
0.20347524
0.22574306
0.22631717
0.19824219
0.20286703
0.24155641
0.21575689
0.20456433
0.20521998
0.20828915
0.16756535
0.16300583
0.26257873
0.14371538
0.24716353
0.18054986
0.11697102
0.12578106
0.14830446
0.15785718
0.19825149
0.21661329
0.13916731
0.13281512
0.13780618
0.16382003
0.21175861
0.17887664
0.13506651
0.14322948
0.14448643
0.13855696
0.21438336
0.14605284
0.15050626
0.13921762
0.13141108
0.14008546
0.12253284
0.21740341
0.19905686
0.17840958
0.21907997
0.20996380
0.19085145
0.19521165
0.15567231
0.23884082
0.20941806
0.16323137
0.14692235
0.15155387
0.16274905
0.13445044
0.14545512
0.13578391
0.14615846
0.16171670
0.16706562
0.20860720
0.21945906
0.17939520
0.21131802
0.19808006
0.11295772
0.12818742
0.16601992
0.17471194
0.18935442
0.18586731
0.13743973
0.20700431
0.19354033
0.18392801
0.22632790
0.13810349
0.21196461
0.22582555
0.23664594
0.20349741
0.21130776
0.19793367
0.21344399
0.21239972
0.19947338
0.20122576
0.20283079
0.19892645
0.20284057
0.20093131
0.20987582
0.20713639
0.20797706
0.21412420
0.20864868
0.19632292
0.20046616
0.20142817
0.19995379
0.19741011
0.19189048
0.20919919
0.22455859
0.23428273
0.21123219
0.22755265
0.20979905
0.21948600
0.20498633
0.23721170
0.23520041
0.23080754
0.18410397
0.18905139
0.18712020
0.19966197
0.22165275
0.24065995
0.20816112
0.21869826
0.19625616
0.21917963
0.22004199
0.20002437
0.19279432
0.21041870
0.24582362
0.14116573
0.19112110
0.19809484
0.18842292
0.13309264
0.19598627
0.15313077
0.21991277
0.18090415
0.25791001
0.26103044
0.21369958
0.18169641
0.15693426
0.15069437
0.14128208
0.14315248
0.13752222
0.17655706
0.16566968
0.19102621
0.19824958
0.25648808
0.16455603
0.21617413
0.18188953
0.23056889
0.21145558
0.18802929
0.15611815
0.15033603
0.21059084
0.25984311
0.19883657
0.20834136
0.18292665
0.19806194
0.21794152
0.20897985
0.19657564
0.21117640
0.20761037
0.20085073
0.20327163
0.21687341
0.20226765
0.21665049
0.20263433
0.20250154
0.20477486
0.19993973
0.20663500
0.19219398
0.19561076
0.19258761
0.19308734
0.21212173
0.28948689
0.13458252
0.18040895
0.20687580
0.14639783
0.14506483
0.23743582
