0.07325411
0.19177079
0.23179102
0.21197987
0.21497297
0.12818909
0.26615429
0.21227145
0.24328399
0.20368004
0.25536609
0.26077199
0.16946054
0.23546267
0.14923096
0.19160700
0.18636799
0.18562317
0.18783593
0.24473953
0.18013334
0.21205854
0.18311357
0.15502119
0.24853873
0.22806525
0.26207972
0.20440102
0.21278548
0.22044778
0.24778771
0.21764684
0.20886374
0.21257615
0.21797490
0.18416858
0.18390489
0.14758921
0.14041138
0.15901542
0.14212704
0.23222733
0.14000535
0.14016247
0.17006516
0.14693332
0.20511770
0.15439916
0.16030598
0.15024924
0.15361238
0.15361977
0.14756632
0.22142696
0.18132043
0.19849825
0.15175128
0.16838217
0.24058127
0.15735030
0.14892721
0.16677475
0.16022921
0.16092634
0.15875673
0.21103501
0.17190576
0.17597270
0.14264083
0.14633608
0.14852166
0.15481663
0.15926409
0.19012856
0.22073531
0.19380021
0.21120429
0.19310927
0.18793225
0.13106394
0.12949109
0.15773225
0.16114926
0.15566730
0.17836380
0.20471716
0.15375972
0.25401354
0.25137711
0.17814636
0.22096467
0.20877767
0.14449477
0.14091921
0.14902115
0.13884091
0.15561581
0.18146467
0.18900561
0.18279266
0.18110299
0.19320989
0.16641903
0.13620734
0.13212466
0.14493632
0.13139772
0.22021174
0.16373563
0.24270368
0.14738369
0.23062778
0.14926744
0.15299511
0.15942574
0.16097665
0.15884423
0.17190385
0.23794198
0.20176482
0.21378779
0.21092391
0.20017052
0.20919657
0.19302273
0.20636511
0.19440770
0.21011996
0.20281649
0.20613432
0.20673800
0.20380926
0.19862247
0.20956278
0.21452928
0.18467188
0.18853903
0.19175744
0.20016193
0.23303914
0.25012517
0.22046161
0.21314907
0.20407605
0.21322775
0.16149592
0.21067500
0.20301127
0.20983768
0.22520423
0.24446964
0.23670197
0.22327065
0.20323038
0.17653203
0.15474486
0.19354749
0.19032121
0.23814011
0.22241926
0.19683528
0.19030428
0.19211531
0.21300936
0.20140028
0.17944026
0.15172124
0.14700866
0.14645386
0.14342785
0.18404675
0.21899486
0.21460009
0.17602921
0.16072440
0.14723611
0.15658236
0.16611576
0.15332699
0.23672199
0.14199829
0.14129615
0.13736057
0.15702033
0.12752676
0.14637852
0.13905740
0.14897060
0.14041185
0.17154455
0.17540383
0.13768792
0.13714504
0.16252160
0.15991950
0.14815307
0.18896818
0.13047409
0.14508414
0.14047766
0.14279580
0.13482356
0.15353966
0.24072266
0.16970015
0.22415161
0.14857483
0.19044518
0.25546002
0.15148306
0.23818016
0.18557000
0.13796997
0.13349533
0.19660664
0.27553010
0.16428351
0.12853050
0.12278676
0.14226699
0.13405156
0.11636400
0.16945672
0.22452974
0.25091958
0.16528368
0.13527441
0.14586425
0.14659548
0.18492532
0.19436765
0.16484261
0.15838766
0.24211025
0.25162959
0.14721179
0.16420364
0.22394013
0.24337554
0.19136262
0.21872497
0.17223978
0.14462829
0.17392516
0.16973329
0.13597679
0.13780189
0.20248866
0.16111922
0.14916945
0.16181636
0.24430633
0.15244770
0.19011378
0.20573950
0.14200664
0.15715623
0.17756486
0.17678952
0.15015459
0.14375210
0.16623998
0.15502787
0.20308661
0.18958688
0.22509193
0.32049656
0.28325939
0.17747903
0.14208221
0.13627148
0.19138670
0.14681268
0.12982988
0.15891528
0.15886974
0.17135215
0.14887047
0.19464970
0.14136505
0.14323473
0.21384978
0.16480827
0.15238214
0.13798356
0.14406657
0.16218543
0.13945699
0.15138102
0.13511109
0.17475605
0.17211914
0.15490317
0.14787102
0.15155005
0.14069676
0.16146207
0.20440125
0.16809750
0.21454978
0.16538167
0.23093486
0.18552947
0.19034100
0.16480279
0.14785004
0.13754749
0.13287044
0.15214658
0.13953614
0.17669201
0.14420533
0.21161485
0.18999481
0.14470911
0.16243553
0.18498969
0.15062046
0.14334321
0.13227487
0.14849019
0.21133351
0.16214347
0.14648700
0.14813709
0.13680935
0.15204167
0.15168834
0.17456985
0.14571857
0.15874529
0.14556098
0.15672374
0.15218878
0.16955900
0.13181663
0.12409163
0.13011861
0.16417384
0.17336392
0.17898226
0.17656517
0.17943883
0.18944216
0.18112588
0.17036653
0.16498518
0.16875291
0.16460681
0.19287777
0.21883106
0.21076918
0.16213989
0.25549316
0.20516157
0.21276283
0.19034338
0.20124793
0.20898747
0.19552350
0.21364546
0.19240785
0.22596359
0.21216679
0.21686530
