0.04604483
0.21459365
0.19863057
0.19575906
0.21188807
0.19665170
0.19184446
0.19122648
0.19077086
0.22876930
0.19999862
0.22317076
0.28548598
0.21662307
0.21972871
0.17755508
0.22607303
0.24707866
0.23813581
0.22612357
0.19958162
0.20471549
0.22316527
0.17062712
0.23871565
0.22970963
0.21654248
0.21143079
0.19210649
0.22153854
0.13706923
0.14414978
0.18606925
0.19274354
0.19531178
0.15732455
0.12716389
0.13906717
0.16567278
0.20256138
0.16728163
0.14824748
0.15095758
0.22233343
0.22414255
0.19563484
0.21758819
0.17169642
0.17110395
0.17125845
0.24264193
0.23956990
0.17202544
0.20979500
0.15184689
0.14182019
0.15613174
0.21402860
0.22255373
0.20012546
0.26232243
0.22043300
0.28020573
0.18190074
0.18009329
0.14885163
0.15698171
0.14683723
0.14881587
0.18408656
0.13990092
0.14542031
0.12983465
0.15373516
0.15682507
0.15667152
0.14825559
0.15887594
0.14977956
0.15834355
0.14609218
0.17983961
0.16057611
0.14806223
0.16876411
0.15887594
0.18099070
0.17258549
0.22045493
0.21764040
0.17520785
0.21449757
0.19070077
0.17415237
0.18946981
0.25348067
0.18556309
0.18508720
0.19175053
0.20417976
0.23870134
0.20364738
0.19948554
0.24957371
0.21750450
0.20955706
0.16184926
0.19133997
0.20667243
0.22779131
0.23752379
0.17234588
0.21564794
0.22701573
0.21092939
0.20460558
0.19469261
0.19902158
0.20683861
0.19517660
0.19715571
0.19367146
0.21630859
0.20365739
0.19924021
0.20745730
0.20883775
0.19203448
0.19277096
0.20727563
0.18885565
0.18556166
0.19687486
0.18863416
0.20681143
0.23967838
0.24956560
0.24393892
0.19682240
0.26445031
0.25165033
0.22239876
0.23840642
0.19179726
0.20005441
0.20177078
0.23078537
0.20187044
0.20408511
0.23184085
0.16465187
0.22341609
0.19220686
0.23985434
0.15563583
0.20346427
0.23827076
0.26475310
0.20833516
0.16562057
0.18260694
0.16311383
0.21088672
0.17790198
0.15479136
0.20739460
0.21749139
0.20774102
0.21524644
0.23495269
0.20858288
0.21549010
0.15113258
0.15031433
0.16126537
0.17370939
0.18890476
0.15979409
0.20807672
0.13743424
0.14192271
0.17007113
0.22195745
0.16141438
0.21292543
0.24068022
0.21173525
0.20890617
0.22341490
0.19512177
0.20536780
0.21948957
0.20054007
0.19894600
0.19524503
0.20635581
0.19951534
0.19714975
0.19187474
0.20782638
0.19460821
0.20118737
0.20461464
0.20390320
0.20252037
0.20805669
0.19753456
0.20919085
0.19381762
0.20498061
0.19160366
0.19019747
0.19570541
0.18865108
0.22261429
0.25703740
0.24772358
0.16712999
0.19046116
0.20827460
0.21278048
0.20445251
0.19973135
0.24254394
0.23679996
0.19787288
0.25238609
0.24001980
0.23567748
0.22612929
0.15166068
0.20621920
0.19770646
0.18406916
0.21042728
0.21121478
0.22802496
0.18452477
0.23173738
0.19943690
0.24578357
0.15863013
0.14873219
0.14801669
0.18971968
0.22578669
0.20975232
0.22157717
0.23001146
0.16714144
0.14538956
0.14663005
0.14412332
0.15991879
0.22367120
0.17734289
0.21864915
0.21459913
0.24368477
0.18478274
0.18576002
0.18128920
0.17876911
0.18295884
0.17980433
0.17992926
0.17085028
0.14404726
0.14034438
0.14787602
0.14560676
