0.04401946
0.22029448
0.14253664
0.16996121
0.12681389
0.15764713
0.12648511
0.16010976
0.15183282
0.19155693
0.12937927
0.16537046
0.13916636
0.25970459
0.14658666
0.14907050
0.23244619
0.21644211
0.20923233
0.13549161
0.13688397
0.14246750
0.21335220
0.14520741
0.15544176
0.15804672
0.14486742
0.14325356
0.14214683
0.23972058
0.17110229
0.14639902
0.21942854
0.19495940
0.21751881
0.13931370
0.18825030
0.23914766
0.21417284
0.18631077
0.17035341
0.14827347
0.16371417
0.16550851
0.18466783
0.20224357
0.20618129
0.20046139
0.19325066
0.21669054
0.19553399
0.19902110
0.19871235
0.20540071
0.21408653
0.20986843
0.21454597
0.20708966
0.19355369
0.19573641
0.20332432
0.19035912
0.18973017
0.19147515
0.18946028
0.22499537
0.19784999
0.17854190
0.19903064
0.18583679
0.17501354
0.19360375
0.22765374
0.22546768
0.20272160
0.18737698
0.22113323
0.21018338
0.19075751
0.22683883
0.20989871
0.23376656
0.21483517
0.21071362
0.18534017
0.24475384
0.18412876
0.19684410
0.18350482
0.18170810
0.18337846
0.18552852
0.17090416
0.17486739
0.14908361
0.23182535
0.18356514
0.13159347
0.20768332
0.22771883
0.18076825
0.18261671
0.21486759
0.20338893
0.19078636
0.19921708
0.17187738
0.28086567
0.28285670
0.21805763
0.17668772
0.20497727
0.17075920
0.14474082
0.15251255
0.20482993
0.19180155
0.20033407
0.17792439
0.17974520
0.18745804
0.16113210
0.15957022
0.13822317
