0.04797673
0.18541741
0.15993690
0.14861083
0.16324902
0.15870619
0.15646529
0.15312958
0.17166066
0.15593648
0.14935350
0.16981030
0.13669896
0.13529062
0.15904832
0.21704364
0.19115067
0.16478658
0.17224693
0.16200328
0.14111519
0.15547895
0.16158605
0.16155648
0.15766215
0.20314813
0.21725559
0.22914076
0.25568771
0.14023304
0.14411688
0.16146779
0.16103506
0.14943361
0.15764499
0.15586710
0.15121531
0.16950202
0.12102008
0.13602138
0.15267324
0.20486426
0.22133660
0.22058463
0.23101735
0.19773960
0.23942089
0.23355579
0.22730041
0.23382497
0.20878291
0.24017358
0.19924784
0.19649386
0.20220065
0.21121860
0.20085192
0.20304894
0.19717526
0.21554494
0.21720791
0.21367764
0.21148157
0.20114660
0.19870329
0.21551514
0.18986607
0.22644043
0.19581485
0.19461989
0.22265697
0.22372127
0.18611789
0.22214580
0.18703437
0.20629430
0.15054297
0.19987512
0.20055985
0.18297052
0.18892050
0.19665265
0.21148944
0.21954155
0.22916698
0.23807454
0.22307158
0.18704486
0.22612095
0.21554351
0.20437002
0.22780204
0.19840431
0.23606801
0.23589849
0.14007950
0.12743855
0.27391100
0.19920421
0.15925384
0.20652795
0.20941448
0.24291205
0.16551042
0.18598628
0.18709922
0.17780948
0.19725561
0.22718477
0.21928310
0.18602538
0.19287610
0.19277477
0.19570780
0.23463464
0.24289608
0.17673945
0.19143295
0.18806648
0.19579554
0.21851921
0.23302150
0.13702869
0.14214134
0.13435769
0.14821577
0.16738319
0.14838743
0.17351365
0.15847063
0.14613247
0.17009234
0.21758652
0.19859600
0.16098905
0.26254416
0.24547839
0.19078898
0.14768028
0.19085288
0.17916846
0.18308759
0.18566871
0.20980597
0.17497373
0.23354197
0.23886585
0.17081547
0.19207287
0.14317727
0.17105365
0.27540779
0.24573088
0.17072678
0.16664290
0.17588973
0.24538183
0.18824124
0.22595000
0.17941976
0.17715406
0.17872095
0.15054703
0.14971161
0.16774607
0.15086961
0.13811922
0.13498926
0.18262100
0.15315056
0.17715144
0.16074181
0.15716290
0.15328646
0.15752959
0.18595290
0.16179729
0.15992975
0.16019011
0.13795137
0.12688684
0.16011548
0.14049983
0.15848279
0.18004966
0.15991139
0.15658307
0.16376710
0.15438056
0.14060569
0.25758719
0.16849756
0.19936395
0.14401174
0.15681148
0.16447854
0.21380734
0.22170115
0.14055276
0.17178059
0.15062380
0.18281746
0.14357615
0.15826797
0.13730192
0.18699265
0.18955541
0.21241236
0.17816424
0.19611406
0.21171451
0.20337439
0.20848250
0.20203161
0.20365572
0.20184135
0.21026778
0.20311952
0.20234585
0.20782614
0.21762443
0.20579910
0.23832989
0.19752502
0.20219421
0.23396993
0.27530098
0.19550586
0.19881487
0.21866250
0.23386288
0.25697899
0.22663879
0.19906783
0.25252032
0.20371008
0.24684811
0.23204064
0.21448994
0.22980022
0.23096323
0.24618125
0.25174665
0.22210217
0.22960043
0.22376633
0.26480889
0.27880049
0.23705530
0.21944475
0.22622108
0.22274470
0.24721742
0.18220162
0.19140553
0.25461984
0.23581076
0.25113249
0.20092058
0.22044110
0.19004536
0.22094846
0.17114639
0.23435903
0.21823406
0.20143819
0.24438381
0.20248866
0.18088388
0.26789331
0.14429331
0.15444303
0.14969540
0.14285088
0.15543222
0.14779329
0.15423727
0.16834617
0.14631844
0.13900447
0.22623539
0.18467045
0.14026713
0.15141201
0.15570402
0.14693117
0.16910505
0.21042514
0.20472050
0.18181610
0.15175748
0.14413142
0.14354610
0.20822310
0.24724722
0.20209861
0.18255448
0.15133667
0.20310092
0.20324516
0.24824548
0.17376256
0.25222802
0.20006847
0.22579789
0.17047453
0.13525677
0.16070461
0.13247156
0.14960694
0.13837981
0.14313793
0.14502954
0.14426208
0.15188837
0.23064017
0.17605090
0.17491651
0.22716188
0.18203998
0.27667856
0.20541000
0.14130330
0.16169620
0.13683820
0.13421082
0.18426609
0.20213342
0.13513064
0.14697957
0.19749713
0.19005895
0.18384385
0.16621351
0.16230464
0.17357326
0.19810414
0.22545218
0.19072843
0.15063453
0.17132473
0.20833397
0.20734859
0.20265722
0.20988345
0.19376159
0.20604253
0.20160508
0.20546937
0.19444299
0.19491696
0.21925139
0.20254135
0.20009851
0.20382404
0.20144701
0.20035172
0.21054244
0.19065881
0.19215631
0.18999553
0.20031142
0.22198772
0.22481465
0.23196578
0.26322818
0.23121023
0.21712804
0.14501715
0.13323903
0.20875597
0.18115592
0.27018452
0.18654752
0.23277617
0.24019933
0.22069550
0.21264291
0.20734358
0.22908378
0.24115467
0.21632123
0.23625040
0.23037171
0.23133683
0.19302869
0.23853230
0.19706106
0.18639994
0.21654654
0.19609904
0.21190953
0.18457437
0.20353103
0.22714257
0.22566962
0.16873598
0.28078628
0.19278765
0.21092534
0.21449995
0.22799635
0.19836187
0.17868066
0.19535303
0.26277041
0.20559764
0.13842511
0.17468357
0.16361547
0.18341613
0.14434004
0.15847683
0.18729639
0.17194486
0.13343883
0.12415743
0.16797304
0.21902275
0.15926409
0.13750243
0.18293905
0.15102053
0.14794326
0.13661671
0.25265527
0.21776390
0.16951442
0.17338753
0.16660690
0.18059421
0.15283298
0.15827751
0.16907239
0.13960671
0.13588333
0.18318272
0.17263961
0.19825983
0.15584683
0.26408553
0.16646266
0.14120460
0.15881777
0.15561318
0.13146186
0.16782689
0.14961553
0.15633893
0.14780259
0.14574409
0.19315481
0.14981842
0.15324569
0.19925761
0.14890528
0.21739483
0.14681125
0.15210724
0.16249800
0.18024230
0.16921854
0.13727641
0.16277432
0.17749548
0.14762616
0.14387965
0.13473988
0.12508726
0.13566685
0.14425302
0.21091938
0.14208388
0.14573336
0.13769245
0.13987803
0.15263605
0.14186502
0.13966894
0.15198278
0.17938995
0.16958356
0.25398588
0.20164037
0.18573523
0.14081502
0.14309263
0.15533805
0.15913200
0.13510633
0.15526199
0.13218856
0.13181353
0.15695715
0.14696002
0.16076398
0.16792512
0.20561981
0.18420887
0.18368006
0.17929959
0.16503930
0.13614321
0.14151120
0.18529987
0.17361116
0.18464470
0.19394517
0.14791012
0.15254688
0.15999913
0.16721678
0.16118360
0.15981054
0.20132327
0.16150713
0.13839650
0.17240357
0.20933485
0.15294051
0.13361120
0.16362214
0.15752029
0.15306759
0.13888597
0.18181610
0.16206217
0.16990018
0.20360303
0.17101979
0.17735529
0.17365789
0.25393581
0.19097233
0.19190645
0.20355248
0.15616179
0.12788439
0.19495964
0.13363981
0.14223647
0.14558911
0.17365623
0.15705419
0.14223218
0.17610073
0.13203239
0.20167732
0.17848730
0.13469815
0.14116049
0.14106321
0.14916158
0.18213773
0.23025823
0.20864534
0.20436907
0.19953704
0.21023846
0.19981241
0.20452666
0.20040822
0.20839643
0.21384645
0.21381521
0.21267891
0.21421480
0.20110989
0.20815945
