0.03112960
0.21066141
0.19061399
0.20269895
0.16297865
0.24049401
0.24051189
0.23246002
0.19863415
0.21599078
0.26812506
0.22739673
0.25233245
0.22498536
0.21562910
0.20415688
0.17570043
0.19602346
0.18210888
0.17693758
0.16781664
0.17186975
0.13678598
0.15163016
0.18168998
0.19755816
0.20569324
0.23055530
0.26520848
0.26673555
0.15925097
0.20372415
0.16262507
0.14250326
0.17076659
0.13194561
0.15043664
0.14983392
0.17740011
0.17166638
0.13673520
0.16794682
0.15567327
0.15672493
0.13716149
0.15561175
0.17996216
0.20707917
0.23346972
0.24305081
0.21298504
0.18990731
0.20295382
0.19949841
0.19671965
0.21927881
0.19959855
0.18550324
0.17430925
0.18389082
0.21525002
0.19201779
0.25311375
0.13150859
0.13581252
0.15653062
0.22422814
0.19288778
0.20379090
0.23556232
0.21527624
0.21513581
0.27282310
0.17021036
0.18336439
0.15424609
0.15001082
0.20485425
0.22633648
0.17612362
0.23651052
0.17492008
0.24062777
0.21948671
0.21217775
0.18296170
0.13588190
0.12383699
0.14513516
0.15462422
0.13408065
0.14191723
0.15876579
0.13375640
0.15451431
0.16234398
0.16284800
0.15152240
0.15744352
0.15656877
0.13788748
0.14553905
0.14036226
0.13323712
0.14873266
0.13781977
0.12950373
0.15002370
0.15006709
0.14862561
0.13246584
0.12120199
0.19894528
0.18334246
0.15971756
0.13030815
0.15742350
0.16936040
0.27315617
0.16270828
0.11963677
0.14030838
0.18838143
0.18765712
0.16433811
0.20461607
0.19153285
0.18320394
0.25747776
0.19248295
0.20534801
0.18865228
0.19653916
0.14619279
0.13575006
0.15655875
0.15437627
0.16421103
0.16759801
0.15003920
0.19326949
0.19021535
0.21437383
0.17459059
0.15511632
0.14011335
0.16031075
0.14667797
0.15413284
0.14450932
0.16206813
0.14881492
0.20912695
0.22646165
0.20566535
0.20006514
0.19014645
0.19436526
0.19912171
0.19036341
0.19891763
0.19054461
0.19236159
0.19669461
0.19404221
0.18307424
0.19928765
0.19563603
0.19046855
0.19286966
0.20735574
0.19664764
0.25335884
0.23138857
0.21847248
0.22088718
0.24100113
0.20952868
0.22702622
0.23184252
0.18564677
0.16568160
0.27617288
0.22413182
0.24172831
0.22306180
0.11943936
0.16124439
0.23109412
0.23732710
0.19639564
0.25207806
0.22157764
0.19152975
0.21606922
0.22243762
0.24467468
0.23838496
0.23004246
0.22376657
0.21865582
0.15466213
0.18835998
0.20386386
0.17338920
0.22594953
0.15211272
0.15168500
0.15275788
0.14408588
0.18061137
0.25039029
0.25369740
0.17802763
0.18981957
0.18775606
0.18581915
0.15725541
0.17531514
0.15990138
0.13721633
0.16947317
0.21393442
0.19768620
0.15493393
0.14989281
0.15326571
0.14691973
0.14294529
0.13281965
0.21087551
0.18400288
0.14365363
0.15370917
0.16105461
0.13467145
0.19083905
0.25097680
0.24862361
0.19131422
0.16973042
0.19081497
0.14133573
0.15812540
0.14296913
0.14209437
0.16559052
0.19277406
0.20691276
0.19225574
0.17383909
0.24877214
0.16343307
0.15602684
0.19330215
0.22230411
0.14471459
0.26181149
0.21840167
0.22177267
0.22988534
0.21270704
0.19743824
0.12957239
0.13069916
0.13913584
0.13614273
0.15086126
0.15283179
0.17009354
0.19509459
