0.04240179
0.14305663
0.14602947
0.15663218
0.21641850
0.20505261
0.29128647
0.15714788
0.16033626
0.21965075
0.19606900
0.21889591
0.20801473
0.20187426
0.20813942
0.20029664
0.19523072
0.20782328
0.20180535
0.20757341
0.22026110
0.24746490
0.20679927
0.19976044
0.19947743
0.20543933
0.19957614
0.19572639
0.19215345
0.20273352
0.21035290
0.19855928
0.18697381
0.20999599
0.22708583
0.21721554
0.23121023
0.18488550
0.23305392
0.22311878
0.23185277
0.18521500
0.18696523
0.21530223
0.23043323
0.22267175
0.20491338
0.19573307
0.21286011
0.18265009
0.20445800
0.14249587
0.23209524
0.18823695
0.20065570
0.28012514
0.19065475
0.20815563
0.17332172
0.19369364
0.19586277
0.17114234
0.16927361
0.15645790
0.20664191
0.14981174
0.14781880
0.15680575
0.17424774
0.20037818
0.21219969
0.17223907
0.17143345
0.14970613
0.18614626
0.14911604
0.15830088
0.15980744
0.16612530
0.25080132
0.26088905
0.18216014
0.18682003
0.17043495
0.22273636
0.15985942
0.15018630
0.14571190
0.16037226
0.16416240
0.14803267
0.12307715
0.10717988
0.11484551
0.10437155
0.11011410
0.15761876
0.17145038
0.15716839
0.17222643
0.21633339
0.23983645
0.19763374
0.14733529
0.14384174
0.17315507
0.20239162
0.18918347
0.18432999
0.21603537
0.19734836
0.16110277
0.19047451
0.16282177
0.15085387
0.14768171
0.17433167
0.17329288
0.16959167
0.16644120
0.29196763
0.17256904
0.16904736
0.23177123
0.18546700
0.16518545
0.20010567
0.16294885
0.16574669
0.17920947
0.25929379
0.20867991
0.18511868
0.15994048
0.18624997
0.22343230
0.19664955
0.18116403
0.17224264
0.15631890
0.20185542
0.16002870
0.14417458
0.16768169
0.14630008
0.18206549
0.15104175
0.16867137
0.22038817
0.15224051
0.15555739
0.15299463
0.17956853
0.15814924
0.20029521
0.17093468
0.20536089
0.20768857
0.19105101
0.18756008
0.14426661
0.13679218
0.15702176
0.15625858
0.14651418
0.20133376
0.18085241
0.17979789
0.23460984
0.17821336
0.14666820
0.17698240
0.18191695
0.14893341
0.17115521
0.22031140
0.19358873
0.21681523
0.21524549
0.22406960
0.19193411
0.20301557
0.19753551
0.19445252
0.18698359
0.20676541
0.21517253
0.21866941
0.19839501
0.21247292
0.19869232
0.20343137
0.20509791
0.18396688
0.19144297
0.18791270
0.22009039
0.21495152
0.21053457
0.24584556
0.20422339
0.22247458
0.19090033
0.22726893
0.21798062
0.23812437
0.18751025
0.22903156
0.25861812
0.22688437
0.28705931
0.22195387
0.23129821
0.21512294
0.22178555
0.22646523
0.21927118
0.23056030
0.26814437
0.25751042
0.21444416
0.27973676
0.24924207
0.26744366
0.24804521
0.24162316
0.24065757
0.15865135
0.28533840
0.19626999
0.20632458
0.17964768
0.23484278
0.13507056
0.22887969
0.22305727
0.11350107
0.13712049
0.15415502
0.14613962
0.14829564
0.13523173
0.20097041
0.19091082
0.15211749
0.28808451
0.19506192
0.17813349
0.15195298
0.15616369
0.25157952
0.14635372
0.23864055
0.15304470
0.25605464
0.15292454
0.21476340
0.21942186
0.15195441
0.16846776
0.17094541
0.16364980
0.14166927
0.14143372
0.13477492
0.14148116
0.13825035
0.16193581
0.16322446
0.14733791
0.20400453
0.19707990
0.20883751
0.19374561
0.24268270
0.14887643
0.17657948
0.19164848
0.20540857
0.22949433
0.21255445
0.22010493
0.27234149
0.19792390
0.20570087
0.25443745
0.21771979
0.22514868
0.22282362
0.20797634
0.19838452
0.22171617
0.19253254
0.19381094
0.20589972
0.19654202
0.26981163
0.20223856
0.18468785
0.21875930
0.20385194
0.20142841
0.20123386
0.24538755
0.21920729
0.18816233
0.23316693
0.19727778
0.18158793
0.22114015
0.23393679
0.20465732
0.18455672
0.18648291
0.18512678
0.18362331
0.18703675
0.18511391
0.19755936
0.18658805
0.20255637
0.25214219
0.19052815
0.23557734
0.17685366
0.16452599
0.25849056
0.19561887
0.14002204
0.23147058
0.19272828
0.20387840
0.13927841
0.13514709
0.19190645
0.13013816
0.14687395
0.20973015
0.15697622
0.15776372
0.17774034
0.13811779
0.14231467
0.18473125
0.21377468
0.21270299
0.20231915
0.16566992
0.17365384
0.15275717
0.15903354
0.15273952
0.15701556
0.18195987
0.22938085
0.20776057
0.13239741
0.15583277
0.21519399
0.20076084
0.24036288
0.19831729
0.13188195
0.16617584
0.14210439
0.15398335
0.15669656
0.16329527
0.16137624
0.14019537
0.20978189
0.17336345
0.16900492
0.16208506
0.15915346
0.21751904
0.15606999
0.16587949
0.14180112
0.14654922
0.16163874
0.25350475
0.22464061
0.18576789
0.15386128
0.15351605
0.17560029
0.13155007
0.14028549
0.15246248
0.16133714
0.14790106
0.14828277
0.17782426
0.15140367
0.15262008
0.15127015
0.16055846
0.15647984
0.13387752
0.13304567
0.14757037
0.23827958
0.23130465
0.24852991
0.26251173
0.14628410
0.17523313
0.14019203
0.16520929
0.15848827
0.14998126
