0.04467750
0.13507485
0.15541005
0.16138577
0.16217589
0.13937211
0.16580462
0.16506863
0.16076112
0.16953182
0.15218830
0.16600132
0.14626527
0.14828253
0.16101146
0.15482140
0.14978957
0.15679550
0.23853970
0.14012384
0.14745092
0.14396405
0.15500379
0.13746619
0.15660119
0.12852263
0.26237941
0.20943928
0.20278716
0.21345019
0.20249271
0.19426298
0.19653940
0.20691252
0.20627046
0.21180034
0.19143748
0.21181917
0.21719170
0.20342731
0.21911979
0.19144821
0.19815063
0.19979501
0.20673919
0.19877005
0.18682504
0.19684815
0.18718314
0.23213291
0.20587587
0.22772074
0.23907685
0.22198844
0.24621987
0.18569303
0.20905089
0.21832013
0.24129629
0.23214984
0.25661850
0.21642137
0.19227815
0.18561864
0.18752623
0.19862986
0.21857262
0.21960950
0.24730039
0.22175765
0.20874619
0.23923492
0.19239521
0.20756269
0.20694399
0.21751499
0.16828847
0.16161418
0.16488743
0.16084623
0.15740252
0.14162588
0.14399314
0.12750912
0.16115403
0.19498682
0.14128852
0.17867041
0.17303824
0.14378190
0.18816304
0.26617765
0.19432259
0.19508028
0.20497823
0.22010636
0.14997101
0.17875719
0.13691473
0.19760156
0.22471189
0.20303869
0.13277125
0.16032076
0.16217327
0.14343524
0.15415835
0.14344430
0.16057658
0.15278602
0.18194485
0.20296717
0.20636487
0.12619853
0.14419150
0.14713597
0.15048504
0.14801741
0.15942383
0.15801907
0.19525242
0.23982120
0.14246345
0.12846398
0.13163877
0.15107799
0.12054515
0.15682864
0.13932872
0.16450500
0.14221406
0.12535596
0.20793748
0.24415803
0.16309786
0.14619255
0.19132662
0.17991877
0.14314675
0.19078565
0.15719771
0.15263629
0.15242577
0.16122723
0.15315580
0.19856048
0.14279509
0.13039351
0.12376332
0.11764288
0.15564895
0.18565130
0.19909167
0.19576907
0.21822500
0.17970014
0.18223095
0.17757058
0.19054890
0.11678052
0.16448951
0.13519692
0.14418411
0.14810514
0.13279819
0.14330840
0.20990705
0.12051153
0.19420910
0.22039938
0.16572070
0.16328788
0.17098880
0.14629149
0.15549946
0.18975115
0.15505099
0.14090157
0.16320348
0.21672463
0.25235581
0.15106797
0.15528083
0.14591026
0.14265013
0.15076685
0.17237592
0.17451859
0.13001251
0.18782377
0.17569590
0.18531942
0.23991108
0.20467973
0.23024225
0.18918180
0.18818641
0.18648291
0.18127775
0.15838194
0.13421679
0.13391590
0.13575268
0.12650347
0.13114858
0.13702106
0.14646006
0.14146209
0.19044399
0.19871140
0.24118376
0.16644239
0.20655870
0.14564323
0.25647926
0.22147918
0.20891213
0.19944882
0.20571733
0.19457507
0.19389653
0.19990778
0.21122074
0.20935464
0.19830322
0.20360398
0.19590831
0.21224022
0.19564319
0.20718408
0.19352198
0.18925238
0.18914533
0.19466591
0.20976853
0.20927978
0.23784065
0.25663733
0.21235251
0.21083546
0.19482112
0.20894980
0.22375584
0.21404624
0.21665692
0.14476466
0.23239517
0.22683764
0.21622968
0.23889637
0.20465136
0.22472477
0.22740507
0.20190978
0.20792174
0.20088768
0.22775602
0.20281959
0.21140504
0.15082979
0.14440513
0.15747213
0.16264009
0.17274189
0.16615319
0.21959329
0.13578272
0.18483520
0.16718435
0.15507054
0.15102553
0.16941786
0.12066960
0.19606519
0.18801546
0.19413853
0.16524434
0.21413732
0.15749741
0.14885163
0.14748883
0.15739584
0.21666408
0.18544149
0.17879272
0.22023177
0.16312742
0.15527558
0.19828391
0.23961043
0.14355969
0.14975810
0.14793682
0.13717890
0.14032412
0.18242168
0.14459586
0.14576244
0.22623396
0.15345669
0.15765142
0.15697098
0.14591551
0.15161896
0.20695734
0.14759088
0.15844893
0.14836264
0.16960669
0.15720797
0.15637279
0.14258885
0.14363170
0.14676642
0.14833903
0.20369244
0.19967628
0.23881292
0.20429087
0.18441820
0.20893121
0.18817449
0.16559434
0.17296314
0.17834496
0.14224839
0.14549303
0.16955352
0.14756584
0.22166705
0.16037846
0.16310859
0.14118338
0.15721965
0.17554760
0.18980217
0.21434808
0.14896774
0.15029192
0.16533971
0.16813755
0.16375947
0.13936257
0.13053989
0.12900496
0.15083051
0.21171618
0.20024610
0.19014359
0.21116662
0.22389245
0.21600032
0.22886443
0.21433020
0.20214295
0.26051235
0.19970345
0.21103668
0.19693542
0.20301127
0.19594741
0.22529268
0.22309852
0.22617912
0.21714139
0.18998599
0.20029020
0.19613719
0.20122766
0.19068527
0.19123197
0.19717669
0.18932319
0.20527625
0.20762539
0.23141360
0.22724843
0.23593402
0.22536731
0.21661067
0.21993971
0.23613572
0.23627472
0.23234630
0.20175338
0.19232345
0.22285295
0.21784782
0.19425702
0.23397803
0.22874475
0.24382973
0.20115256
0.21109080
0.22005630
0.21583772
0.22184014
0.18633413
0.19802785
0.20521045
0.19742012
0.24259186
0.19992447
0.18217349
0.15423870
0.13223028
0.17191005
0.16390038
0.15901637
0.16421819
0.15550327
0.16551208
0.20613575
0.13208151
0.14643693
0.18430114
0.18952274
0.22733998
0.19563246
0.21111536
0.26707077
0.22893476
0.21352100
0.21196771
0.13926148
0.12218046
0.13606048
0.15518808
0.16108465
0.16043115
0.19445777
0.15440917
0.17785597
0.16058397
0.16222215
0.16809654
0.22088861
0.22282696
0.18090153
0.15601420
0.14862728
0.14647007
0.12773538
0.12406301
0.14631057
0.12037730
0.13638759
0.14915419
0.19333768
0.19193530
0.25441551
0.14374781
0.21863484
0.23112035
0.19883823
0.15304661
0.14197278
0.23694587
0.16605210
0.26430368
0.18246913
0.22878790
0.18459797
0.23781633
0.21554089
0.20607042
0.15698433
0.19099569
0.19814777
0.20802236
0.18338656
0.20447636
0.19248533
0.19902754
0.19317651
0.19659662
0.18934727
0.19666052
0.20310092
0.19883609
0.20008659
0.20544553
0.19071603
0.19716573
0.19185257
0.19620442
0.23941779
0.21097040
0.18756723
0.18457937
0.22163415
0.21121407
0.19611621
0.24287510
0.21814227
0.19235992
0.14449716
0.22531700
0.20036507
0.19639468
