0.05575466
0.19520187
0.25298953
0.21713972
0.21818829
0.21944046
0.27168250
0.12622380
0.21118116
0.20649767
0.22120905
0.20285964
0.24693298
0.22083235
0.16074467
0.20566916
0.16858602
0.21345258
0.19063139
0.21190166
0.24666429
0.20625377
0.13451028
0.16087723
0.16470242
0.15491748
0.13405824
0.17519093
0.17377162
0.15736294
0.17140841
0.17686009
0.15940857
0.15866661
0.18512487
0.18390059
0.17131543
0.22454476
0.15417409
0.15074086
0.14084530
0.15231323
0.19428372
0.18387580
0.19728708
0.17816734
0.14464831
0.15042663
0.20325899
0.22065735
0.23251867
0.24209905
0.19837737
0.17288637
0.15377760
0.16012001
0.15529609
0.15729523
0.13729692
0.15862417
0.14010262
0.14489102
0.11410332
0.10542774
0.14167929
0.14229846
0.19057465
0.16340017
0.21119666
0.18175554
0.18706489
0.19368625
0.18582296
0.19473267
0.19149494
0.18387294
0.19373846
0.19718838
0.20455194
0.20590973
0.18933821
0.18911433
0.18958950
0.18876743
0.18616581
0.18576169
0.15515161
0.19393563
0.17770076
0.18645906
0.25127697
0.25809193
0.17509007
0.21198130
0.20122051
0.24222589
0.17984629
0.18295670
0.17504740
0.18447518
0.19640684
0.14878416
0.13874173
0.15602803
0.20080757
0.19366741
0.18687606
0.14980435
0.14603853
0.16783643
0.13704062
0.19752192
0.24143457
0.18802691
0.16579604
0.19108820
0.15705347
0.14365053
0.18159342
0.15389514
0.16924644
0.14346576
0.13838601
0.15246773
0.14929676
0.19742393
0.13879395
0.12241960
0.13558292
0.20563889
0.22087169
0.15180779
0.13073397
0.17122746
0.14853168
0.15265894
0.14682722
0.13290262
0.16731071
0.13320446
0.16309834
0.14987397
0.15271258
0.18273520
0.15217352
0.14089346
0.11738968
0.11531425
0.15214539
0.16295505
0.16152668
0.14055896
0.15765023
0.16680789
0.16944742
0.15437984
0.19920921
0.18701792
0.18298912
0.18500066
0.18533325
0.18488479
0.18520665
0.19287181
0.18555450
0.18377566
0.19765806
0.21966004
0.19227839
0.14325523
0.24335313
0.21143627
0.19175029
0.18655086
0.19789577
0.21120620
0.25457644
0.17620111
0.14016724
0.13423538
0.16291308
0.15228963
0.15345263
0.16084886
0.14529848
0.11574078
0.11190057
0.10668969
0.10205197
0.11385131
0.11267328
0.16005278
0.21556711
0.13799810
0.12986994
0.12484193
0.11254144
0.12545753
0.21516776
0.13911128
0.14827275
0.15149093
0.13446593
0.14334202
0.17043138
0.16026950
0.14401293
0.14043641
0.13857317
0.15321565
0.18893051
0.15397477
0.13636565
0.26116991
0.24013948
0.25700784
0.19938993
0.20957899
0.20952725
0.20929527
0.21902585
0.20937920
0.21312356
0.22801876
0.21371293
0.19931698
0.20847750
0.20133328
0.19141459
0.18954778
0.19396520
0.19313645
0.18579602
0.22591710
0.24100661
0.20510125
0.19919062
0.24288487
0.21691489
0.20195866
0.21286035
0.18950057
0.21983171
0.23568153
0.26461363
0.22871685
0.21873784
0.22527695
0.23289037
0.25707030
0.23196650
0.21230626
0.22285151
0.25258613
0.23706579
0.19225407
0.28476906
0.23769975
0.23887253
0.23745275
0.20826960
0.18360972
0.21167350
0.25963283
0.26495433
0.19279647
0.17054725
0.20095754
0.15319157
0.18623257
0.15534973
0.20336318
0.18077111
0.20216060
0.15222716
0.14283657
0.12449408
0.12207627
0.14273477
0.13083982
0.11989856
0.15880942
0.13733363
0.20628190
0.17105985
0.14417887
0.15782857
0.14747739
0.15382934
0.13815022
0.16210389
0.20594931
0.26090360
0.13960600
0.13481236
0.16484571
0.17659450
0.13430142
0.12782192
0.12905002
0.13569188
0.15455747
0.14787793
0.14914775
0.15601277
0.20445919
0.17802691
0.20436954
0.21144819
0.23666096
0.14234257
0.14900279
0.17897296
0.16549540
0.14642334
0.24902940
0.16799879
0.19491196
0.20432210
0.17429376
0.15389729
0.15599799
0.13322091
0.14533830
0.13767004
0.16713810
0.14955425
0.14300871
0.15750742
0.14417696
0.15268135
0.15988231
0.16316915
0.13164544
0.12339211
0.13803887
0.14882135
0.13538074
0.12873650
0.16973042
0.17413259
0.15426517
0.14491582
0.16355014
0.14666605
0.17965555
0.19035482
0.18124723
0.19560671
0.17149591
0.25613570
0.18325734
0.19086671
0.13903952
0.13567090
0.20648241
0.18071413
0.15367246
0.15795565
0.13518906
0.15979385
0.13928080
0.15161943
0.14392972
0.13342214
0.13851166
0.14588594
0.15143824
0.13671494
0.21956515
0.17556977
0.17425251
0.13867521
0.15496135
0.13942981
0.13798404
0.16028690
0.14127660
0.16040206
0.19188762
0.21798921
0.13338518
0.15634179
0.14059234
0.14952826
0.25146675
0.22567868
0.16590810
0.20928836
0.13932562
0.14097381
0.12687588
0.12872052
0.14351130
0.15043569
0.16186357
0.14021516
0.14810228
0.16407704
0.15460205
0.17929912
0.17289877
0.19929361
0.19042206
0.18471360
0.18189907
0.25865412
0.18294048
0.19572616
0.19440508
0.17985487
0.16879463
0.19659638
0.20544314
0.21319985
0.21645951
0.20238304
0.18221211
0.19765615
0.19528651
0.19481730
0.18518281
0.18715429
0.19337535
0.18597198
0.22792697
0.23028684
0.22714520
0.23170853
0.20688510
0.25155640
0.19706368
0.26076579
0.23213482
0.21647048
0.29825807
0.23034906
0.23689222
0.24372745
0.20678687
0.24425292
0.23325086
0.22237492
0.21843195
0.19976330
0.24678564
0.19048166
0.15166974
0.13923717
0.14289665
0.16554689
0.16126084
0.15651822
0.16285276
0.18271685
0.18056822
0.16349244
0.15213013
0.23700738
0.21533728
0.17645407
0.23189878
0.24188590
0.24121571
0.20750952
0.16708422
0.15881228
0.15519333
0.16275072
0.25298429
0.15575147
0.15918756
0.20697999
0.18911242
0.20589519
0.27208447
0.14407635
0.16057372
0.24421096
0.24456453
0.20679975
0.19811153
0.19310474
0.14420342
0.14796162
0.14675379
0.15067697
0.13789463
0.16455317
0.14906788
0.16173100
0.25439405
0.18846989
0.19522715
0.20073605
0.23683143
0.13814187
0.13200450
0.18351579
0.14676118
0.14647603
0.13376760
0.14573622
0.14186263
0.15400171
0.17280793
0.25660229
0.17462134
0.14700055
0.16675138
0.23425174
0.15364981
0.15577674
0.19204545
0.16889095
0.16650462
0.14331341
0.18280244
0.23839307
0.18304873
0.19357538
0.20782304
0.14127803
0.14258432
0.15916300
0.15417647
0.16457129
0.16737890
0.17289162
0.16029310
0.16124845
0.16070342
0.18397570
0.21451616
0.15412736
0.18384504
0.16058993
0.16039371
0.15868831
0.15114355
0.19340301
0.27495074
0.15149784
0.15608788
0.16857529
0.14738965
0.12761378
0.14357066
0.17799783
0.23840308
0.16189957
0.15167880
0.16755772
0.15179300
0.14049625
0.18193197
0.14503169
0.15745640
0.14433169
0.17083240
0.18001556
0.21125960
0.26424336
0.16507053
0.14855075
0.15598464
0.18328762
0.18936133
0.21602941
0.23558378
0.24557638
0.18343139
0.19069934
0.18778062
0.19997740
0.20405769
0.19558549
0.20553493
0.18394136
0.18653584
0.18855596
0.19803739
0.18950844
0.18108034
0.18298674
0.18585825
0.18573022
0.21122503
0.18634558
0.19089460
0.23950529
0.21374273
0.18714070
0.23563933
0.22580099
0.22375512
0.21728277
