0.06304550
0.25724149
0.03893638
0.03799963
0.03886747
0.04050732
0.03790379
0.03777099
0.04384089
0.04289174
0.03863287
0.04047155
0.04028845
0.03910446
0.04082751
0.04354358
0.03878260
0.04077125
0.03912926
0.03975654
0.03999043
0.05465794
0.05218792
0.04418588
0.04475403
0.04482579
0.04585767
0.04624462
0.04707289
0.04820871
0.04955435
0.05172276
0.04950666
0.05912352
0.05104876
0.05432940
0.05478191
0.05519152
0.05512619
0.06597900
0.05702591
0.05843782
0.05699444
0.06729650
0.06091380
0.05937958
0.06387734
0.06257439
0.06332612
0.06647563
0.06764078
0.06718206
0.07739568
0.06940460
0.08121848
0.07154512
0.08188963
0.07600546
0.07568383
0.08588004
0.07913160
0.07988358
0.08102727
0.08252954
0.08755755
0.09269500
0.09842968
0.08989978
0.09271288
0.09271240
0.09544802
0.09536743
0.10357785
0.09844685
0.10313225
0.11620212
0.10359311
0.10492015
0.10667086
0.10796404
0.10998440
0.11122966
0.11340261
0.11815119
0.11660886
0.11922145
0.12232709
0.12872982
0.12634325
0.12976336
0.12998748
0.13994980
0.14063120
0.13847160
0.13997364
0.14188123
0.14914989
0.14474440
0.15826225
0.14859819
0.17026830
0.15270019
0.15479422
0.16321063
0.16948485
0.16178083
0.16279578
0.17066550
0.17064214
0.17315531
0.18596411
0.17606688
0.19196916
0.18491340
0.18459821
0.19419432
0.19042039
0.19019175
0.19248509
0.19725776
0.21157146
0.20286846
0.21705055
0.20840812
0.21096420
0.21873689
0.21417832
0.21984720
0.22417068
0.23523664
0.22816873
0.23127294
0.23548746
0.24533701
0.23933554
0.24205923
0.24094391
0.24417877
0.24770713
0.26273513
0.25718880
0.26396799
0.25581813
0.25850415
0.26214290
0.26506853
0.26770902
0.27129340
0.27499461
0.28443456
0.28835058
0.29021406
0.29192042
0.28974390
0.29464340
0.29613209
0.30136871
0.30566025
0.30742359
0.31113076
0.32557249
0.32868314
0.32672119
0.34379053
0.34674454
0.38997746
0.33636141
0.36225510
0.38945270
0.47364974
0.42778516
0.38481092
0.45179152
0.44325376
0.42348742
0.42596483
0.49707150
0.46247959
0.47801685
0.44539332
0.42147279
0.41422701
0.42182589
0.41734910
0.48532557
0.42994738
0.43180871
0.43241525
0.43497014
0.44255328
0.43722939
0.44102788
0.49255347
0.45220208
0.51182413
0.52147460
0.50253296
0.47413540
0.52560401
0.52900100
0.48641443
0.49266672
0.51219320
0.62725806
0.54122496
0.50964260
0.52448153
0.54786682
0.52379274
0.53028250
0.52483249
0.54258776
0.53364325
0.54292631
0.55356359
0.54987955
0.56912518
0.57753253
0.60260177
0.70114756
0.65913105
0.68275738
0.58794022
0.58302450
0.58897758
0.59651113
0.59820795
0.61315560
0.61015272
0.62340117
0.62142825
0.67631531
0.63853359
0.66270566
0.65477657
0.66072726
0.65813756
0.66452479
0.67611837
0.67117047
0.67263365
0.67495251
0.67736769
0.68789816
0.69225359
0.69570518
0.70232964
0.70550728
0.71093965
0.71408415
0.72068834
0.74082446
0.73302245
0.73410654
0.74677491
0.74878597
0.75769973
0.75684595
0.76792693
0.77832437
0.78197336
0.77935433
0.79547882
0.79451489
0.81304121
0.80234241
0.82531834
0.82131600
0.82809138
0.84106469
0.84091520
0.83673954
0.86408257
0.88320470
0.89077783
0.86020184
0.87524319
0.87992883
0.89508629
0.89327002
0.97269225
1.09948158
0.94140291
0.97201419
0.98933053
0.94881916
0.95092797
0.95905256
0.95389676
0.96938205
0.97414827
0.97527719
0.97742152
1.00149894
0.99514842
1.01572537
1.00840878
1.02958035
1.02696991
1.04151607
1.03475022
1.05382752
1.04787397
1.11083221
1.07147264
1.23130393
1.12082577
1.11427569
1.14071035
1.11565137
1.17794609
1.17410612
1.12923646
1.32728553
1.16545272
1.18397307
1.21735120
1.24606466
1.17247939
1.29141068
1.22671151
1.18307257
1.20562863
1.21185279
1.22783756
1.20660615
1.21516299
1.21115184
1.23998213
1.24178648
1.24693942
1.29479218
1.27113438
1.30191112
1.28927803
1.31820560
1.32744694
1.31188631
1.31056261
1.43956590
1.35528708
1.33601022
1.35775805
1.35698080
1.35702038
1.35830426
1.37620401
1.38486624
1.41759324
1.39223814
1.38916540
1.40200734
1.48850703
1.40830421
1.41973758
1.41778255
1.42455125
1.43986249
1.43679166
1.44359994
1.45379567
1.46288896
1.48508263
1.47788787
1.48903751
1.48957157
1.49885082
1.50961232
1.53786969
1.53948617
1.52934647
1.58535218
1.57201600
1.55653620
1.56699228
1.57238960
1.59315133
1.60445738
1.59826708
1.61906171
1.63798451
1.67540836
1.67949653
1.70681763
1.67840862
1.67037630
1.72578502
1.78334785
1.74609971
1.72114515
1.71969962
1.76075816
1.82582903
1.85635805
1.74778342
1.74345970
1.77031684
1.78381705
1.78761697
1.84154439
1.83296490
1.87965417
1.91528320
1.86469817
1.86959410
1.86345124
1.87298751
1.89324307
1.87871814
1.87301326
1.88000941
1.89729857
1.90334487
1.91408634
1.91534829
1.92244697
1.94933391
1.95159912
1.96260238
1.96735454
1.97477174
1.99422312
1.99697638
2.01075578
2.02221584
2.02684331
2.04127407
2.04624200
2.05889130
2.06374717
2.08506227
2.08685422
2.09560895
2.10856414
2.11220908
2.11701536
2.13836050
2.14204717
2.15248394
2.16248059
2.16585350
2.18748498
2.19660783
2.20604062
2.20950913
2.21637464
2.23674893
2.24730587
2.26824427
2.26016450
2.27765155
2.29916239
2.30962181
2.31864309
2.32259035
2.33401990
2.35181856
2.35669494
2.36678386
2.37321162
2.39755702
2.40389132
2.41383576
2.42749906
2.42496300
2.44249964
2.45582104
2.45619059
2.46851802
2.48050594
2.48846769
2.60256433
2.51656318
2.63029671
2.52804756
2.53669286
2.54295683
2.56404877
2.56247163
2.56574941
2.58343124
2.58032894
2.58728933
2.59608054
2.59781051
2.61003637
2.67365718
2.70314932
2.72595072
2.72731113
2.74384737
2.75454164
2.75778723
2.78922391
2.77871299
2.79700184
2.81097364
2.82003355
2.83589554
2.83708358
2.81093216
2.81599116
2.82308888
2.84230232
2.84242272
2.85378242
2.87781715
2.89190316
2.90786028
2.93799281
2.99945807
3.14162350
3.10566926
3.09549904
2.98614430
2.99658036
3.03020430
3.05584836
3.14459372
3.09725475
3.05428386
3.07313895
3.07295108
3.20046568
3.08387613
3.10804462
3.12488294
3.23253131
3.16943526
3.17732596
3.18573499
3.20869160
3.21410847
3.23969483
3.23389864
3.24228144
3.27363515
3.25740266
3.27428675
3.28030944
3.32015061
3.43071079
3.39604640
3.41341329
3.40564895
3.43350935
3.45047498
3.45949244
3.47479892
3.48089027
3.49695110
3.50292611
3.52499127
3.56738138
3.85012007
3.60998726
3.60255909
3.73471165
3.61415100
3.67078185
3.71113062
3.70529819
3.70111752
3.75241995
3.67855215
3.72859240
3.76829290
3.72071815
3.74289608
3.73191190
3.75774288
3.89076781
3.78475976
3.80268121
3.79009223
3.81369042
3.73923588
3.75769973
3.76595569
3.76438022
3.79203939
3.89514995
3.88754964
3.85886502
3.85472536
3.87844110
3.89568329
3.90367794
3.93336749
3.92593789
3.95113182
3.97055292
4.01668143
4.04803777
4.02200294
4.06062722
4.05453944
4.06573915
4.06693029
4.08334112
4.12487411
4.15710545
4.18516278
4.19791460
4.15289497
4.17192411
4.18195510
4.22697163
4.28203487
4.22325325
4.22492743
4.23368835
4.25391436
4.27386522
4.37723470
4.44739103
4.36194015
4.36126781
4.38759947
4.37742686
4.43114638
4.43856955
4.45691991
4.44140315
4.47740149
4.53710723
4.45475364
4.45692730
4.49756169
4.49364543
4.48381042
4.49973369
4.51095104
4.52130413
4.50582337
4.55172753
4.55935860
4.59197259
4.57666564
4.58361530
4.66077995
4.73449183
4.61222553
4.60765171
4.60785699
4.64728284
4.65989351
4.67979932
4.67521381
4.69054389
4.73314047
4.73276067
4.80373764
4.82603574
4.79716778
4.87067127
4.91794395
4.86896014
4.86763000
4.88500285
4.91479206
4.94923520
4.94708681
4.90461683
4.90806127
4.98621297
5.11647272
5.19387650
5.26074862
5.27206683
5.27953577
5.26024199
5.29195929
5.26840734
5.14438367
5.17234778
5.19403529
5.23814821
5.23609066
5.21799541
5.29759359
5.35052085
5.36372709
5.31416154
5.34240890
5.47131634
5.38766980
5.44239545
5.55027080
5.53798103
5.58569002
5.59183431
5.59907770
5.67128277
5.73173618
5.58177137
5.47028542
5.51441336
5.46455169
5.47634602
5.48043561
5.48317933
5.51449633
5.55857873
5.65138006
5.59819150
5.58061004
5.63368559
5.64462042
5.73929930
5.73209858
5.71254516
5.74909735
5.76380157
5.77356744
5.84040880
5.88664007
6.08503270
6.02916622
6.07908654
6.02409220
5.99684143
5.99221683
5.88292170
5.92396164
