0.17497230
0.03707576
0.03553128
0.03980780
0.03550291
0.03567743
0.03761315
0.03552365
0.03574848
0.03570294
0.03707385
0.03600192
0.03572440
0.03563952
0.03562832
0.03503561
0.03697205
0.03533292
0.03508997
0.03773999
0.08606005
0.03621340
0.03509116
0.03601432
0.03548884
0.03724074
0.03578138
0.03719282
0.03551555
0.03588605
0.03758812
0.03561115
0.03766656
0.03850579
0.04583430
0.03808641
0.03837657
0.03626943
0.03889036
0.03855419
0.03663945
0.03914571
0.04476762
0.04678369
0.03901029
0.05710387
0.05292296
0.03753233
0.03936458
0.03930330
0.03745365
0.03962159
0.03986502
0.03779125
0.03997684
0.03815317
0.03837895
0.04027367
0.04741192
0.03878522
0.04135013
0.03939939
0.03940058
0.04139996
0.04897904
0.04185295
0.04061174
0.04218960
0.04064655
0.04241490
0.04062510
0.05111289
0.04086685
0.04107380
0.04138231
0.04110765
0.04256487
0.04142857
0.04780912
0.06371236
0.04771662
0.04592061
0.04822779
0.05984378
0.07382607
0.09603238
0.06985760
0.04871917
0.04825306
0.04888749
0.05096579
0.05095458
0.05399299
0.05374503
0.05124521
0.05289483
0.05193090
0.05314445
0.05389452
0.05374265
0.06809235
0.05262685
0.05869174
0.05339241
0.05662155
0.05325890
0.05307484
0.05326819
0.05457687
0.05401158
0.05478501
0.05669212
0.06743813
0.05619335
0.05599427
0.05695939
0.06533027
0.06263614
0.05784106
0.05874443
0.06114459
0.06336474
0.06716919
0.06880450
0.07318854
0.06444573
0.07040048
0.06846762
0.06458592
0.06345224
0.06400466
0.07899523
0.07670736
0.06569767
0.06818604
0.06557536
0.06490707
0.06715584
0.06517291
0.06812000
0.07575679
0.08897877
