0.03508115
0.04362416
0.03698659
0.05123162
0.03600788
0.03580976
0.03605270
0.03584647
0.03560472
0.03745484
0.03565836
0.03604078
0.03545856
0.03518724
0.03537536
0.03862309
0.05985022
0.04514551
0.03634334
0.03827858
0.03614020
0.03825831
0.04179096
0.04571843
0.03837538
0.03856564
0.03698683
0.05115056
0.03860331
0.03728199
0.03895688
0.03775287
0.03939676
0.03975248
0.03807974
0.04008126
0.04329419
0.04385519
0.04113674
0.04108262
0.03957176
0.04184699
0.04193735
0.04053831
0.04240561
0.04157829
0.04326582
0.04362607
0.04234171
0.06248450
0.04874992
0.04869604
0.04864073
0.04835367
0.05024743
0.05046558
0.05020547
0.05190253
0.05005503
0.05208921
0.06106877
0.05372262
0.05414128
0.06381941
0.05515528
0.05242038
0.05959010
0.05958438
0.06347108
0.06183958
0.05700397
0.05805182
0.05737901
0.05953646
0.06689668
0.05979228
0.06172609
0.06865478
0.06141734
0.06196117
0.06292868
0.06325531
0.07582521
0.06584406
0.06545973
0.07109332
0.08416080
0.06908131
0.06915212
0.06962514
0.07078171
0.07243824
0.07158995
0.07223988
0.07906580
0.08095598
0.08463407
0.08146667
0.09257603
0.07844806
0.07795572
0.07930040
0.08038187
0.08888578
0.08570123
0.08532238
0.10233092
0.09793544
0.09760904
0.08705807
0.11228633
0.09106469
0.08839297
0.09145427
0.09931755
0.11209559
0.10302234
0.09566450
0.09546423
0.10942507
0.09665060
0.09748483
0.09740949
0.09907842
0.10014057
0.10885239
0.10705328
0.10356569
0.10584307
0.10767770
0.13228106
0.10931373
0.10975456
0.11197209
0.12893009
0.12519169
0.11492491
0.11564445
0.11789012
0.14194298
0.11904216
0.12051678
0.12004805
0.12282968
0.12328053
0.12386227
0.12489009
0.12702799
0.12741899
0.12918663
0.13167953
0.14302707
0.13327122
0.13399053
0.13979816
0.14574957
0.14436817
0.14407134
0.15202570
0.15064430
0.14866877
0.14759183
0.14930224
0.15475345
0.16058874
0.15493631
0.17930317
0.16687369
0.16367126
0.16276741
0.16960096
0.17774630
0.18144798
0.16389656
0.16938066
0.18714190
0.18203068
0.16856027
0.17682981
0.17768621
0.20421505
0.22067428
0.19331670
0.18062639
0.19188023
0.18324924
0.19108081
0.18980408
0.18366933
0.18495131
0.18926764
0.20463371
0.20871830
0.21079612
0.19289017
0.19425607
0.23056436
0.19773459
0.20213509
0.20643210
0.20923400
0.21054626
0.22279334
0.21691012
0.21678162
0.23963332
0.22027993
0.22494912
0.21830869
0.22294950
0.23169589
0.23945284
0.23766136
0.22786021
0.24283385
0.23834705
0.22985315
0.24242139
0.24738407
0.24767947
0.23788381
0.23908043
0.24982166
0.24122596
0.24495697
0.25623155
0.25531626
0.24892855
0.25015950
0.25215459
0.25610995
0.25716352
0.25849771
0.26071048
0.28364134
0.26432967
0.26505899
0.27506113
0.26968360
0.27346253
0.27307415
0.27683997
0.28320217
0.28403878
0.29694700
0.30890703
0.33836603
0.29413176
0.29603791
0.31071424
0.30220270
0.30841398
0.30770612
0.30542707
0.30967951
0.30968571
0.31151032
0.31707072
0.31560373
0.32017231
0.32876301
0.40784431
0.33046770
0.32913327
0.33131504
0.33077145
0.34131622
0.33656788
0.33706331
0.33970857
0.34123898
0.34542918
0.35992098
0.34991574
0.35071921
0.35368228
0.35371923
0.36645436
0.37275553
0.36034894
0.37366295
0.36923194
0.37022996
0.37414360
0.40902472
0.38012815
0.37766695
0.38034844
0.38661075
0.38278985
0.39182281
0.39092422
0.39033604
0.40592885
0.39774108
0.40538979
0.40309358
0.41105461
0.41376162
0.41029763
0.41610169
0.43618321
0.44759965
0.42012024
0.43931246
0.43146420
0.44266796
0.43012619
0.43828511
0.46010590
0.46840978
0.46151042
0.44596291
0.45303273
0.44974756
0.48048854
0.45770216
0.45572472
0.49332809
0.48291063
0.50241685
0.46362281
0.47029328
0.47179389
0.48542905
0.48288727
0.47979712
0.48132801
0.50405359
0.49308729
0.48904610
0.49179554
0.49661160
0.50410199
0.55149388
0.52024841
0.51235652
0.50732183
0.51437736
0.51059198
0.52229428
0.51735902
0.52173233
0.52063036
0.53407192
0.53870964
0.52983379
0.53605390
0.54149938
0.54919481
0.54084730
0.55699944
0.54942846
0.55214334
0.55403233
0.56284094
0.57836556
0.56203461
0.56769085
0.56684732
0.57433891
0.57022405
0.57975030
0.58566666
0.59069252
0.59622812
0.59303164
0.59453321
0.60093784
0.59791255
0.60288501
0.60232830
0.61172509
0.61021209
0.62588406
0.63995695
0.63630867
0.64753246
0.63767028
0.64130187
0.63626790
0.64301205
0.64398837
0.64222789
0.65492845
0.64619899
0.65941072
0.65919352
0.65716028
0.67913270
0.67563581
0.66969419
0.66903210
0.68024039
0.68710446
0.67489910
0.68534636
0.68608832
0.68600845
0.69578910
0.69454002
0.69543672
0.70194030
0.70953822
0.72130251
0.71188211
0.71259880
0.73044467
