0.02430606
0.04900789
0.03521562
0.03627086
0.03503442
0.03596020
0.03521585
0.03646326
0.03591943
0.03630996
0.03856230
0.03678441
0.03753185
0.03802419
0.03814578
0.04022241
0.03912616
0.03964663
0.05583143
0.04098320
0.04172540
0.04600096
0.04645586
0.04749942
0.04796576
0.04948783
0.05034423
0.05216408
0.05318236
0.05281115
0.05416226
0.05553150
0.05672431
0.05795789
0.05907631
0.06025076
0.06847692
0.06967473
0.07123089
0.06639552
0.06792617
0.06904435
0.07063293
0.07215476
0.07380915
0.07704735
0.07830429
0.07896399
0.08082223
0.08909369
0.08595371
0.08603096
0.08922839
0.08993554
0.09373975
0.09447432
0.09682226
0.09793496
0.10163975
0.10227561
0.11041236
0.10694265
0.10881019
0.11205196
0.11330986
0.11570001
0.11782146
0.12050748
0.13821149
0.12545419
0.12812090
0.13556004
0.13797712
0.13877416
0.14100337
0.15254474
0.15765357
0.14886951
0.14973354
0.15299940
0.15566754
0.17083025
0.17295146
0.17011309
0.17299819
0.17450237
0.17916536
0.19455719
0.18439722
0.18875313
0.19182730
0.19493747
0.21193600
0.20217085
0.20476961
0.20819664
0.21116924
0.23036623
0.21861696
