0.34205532
0.30986357
0.10717988
0.11976504
0.10744143
0.11209559
0.10596824
0.10590792
0.10555482
0.10583019
0.11457562
0.10769367
0.12068844
0.10823894
0.10669279
0.11413097
0.10954762
0.10988283
0.10734773
0.10851169
0.11538744
0.11251378
0.10724711
0.10878682
0.10949111
0.10755658
0.11461043
0.10879636
0.10719657
0.11978674
0.10854268
0.11453843
0.10719395
0.10766721
0.10885596
0.10696316
0.11205411
0.10801196
0.11742902
0.10762143
0.10709333
0.10918522
0.10726452
0.10863113
0.10818362
0.10846949
0.10625029
0.11301088
0.10489249
0.10462666
0.10502481
0.10849047
0.11039615
0.10870981
0.10890675
0.10662699
0.11042881
0.10977173
0.11012363
0.10680938
0.10918045
0.10864282
0.10687399
0.10730624
0.10478044
0.10614967
0.10760331
0.10616517
0.10936642
0.10539746
0.10726929
0.10562158
0.10850024
0.11530995
0.11281538
0.10733247
0.10877013
0.11021638
0.10757947
0.10931849
0.10914612
0.10779285
0.11062384
0.10756969
0.10523272
0.10666537
0.10552073
0.10491371
0.10575151
0.10830498
0.10658312
0.10824537
0.10756159
0.10737467
0.10859489
0.10944796
0.10772467
0.10763049
0.10937953
0.10722804
0.11125779
0.10899782
0.10967350
0.10830903
0.10589767
0.10581565
0.10602498
0.10726738
0.10883236
0.10868526
0.10559201
0.10579205
0.10869408
0.10751557
0.11024213
0.10912538
0.10782862
0.10890770
0.11281705
0.10778213
0.10757089
0.10989475
0.10772943
0.10761285
0.10779476
0.10675216
0.10766220
0.11294413
0.10892248
0.10715437
0.10985923
0.10903692
0.10873675
0.10788822
0.10912395
0.10884905
0.11023712
0.10815978
0.10868979
0.10805655
0.10852313
0.10976553
0.10957909
0.10726953
0.11249924
0.11131787
0.10726190
0.10706878
0.10917544
0.10833693
0.10724711
0.10839224
0.10708404
0.11190176
0.10999894
0.10981679
0.10784984
0.10808158
0.10933709
0.10739326
0.10763240
0.10907483
0.11601996
0.10722995
0.10707736
0.10745549
0.10592484
0.10677600
0.10683250
0.10669661
0.10630655
0.10924363
0.10822487
0.10744905
0.10966802
0.10978341
0.10774231
0.10963130
0.10953999
0.10782623
0.11140728
0.11033463
0.10941029
0.10859418
0.10959101
0.10827303
0.10796928
0.10764933
0.10905266
0.11723423
0.10644221
0.10648751
0.10795712
0.10618234
0.10636711
0.10757923
0.10817623
0.11350226
0.11188412
0.10746551
0.10775566
0.11015177
0.10961843
0.10788298
0.10923290
0.10963988
0.10625410
0.10725832
0.10714865
0.10632682
0.10733032
0.10756755
0.10629201
0.10599518
0.10597491
0.10882306
0.10722542
0.10922003
0.10755205
0.11043167
0.10949922
0.10765314
0.10940313
0.10960531
0.11441684
0.10782027
0.10981631
0.10811687
0.10660768
0.10755634
0.10979319
0.10622692
0.10645723
0.11536551
0.10756207
0.10735965
0.10638952
0.10884738
0.10763335
0.11014152
0.10898495
0.10715675
0.12036180
0.10921168
0.10875726
0.10825515
0.10951018
0.12575841
0.10930848
0.11786413
0.12246943
0.11815310
0.11919355
0.11943078
0.10901737
0.10805488
0.11584044
0.11188769
0.10829735
0.11668944
0.11688304
0.10826802
0.10885620
0.10602546
0.10584331
0.10644078
0.10741091
0.11638570
0.10753179
0.11048317
0.10842800
0.10839915
0.11305189
0.10779166
0.10978246
0.10610437
0.11106753
0.10627699
0.10476995
0.10509896
0.10682631
0.10678649
0.10533643
0.10517669
0.10489202
0.11087036
0.10460210
0.10619164
0.10751700
0.10840464
0.10836625
0.10666943
0.10802817
0.10656953
0.10742855
0.10910273
0.10883570
0.10525632
0.10663152
0.10635471
0.10679245
0.12765193
0.13657212
0.10994625
0.10939288
0.11810565
0.10964870
0.13264728
0.13627648
0.12362385
0.11791492
0.11059713
0.11551666
0.10928774
0.22224832
0.13454485
0.12561941
0.10581422
0.11311960
0.10723042
0.16322875
0.11999249
0.10653424
0.11801124
0.11408043
0.11698818
0.16057420
0.10930824
0.10996056
0.10736418
0.11413717
0.10991549
0.10882401
0.11196876
