198.000,214.000,34.000,81.000
196.006,215.551,34.000,81.000
194.011,216.216,34.000,81.000
192.017,217.767,34.000,81.000
190.466,219.318,34.000,81.000
188.914,218.654,34.000,81.000
186.477,219.762,34.000,81.000
184.926,220.870,34.000,81.000
185.147,222.864,34.000,81.000
187.142,224.415,34.000,81.000
189.136,225.966,34.000,81.000
192.017,228.847,34.000,81.000
194.898,229.512,34.000,81.000
199.108,225.302,34.000,81.000
202.432,221.534,34.000,81.000
214.177,211.562,34.000,81.000
218.831,208.238,34.000,81.000
220.382,204.914,34.000,81.000
216.171,209.568,34.000,81.000
213.290,207.574,34.000,81.000
213.512,206.466,34.000,81.000
215.063,210.233,34.000,81.000
218.387,212.670,34.000,81.000
222.155,215.994,34.000,81.000
225.479,218.875,34.000,81.000
229.246,220.426,34.000,81.000
232.127,223.307,34.000,81.000
235.007,234.166,34.000,81.000
238.775,237.490,34.000,81.000
243.428,238.598,34.000,81.000
249.720,238.391,34.752,82.792
254.929,241.336,34.752,82.792
260.139,240.656,34.752,82.792
263.989,242.695,34.752,82.792
266.660,241.074,35.521,84.624
270.132,237.138,35.521,84.624
273.343,232.119,36.307,86.496
276.419,230.936,36.307,86.496
279.968,232.592,36.307,86.496
283.518,232.829,36.307,86.496
287.067,230.699,36.307,86.496
290.617,232.355,36.307,86.496
294.167,232.592,36.307,86.496
295.823,233.302,36.307,86.496
297.480,234.485,36.307,86.496
295.823,231.409,36.307,86.496
296.060,228.806,36.307,86.496
294.877,229.042,36.307,86.496
294.167,227.386,36.307,86.496
293.457,227.623,36.307,86.496
292.274,225.966,36.307,86.496
290.144,224.310,36.307,86.496
291.461,226.053,37.110,88.410
288.800,226.295,37.110,88.410
287.637,224.063,37.931,90.366
286.401,225.793,37.931,90.366
287.637,227.524,37.931,90.366
283.928,225.299,37.931,90.366
283.765,227.633,38.771,92.365
281.501,230.020,39.628,94.409
278.143,231.828,39.628,94.409
274.269,230.536,39.628,94.409
268.329,232.344,39.628,94.409
263.938,230.020,39.628,94.409
260.580,230.278,39.628,94.409
256.189,228.987,39.628,94.409
251.882,232.732,38.783,92.396
246.573,231.468,38.783,92.396
241.771,233.237,38.783,92.396
237.473,230.962,38.783,92.396
233.176,230.710,38.783,92.396
228.879,233.490,38.783,92.396
222.560,230.204,38.783,92.396
212.196,226.412,38.783,92.396
201.326,222.115,38.783,92.396
192.238,219.933,37.956,90.425
187.537,224.139,37.956,90.425
178.384,226.365,37.956,90.425
175.168,227.602,37.956,90.425
170.963,225.870,37.956,90.425
166.262,228.591,37.956,90.425
161.067,225.375,37.956,90.425
151.419,221.170,37.956,90.425
147.213,219.438,37.956,90.425
143.008,216.717,37.956,90.425
138.307,214.985,37.956,90.425
134.597,216.717,37.956,90.425
129.300,216.487,38.796,92.426
126.013,219.774,38.796,92.426
123.737,221.544,38.796,92.426
120.450,219.774,38.796,92.426
120.703,221.544,38.796,92.426
118.427,218.257,38.796,92.426
116.151,216.992,38.796,92.426
114.381,214.211,38.796,92.426
117.669,216.992,38.796,92.426
114.381,212.694,38.796,92.426
110.588,205.361,38.796,92.426
110.841,203.591,38.796,92.426
112.106,202.326,38.796,92.426
112.864,201.062,38.796,92.426
116.151,200.304,38.796,92.426
114.381,194.488,38.796,92.426
116.151,188.672,38.796,92.426
118.427,185.891,38.796,92.426
120.703,187.155,38.796,92.426
123.484,184.373,38.796,92.426
125.760,186.649,38.796,92.426
129.553,188.925,38.796,92.426
133.346,189.683,38.796,92.426
137.139,189.936,38.796,92.426
140.932,190.189,38.796,92.426
144.725,188.925,38.796,92.426
148.518,185.638,38.796,92.426
151.299,181.845,38.796,92.426
154.080,178.558,38.796,92.426
157.873,178.305,38.796,92.426
161.666,176.535,38.796,92.426
164.953,176.788,38.796,92.426
168.746,176.029,38.796,92.426
172.539,177.293,38.796,92.426
176.332,174.006,38.796,92.426
178.608,173.247,38.796,92.426
181.389,169.455,38.796,92.426
184.171,167.685,38.796,92.426
186.952,165.409,38.796,92.426
190.240,166.167,38.796,92.426
193.021,164.397,38.796,92.426
196.308,164.145,38.796,92.426
198.078,167.937,38.796,92.426
201.365,168.696,38.796,92.426
203.641,168.443,38.796,92.426
206.423,169.202,38.796,92.426
207.687,170.972,38.796,92.426
210.468,166.673,38.796,92.426
211.733,163.892,38.796,92.426
214.008,161.110,38.796,92.426
215.778,159.340,38.796,92.426
216.031,159.087,38.796,92.426
217.296,160.857,38.796,92.426
217.043,162.122,38.796,92.426
219.318,162.880,38.796,92.426
219.571,161.110,38.796,92.426
221.847,159.846,38.796,92.426
222.100,158.076,38.796,92.426
224.376,154.283,38.796,92.426
223.111,150.490,38.796,92.426
225.387,145.686,38.796,92.426
228.169,147.456,38.796,92.426
228.927,149.731,38.796,92.426
231.709,154.536,38.796,92.426
233.984,151.754,38.796,92.426
236.260,158.582,38.796,92.426
234.490,163.892,38.796,92.426
238.789,161.616,38.796,92.426
243.593,158.834,38.796,92.426
247.386,156.559,38.796,92.426
249.662,155.800,38.796,92.426
250.926,154.030,38.796,92.426
254.213,150.743,38.796,92.426
252.949,156.053,38.796,92.426
255.225,158.329,38.796,92.426
255.983,155.042,38.796,92.426
258.259,150.743,38.796,92.426
259.404,148.560,37.969,90.455
262.126,145.343,37.969,90.455
265.154,144.161,37.159,88.526
268.303,145.856,37.159,88.526
271.451,142.223,37.159,88.526
273.147,144.887,37.159,88.526
275.326,148.036,37.159,88.526
277.357,150.614,36.367,86.638
278.542,149.429,36.367,86.638
280.529,151.952,35.591,84.791
280.761,153.111,35.591,84.791
282.849,149.632,35.591,84.791
285.400,146.616,35.591,84.791
282.849,144.065,35.591,84.791
284.936,145.224,35.591,84.791
282.856,145.011,34.832,82.982
283.991,146.600,34.832,82.982
283.269,150.329,34.089,81.213
284.824,152.773,34.089,81.213
284.602,153.884,34.089,81.213
283.491,150.996,34.089,81.213
282.824,151.662,34.089,81.213
283.935,150.996,34.089,81.213
282.824,149.885,34.089,81.213
283.491,151.884,34.089,81.213
282.784,154.250,33.362,79.481
285.176,152.727,33.362,79.481
283.653,155.119,33.362,79.481
286.045,157.946,33.362,79.481
285.393,161.208,33.362,79.481
286.915,163.600,33.362,79.481
287.568,162.512,33.362,79.481
288.655,161.425,33.362,79.481
287.568,159.903,33.362,79.481
287.785,163.165,33.362,79.481
286.263,166.861,33.362,79.481
284.741,168.818,33.362,79.481
285.828,166.861,33.362,79.481
283.871,170.123,33.362,79.481
287.567,159.468,33.362,79.481
290.394,157.076,33.362,79.481
291.047,154.684,33.362,79.481
290.394,157.076,33.362,79.481
291.481,159.468,33.362,79.481
291.264,170.123,33.362,79.481
290.612,173.385,33.362,79.481
291.699,171.863,33.362,79.481
289.742,172.080,33.362,79.481
289.959,170.993,33.362,79.481
288.002,172.515,33.362,79.481
286.045,174.907,33.362,79.481
285.393,172.515,33.362,79.481
284.306,174.037,33.362,79.481
284.523,172.080,33.362,79.481
284.306,169.688,33.362,79.481
283.219,170.775,33.362,79.481
283.436,171.428,33.362,79.481
282.349,173.820,33.362,79.481
281.696,175.777,33.362,79.481
280.174,179.038,33.362,79.481
279.087,174.472,33.362,79.481
277.565,176.429,33.362,79.481
276.478,177.951,33.362,79.481
275.391,182.952,33.362,79.481
274.303,181.865,33.362,79.481
272.346,174.689,33.362,79.481
270.824,172.297,33.362,79.481
267.997,171.210,33.362,79.481
265.606,169.688,33.362,79.481
264.953,170.340,33.362,79.481
261.692,170.558,33.362,79.481
259.735,172.080,33.362,79.481
257.343,174.907,33.362,79.481
254.516,179.038,33.362,79.481
252.124,183.605,33.362,79.481
250.167,186.866,33.362,79.481
248.645,187.084,33.362,79.481
247.123,188.171,33.362,79.481
244.296,199.261,33.362,79.481
241.469,202.087,33.362,79.481
238.642,199.695,33.362,79.481
236.250,198.173,33.362,79.481
233.859,196.651,33.362,79.481
231.032,194.694,33.362,79.481
229.075,192.737,33.362,79.481
226.683,190.345,33.362,79.481
224.726,188.823,33.362,79.481
222.769,186.431,33.362,79.481
220.812,188.823,33.362,79.481
218.412,192.230,34.100,81.239
218.190,194.231,34.100,81.239
216.634,193.564,34.100,81.239
217.746,195.120,34.100,81.239
214.856,194.897,34.100,81.239
213.326,193.307,34.855,83.037
210.373,192.625,34.855,83.037
207.420,190.127,34.855,83.037
204.466,192.171,34.855,83.037
202.422,191.944,34.855,83.037
200.377,192.625,34.855,83.037
198.333,192.853,34.855,83.037
197.240,190.756,35.626,84.874
195.150,189.595,35.626,84.874
196.776,187.969,35.626,84.874
194.221,189.595,35.626,84.874
193.060,187.040,35.626,84.874
195.150,186.344,35.626,84.874
194.454,185.183,35.626,84.874
196.079,182.164,35.626,84.874
194.918,185.647,35.626,84.874
194.221,189.595,35.626,84.874
192.132,194.006,35.626,84.874
194.221,191.917,35.626,84.874
193.525,190.291,35.626,84.874
195.615,187.273,35.626,84.874
194.016,188.502,36.414,86.752
192.382,189.758,37.220,88.671
191.719,186.512,38.043,90.633
189.497,183.709,38.885,92.638
191.433,185.576,39.746,94.688
191.800,185.335,40.625,96.783
191.006,187.189,40.625,96.783
191.270,187.453,40.625,96.783
189.946,187.189,40.625,96.783
191.800,186.924,40.625,96.783
191.535,184.541,40.625,96.783
190.262,180.998,41.524,98.924
190.645,179.623,42.442,101.113
188.740,178.791,43.381,103.350
188.457,181.336,43.381,103.350
186.478,183.315,43.381,103.350
185.630,185.860,43.381,103.350
184.782,188.970,43.381,103.350
183.933,190.949,43.381,103.350
182.520,192.928,43.381,103.350
181.106,193.777,43.381,103.350
178.561,195.756,43.381,103.350
176.615,196.666,44.341,105.637
175.170,198.689,44.341,105.637
171.990,201.868,44.341,105.637
168.233,203.313,44.341,105.637
165.054,205.914,44.341,105.637
161.875,207.937,44.341,105.637
159.274,207.648,44.341,105.637
157.251,209.671,44.341,105.637
154.650,209.382,44.341,105.637
152.627,212.561,44.341,105.637
150.604,214.584,44.341,105.637
149.159,213.139,44.341,105.637
146.558,216.318,44.341,105.637
144.535,218.341,44.341,105.637
142.512,218.630,44.341,105.637
139.911,221.809,44.341,105.637
138.466,220.942,44.341,105.637
138.177,220.075,44.341,105.637
135.576,222.676,44.341,105.637
134.709,221.809,44.341,105.637
132.686,221.520,44.341,105.637
131.241,222.965,44.341,105.637
130.374,222.098,44.341,105.637
132.397,220.075,44.341,105.637
132.686,218.052,44.341,105.637
131.819,222.387,44.341,105.637
133.264,219.208,44.341,105.637
131.819,217.763,44.341,105.637
133.264,221.520,44.341,105.637
131.819,220.075,44.341,105.637
133.842,218.052,44.341,105.637
131.819,221.231,44.341,105.637
133.842,218.630,44.341,105.637
134.131,222.387,44.341,105.637
135.576,220.942,44.341,105.637
137.021,224.121,44.341,105.637
139.044,223.832,44.341,105.637
139.911,223.543,44.341,105.637
141.520,220.875,45.322,107.974
141.224,220.580,45.322,107.974
143.292,219.694,45.322,107.974
144.769,218.808,45.322,107.974
143.883,216.149,45.322,107.974
145.527,214.648,46.325,110.363
145.225,218.573,46.325,110.363
145.527,216.460,46.325,110.363
144.017,220.989,46.325,110.363
146.131,223.706,46.325,110.363
144.621,222.800,46.325,110.363
145.527,226.121,46.325,110.363
144.017,225.819,46.325,110.363
146.131,229.141,46.325,110.363
142.841,230.026,45.337,108.009
143.040,234.311,44.370,105.706
140.437,232.865,44.370,105.706
141.305,232.576,44.370,105.706
139.269,236.769,43.424,103.452
138.986,235.920,43.424,103.452
137.540,239.478,42.498,101.246
137.263,239.755,42.498,101.246
136.432,240.586,42.498,101.246
137.686,244.603,41.592,99.087
136.823,244.353,40.705,96.973
136.558,245.679,40.705,96.973
137.884,245.414,40.705,96.973
137.088,246.210,40.705,96.973
138.415,245.414,40.705,96.973
138.680,245.149,40.705,96.973
138.945,247.006,40.705,96.973
140.802,245.679,40.705,96.973
142.659,245.414,40.705,96.973
143.455,244.618,40.705,96.973
145.312,243.822,40.705,96.973
146.639,243.557,40.705,96.973
147.965,243.292,40.705,96.973
145.047,246.740,40.705,96.973
146.904,246.475,40.705,96.973
147.700,247.802,40.705,96.973
148.496,247.006,40.705,96.973
149.823,246.210,40.705,96.973
150.618,244.883,40.705,96.973
151.414,247.271,40.705,96.973
152.210,245.945,40.705,96.973
151.945,245.679,40.705,96.973
153.271,244.883,40.705,96.973
151.414,248.332,40.705,96.973
152.891,244.232,41.606,99.119
153.704,241.791,41.606,99.119
152.891,245.859,41.606,99.119
154.400,242.230,42.526,101.312
153.568,245.833,42.526,101.312
155.509,242.785,42.526,101.312
156.340,242.507,42.526,101.312
155.509,245.002,42.526,101.312
156.340,243.616,42.526,101.312
154.400,246.111,42.526,101.312
156.340,245.833,42.526,101.312
156.617,248.328,42.526,101.312
157.449,249.714,42.526,101.312
157.726,249.991,42.526,101.312
157.449,249.714,42.526,101.312
156.617,247.774,42.526,101.312
156.895,246.942,42.526,101.312
151.074,214.513,42.526,101.312
150.797,210.356,42.526,101.312
152.737,208.415,42.526,101.312
153.129,207.007,43.467,103.554
154.118,206.155,44.429,105.845
155.129,206.487,45.412,108.186
155.548,206.825,46.416,110.580
155.850,208.338,46.416,110.580
155.548,212.876,46.416,110.580
159.480,226.489,46.416,110.580
160.536,228.719,47.443,113.027
159.049,224.581,48.493,115.527
161.261,221.737,48.493,115.527
159.049,217.628,48.493,115.527
160.808,221.924,49.566,118.083
159.193,217.725,49.566,118.083
161.454,221.924,49.566,118.083
161.131,218.371,49.566,118.083
162.100,222.570,49.566,118.083
163.069,219.017,49.566,118.083
161.454,214.171,49.566,118.083
164.361,219.017,49.566,118.083
165.331,224.509,49.566,118.083
166.300,222.893,49.566,118.083
167.269,226.447,49.566,118.083
168.238,227.416,49.566,118.083
169.207,229.678,49.566,118.083
170.823,228.708,49.566,118.083
173.084,232.262,49.566,118.083
174.699,230.001,49.566,118.083
176.961,229.678,49.566,118.083
179.222,229.354,49.566,118.083
182.129,228.385,49.566,118.083
183.745,227.416,49.566,118.083
184.714,225.155,49.566,118.083
187.621,221.601,49.566,118.083
189.883,219.340,49.566,118.083
191.498,218.371,49.566,118.083
193.583,218.073,48.509,115.565
194.532,216.492,48.509,115.565
196.745,212.382,48.509,115.565
198.958,207.639,48.509,115.565
201.171,209.853,48.509,115.565
202.752,208.272,48.509,115.565
204.965,205.426,48.509,115.565
206.546,205.742,48.509,115.565
209.392,201.000,48.509,115.565
211.605,202.581,48.509,115.565
213.818,203.529,48.509,115.565
215.399,205.742,48.509,115.565
216.980,207.323,48.509,115.565
220.457,208.272,48.509,115.565
223.303,209.220,48.509,115.565
227.413,210.169,48.509,115.565
232.156,207.323,48.509,115.565
236.898,210.801,48.509,115.565
242.273,212.382,48.509,115.565
246.383,216.492,48.509,115.565
251.758,218.705,48.509,115.565
257.765,216.492,48.509,115.565
263.140,218.705,48.509,115.565
268.838,217.195,47.474,113.101
273.221,217.506,46.462,110.689
277.763,214.175,46.462,110.689
282.306,216.295,46.462,110.689
281.925,220.102,45.471,108.328
285.185,217.435,45.471,108.328
288.680,213.469,46.477,110.725
292.880,208.787,47.506,113.175
299.743,206.571,48.557,115.679
313.987,211.160,47.521,113.212
326.066,208.372,47.521,113.212
332.571,210.540,47.521,113.212
344.030,210.850,47.521,113.212
356.110,209.921,47.521,113.212
361.690,209.633,48.573,115.717
368.338,212.482,48.573,115.717
373.720,208.999,48.573,115.717
377.835,204.251,48.573,115.717
381.951,201.402,48.573,115.717
393.759,205.382,47.537,113.249
405.222,209.409,47.537,113.249
419.162,212.978,48.588,115.755
424.210,215.312,49.663,118.316
425.828,217.578,49.663,118.316
428.741,214.665,49.663,118.316
429.712,213.694,49.663,118.316
425.504,211.428,49.663,118.316
422.591,208.514,49.663,118.316
419.678,206.249,49.663,118.316
415.470,202.041,49.663,118.316
411.909,197.833,49.663,118.316
407.701,195.567,49.663,118.316
404.788,193.301,49.663,118.316
401.875,194.272,49.663,118.316
399.609,192.006,49.663,118.316
397.991,189.740,49.663,118.316
393.783,186.827,49.663,118.316
390.222,182.619,49.663,118.316
386.661,179.706,49.663,118.316
383.101,176.145,49.663,118.316
379.540,173.232,49.663,118.316
376.627,170.319,49.663,118.316
373.714,169.348,49.663,118.316
369.506,167.082,49.663,118.316
366.593,169.348,49.663,118.316
363.679,168.377,49.663,118.316
360.119,168.701,49.663,118.316
357.853,171.614,49.663,118.316
356.235,169.995,49.663,118.316
353.969,171.614,49.663,118.316
352.998,170.643,49.663,118.316
351.379,170.966,49.663,118.316
351.703,169.348,49.663,118.316
349.425,169.050,48.604,115.793
349.741,166.198,48.604,115.793
346.890,163.981,48.604,115.793
347.207,161.130,48.604,115.793
345.623,159.546,48.604,115.793
345.225,162.307,47.568,113.324
344.238,164.412,46.553,110.907
345.755,162.288,46.553,110.907
344.238,165.019,46.553,110.907
346.362,163.502,46.553,110.907
344.845,163.198,46.553,110.907
345.149,162.895,46.553,110.907
345.452,163.805,46.553,110.907
344.542,164.715,46.553,110.907
343.576,169.115,45.561,108.542
343.279,167.630,45.561,108.542
341.794,167.927,45.561,108.542
343.279,166.442,45.561,108.542
340.616,168.458,44.589,106.227
341.488,167.005,44.589,106.227
338.882,170.659,43.638,103.962
338.029,169.237,43.638,103.962
337.176,170.090,43.638,103.962
336.891,171.512,43.638,103.962
335.469,174.072,43.638,103.962
336.891,173.788,43.638,103.962
335.469,174.072,43.638,103.962
336.891,175.494,43.638,103.962
333.763,175.779,43.638,103.962
334.616,173.219,43.638,103.962
332.056,175.210,43.638,103.962
330.603,174.399,42.708,101.745
328.097,174.121,42.708,101.745
326.706,173.286,42.708,101.745
324.757,173.008,42.708,101.745
325.036,171.059,42.708,101.745
323.076,171.876,41.797,99.575
322.259,169.969,41.797,99.575
319.807,172.965,41.797,99.575
318.445,171.058,41.797,99.575
317.628,174.055,41.797,99.575
315.721,172.148,41.797,99.575
313.814,175.145,41.797,99.575
314.631,173.783,41.797,99.575
312.724,176.779,41.797,99.575
311.362,177.052,41.797,99.575
311.090,177.324,41.797,99.575
308.638,178.141,41.797,99.575
305.642,178.414,41.797,99.575
303.190,179.231,41.797,99.575
302.373,180.048,41.797,99.575
300.466,178.686,41.797,99.575
298.559,182.772,41.797,99.575
296.652,179.231,41.797,99.575
294.745,176.234,41.797,99.575
295.562,174.327,41.797,99.575
295.290,172.420,41.797,99.575
295.017,169.969,41.797,99.575
293.655,166.972,41.797,99.575
295.017,166.155,41.797,99.575
296.379,166.427,41.797,99.575
297.197,167.244,41.797,99.575
296.379,168.607,41.797,99.575
297.741,171.058,41.797,99.575
296.924,172.420,41.797,99.575
298.286,174.327,41.797,99.575
298.014,172.965,41.797,99.575
297.197,171.603,41.797,99.575
298.014,170.786,41.797,99.575
295.562,169.424,41.797,99.575
294.200,167.517,41.797,99.575
292.838,165.610,41.797,99.575
294.200,165.882,41.797,99.575
293.383,162.341,41.797,99.575
294.200,160.979,41.797,99.575
292.838,158.527,41.797,99.575
293.110,158.255,41.797,99.575
293.928,158.527,41.797,99.575
294.745,158.799,41.797,99.575
295.017,159.617,41.797,99.575
296.924,160.979,41.797,99.575
298.831,159.617,41.797,99.575
300.193,160.979,41.797,99.575
302.645,158.527,41.797,99.575
304.552,157.165,41.797,99.575
307.548,155.258,41.797,99.575
310.000,153.896,41.797,99.575
311.362,153.079,41.797,99.575
314.904,152.806,41.797,99.575
316.811,153.079,41.797,99.575
319.262,154.441,41.797,99.575
322.259,154.713,41.797,99.575
325.256,153.351,41.797,99.575
327.707,155.258,41.797,99.575
329.614,152.806,41.797,99.575
330.432,151.989,41.797,99.575
332.883,152.806,41.797,99.575
329.887,151.989,41.797,99.575
329.614,154.986,41.797,99.575
333.156,153.079,41.797,99.575
336.152,152.261,41.797,99.575
338.059,151.989,41.797,99.575
338.332,150.082,41.797,99.575
339.149,141.637,41.797,99.575
335.656,132.984,40.906,97.452
333.790,127.918,40.906,97.452
331.390,124.985,40.906,97.452
331.214,124.737,41.811,99.608
330.942,119.559,41.811,99.608
330.762,120.437,42.736,101.811
328.255,117.373,42.736,101.811
327.420,118.765,42.736,101.811
326.584,119.601,42.736,101.811
327.977,123.779,42.736,101.811
328.812,129.071,42.736,101.811
330.205,136.035,42.736,101.811
330.484,141.884,42.736,101.811
330.878,143.937,43.681,104.064
328.885,147.638,43.681,104.064
328.031,151.339,43.681,104.064
329.320,151.076,42.750,101.845
329.598,150.798,42.750,101.845
331.549,153.305,42.750,101.845
334.056,151.355,42.750,101.845
333.778,152.748,42.750,101.845
334.056,151.912,42.750,101.845
334.335,153.305,42.750,101.845
332.385,155.256,42.750,101.845
330.434,151.634,42.750,101.845
328.484,154.141,42.750,101.845
327.648,152.191,42.750,101.845
331.827,218.226,42.750,101.845
334.892,220.733,42.750,101.845
334.614,222.684,42.750,101.845
337.679,226.306,42.750,101.845
340.186,230.485,42.750,101.845
343.251,234.108,42.750,101.845
346.316,238.844,42.750,101.845
348.824,244.138,42.750,101.845
350.217,247.203,42.750,101.845
352.167,250.268,42.750,101.845
355.789,253.890,42.750,101.845
360.526,258.070,42.750,101.845
365.263,261.135,42.750,101.845
369.442,264.199,42.750,101.845
373.064,266.707,42.750,101.845
376.687,268.657,42.750,101.845
379.751,272.280,42.750,101.845
383.374,273.673,42.750,101.845
387.553,276.180,42.750,101.845
391.732,276.459,42.750,101.845
396.469,278.409,42.750,101.845
401.206,275.902,42.750,101.845
405.385,275.066,42.750,101.845
410.122,279.245,42.750,101.845
414.859,282.310,42.750,101.845
419.038,284.818,42.750,101.845
423.217,283.425,42.750,101.845
425.168,286.490,42.750,101.845
424.332,290.669,42.750,101.845
429.626,287.604,42.750,101.845
433.248,286.211,42.750,101.845
435.199,288.161,42.750,101.845
437.149,285.097,42.750,101.845
437.428,285.375,42.750,101.845
438.821,284.539,42.750,101.845
440.214,283.146,42.750,101.845
439.378,279.524,42.750,101.845
441.886,280.360,42.750,101.845
441.050,278.409,42.750,101.845
443.000,280.360,42.750,101.845
440.492,281.196,42.750,101.845
437.985,284.818,42.750,101.845
442.164,282.310,42.750,101.845
438.542,287.047,42.750,101.845
440.492,289.555,42.750,101.845
439.099,293.177,42.750,101.845
441.050,295.684,42.750,101.845
440.214,297.078,42.750,101.845
441.607,297.913,42.750,101.845
443.557,298.192,42.750,101.845
443.836,301.257,42.750,101.845
447.458,300.978,42.750,101.845
449.966,300.142,42.750,101.845
453.031,301.536,42.750,101.845
455.738,301.276,43.696,104.098
458.505,301.011,44.662,106.401
462.289,299.556,44.662,106.401
464.326,300.429,44.662,106.401
467.528,297.227,44.662,106.401
469.566,301.011,44.662,106.401
471.604,304.213,44.662,106.401
474.806,306.251,44.662,106.401
478.590,306.542,44.662,106.401
482.956,307.415,44.662,106.401
486.741,306.542,44.662,106.401
489.943,307.997,44.662,106.401
494.309,305.377,44.662,106.401
499.258,304.504,44.662,106.401
503.624,301.884,44.662,106.401
507.408,298.682,44.662,106.401
510.610,300.138,44.662,106.401
513.812,297.518,44.662,106.401
514.686,299.556,44.662,106.401
516.723,298.682,44.662,106.401
517.597,301.302,44.662,106.401
521.963,302.758,44.662,106.401
