262.000,94.000,16.000,26.000
261.425,92.276,16.000,26.000
261.343,91.373,16.000,26.000
260.440,90.634,16.000,26.000
259.373,89.075,16.000,26.000
258.306,88.500,16.000,26.000
256.418,86.776,16.000,26.000
254.530,85.216,16.000,26.000
252.642,84.149,16.000,26.000
251.082,81.112,16.000,26.000
250.836,79.388,16.000,26.000
249.933,78.157,16.000,26.000
248.045,76.105,16.000,26.000
247.142,74.873,16.000,26.000
245.090,73.314,16.000,26.000
244.022,72.739,16.000,26.000
242.299,70.522,16.000,26.000
241.724,69.127,16.000,26.000
239.179,67.567,16.000,26.000
238.440,66.336,16.000,26.000
236.060,65.925,16.000,26.000
233.583,64.871,16.354,26.575
231.318,63.445,16.354,26.575
230.179,62.019,16.716,27.163
229.194,59.850,17.086,27.764
229.277,57.997,17.464,28.378
228.248,55.359,17.850,29.006
227.765,53.993,18.245,29.648
227.466,51.431,18.649,30.304
226.031,49.614,18.649,30.304
224.596,47.604,18.649,30.304
223.099,46.177,19.061,30.975
220.263,43.928,19.061,30.975
219.383,43.048,19.061,30.975
218.259,40.980,19.483,31.660
216.280,37.830,19.914,32.360
214.894,35.670,20.355,33.076
212.827,33.029,20.805,33.808
211.157,31.215,21.265,34.556
208.771,28.682,21.736,35.321
206.564,27.018,22.217,36.102
205.017,24.845,22.708,36.901
203.969,24.030,22.708,36.901
203.386,23.447,22.708,36.901
203.014,22.435,23.211,37.717
201.892,20.164,23.724,38.552
202.766,18.854,24.249,39.405
203.637,18.232,24.249,39.405
204.508,18.605,24.249,39.405
204.885,18.040,24.786,40.277
206.590,17.462,25.334,41.168
207.500,16.292,25.334,41.168
208.433,17.320,25.895,42.079
209.363,16.656,25.895,42.079
210.825,14.398,25.895,42.079
210.692,14.796,25.895,42.079
212.419,12.272,25.895,42.079
214.412,10.811,25.895,42.079
215.873,9.349,25.895,42.079
217.335,10.279,25.895,42.079
220.656,11.741,25.895,42.079
221.586,12.405,25.895,42.079
223.844,18.383,25.895,42.079
233.896,41.488,26.467,43.010
236.747,51.129,26.467,43.010
247.475,66.474,26.467,43.010
266.079,67.424,26.467,43.010
276.263,57.511,26.467,43.010
281.287,46.240,26.467,43.010
298.887,8.148,27.053,43.961
311.885,-1.684,26.476,43.024
321.201,-6.070,25.912,42.106
328.513,-7.532,25.912,42.106
347.625,-9.774,25.359,41.208
356.603,-13.027,25.359,41.208
364.016,-14.427,25.920,42.120
371.599,-13.337,25.367,41.222
372.747,-11.267,24.826,40.343
375.345,-2.120,24.297,39.482
377.166,2.266,23.779,38.640
378.948,12.908,23.272,37.816
377.470,44.038,22.775,37.010
378.989,45.557,22.775,37.010
380.020,62.733,22.290,36.221
381.911,65.214,21.814,35.448
387.214,62.895,21.349,34.692
390.081,60.203,20.894,33.953
395.762,52.377,20.894,33.953
397.948,49.123,20.448,33.228
400.694,45.736,20.012,32.520
402.986,44.598,19.585,31.826
406.101,42.287,19.585,31.826
408.010,42.991,19.585,31.826
409.919,43.292,19.585,31.826
411.387,43.728,19.168,31.148
412.634,44.913,18.759,30.483
411.768,45.780,18.759,30.483
411.133,45.455,18.359,29.833
410.851,46.303,18.359,29.833
409.814,45.644,18.359,29.833
408.830,45.326,17.968,29.197
408.185,45.603,17.968,29.197
409.199,46.617,17.968,29.197
408.000,47.631,17.968,29.197
407.215,48.386,17.584,28.575
402.098,51.387,17.209,27.965
401.345,52.111,16.842,27.369
400.394,52.715,16.842,27.369
399.790,54.012,16.842,27.369
401.086,54.789,16.842,27.369
402.182,58.163,16.483,26.785
402.774,59.093,16.483,26.785
402.053,60.927,16.132,26.214
401.639,63.824,16.132,26.214
400.894,64.569,16.132,26.214
399.818,65.148,16.132,26.214
399.073,66.059,16.132,26.214
397.997,66.804,16.132,26.214
396.973,67.641,15.788,25.655
395.501,68.618,15.451,25.108
394.673,69.115,15.121,24.572
391.337,69.658,15.121,24.572
390.328,70.511,15.121,24.572
388.854,71.209,15.121,24.572
388.791,71.995,14.799,24.048
387.956,71.160,14.799,24.048
387.728,72.299,14.799,24.048
387.349,73.134,14.799,24.048
386.969,73.969,14.799,24.048
386.134,74.956,14.799,24.048
384.995,75.791,14.799,24.048
384.008,76.323,14.799,24.048
382.717,76.550,14.799,24.048
380.819,77.538,14.799,24.048
379.680,78.221,14.799,24.048
378.085,78.752,14.799,24.048
377.098,79.436,14.799,24.048
376.111,79.967,14.799,24.048
375.428,80.651,14.799,24.048
374.745,81.030,14.799,24.048
373.757,80.499,14.799,24.048
373.226,81.334,14.799,24.048
