450.000,91.000,31.000,37.000
444.785,96.750,31.000,37.000
439.573,102.172,30.339,36.211
434.469,107.014,30.339,36.211
430.377,109.545,29.692,35.439
425.138,111.527,29.059,34.683
420.736,113.468,28.439,33.943
416.191,115.367,27.833,33.220
414.520,115.606,27.239,32.511
412.206,116.745,26.658,31.818
409.276,118.525,26.090,31.139
407.927,119.617,25.533,30.475
407.031,121.322,24.989,29.825
405.414,120.998,24.989,29.825
404.228,120.891,24.989,29.825
398.731,122.939,24.989,29.825
397.114,121.106,24.989,29.825
400.304,125.809,25.542,30.485
401.737,130.159,26.107,31.160
401.798,138.110,26.684,31.849
397.309,143.980,26.684,31.849
398.805,149.391,26.684,31.849
397.426,152.282,26.115,31.170
388.137,157.431,26.693,31.860
386.091,157.437,26.124,31.180
383.274,156.198,26.124,31.180
378.202,153.831,26.124,31.180
387.714,148.190,25.567,30.515
387.667,146.708,25.022,29.864
384.321,141.635,25.022,29.864
380.759,141.095,25.022,29.864
382.587,142.558,24.488,29.228
383.960,140.551,24.488,29.228
386.178,138.544,24.488,29.228
386.706,132.311,24.488,29.228
387.868,140.656,24.488,29.228
386.284,145.199,24.488,29.228
385.122,148.051,24.488,29.228
384.670,149.686,23.966,28.604
384.627,151.685,23.455,27.994
377.173,154.032,22.955,27.397
375.489,155.121,22.955,27.397
372.966,154.745,22.465,26.813
370.737,152.904,22.465,26.813
374.129,153.582,22.465,26.813
376.358,154.260,22.465,26.813
379.168,153.388,22.465,26.813
377.820,157.877,21.986,26.241
380.571,153.989,21.986,26.241
381.614,149.721,21.986,26.241
379.698,151.497,22.472,26.822
380.570,155.472,22.472,26.822
382.024,158.089,22.472,26.822
384.060,162.257,22.472,26.822
385.320,165.844,22.472,26.822
385.280,167.345,21.993,26.250
378.473,169.362,21.524,25.690
376.286,173.664,21.065,25.142
377.286,170.301,21.065,25.142
378.649,171.301,21.065,25.142
381.829,171.755,21.065,25.142
382.829,170.756,21.065,25.142
384.555,171.755,21.065,25.142
388.099,167.666,21.065,25.142
389.644,166.666,21.065,25.142
390.260,167.048,21.531,25.699
389.609,164.726,21.531,25.699
387.926,172.247,22.008,26.267
391.628,173.861,22.008,26.267
390.964,178.323,22.008,26.267
393.486,182.538,21.538,25.707
392.836,185.604,21.538,25.707
384.938,188.670,21.538,25.707
383.287,188.855,21.079,25.159
382.287,187.673,21.079,25.159
382.950,186.626,20.629,24.622
387.310,187.783,20.629,24.622
388.645,186.626,20.629,24.622
387.956,188.108,21.086,25.167
391.321,184.561,21.086,25.167
391.958,183.560,21.086,25.167
391.139,182.560,21.086,25.167
390.400,179.759,20.636,24.630
390.489,181.273,20.636,24.630
390.934,184.745,20.636,24.630
389.776,186.080,20.636,24.630
392.714,189.018,20.636,24.630
391.379,192.846,20.636,24.630
390.400,193.291,20.636,24.630
389.676,193.982,20.196,24.105
390.808,194.941,20.196,24.105
389.676,196.247,20.196,24.105
388.369,195.638,20.196,24.105
387.236,196.422,20.196,24.105
385.930,197.032,20.196,24.105
383.808,197.217,20.643,24.638
383.084,196.535,20.203,24.113
382.408,196.178,20.650,24.646
381.607,197.336,20.650,24.646
378.489,198.672,20.650,24.646
376.563,200.223,20.209,24.121
382.404,195.428,20.209,24.121
381.547,196.518,20.657,24.655
380.671,195.413,21.114,25.200
377.483,196.780,21.114,25.200
376.299,198.146,21.114,25.200
376.026,197.873,21.114,25.200
374.296,198.146,21.114,25.200
373.023,197.394,21.581,25.758
373.861,196.184,21.581,25.758
372.650,194.974,21.581,25.758
369.951,195.626,21.581,25.758
370.788,194.415,21.581,25.758
369.680,195.193,22.058,26.327
368.253,194.907,22.058,26.327
367.016,194.051,22.058,26.327
364.828,194.907,22.058,26.327
364.352,194.622,22.058,26.327
363.028,193.710,21.588,25.766
361.817,192.500,21.588,25.766
360.979,192.034,21.588,25.766
364.425,191.010,21.588,25.766
364.145,190.358,21.588,25.766
364.969,189.203,22.065,26.336
363.351,188.727,22.065,26.336
362.685,188.252,22.065,26.336
358.792,189.725,21.595,25.774
352.826,188.473,21.134,25.225
354.546,188.127,20.684,24.687
353.476,188.133,20.243,24.160
349.400,187.128,19.811,23.645
361.328,177.024,20.249,24.168
355.229,179.218,19.817,23.653
354.863,182.849,19.395,23.149
356.602,173.661,18.981,22.655
353.411,172.876,18.576,22.172
358.630,178.906,18.180,21.699
359.324,176.794,18.582,22.179
357.899,175.408,18.186,21.706
357.291,173.621,18.589,22.186
357.501,172.295,19.000,22.677
356.016,173.319,19.420,23.179
356.583,174.019,19.850,23.692
356.630,174.201,20.289,24.216
355.225,180.017,20.738,24.752
338.460,162.605,20.296,24.224
340.617,156.703,19.863,23.707
339.953,155.996,20.302,24.232
339.578,164.949,19.869,23.715
324.330,161.041,20.309,24.240
308.381,177.043,20.758,24.776
312.518,163.669,21.218,25.324
320.734,168.801,21.687,25.885
338.910,160.331,21.225,25.333
322.811,185.413,21.694,25.893
314.654,187.945,21.232,25.341
313.564,186.999,21.701,25.902
314.392,176.709,22.181,26.475
311.216,180.772,21.708,25.910
317.134,190.345,21.245,25.357
317.565,189.780,21.716,25.919
333.055,190.869,21.252,25.366
358.216,215.984,21.723,25.927
357.093,214.725,21.259,25.374
352.386,218.726,21.730,25.936
347.964,222.816,22.211,26.509
323.544,247.755,21.737,25.944
320.871,257.878,22.218,26.518
320.725,256.292,22.709,27.105
321.388,257.110,23.212,27.704
322.274,256.284,23.725,28.317
320.206,257.351,24.250,28.944
322.217,256.705,24.787,29.584
337.080,258.523,24.787,29.584
337.139,261.191,25.335,30.239
338.332,258.475,25.896,30.908
340.224,266.234,25.344,30.249
345.274,267.147,25.904,30.918
345.336,267.617,26.477,31.602
347.057,269.519,27.063,32.301
336.881,282.353,26.486,31.612
336.613,284.122,25.921,30.938
340.154,295.497,26.495,31.623
350.784,315.727,26.495,31.623
378.594,347.038,27.081,32.322
379.870,351.165,27.680,33.038
384.765,353.434,27.680,33.038
397.303,336.836,27.680,33.038
395.882,341.550,28.293,33.769
394.295,348.995,28.293,33.769
395.882,353.511,28.293,33.769
397.722,358.835,28.919,34.516
399.343,363.950,28.919,34.516
400.716,366.320,28.919,34.516
399.231,370.468,29.558,35.279
400.888,376.206,29.558,35.279
376.024,366.643,29.558,35.279
378.192,368.301,29.558,35.279
380.105,371.012,28.928,34.527
383.474,370.388,28.928,34.527
386.594,372.260,28.928,34.527
385.970,372.884,28.928,34.527
387.361,371.448,28.311,33.791
386.017,371.814,28.311,33.791
386.908,371.586,27.707,33.070
385.354,372.183,27.707,33.070
386.191,371.108,27.707,33.070
384.876,370.510,27.707,33.070
384.278,371.347,27.707,33.070
384.876,370.749,27.707,33.070
384.517,371.347,27.707,33.070
385.354,370.271,27.707,33.070
386.908,370.391,27.707,33.070
386.071,370.271,27.707,33.070
386.191,370.151,27.707,33.070
385.832,369.793,27.707,33.070
386.430,370.630,27.707,33.070
386.071,369.315,27.707,33.070
384.897,367.833,28.320,33.802
384.530,367.466,28.320,33.802
384.652,367.100,28.320,33.802
386.240,368.444,28.320,33.802
386.561,367.436,28.947,34.550
384.188,368.810,28.947,34.550
383.564,367.936,28.947,34.550
383.030,369.146,28.330,33.813
381.686,369.513,28.330,33.813
377.394,371.405,27.726,33.092
376.557,370.568,27.726,33.092
374.893,372.650,27.134,32.386
370.828,373.870,27.735,33.103
369.033,375.425,27.735,33.103
368.435,373.631,27.735,33.103
369.077,374.560,27.143,32.397
370.130,373.507,27.143,32.397
371.887,372.159,26.564,31.706
370.397,370.669,26.564,31.706
372.116,372.664,25.998,31.030
370.556,372.671,25.443,30.368
368.690,371.025,25.443,30.368
369.678,371.793,25.443,30.368
370.901,372.011,24.901,29.720
369.720,372.548,24.901,29.720
370.917,372.347,24.370,29.087
369.049,362.221,23.850,28.466
370.394,358.458,23.342,27.859
367.246,356.717,22.844,27.265
368.915,355.393,22.357,26.684
368.047,353.947,22.357,26.684
368.192,351.907,21.880,26.115
367.852,351.325,22.364,26.692
367.626,349.657,21.887,26.123
367.154,348.051,21.887,26.123
368.024,347.329,21.420,25.566
367.008,346.313,21.420,25.566
367.839,344.742,21.420,25.566
366.638,341.692,21.420,25.566
368.209,341.230,21.420,25.566
368.704,340.167,20.963,25.021
367.890,338.630,20.963,25.021
367.257,337.635,20.963,25.021
366.263,337.725,20.963,25.021
367.257,336.550,20.963,25.021
365.720,336.098,20.963,25.021
367.077,334.560,20.963,25.021
365.539,333.746,20.963,25.021
366.373,333.054,20.516,24.487
365.930,334.559,20.516,24.487
366.576,333.540,20.079,23.965
364.826,332.107,20.523,24.495
365.800,330.956,20.523,24.495
364.738,330.279,20.086,23.973
365.518,329.672,20.086,23.973
366.150,331.013,19.657,23.462
365.048,329.572,19.657,23.462
365.472,330.335,19.657,23.462
364.292,329.359,19.238,22.961
365.039,330.770,19.238,22.961
364.364,329.975,18.828,22.472
365.269,331.545,18.426,21.993
364.872,330.353,18.426,21.993
366.064,331.545,18.426,21.993
365.031,330.830,18.426,21.993
365.905,332.181,18.426,21.993
365.784,331.196,18.834,22.479
365.123,332.297,18.432,22.000
366.163,332.302,18.039,21.531
364.529,330.823,18.039,21.531
365.073,331.835,18.039,21.531
364.591,332.739,17.655,21.072
365.124,331.902,17.655,21.072
363.981,332.282,17.655,21.072
363.656,330.966,17.278,20.622
363.730,331.338,17.278,20.622
363.124,332.348,16.910,20.182
363.467,331.141,17.284,20.629
362.796,331.812,17.284,20.629
363.318,332.782,17.284,20.629
363.542,333.751,17.284,20.629
363.765,334.720,17.284,20.629
364.270,334.105,17.666,21.085
363.797,337.195,17.289,20.636
363.622,338.062,16.921,20.196
364.717,339.156,16.921,20.196
361.579,338.354,16.921,20.196
361.922,338.660,17.295,20.642
361.996,339.033,17.295,20.642
362.501,339.656,17.678,21.099
362.883,341.715,17.678,21.099
362.044,342.097,17.678,21.099
362.730,342.173,17.678,21.099
361.281,343.622,17.678,21.099
361.510,344.918,17.678,21.099
361.586,346.672,17.678,21.099
361.554,348.147,17.301,20.649
361.379,351.028,16.932,20.209
362.036,351.101,16.932,20.209
362.256,352.635,16.932,20.209
363.497,355.484,16.932,20.209
363.716,358.040,16.932,20.209
363.643,358.552,16.932,20.209
364.317,361.794,16.571,19.778
363.244,365.154,16.571,19.778
364.174,366.512,16.571,19.778
364.102,367.012,16.571,19.778
363.173,369.657,16.571,19.778
363.673,372.874,16.571,19.778
364.158,378.366,16.937,20.215
364.377,380.192,16.937,20.215
364.304,381.434,16.937,20.215
364.669,382.384,16.937,20.215
362.550,383.188,16.937,20.215
357.070,383.846,16.937,20.215
348.668,383.626,16.937,20.215
346.841,384.576,16.937,20.215
345.307,385.818,16.937,20.215
342.457,383.699,16.937,20.215
341.723,384.267,16.576,19.784
342.106,384.685,16.223,19.362
341.756,385.734,16.223,19.362
336.927,383.425,16.223,19.362
334.478,382.235,16.223,19.362
325.870,383.845,16.223,19.362
320.902,384.475,16.223,19.362
321.532,383.285,16.223,19.362
319.922,386.294,16.223,19.362
312.119,384.265,16.582,19.791
310.080,384.120,16.948,20.229
302.988,382.585,16.948,20.229
297.415,383.499,17.323,20.676
302.426,384.656,16.954,20.235
322.498,381.017,17.329,20.683
330.347,382.288,17.329,20.683
333.113,382.064,17.329,20.683
336.627,385.577,17.329,20.683
336.202,384.030,17.712,21.141
333.222,382.731,17.712,21.141
334.827,383.572,17.712,21.141
333.375,384.718,17.712,21.141
341.661,383.136,18.104,21.608
340.646,384.308,18.104,21.608
339.108,382.656,17.718,21.148
342.242,382.274,17.718,21.148
347.668,382.503,17.718,21.148
353.095,382.733,17.718,21.148
359.592,383.115,17.718,21.148
365.453,382.677,17.340,20.697
373.308,382.154,17.340,20.697
379.217,382.229,17.340,20.697
371.213,381.854,17.340,20.697
372.030,381.858,17.724,21.155
371.120,382.021,18.116,21.623
371.980,382.255,18.116,21.623
370.893,384.068,17.730,21.162
368.649,386.136,17.352,20.710
365.584,385.208,17.736,21.168
370.124,382.263,17.358,20.717
373.194,381.439,17.358,20.717
374.167,381.814,17.358,20.717
373.742,381.041,17.742,21.175
371.522,381.270,17.742,21.175
375.058,380.798,18.134,21.644
386.088,379.781,18.134,21.644
379.476,380.921,18.535,22.123
370.920,381.641,18.535,22.123
371.296,377.995,18.945,22.612
364.897,377.321,19.365,23.113
356.102,378.539,19.793,23.624
349.528,377.941,19.793,23.624
343.807,379.051,19.793,23.624
334.464,378.169,20.231,24.147
324.951,378.431,20.231,24.147
315.039,377.530,20.679,24.681
303.982,376.980,21.136,25.227
303.654,376.417,21.604,25.785
307.379,375.842,22.082,26.356
305.850,375.253,22.570,26.939
306.921,376.519,22.570,26.939
306.824,375.059,22.570,26.939
302.231,371.023,23.070,27.535
303.731,372.474,23.580,28.144
299.153,371.558,23.580,28.144
280.846,372.619,24.102,28.767
262.350,371.330,24.635,29.403
234.401,373.562,24.635,29.403
211.526,371.803,25.180,30.054
206.627,356.257,25.737,30.718
204.073,354.813,25.737,30.718
