82.000,218.000,69.000,73.000
82.280,220.516,69.000,73.000
84.795,220.795,69.000,73.000
87.869,221.633,69.000,73.000
92.062,222.472,69.000,73.000
96.813,223.869,69.000,73.000
99.820,225.672,70.527,74.615
112.104,223.672,70.527,74.615
115.818,224.529,70.527,74.615
116.520,225.186,72.087,76.266
127.908,220.806,72.087,76.266
131.120,221.682,72.087,76.266
128.492,226.646,72.087,76.266
133.456,229.274,72.087,76.266
136.668,232.486,72.087,76.266
148.057,229.274,72.087,76.266
153.605,229.566,72.087,76.266
157.401,228.106,72.087,76.266
164.117,231.902,72.087,76.266
167.913,233.946,72.087,76.266
173.461,231.902,72.087,76.266
177.257,233.362,72.087,76.266
179.885,234.822,72.087,76.266
183.097,235.114,72.087,76.266
187.477,235.990,72.087,76.266
191.273,236.866,72.087,76.266
195.653,237.742,72.087,76.266
200.081,239.962,70.550,74.640
202.653,239.676,70.550,74.640
204.653,239.962,70.550,74.640
208.940,239.105,70.550,74.640
212.083,239.391,70.550,74.640
215.799,239.105,70.550,74.640
218.942,237.676,70.550,74.640
220.237,237.147,72.111,76.291
224.619,238.023,72.111,76.291
227.832,238.899,72.111,76.291
232.213,237.439,72.111,76.291
237.179,235.394,72.111,76.291
240.976,236.270,72.111,76.291
244.773,237.147,72.111,76.291
247.987,236.270,72.111,76.291
247.694,235.978,72.111,76.291
250.323,242.112,72.111,76.291
252.952,246.494,72.111,76.291
254.997,250.875,72.111,76.291
260.547,246.494,72.111,76.291
271.355,240.944,72.111,76.291
283.331,234.810,72.111,76.291
287.712,239.191,72.111,76.291
283.331,232.473,72.111,76.291
278.949,229.260,72.111,76.291
275.152,231.889,72.111,76.291
268.596,226.499,73.706,77.979
271.283,229.186,73.706,77.979
275.165,229.485,73.706,77.979
272.477,232.172,73.706,77.979
270.985,235.456,73.706,77.979
265.523,229.947,75.337,79.704
263.387,232.694,75.337,79.704
260.640,229.337,75.337,79.704
257.283,227.201,75.337,79.704
256.978,231.778,75.337,79.704
253.621,236.356,75.337,79.704
253.316,234.830,75.337,79.704
221.884,226.590,75.337,79.704
215.475,224.454,75.337,79.704
207.846,224.759,75.337,79.704
200.217,228.726,75.337,79.704
200.522,223.539,75.337,79.704
194.560,214.682,73.730,78.004
190.080,208.410,73.730,78.004
194.560,212.293,73.730,78.004
182.392,209.382,72.158,76.341
177.809,213.858,70.619,74.713
175.234,216.433,70.619,74.713
170.943,212.714,70.619,74.713
168.112,217.095,69.113,73.120
163.913,217.935,69.113,73.120
165.872,222.134,69.113,73.120
163.353,220.175,69.113,73.120
161.953,220.455,69.113,73.120
159.182,222.584,67.639,71.560
153.428,224.501,67.639,71.560
147.127,219.844,67.639,71.560
143.565,223.954,67.639,71.560
141.099,220.940,67.639,71.560
137.331,217.213,66.197,70.034
132.772,215.336,66.197,70.034
130.635,216.341,64.785,68.541
126.699,213.980,64.785,68.541
124.337,214.767,64.785,68.541
121.975,217.654,64.785,68.541
118.563,221.590,64.785,68.541
105.704,218.178,64.785,68.541
90.221,221.065,64.785,68.541
83.136,221.852,64.785,68.541
108.591,209.518,64.785,68.541
149.792,178.290,64.785,68.541
