352.000,197.000,56.000,100.000
352.912,194.264,56.000,100.000
354.432,192.744,56.000,100.000
355.952,191.224,56.000,100.000
356.864,192.136,56.000,100.000
356.560,193.048,56.000,100.000
355.648,192.744,56.000,100.000
356.560,191.832,56.000,100.000
356.256,191.528,56.000,100.000
355.344,190.008,56.000,100.000
355.040,188.488,56.000,100.000
354.128,186.967,56.000,100.000
354.432,185.447,56.000,100.000
354.736,183.927,56.000,100.000
354.432,181.191,56.000,100.000
355.952,179.063,56.000,100.000
356.864,175.719,56.000,100.000
358.992,170.551,56.000,100.000
361.729,167.206,56.000,100.000
363.249,169.942,56.000,100.000
365.985,177.543,56.000,100.000
368.113,194.872,56.000,100.000
369.633,220.713,56.000,100.000
369.937,245.339,56.000,100.000
369.633,262.060,56.000,100.000
368.113,265.404,56.000,100.000
365.377,251.115,56.000,100.000
365.681,225.882,56.000,100.000
364.769,203.080,56.000,100.000
362.641,185.143,56.000,100.000
359.296,170.247,56.000,100.000
357.776,161.430,56.000,100.000
355.040,164.166,56.000,100.000
351.696,176.023,56.000,100.000
341.663,192.744,56.000,100.000
324.942,206.425,56.000,100.000
306.397,213.417,56.000,100.000
298.189,210.073,56.000,100.000
304.573,203.080,56.000,100.000
324.942,190.616,56.000,100.000
344.095,164.774,56.000,100.000
345.616,134.068,56.000,100.000
331.327,110.659,56.000,100.000
325.550,112.787,56.000,100.000
329.503,139.237,56.000,100.000
344.399,185.143,56.000,100.000
364.769,245.643,56.000,100.000
376.625,278.173,56.000,100.000
385.442,290.637,56.000,100.000
383.922,267.836,56.000,100.000
374.497,215.241,56.000,100.000
379.057,174.807,56.000,100.000
389.090,158.086,56.000,100.000
391.826,167.510,56.000,100.000
375.713,202.472,56.000,100.000
351.696,245.947,56.000,100.000
335.583,262.668,56.000,100.000
338.927,250.811,56.000,100.000
348.960,217.065,56.000,100.000
354.736,172.375,56.000,100.000
350.784,145.317,56.000,100.000
336.495,141.365,56.000,100.000
322.206,173.895,56.000,100.000
310.958,225.274,56.000,100.000
308.829,263.276,56.000,100.000
311.566,269.052,56.000,100.000
311.262,229.226,56.000,100.000
308.525,174.199,56.000,100.000
305.181,134.372,56.000,100.000
307.309,137.109,56.000,100.000
301.533,170.247,56.000,100.000
293.933,221.017,56.000,100.000
301.533,245.035,56.000,100.000
337.711,242.299,56.000,100.000
348.960,226.794,56.000,100.000
327.983,194.264,56.000,100.000
281.468,159.302,56.000,100.000
284.204,166.902,56.000,100.000
302.141,204.905,56.000,100.000
309.133,244.731,56.000,100.000
317.950,268.748,56.000,100.000
331.631,264.796,56.000,100.000
331.327,225.578,56.000,100.000
315.214,172.983,56.000,100.000
295.453,145.317,56.000,100.000
288.460,158.390,56.000,100.000
275.996,198.216,56.000,100.000
269.611,239.867,56.000,100.000
274.171,252.939,56.000,100.000
288.460,233.178,56.000,100.000
291.804,187.880,56.000,100.000
274.475,126.164,56.000,100.000
267.483,107.619,56.000,100.000
267.179,128.596,56.000,100.000
262.619,184.839,56.000,100.000
261.707,241.083,56.000,100.000
266.875,260.236,56.000,100.000
270.219,247.163,56.000,100.000
266.267,204.297,56.000,100.000
260.491,161.430,56.000,100.000
258.363,147.749,56.000,100.000
247.722,162.646,56.000,100.000
235.257,196.392,56.000,100.000
247.722,227.706,56.000,100.000
282.684,241.387,56.000,100.000
335.279,234.394,56.000,100.000
347.744,214.025,56.000,100.000
343.791,199.128,56.000,100.000
341.055,198.216,56.000,100.000
345.616,203.385,56.000,100.000
357.472,211.593,56.000,100.000
367.505,225.274,56.000,100.000
370.241,233.482,56.000,100.000
363.857,228.314,56.000,100.000
347.136,205.513,56.000,100.000
304.877,179.063,56.000,100.000
249.060,162.501,57.239,102.213
231.347,175.242,57.239,102.213
234.144,190.468,57.239,102.213
249.370,205.695,57.239,102.213
275.162,212.842,57.239,102.213
301.575,213.153,57.239,102.213
326.124,209.113,57.239,102.213
341.972,196.372,57.239,102.213
342.283,187.361,57.239,102.213
332.650,190.158,57.239,102.213
324.260,193.576,57.239,102.213
315.248,192.644,57.239,102.213
316.802,192.954,57.239,102.213
325.813,198.237,57.239,102.213
323.638,201.655,57.239,102.213
299.711,197.615,57.239,102.213
282.620,195.440,57.239,102.213
279.202,186.429,57.239,102.213
287.592,174.931,57.239,102.213
284.174,170.270,57.239,102.213
284.484,160.637,57.239,102.213
290.388,150.382,57.239,102.213
294.428,144.478,57.239,102.213
295.360,144.167,57.239,102.213
303.750,151.936,57.239,102.213
304.061,157.840,57.239,102.213
298.778,154.422,57.239,102.213
307.169,141.681,57.239,102.213
335.446,137.020,57.239,102.213
337.000,138.574,57.239,102.213
336.068,151.315,57.239,102.213
335.136,158.462,57.239,102.213
300.643,153.801,57.239,102.213
243.777,150.382,57.239,102.213
217.985,154.422,57.239,102.213
207.731,165.920,57.239,102.213
213.635,169.959,57.239,102.213
264.907,173.999,57.239,102.213
336.689,166.852,57.239,102.213
394.177,155.976,57.239,102.213
406.917,158.151,57.239,102.213
415.307,168.405,57.239,102.213
410.646,173.688,57.239,102.213
378.018,177.728,57.239,102.213
308.722,174.310,57.239,102.213
276.094,179.592,57.239,102.213
270.812,187.361,57.239,102.213
256.828,193.887,57.239,102.213
255.896,189.847,57.239,102.213
279.202,173.999,57.239,102.213
313.694,165.609,57.239,102.213
346.322,161.569,57.239,102.213
389.516,159.394,57.239,102.213
432.088,167.163,57.239,102.213
447.314,176.174,57.239,102.213
435.817,174.620,57.239,102.213
416.240,173.067,57.239,102.213
417.793,173.377,57.239,102.213
439.235,174.310,57.239,102.213
460.055,173.999,57.239,102.213
480.874,169.959,57.239,102.213
510.395,167.784,57.239,102.213
525.000,173.688,57.239,102.213
525.311,178.971,57.239,102.213
524.379,186.739,57.239,102.213
514.124,188.915,57.239,102.213
483.982,184.875,57.239,102.213
460.676,185.807,57.239,102.213
447.936,187.361,57.239,102.213
448.868,189.536,57.239,102.213
465.959,184.875,57.239,102.213
495.479,185.807,57.239,102.213
483.360,183.010,57.239,102.213
425.663,186.716,58.505,104.474
393.583,187.033,58.505,104.474
380.561,190.527,58.505,104.474
373.891,187.669,58.505,104.474
365.315,191.798,58.505,104.474
353.563,199.103,58.505,104.474
357.692,204.502,58.505,104.474
375.797,199.738,58.505,104.474
401.524,194.974,58.505,104.474
399.300,184.492,58.505,104.474
372.938,174.646,58.505,104.474
349.752,176.234,58.505,104.474
332.918,177.187,58.505,104.474
319.896,179.410,58.505,104.474
308.144,184.175,58.505,104.474
307.191,190.209,58.505,104.474
315.767,194.339,58.505,104.474
327.519,191.480,58.505,104.474
332.283,184.175,58.505,104.474
324.978,179.410,58.505,104.474
313.226,180.999,58.505,104.474
293.851,178.775,58.505,104.474
272.570,177.187,58.505,104.474
257.642,173.058,58.505,104.474
254.784,176.552,58.505,104.474
260.818,180.681,58.505,104.474
274.476,180.363,58.505,104.474
300.839,176.869,58.505,104.474
329.742,175.281,58.505,104.474
335.777,174.964,58.505,104.474
324.025,178.458,58.505,104.474
301.474,184.492,58.505,104.474
283.369,186.716,58.505,104.474
256.372,181.316,58.505,104.474
240.808,177.187,58.505,104.474
238.585,174.964,58.505,104.474
232.550,159.400,58.505,104.474
218.258,133.038,58.505,104.474
227.468,119.380,58.505,104.474
252.560,143.202,58.505,104.474
265.583,189.257,58.505,104.474
282.417,238.488,58.505,104.474
295.439,270.567,58.505,104.474
294.486,268.344,58.505,104.474
290.992,234.994,58.505,104.474
305.920,193.386,58.505,104.474
315.767,165.118,58.505,104.474
327.519,160.353,58.505,104.474
340.541,187.351,58.505,104.474
340.859,233.406,58.505,104.474
344.352,288.354,58.505,104.474
359.281,322.974,58.505,104.474
363.410,327.103,58.505,104.474
355.469,300.106,58.505,104.474
348.164,247.063,58.505,104.474
342.764,205.455,58.505,104.474
322.119,181.634,58.505,104.474
311.638,194.656,58.505,104.474
320.213,231.182,58.505,104.474
339.588,277.872,58.505,104.474
351.975,308.046,58.505,104.474
352.928,312.811,58.505,104.474
338.635,285.813,58.505,104.474
317.355,237.217,58.505,104.474
298.615,192.433,58.505,104.474
302.109,159.083,58.505,104.474
311.320,165.118,58.505,104.474
316.084,207.996,58.505,104.474
316.402,262.309,58.505,104.474
323.072,303.282,58.505,104.474
323.390,316.940,58.505,104.474
305.920,293.753,58.505,104.474
294.804,241.346,58.505,104.474
298.298,187.669,58.505,104.474
315.767,160.036,58.505,104.474
325.613,174.964,58.505,104.474
322.119,219.748,58.505,104.474
317.990,271.520,58.505,104.474
311.320,307.411,58.505,104.474
299.568,303.282,58.505,104.474
299.273,267.353,57.258,102.246
308.910,222.280,57.258,102.246
324.141,190.885,57.258,102.246
340.616,212.955,57.258,102.246
344.657,264.245,57.258,102.246
339.373,317.399,57.258,102.246
332.845,336.983,57.258,102.246
326.317,312.426,57.258,102.246
314.816,257.406,57.258,102.246
298.341,193.061,57.258,102.246
299.273,166.017,57.258,102.246
308.910,181.870,57.258,102.246
320.411,235.647,57.258,102.246
326.939,289.423,57.258,102.246
331.601,320.197,57.258,102.246
324.452,314.291,57.258,102.246
312.951,271.705,57.258,102.246
309.531,210.468,57.258,102.246
309.221,158.557,57.258,102.246
304.558,137.730,57.258,102.246
300.517,151.097,57.258,102.246
297.719,193.061,57.258,102.246
307.355,254.919,57.258,102.246
328.804,291.910,57.258,102.246
333.467,303.411,57.258,102.246
321.344,279.476,57.258,102.246
309.842,233.782,57.258,102.246
294.611,178.140,57.258,102.246
296.165,141.771,57.258,102.246
305.180,143.947,57.258,102.246
302.382,177.208,57.258,102.246
296.101,239.119,56.037,100.066
298.839,290.532,56.037,100.066
309.487,310.306,56.037,100.066
317.701,298.441,56.037,100.066
324.089,257.980,56.037,100.066
326.219,213.261,56.037,100.066
313.138,167.932,56.037,100.066
308.574,154.242,56.037,100.066
307.662,169.149,56.037,100.066
304.315,207.785,56.037,100.066
308.270,257.372,56.037,100.066
315.267,288.706,56.037,100.066
319.830,287.794,56.037,100.066
329.261,255.242,56.037,100.066
336.258,210.523,56.037,100.066
326.827,168.845,56.037,100.066
316.788,149.679,56.037,100.066
317.092,154.242,56.037,100.066
318.613,180.709,56.037,100.066
314.050,222.387,56.037,100.066
317.397,265.282,56.037,100.066
327.436,291.140,56.037,100.066
330.174,289.011,56.037,100.066
332.303,261.327,56.037,100.066
333.216,217.824,56.037,100.066
326.827,172.495,56.037,100.066
319.222,142.378,56.037,100.066
317.092,143.291,56.037,100.066
315.571,157.589,56.037,100.066
315.875,190.140,56.037,100.066
326.523,242.770,56.037,100.066
325.610,277.146,56.037,100.066
314.354,285.968,56.037,100.066
314.050,261.935,56.037,100.066
320.439,219.649,56.037,100.066
319.526,184.056,56.037,100.066
313.746,157.589,56.037,100.066
310.400,153.026,56.037,100.066
310.095,170.974,56.037,100.066
298.231,204.742,56.037,100.066
288.192,236.685,56.037,100.066
281.803,263.152,56.037,100.066
278.457,277.450,56.037,100.066
291.538,274.104,56.037,100.066
323.481,258.589,56.037,100.066
349.339,243.074,56.037,100.066
383.716,240.336,56.037,100.066
409.574,247.333,56.037,100.066
436.041,254.938,56.037,100.066
445.472,260.110,56.037,100.066
432.391,257.980,56.037,100.066
390.104,257.068,56.037,100.066
335.650,253.113,56.037,100.066
309.791,252.200,56.037,100.066
297.318,254.938,56.037,100.066
300.056,249.767,56.037,100.066
313.746,238.511,56.037,100.066
357.249,226.038,56.037,100.066
378.240,214.782,56.037,100.066
381.586,207.176,56.037,100.066
382.499,202.004,56.037,100.066
384.020,196.224,56.037,100.066
373.372,195.312,56.037,100.066
341.430,209.610,56.037,100.066
299.144,223.908,56.037,100.066
266.592,235.773,56.037,100.066
260.812,242.161,56.037,100.066
275.719,239.423,56.037,100.066
315.571,232.426,56.037,100.066
366.984,207.785,56.037,100.066
411.095,183.143,56.037,100.066
422.351,170.670,56.037,100.066
423.264,161.239,56.037,100.066
402.273,148.766,56.037,100.066
365.988,142.925,57.277,102.280
324.010,150.077,57.277,102.280
278.300,170.910,57.277,102.280
231.347,188.634,57.277,102.280
187.503,201.383,57.277,102.280
157.342,206.048,57.277,102.280
152.677,203.249,57.277,102.280
183.461,201.072,57.277,102.280
256.534,195.164,57.277,102.280
309.084,163.759,57.277,102.280
355.415,147.278,57.277,102.280
365.677,144.480,57.277,102.280
383.401,157.229,57.277,102.280
392.418,163.137,57.277,102.280
380.291,151.632,57.277,102.280
347.642,137.639,57.277,102.280
281.410,123.024,57.277,102.280
236.322,116.495,57.277,102.280
202.429,114.940,57.277,102.280
168.536,116.495,57.277,102.280
158.896,117.427,57.277,102.280
173.511,104.679,57.277,102.280
206.782,93.795,57.277,102.280
233.570,88.470,58.544,104.542
257.407,91.966,58.544,104.542
267.896,100.547,58.544,104.542
262.493,106.586,58.544,104.542
239.291,111.989,58.544,104.542
223.718,118.028,58.544,104.542
227.849,125.974,58.544,104.542
247.237,134.555,58.544,104.542
265.989,139.958,58.544,104.542
293.004,133.919,58.544,104.542
321.926,122.795,58.544,104.542
332.415,119.935,58.544,104.542
336.546,121.524,58.544,104.542
333.050,126.927,58.544,104.542
321.291,132.330,58.544,104.542
296.818,131.377,58.544,104.542
265.353,134.237,58.544,104.542
253.594,140.276,58.544,104.542
252.640,136.780,58.544,104.542
261.857,121.206,58.544,104.542
276.795,92.920,58.544,104.542
321.609,78.617,58.544,104.542
359.430,87.199,58.544,104.542
374.368,100.865,58.544,104.542
383.585,118.981,58.544,104.542
377.546,130.105,58.544,104.542
354.345,134.873,58.544,104.542
324.787,140.912,58.544,104.542
309.849,146.315,58.544,104.542
313.981,140.912,58.544,104.542
324.469,125.974,58.544,104.542
326.694,102.772,58.544,104.542
332.733,96.098,58.544,104.542
349.577,111.036,58.544,104.542
375.321,139.322,58.544,104.542
385.810,166.973,58.544,104.542
363.244,179.369,58.544,104.542
310.259,185.691,57.295,102.313
246.494,171.694,57.295,102.313
230.630,162.673,57.295,102.313
229.697,149.298,57.295,102.313
223.787,134.057,57.295,102.313
213.522,119.438,57.295,102.313
212.589,111.661,57.295,102.313
234.052,117.571,57.295,102.313
288.485,152.720,57.295,102.313
323.634,187.246,57.295,102.313
341.986,214.930,57.295,102.313
338.564,226.439,57.295,102.313
309.015,219.907,57.295,102.313
289.418,194.712,57.295,102.313
295.328,160.185,57.295,102.313
321.768,123.170,57.295,102.313
351.317,91.132,57.295,102.313
379.001,79.623,57.295,102.313
391.754,96.731,57.295,102.313
400.774,131.880,57.295,102.313
406.062,167.028,57.295,102.313
402.019,194.090,57.295,102.313
376.201,201.866,57.295,102.313
319.901,197.822,57.295,102.313
293.462,183.203,57.295,102.313
286.308,157.386,57.295,102.313
292.218,122.859,57.295,102.313
303.105,94.554,57.295,102.313
325.189,88.022,57.295,102.313
349.762,105.751,57.295,102.313
373.713,140.278,57.295,102.313
394.553,179.159,57.295,102.313
391.754,201.866,57.295,102.313
359.094,208.398,57.295,102.313
323.945,193.778,57.295,102.313
281.331,156.764,57.295,102.313
239.340,111.661,57.295,102.313
234.674,76.513,57.295,102.313
251.159,51.940,57.295,102.313
289.419,66.559,57.295,102.313
305.904,97.975,57.295,102.313
328.611,132.502,57.295,102.313
350.695,166.406,57.295,102.313
340.431,181.648,57.295,102.313
313.991,183.825,57.295,102.313
303.727,169.206,57.295,102.313
304.038,141.522,57.295,102.313
308.081,118.193,57.295,102.313
318.968,111.661,57.295,102.313
335.454,126.281,57.295,102.313
341.986,147.743,57.295,102.313
331.721,166.095,57.295,102.313
317.102,180.092,57.295,102.313
312.918,184.447,58.563,104.577
315.780,178.406,58.563,104.577
325.000,156.469,58.563,104.577
331.040,128.809,58.563,104.577
314.190,107.507,58.563,104.577
282.715,114.184,58.563,104.577
276.674,148.838,58.563,104.577
292.253,182.857,58.563,104.577
304.652,199.071,58.563,104.577
310.057,187.308,58.563,104.577
329.451,160.920,58.563,104.577
345.029,130.080,58.563,104.577
340.896,113.866,58.563,104.577
328.497,118.635,58.563,104.577
316.098,148.202,58.563,104.577
322.774,185.400,58.563,104.577
316.098,202.887,58.563,104.577
280.807,205.748,58.563,104.577
277.946,181.267,58.563,104.577
296.704,147.249,58.563,104.577
304.016,128.491,58.563,104.577
296.704,129.444,58.563,104.577
300.201,159.648,58.563,104.577
325.318,198.754,58.563,104.577
329.451,218.783,58.563,104.577
317.051,210.835,58.563,104.577
319.913,182.539,58.563,104.577
324.046,174.591,58.563,104.577
323.092,197.800,58.563,104.577
298.611,240.721,58.563,104.577
286.212,263.930,58.563,104.577
292.253,244.536,58.563,104.577
291.299,194.620,58.563,104.577
299.247,158.058,58.563,104.577
319.277,155.833,58.563,104.577
327.861,187.944,58.563,104.577
321.185,249.941,58.563,104.577
311.329,296.676,58.563,104.577
295.750,293.815,58.563,104.577
290.981,247.079,58.563,104.577
297.022,190.805,58.563,104.577
310.693,166.960,58.563,104.577
324.364,188.898,58.563,104.577
324.046,234.362,58.563,104.577
311.647,280.462,58.563,104.577
294.796,278.872,58.563,104.577
283.033,237.223,58.563,104.577
290.345,191.123,58.563,104.577
316.734,172.365,58.563,104.577
332.948,195.574,58.563,104.577
332.630,242.310,58.563,104.577
326.589,283.959,58.563,104.577
299.565,280.462,58.563,104.577
275.720,238.177,58.563,104.577
275.402,184.447,58.563,104.577
299.247,172.047,58.563,104.577
308.467,206.066,58.563,104.577
297.976,273.785,58.563,104.577
302.109,328.788,58.563,104.577
313.236,327.198,58.563,104.577
319.913,291.908,58.563,104.577
322.774,246.443,58.563,104.577
321.185,224.506,58.563,104.577
314.508,240.085,58.563,104.577
306.560,284.913,58.563,104.577
311.329,319.568,58.563,104.577
316.098,306.532,58.563,104.577
315.780,259.796,58.563,104.577
304.016,213.696,58.563,104.577
295.432,197.482,58.563,104.577
291.935,218.147,58.563,104.577
281.443,262.340,58.563,104.577
267.136,274.739,58.563,104.577
261.731,248.351,58.563,104.577
270.315,200.343,58.563,104.577
293.525,168.868,58.563,104.577
311.011,190.169,58.563,104.577
308.149,234.362,58.563,104.577
284.304,281.734,58.563,104.577
274.449,282.052,58.563,104.577
279.218,230.865,58.563,104.577
284.622,165.689,58.563,104.577
284.304,131.034,58.563,104.577
277.628,127.537,58.563,104.577
270.315,163.463,58.563,104.577
269.998,220.373,58.563,104.577
265.864,253.120,58.563,104.577
255.373,238.177,58.563,104.577
262.685,191.441,58.563,104.577
289.709,154.243,58.563,104.577
297.022,152.018,58.563,104.577
290.345,175.227,58.563,104.577
274.131,206.702,58.563,104.577
259.188,228.639,58.563,104.577
241.066,235.952,58.563,104.577
224.215,231.818,58.563,104.577
228.348,224.506,58.563,104.577
251.557,221.009,58.563,104.577
267.136,228.321,58.563,104.577
271.269,226.732,58.563,104.577
281.761,220.055,58.563,104.577
290.345,205.748,58.563,104.577
293.842,193.349,58.563,104.577
302.427,192.395,58.563,104.577
300.201,197.164,58.563,104.577
292.889,201.297,58.563,104.577
283.033,199.707,58.563,104.577
268.726,198.118,58.563,104.577
262.685,197.800,58.563,104.577
277.628,187.308,58.563,104.577
300.837,172.365,58.563,104.577
311.329,156.151,58.563,104.577
326.907,148.838,58.563,104.577
348.845,154.879,58.563,104.577
344.076,157.740,58.563,104.577
320.867,154.243,58.563,104.577
298.293,156.469,58.563,104.577
293.524,158.694,58.563,104.577
287.484,157.740,58.563,104.577
275.720,152.336,58.563,104.577
272.223,140.572,58.563,104.577
281.443,129.444,58.563,104.577
293.207,125.311,58.563,104.577
300.519,127.537,58.563,104.577
302.745,133.578,58.563,104.577
305.606,138.982,58.563,104.577
313.554,142.480,58.563,104.577
323.132,147.590,59.859,106.891
318.257,151.815,59.859,106.891
305.584,157.339,59.859,106.891
297.460,163.513,59.859,106.891
297.784,168.388,59.859,106.891
306.559,172.612,59.859,106.891
317.282,182.036,59.859,106.891
320.857,192.760,59.859,106.891
318.582,201.534,59.859,106.891
314.358,210.958,59.859,106.891
315.333,217.133,59.859,106.891
318.907,220.707,59.859,106.891
317.932,221.032,59.859,106.891
310.458,224.607,59.859,106.891
305.584,226.882,59.859,106.891
307.208,230.456,59.859,106.891
306.884,234.681,59.859,106.891
