228.000,236.000,80.000,64.000
231.113,235.717,80.000,64.000
233.661,237.132,80.000,64.000
235.076,244.774,80.000,64.000
232.528,254.114,80.000,64.000
228.849,256.095,80.000,64.000
228.566,248.453,80.000,64.000
228.283,234.019,80.000,64.000
226.302,227.509,80.000,64.000
226.585,241.378,80.000,64.000
221.883,261.518,81.770,65.416
223.329,265.857,81.770,65.416
226.511,251.104,81.770,65.416
230.272,228.250,81.770,65.416
232.297,219.860,81.770,65.416
234.322,232.300,81.770,65.416
242.133,241.846,81.770,65.416
251.679,233.457,81.770,65.416
250.233,216.968,81.770,65.416
234.622,208.140,83.579,66.863
208.897,214.941,83.579,66.863
184.946,228.838,83.579,66.863
196.478,238.596,83.579,66.863
228.708,245.988,83.579,66.863
234.225,247.396,85.428,68.343
214.580,246.489,85.428,68.343
190.745,239.149,87.318,69.855
169.430,233.279,87.318,69.855
164.178,236.059,87.318,69.855
179.933,239.457,87.318,69.855
200.631,232.352,87.318,69.855
203.411,220.305,87.318,69.855
195.070,216.289,87.318,69.855
194.143,223.394,87.318,69.855
205.573,223.703,87.318,69.855
214.532,219.069,87.318,69.855
212.369,214.435,87.318,69.855
205.882,219.687,87.318,69.855
206.809,242.238,87.318,69.855
211.932,264.862,89.250,71.400
216.037,268.335,89.250,71.400
206.249,259.810,89.250,71.400
192.672,258.231,89.250,71.400
181.620,266.756,89.250,71.400
180.673,273.387,89.250,71.400
195.513,273.071,89.250,71.400
209.722,275.913,89.250,71.400
215.721,281.281,89.250,71.400
217.932,276.545,89.250,71.400
216.984,259.178,89.250,71.400
229.930,240.549,89.250,71.400
244.771,237.707,89.250,71.400
260.243,250.021,89.250,71.400
256.138,253.495,89.250,71.400
231.825,248.758,89.250,71.400
208.775,238.970,89.250,71.400
200.881,231.076,89.250,71.400
204.986,235.181,89.250,71.400
212.248,243.706,89.250,71.400
226.003,245.210,91.225,72.980
234.717,235.205,91.225,72.980
235.685,221.327,91.225,72.980
231.489,219.713,91.225,72.980
237.621,218.099,91.225,72.980
253.435,215.195,91.225,72.980
274.413,210.999,91.225,72.980
279.900,218.422,91.225,72.980
276.350,235.527,91.225,72.980
262.472,245.532,91.225,72.980
251.935,244.133,89.280,71.424
259.200,231.815,89.280,71.424
269.623,221.391,89.280,71.424
274.361,220.444,89.280,71.424
277.835,207.494,89.280,71.424
264.253,184.436,89.280,71.424
241.196,172.118,89.280,71.424
216.875,168.643,89.280,71.424
202.661,168.327,89.280,71.424
208.031,168.643,89.280,71.424
220.349,162.642,89.280,71.424
224.456,154.746,89.280,71.424
229.193,167.064,89.280,71.424
231.404,183.173,89.280,71.424
225.403,196.754,89.280,71.424
220.665,205.283,89.280,71.424
208.979,203.072,89.280,71.424
191.278,192.123,91.255,73.004
185.790,181.469,91.255,73.004
197.089,164.358,91.255,73.004
215.492,169.201,91.255,73.004
237.768,199.871,91.255,73.004
247.776,229.896,91.255,73.004
242.933,244.424,91.255,73.004
236.154,239.581,91.255,73.004
228.728,221.824,91.255,73.004
223.240,208.588,91.255,73.004
226.791,207.619,91.255,73.004
230.342,209.233,91.255,73.004
239.059,206.974,91.255,73.004
241.965,194.383,91.255,73.004
228.728,192.123,91.255,73.004
216.137,204.068,91.255,73.004
221.626,217.305,91.255,73.004
249.671,225.240,89.309,71.447
284.742,214.813,89.309,71.447
280.635,205.019,89.309,71.447
255.717,205.867,91.285,73.028
230.204,216.525,91.285,73.028
216.547,218.237,89.338,71.471
214.335,205.278,89.338,71.471
212.754,192.952,89.338,71.471
217.495,197.061,89.338,71.471
220.972,208.755,89.338,71.471
245.309,217.289,89.338,71.471
282.288,220.133,89.338,71.471
289.558,214.760,89.338,71.471
271.190,202.493,91.315,73.052
316.098,165.151,93.335,74.668
262.275,160.198,93.335,74.668
245.129,160.676,91.345,73.076
250.623,161.645,91.345,73.076
164.338,182.651,91.345,73.076
167.247,179.742,91.345,73.076
172.740,179.419,91.345,73.076
191.161,173.279,91.345,73.076
206.349,175.541,91.345,73.076
215.075,188.791,91.345,73.076
219.276,197.516,91.345,73.076
224.123,198.486,91.345,73.076
228.971,191.053,91.345,73.076
233.818,190.083,91.345,73.076
233.495,198.163,91.345,73.076
233.535,205.483,89.397,71.517
250.297,206.432,89.397,71.517
272.752,220.031,89.397,71.517
280.659,245.017,89.397,71.517
279.078,266.839,89.397,71.517
277.496,280.439,89.397,71.517
279.710,286.448,89.397,71.517
276.864,278.541,89.397,71.517
280.343,268.737,89.397,71.517
280.026,255.770,89.397,71.517
275.915,229.519,89.397,71.517
281.292,198.841,89.397,71.517
277.180,198.525,89.397,71.517
266.111,227.306,89.397,71.517
253.776,270.002,89.397,71.517
251.562,298.783,89.397,71.517
248.716,297.201,89.397,71.517
240.176,265.258,89.397,71.517
227.209,256.719,89.397,71.517
221.200,261.463,89.397,71.517
222.149,253.556,89.397,71.517
220.568,236.794,89.397,71.517
223.414,229.520,89.397,71.517
231.953,231.101,89.397,71.517
237.330,223.827,89.397,71.517
233.218,198.209,89.397,71.517
227.209,170.693,89.397,71.517
225.628,166.582,89.397,71.517
231.004,177.651,89.397,71.517
243.972,185.558,89.397,71.517
247.059,187.845,87.490,69.992
234.368,188.154,87.490,69.992
213.011,189.083,87.490,69.992
191.034,183.821,87.490,69.992
185.772,175.464,87.490,69.992
200.939,160.916,87.490,69.992
216.725,140.178,87.490,69.992
212.701,123.773,87.490,69.992
208.058,124.082,87.490,69.992
209.606,141.106,87.490,69.992
213.455,147.076,89.426,71.541
226.426,142.963,89.426,71.541
232.438,143.912,89.426,71.541
233.387,148.025,89.426,71.541
231.172,168.589,89.426,71.541
225.161,193.583,89.426,71.541
213.612,212.337,87.519,70.015
209.587,213.885,87.519,70.015
208.658,195.617,87.519,70.015
199.679,158.771,87.519,70.015
185.126,115.733,87.519,70.015
184.817,103.038,87.519,70.015
192.557,121.926,87.519,70.015
208.348,146.386,87.519,70.015
230.332,156.604,87.519,70.015
245.504,157.533,87.519,70.015
244.575,149.792,87.519,70.015
240.550,141.432,87.519,70.015
245.813,152.269,87.519,70.015
244.265,161.868,87.519,70.015
237.144,162.796,87.519,70.015
231.261,173.633,87.519,70.015
232.809,183.851,87.519,70.015
235.831,184.299,85.653,68.522
242.801,181.572,85.653,68.522
249.164,176.421,85.653,68.522
248.861,160.966,85.653,68.522
242.498,172.784,85.653,68.522
235.528,216.117,85.653,68.522
243.104,258.843,85.653,68.522
255.528,270.055,85.653,68.522
265.528,275.207,85.653,68.522
257.346,261.571,85.653,68.522
243.710,243.692,85.653,68.522
247.043,253.692,85.653,68.522
260.679,269.146,85.653,68.522
266.437,270.661,85.653,68.522
263.103,259.449,85.653,68.522
255.528,246.419,85.653,68.522
246.740,239.450,85.653,68.522
251.285,234.904,85.653,68.522
264.315,217.632,85.653,68.522
266.437,194.299,85.653,68.522
260.679,187.330,85.653,68.522
259.164,206.420,85.653,68.522
263.103,230.359,85.653,68.522
259.770,230.662,85.653,68.522
246.740,219.450,85.653,68.522
232.498,208.238,85.653,68.522
223.710,223.086,85.653,68.522
228.862,255.510,85.653,68.522
241.286,271.570,85.653,68.522
244.619,256.116,85.653,68.522
230.983,219.450,85.653,68.522
226.437,208.844,85.653,68.522
248.440,215.946,87.548,70.038
280.342,220.592,87.548,70.038
293.661,205.415,87.548,70.038
272.909,180.947,87.548,70.038
232.334,170.106,87.548,70.038
196.715,183.424,87.548,70.038
180.300,190.548,87.548,70.038
176.273,179.708,87.548,70.038
180.919,164.531,87.548,70.038
196.096,160.504,87.548,70.038
230.797,156.837,89.485,71.588
255.857,154.244,87.576,70.061
258.645,152.075,87.576,70.061
241.605,157.962,87.576,70.061
217.128,157.652,87.576,70.061
197.609,169.736,87.576,70.061
191.102,188.016,87.576,70.061
181.497,203.817,87.576,70.061
163.837,205.366,87.576,70.061
140.600,192.044,87.576,70.061
142.149,171.905,87.576,70.061
166.625,178.411,87.576,70.061
191.722,204.127,87.576,70.061
197.609,227.984,87.576,70.061
194.200,236.349,87.576,70.061
182.737,227.364,87.576,70.061
174.991,217.140,87.576,70.061
174.061,221.787,87.576,70.061
189.628,228.806,85.709,68.567
222.680,226.077,85.709,68.567
266.041,216.677,85.709,68.567
294.240,199.999,85.709,68.567
289.692,201.516,85.709,68.567
268.163,221.225,85.709,68.567
253.912,227.593,85.709,68.567
248.757,218.193,85.709,68.567
233.292,194.845,85.709,68.567
211.157,177.561,85.709,68.567
189.022,182.109,85.709,68.567
191.751,203.638,85.709,68.567
222.376,237.296,85.709,68.567
247.544,252.154,85.709,68.567
240.570,243.360,85.709,68.567
217.221,225.470,85.709,68.567
201.151,216.070,85.709,68.567
206.305,226.077,85.709,68.567
239.357,247.606,85.709,68.567
272.408,254.580,85.709,68.567
278.776,242.754,85.709,68.567
264.524,224.257,85.709,68.567
241.176,209.399,85.709,68.567
236.021,198.787,85.709,68.567
261.189,206.974,85.709,68.567
283.324,217.586,85.709,68.567
265.434,210.006,85.709,68.567
240.873,192.722,85.709,68.567
239.963,186.354,85.709,68.567
260.722,182.765,87.605,70.084
276.294,183.811,85.737,68.590
270.531,175.014,85.737,68.590
252.635,163.185,85.737,68.590
248.692,169.554,85.737,68.590
253.241,180.171,85.737,68.590
259.005,179.261,85.737,68.590
272.654,168.038,85.737,68.590
286.304,168.341,85.737,68.590
298.133,189.270,85.737,68.590
302.683,208.986,85.737,68.590
296.920,208.683,85.737,68.590
291.763,200.493,85.737,68.590
278.721,193.517,85.737,68.590
231.512,194.332,87.634,70.107
191.517,208.903,87.634,70.107
203.608,207.973,87.634,70.107
228.101,189.061,87.634,70.107
242.673,180.690,87.634,70.107
238.022,178.520,87.634,70.107
222.210,188.131,87.634,70.107
228.721,206.423,87.634,70.107
260.655,212.314,87.634,70.107
285.767,198.362,87.634,70.107
301.579,178.830,87.634,70.107
304.370,163.018,87.634,70.107
283.597,170.149,87.634,70.107
277.707,200.842,87.634,70.107
298.479,220.374,87.634,70.107
323.592,207.663,87.634,70.107
334.443,183.790,87.634,70.107
325.452,177.280,87.634,70.107
305.300,189.991,87.634,70.107
290.728,198.982,87.634,70.107
292.278,201.152,87.634,70.107
293.208,195.882,87.634,70.107
286.698,189.371,87.634,70.107
282.667,185.341,87.634,70.107
285.457,183.170,87.634,70.107
279.567,182.240,87.634,70.107
266.855,184.411,87.634,70.107
262.205,187.821,87.634,70.107
264.995,193.091,87.634,70.107
261.585,198.362,87.634,70.107
264.375,199.912,87.634,70.107
278.327,208.283,87.634,70.107
292.278,218.514,87.634,70.107
287.008,223.785,87.634,70.107
272.436,221.615,87.634,70.107
264.065,210.763,87.634,70.107
266.235,212.314,87.634,70.107
282.047,219.444,87.634,70.107
277.397,219.134,87.634,70.107
234.302,215.724,87.634,70.107
218.490,211.073,87.634,70.107
230.581,199.602,87.634,70.107
236.472,196.812,87.634,70.107
242.487,199.651,85.765,68.612
247.038,201.168,85.765,68.612
243.093,205.113,85.765,68.612
239.149,208.450,85.765,68.612
251.589,204.506,85.765,68.612
253.474,201.543,87.663,70.130
240.758,201.233,87.663,70.130
246.030,194.100,87.663,70.130
257.506,186.347,87.663,70.130
249.132,177.973,87.663,70.130
243.239,175.802,87.663,70.130
249.752,184.796,87.663,70.130
255.024,193.170,87.663,70.130
249.752,194.720,87.663,70.130
233.315,185.726,87.663,70.130
219.979,169.909,87.663,70.130
