227.000,207.000,122.000,99.000
239.599,210.041,122.000,99.000
256.543,213.951,122.000,99.000
259.584,223.075,122.000,99.000
259.149,233.067,122.000,99.000
256.108,240.453,122.000,99.000
247.854,248.707,122.000,99.000
241.546,250.767,124.699,101.190
249.095,252.987,124.699,101.190
260.196,261.425,124.699,101.190
257.088,269.862,124.699,101.190
249.539,271.194,124.699,101.190
250.871,271.638,124.699,101.190
257.532,277.411,124.699,101.190
265.081,292.953,124.699,101.190
272.630,305.831,124.699,101.190
279.291,310.716,124.699,101.190
262.861,312.048,124.699,101.190
242.878,300.946,124.699,101.190
239.770,285.404,124.699,101.190
246.431,272.526,124.699,101.190
263.019,258.967,127.458,103.429
273.458,263.960,127.458,103.429
262.111,285.293,127.458,103.429
231.701,302.995,127.458,103.429
216.722,304.356,127.458,103.429
237.147,279.392,127.458,103.429
262.111,256.244,127.458,103.429
278.905,256.698,127.458,103.429
287.529,266.230,127.458,103.429
279.813,271.222,127.458,103.429
253.941,268.045,127.458,103.429
218.155,257.954,130.278,105.718
202.845,253.778,130.278,105.718
207.948,252.387,130.278,105.718
213.979,253.778,130.278,105.718
218.155,255.170,130.278,105.718
220.474,259.346,130.278,105.718
212.588,263.521,130.278,105.718
207.484,256.562,130.278,105.718
205.165,244.036,130.278,105.718
207.484,228.726,130.278,105.718
223.722,211.561,130.278,105.718
231.609,212.953,130.278,105.718
222.794,232.902,130.278,105.718
215.835,253.778,130.278,105.718
223.722,267.232,130.278,105.718
236.248,274.191,130.278,105.718
230.217,287.645,130.278,105.718
220.474,290.893,130.278,105.718
218.155,281.150,130.278,105.718
206.557,258.418,130.278,105.718
200.526,234.757,130.278,105.718
210.268,224.087,130.278,105.718
220.011,227.334,130.278,105.718
226.752,227.609,133.161,108.057
236.710,220.496,133.161,108.057
242.875,210.538,133.161,108.057
235.762,212.909,133.161,108.057
216.320,228.557,133.161,108.057
195.929,247.051,133.161,108.057
192.610,253.215,133.161,108.057
214.897,245.154,133.161,108.057
236.236,237.093,133.161,108.057
246.194,226.186,133.161,108.057
246.668,214.332,133.161,108.057
240.767,203.789,136.107,110.447
220.895,210.090,136.107,110.447
196.176,220.268,136.107,110.447
179.212,220.753,136.107,110.447
175.819,205.727,136.107,110.447
176.304,177.131,136.107,110.447
173.881,166.953,136.107,110.447
175.335,183.917,136.107,110.447
201.023,185.371,136.107,110.447
235.436,176.162,136.107,110.447
231.073,205.727,136.107,110.447
216.048,258.558,136.107,110.447
227.114,313.154,139.118,112.891
276.159,336.438,139.118,112.891
302.416,325.044,139.118,112.891
282.104,293.833,139.118,112.891
241.976,254.696,139.118,112.891
200.857,226.457,139.118,112.891
184.509,220.017,139.118,112.891
188.968,237.356,139.118,112.891
196.399,253.705,139.118,112.891
193.922,254.200,139.118,112.891
201.353,234.879,139.118,112.891
207.793,209.613,139.118,112.891
206.307,195.246,139.118,112.891
201.848,197.724,139.118,112.891
197.389,214.072,139.118,112.891
208.784,228.439,139.118,112.891
235.041,221.999,139.118,112.891
255.352,210.604,139.118,112.891
266.747,215.063,139.118,112.891
296.967,231.411,139.118,112.891
330.893,236.844,142.196,115.389
353.679,238.363,142.196,115.389
353.173,226.717,142.196,115.389
334.437,212.032,142.196,115.389
306.587,203.424,142.196,115.389
287.851,206.968,142.196,115.389
288.358,208.488,142.196,115.389
289.877,210.007,142.196,115.389
282.281,217.602,142.196,115.389
273.673,233.300,142.196,115.389
263.169,236.751,145.342,117.942
269.897,240.374,145.342,117.942
276.626,242.962,145.342,117.942
253.002,249.712,148.558,120.551
220.731,261.880,148.558,120.551
208.564,249.712,148.558,120.551
224.963,230.138,148.558,120.551
250.885,212.681,148.558,120.551
261.995,199.455,148.558,120.551
254.060,209.506,148.558,120.551
236.602,228.022,148.558,120.551
231.841,239.132,148.558,120.551
238.718,242.835,148.558,120.551
259.350,243.364,148.558,120.551
270.459,236.487,148.558,120.551
262.524,228.551,148.558,120.551
253.531,226.964,148.558,120.551
260.408,229.609,148.558,120.551
276.808,232.255,148.558,120.551
279.453,220.087,148.558,120.551
265.169,206.861,148.558,120.551
247.711,194.694,148.558,120.551
252.473,190.991,148.558,120.551
258.292,192.578,148.558,120.551
242.927,191.793,151.845,123.218
214.268,186.926,151.845,123.218
195.343,178.815,151.845,123.218
204.535,180.438,151.845,123.218
215.890,179.897,151.845,123.218
199.128,177.193,151.845,123.218
155.329,180.978,151.845,123.218
136.403,188.008,151.845,123.218
179.121,191.793,151.845,123.218
241.305,194.497,151.845,123.218
277.533,195.037,151.845,123.218
282.400,195.578,151.845,123.218
275.371,198.282,151.845,123.218
257.526,190.171,151.845,123.218
216.972,185.304,151.845,123.218
189.395,183.682,151.845,123.218
189.935,185.304,151.845,123.218
200.209,185.845,151.845,123.218
206.157,184.223,151.845,123.218
195.883,179.356,151.845,123.218
191.017,178.815,151.845,123.218
196.965,177.193,151.845,123.218
214.809,173.408,151.845,123.218
243.468,162.053,151.845,123.218
259.149,148.535,151.845,123.218
247.793,147.994,151.845,123.218
237.520,152.860,151.845,123.218
251.038,154.483,151.845,123.218
277.533,144.209,151.845,123.218
288.889,147.994,151.845,123.218
280.778,177.734,151.845,123.218
264.015,218.289,151.845,123.218
255.904,237.214,151.845,123.218
258.608,226.940,151.845,123.218
250.497,206.933,151.845,123.218
242.386,191.252,151.845,123.218
228.868,190.711,151.845,123.218
217.513,193.415,151.845,123.218
210.483,193.956,151.845,123.218
216.431,189.089,151.845,123.218
236.438,179.897,151.845,123.218
258.608,170.704,151.845,123.218
265.637,172.327,151.845,123.218
262.934,177.193,151.845,123.218
268.882,184.223,151.845,123.218
269.423,202.067,151.845,123.218
263.475,219.911,151.845,123.218
256.445,228.022,151.845,123.218
253.741,228.562,151.845,123.218
257.527,215.044,151.845,123.218
265.637,200.445,151.845,123.218
262.934,186.926,151.845,123.218
247.253,173.408,151.845,123.218
236.979,173.949,151.845,123.218
228.868,178.815,151.845,123.218
216.431,197.741,151.845,123.218
215.890,217.748,151.845,123.218
239.142,228.022,151.845,123.218
275.371,217.748,151.845,123.218
300.785,203.148,151.845,123.218
297.000,188.549,151.845,123.218
295.378,178.275,151.845,123.218
314.303,177.734,151.845,123.218
333.229,176.112,151.845,123.218
342.421,165.838,151.845,123.218
340.799,162.053,151.845,123.218
318.629,168.001,151.845,123.218
301.866,180.438,151.845,123.218
322.955,183.141,151.845,123.218
365.672,181.519,151.845,123.218
395.413,176.652,151.845,123.218
404.605,178.275,151.845,123.218
410.553,186.386,151.845,123.218
425.153,190.171,151.845,123.218
436.508,182.060,151.845,123.218
433.804,170.704,151.845,123.218
407.309,172.327,151.845,123.218
372.161,181.519,151.845,123.218
331.606,190.711,151.845,123.218
310.518,192.334,151.845,123.218
319.955,192.084,148.607,120.591
333.185,184.146,148.607,120.591
347.473,173.033,148.607,120.591
354.353,167.212,148.607,120.591
347.473,171.974,148.607,120.591
340.387,191.113,145.438,118.019
333.654,198.881,145.438,118.019
310.348,198.363,145.438,118.019
268.397,185.416,145.438,118.019
225.410,184.898,145.438,118.019
200.032,185.416,145.438,118.019
204.693,188.005,145.438,118.019
217.641,187.487,145.438,118.019
219.195,180.754,145.438,118.019
201.068,182.308,145.438,118.019
190.192,199.399,145.438,118.019
206.219,217.131,142.336,115.502
243.221,224.734,142.336,115.502
260.961,227.268,142.336,115.502
241.193,227.775,142.336,115.502
206.219,220.172,142.336,115.502
180.369,214.597,142.336,115.502
176.513,214.363,139.301,113.039
205.780,211.882,139.301,113.039
254.890,211.386,139.301,113.039
282.173,211.882,139.301,113.039
279.693,216.347,139.301,113.039
245.465,218.827,139.301,113.039
190.402,218.331,139.301,113.039
144.269,214.859,139.301,113.039
128.891,208.410,139.301,113.039
142.285,197.001,139.301,113.039
169.568,186.583,139.301,113.039
185.938,183.111,139.301,113.039
192.386,183.607,139.301,113.039
207.764,185.095,139.301,113.039
230.087,185.591,139.301,113.039
246.457,190.056,139.301,113.039
250.921,195.512,139.301,113.039
241.496,199.977,139.301,113.039
231.079,207.418,139.301,113.039
226.349,222.489,136.330,110.629
226.834,235.597,136.330,110.629
231.204,236.082,136.330,110.629
237.515,214.236,136.330,110.629
243.826,189.476,136.330,110.629
242.370,192.875,136.330,110.629
237.740,214.175,133.423,108.269
229.663,231.755,133.423,108.269
218.735,243.633,133.423,108.269
205.907,241.258,133.423,108.269
204.481,226.529,133.423,108.269
209.708,203.247,133.423,108.269
213.034,190.419,133.423,108.269
220.160,196.596,133.423,108.269
239.641,216.076,133.423,108.269
249.618,232.705,133.423,108.269
245.342,236.981,133.423,108.269
238.980,227.603,130.578,105.960
241.305,214.118,130.578,105.960
248.279,202.493,130.578,105.960
252.464,202.958,130.578,105.960
256.649,205.283,130.578,105.960
259.904,204.818,130.578,105.960
262.229,198.773,130.578,105.960
267.344,195.518,130.578,105.960
278.039,194.123,130.578,105.960
286.154,185.841,127.793,103.701
284.789,172.644,127.793,103.701
275.232,170.368,127.793,103.701
262.945,179.925,127.793,103.701
268.861,204.044,127.793,103.701
292.980,223.613,127.793,103.701
307.998,218.607,127.793,103.701
296.621,191.757,127.793,103.701
274.322,176.739,127.793,103.701
257.701,186.179,125.068,101.489
262.600,199.095,125.068,101.489
278.188,208.448,125.068,101.489
282.197,212.456,125.068,101.489
278.188,208.448,125.068,101.489
276.852,188.406,125.068,101.489
267.499,165.692,125.068,101.489
274.180,164.356,125.068,101.489
296.894,177.272,125.068,101.489
307.138,185.734,125.068,101.489
284.423,178.162,125.068,101.489
247.457,169.700,125.068,101.489
222.071,171.036,125.068,101.489
225.189,169.700,125.068,101.489
242.558,163.910,125.068,101.489
259.928,157.230,125.068,101.489
263.936,155.003,125.068,101.489
243.004,153.667,125.068,101.489
211.382,156.784,125.068,101.489
196.685,169.700,125.068,101.489
193.296,182.373,122.401,99.325
178.912,186.296,122.401,99.325
157.554,198.936,122.401,99.325
153.631,208.090,122.401,99.325
167.144,204.167,122.401,99.325
185.015,188.911,122.401,99.325
195.911,178.886,122.401,99.325
185.886,181.937,122.401,99.325
171.502,194.577,122.401,99.325
176.297,202.859,122.401,99.325
192.424,195.449,122.401,99.325
200.706,176.707,122.401,99.325
208.988,158.836,122.401,99.325
229.474,149.682,122.401,99.325
246.473,154.477,122.401,99.325
246.909,173.220,122.401,99.325
241.243,190.219,122.401,99.325
236.448,189.783,122.401,99.325
231.653,166.681,122.401,99.325
220.756,140.093,122.401,99.325
208.116,136.170,122.401,99.325
211.167,150.554,122.401,99.325
228.166,170.168,122.401,99.325
239.935,180.194,122.401,99.325
249.088,171.040,122.401,99.325
264.344,157.528,122.401,99.325
275.241,149.246,122.401,99.325
279.164,161.887,122.401,99.325
274.369,174.527,122.401,99.325
249.524,178.450,122.401,99.325
202.014,168.425,122.401,99.325
166.708,158.400,122.401,99.325
155.811,156.220,122.401,99.325
153.631,162.758,122.401,99.325
159.298,170.168,122.401,99.325
169.323,169.732,122.401,99.325
192.424,163.194,122.401,99.325
224.243,156.656,122.401,99.325
241.243,153.605,122.401,99.325
245.166,151.426,122.401,99.325
244.730,149.246,122.401,99.325
237.320,157.528,122.401,99.325
228.166,171.040,122.401,99.325
220.756,183.681,122.401,99.325
201.142,193.706,122.401,99.325
169.323,196.757,122.401,99.325
139.248,196.321,122.401,99.325
116.146,191.526,122.401,99.325
110.480,184.988,122.401,99.325
127.479,184.552,122.401,99.325
149.709,181.501,122.401,99.325
172.810,172.348,122.401,99.325
189.809,166.681,122.401,99.325
208.552,164.502,122.401,99.325
227.295,163.194,122.401,99.325
232.961,154.913,122.401,99.325
223.808,139.657,122.401,99.325
203.321,140.093,122.401,99.325
191.553,147.503,122.401,99.325
203.321,149.682,122.401,99.325
223.808,151.862,122.401,99.325
237.320,146.195,122.401,99.325
249.088,135.298,122.401,99.325
257.370,133.119,122.401,99.325
256.934,135.298,122.401,99.325
247.736,148.541,119.790,97.207
239.631,165.178,119.790,97.207
236.645,180.108,119.790,97.207
237.072,181.388,119.790,97.207
241.764,180.108,119.790,97.207
249.869,173.709,119.790,97.207
257.121,161.338,119.790,97.207
273.758,152.380,119.790,97.207
297.220,157.926,119.790,97.207
319.828,176.269,119.790,97.207
322.339,200.741,117.236,95.134
298.543,219.528,117.236,95.134
266.396,228.295,117.236,95.134
249.539,216.836,114.736,93.105
254.033,191.095,114.736,93.105
246.270,171.892,114.736,93.105
235.238,173.934,114.736,93.105
249.539,192.321,114.736,93.105
267.925,212.341,114.736,93.105
263.430,216.836,114.736,93.105
261.109,203.257,112.289,91.120
266.308,178.065,112.289,91.120
266.708,176.066,112.289,91.120
271.106,200.458,112.289,91.120
277.104,218.452,112.289,91.120
284.702,209.255,112.289,91.120
293.099,186.463,112.289,91.120
292.699,186.863,112.289,91.120
288.300,204.057,112.289,91.120
289.500,212.454,112.289,91.120
286.701,205.656,112.289,91.120
266.308,188.462,112.289,91.120
244.315,179.265,112.289,91.120
241.516,186.063,112.289,91.120
257.111,206.456,112.289,91.120
267.907,216.453,112.289,91.120
276.304,208.855,112.289,91.120
280.703,190.062,112.289,91.120
285.901,181.664,112.289,91.120
304.695,193.260,112.289,91.120
313.892,197.659,112.289,91.120
295.098,195.660,112.289,91.120
257.911,182.464,112.289,91.120
230.972,169.946,109.894,89.177
229.798,173.468,109.894,89.177
221.580,184.034,109.894,89.177
203.187,192.252,109.894,89.177
210.623,194.992,109.894,89.177
243.104,189.904,109.894,89.177
258.366,189.513,109.894,89.177
241.539,193.035,109.894,89.177
212.971,202.036,109.894,89.177
214.927,204.775,109.894,89.177
255.236,198.123,109.894,89.177
278.325,188.339,109.894,89.177
272.455,179.338,109.894,89.177
257.192,180.512,109.894,89.177
241.930,184.034,109.894,89.177
247.800,192.252,109.894,89.177
292.804,195.775,109.894,89.177
344.070,191.470,109.894,89.177
349.940,184.034,109.894,89.177
337.026,178.164,109.894,89.177
309.241,172.294,109.894,89.177
258.758,177.381,109.894,89.177
235.669,192.644,109.894,89.177
254.062,204.775,109.894,89.177
286.543,212.211,109.894,89.177
304.153,209.471,109.894,89.177
290.456,194.209,109.894,89.177
259.540,189.904,109.894,89.177
236.451,202.036,109.894,89.177
243.104,215.733,109.894,89.177
262.280,215.342,109.894,89.177
271.281,197.731,109.894,89.177
266.193,184.817,109.894,89.177
255.627,189.122,109.894,89.177
253.670,204.384,109.894,89.177
270.498,208.689,109.894,89.177
288.891,198.905,109.894,89.177
304.936,183.643,109.894,89.177
321.764,174.642,109.894,89.177
340.939,197.731,109.894,89.177
354.636,216.124,109.894,89.177
356.593,216.516,109.894,89.177
353.854,196.557,109.894,89.177
349.549,176.599,109.894,89.177
352.288,168.381,109.894,89.177
357.376,174.251,109.894,89.177
355.419,177.773,109.894,89.177
344.853,181.295,109.894,89.177
313.154,191.861,109.894,89.177
279.108,194.601,109.894,89.177
262.280,193.426,109.894,89.177
247.800,183.643,109.894,89.177
221.580,166.033,109.894,89.177
188.289,156.520,112.326,91.150
166.289,171.320,112.326,91.150
173.089,186.120,112.326,91.150
212.932,185.526,114.811,93.166
255.043,165.493,114.811,93.166
275.077,144.641,114.811,93.166
273.033,143.415,114.811,93.166
270.988,162.631,114.811,93.166
286.116,182.664,114.811,93.166
303.696,183.073,114.811,93.166
300.834,170.399,114.811,93.166
272.624,173.261,114.811,93.166
225.606,199.836,114.811,93.166
199.031,222.323,114.811,93.166
210.062,225.110,117.351,95.228
228.867,219.677,117.351,95.228
222.599,209.230,117.351,95.228
202.958,202.126,117.351,95.228
193.346,218.423,117.351,95.228
202.122,248.094,117.351,95.228
218.420,268.571,117.351,95.228
232.210,270.660,117.351,95.228
239.315,256.870,117.351,95.228
255.613,231.378,117.351,95.228
272.746,215.080,117.351,95.228
274.483,219.663,119.948,97.335
283.453,236.322,119.948,97.335
315.363,235.688,122.601,99.488
342.868,223.027,122.601,99.488
335.446,197.268,122.601,99.488
299.212,179.408,125.314,101.689
242.538,195.919,125.314,101.689
220.672,230.280,125.314,101.689
232.720,245.899,125.314,101.689
253.694,226.710,125.314,101.689
269.313,200.382,125.314,101.689
271.544,199.935,125.314,101.689
279.881,203.903,128.087,103.939
315.849,203.227,130.920,106.239
354.545,199.031,130.920,106.239
364.335,202.294,130.920,106.239
335.896,211.152,130.920,106.239
280.757,215.298,133.817,108.589
233.581,215.774,133.817,108.589
209.277,202.908,133.817,108.589
203.083,184.323,133.817,108.589
216.929,173.728,136.778,110.992
234.950,176.164,136.778,110.992
252.972,179.573,136.778,110.992
273.916,182.009,136.778,110.992
296.809,183.470,136.778,110.992
300.855,172.641,139.804,113.448
282.434,171.147,139.804,113.448
262.022,172.641,139.804,113.448
247.584,175.130,139.804,113.448
236.134,178.615,139.804,113.448
240.615,180.108,139.804,113.448
249.915,173.172,142.897,115.958
249.406,174.698,142.897,115.958
238.720,178.260,142.897,115.958
252.459,193.017,142.897,115.958
296.810,207.045,146.059,118.523
331.658,209.646,146.059,118.523
321.948,198.082,149.290,121.145
292.167,190.674,152.593,123.826
254.672,190.131,152.593,123.826
221.977,187.070,155.970,126.565
199.205,188.736,155.970,126.565
205.314,190.402,155.970,126.565
220.310,190.958,155.970,126.565
227.531,182.626,155.970,126.565
239.195,174.295,155.970,126.565
247.526,170.407,155.970,126.565
242.527,168.741,155.970,126.565
234.196,170.407,155.970,126.565
236.973,172.073,155.970,126.565
231.214,164.334,159.420,129.366
208.835,161.136,162.948,132.228
178.738,166.296,166.553,135.153
171.027,179.937,166.553,135.153
183.482,185.275,166.553,135.153
190.007,181.124,166.553,135.153
174.011,167.937,170.238,138.144
153.888,174.585,174.004,141.200
139.636,199.990,174.004,141.200
131.581,219.199,174.004,141.200
126.004,222.297,174.004,141.200
127.863,215.481,174.004,141.200
135.581,201.705,177.854,144.324
148.882,197.271,177.854,144.324
159.649,199.171,177.854,144.324
169.149,202.338,177.854,144.324
174.409,200.084,181.789,147.517
182.825,194.258,181.789,147.517
174.409,188.432,181.789,147.517
162.110,192.963,181.789,147.517
148.681,200.063,185.811,150.781
144.566,201.827,189.922,154.117
140.360,186.790,194.124,157.527
127.454,182.896,198.419,161.012
119.681,189.255,198.419,161.012
127.016,199.936,202.809,164.575
134.961,210.770,202.809,164.575
128.461,212.936,202.809,164.575
114.978,204.372,207.296,168.216
106.858,197.728,207.296,168.216
110.549,198.466,207.296,168.216
112.763,203.634,207.296,168.216
111.236,211.729,211.883,171.938
104.445,215.502,211.883,171.938
106.709,211.729,211.883,171.938
110.481,207.957,211.883,171.938
101.092,197.444,216.571,175.742
86.439,195.130,216.571,175.742
59.239,198.787,221.362,179.630
41.251,204.160,226.260,183.604
