246.000,226.000,94.000,114.000
243.137,232.135,94.000,114.000
244.364,235.815,94.000,114.000
245.591,238.678,94.000,114.000
246.818,239.087,94.000,114.000
249.681,240.314,94.000,114.000
251.726,243.177,94.000,114.000
252.953,241.950,94.000,114.000
251.726,243.995,94.000,114.000
252.135,243.586,94.000,114.000
253.362,243.177,94.000,114.000
256.224,241.950,94.000,114.000
259.087,240.723,94.000,114.000
261.950,239.496,94.000,114.000
266.449,237.451,94.000,114.000
268.494,237.042,94.000,114.000
268.903,235.815,94.000,114.000
270.130,232.953,94.000,114.000
275.446,229.272,94.000,114.000
282.399,230.499,94.000,114.000
276.264,229.272,94.000,114.000
270.130,223.137,94.000,114.000
272.174,214.549,94.000,114.000
279.127,207.596,94.000,114.000
290.987,201.461,94.000,114.000
311.845,198.599,94.000,114.000
322.069,202.279,94.000,114.000
319.207,206.778,94.000,114.000
311.436,211.277,94.000,114.000
297.940,215.776,94.000,114.000
280.354,219.456,94.000,114.000
261.132,216.594,94.000,114.000
258.269,211.277,94.000,114.000
270.948,205.142,94.000,114.000
290.987,201.461,94.000,114.000
311.845,201.052,94.000,114.000
331.067,203.915,94.000,114.000
338.019,212.504,94.000,114.000
326.977,224.364,94.000,114.000
302.030,234.588,94.000,114.000
270.539,239.905,94.000,114.000
247.227,230.499,94.000,114.000
241.092,216.185,94.000,114.000
257.042,205.960,94.000,114.000
278.718,199.826,94.000,114.000
298.758,200.235,94.000,114.000
320.434,203.915,94.000,114.000
328.204,210.868,94.000,114.000
310.618,219.456,94.000,114.000
292.214,219.047,94.000,114.000
277.082,212.095,94.000,114.000
275.037,203.506,94.000,114.000
290.169,199.826,94.000,114.000
313.481,203.506,94.000,114.000
328.613,207.187,94.000,114.000
333.930,210.050,94.000,114.000
316.344,211.277,94.000,114.000
280.763,212.504,94.000,114.000
243.546,205.551,94.000,114.000
217.781,196.145,94.000,114.000
218.190,185.102,94.000,114.000
239.047,169.970,94.000,114.000
259.087,162.200,94.000,114.000
275.037,169.152,94.000,114.000
290.169,189.192,94.000,114.000
290.578,215.776,94.000,114.000
280.354,235.815,94.000,114.000
268.494,240.314,94.000,114.000
261.541,226.000,94.000,114.000
259.496,205.960,94.000,114.000
266.449,198.190,94.000,114.000
277.491,207.596,94.000,114.000
282.808,232.544,94.000,114.000
270.130,260.763,94.000,114.000
259.905,270.987,94.000,114.000
245.591,260.763,94.000,114.000
237.820,225.182,94.000,114.000
249.681,182.240,94.000,114.000
262.359,163.836,94.000,114.000
281.581,180.604,94.000,114.000
298.349,211.277,94.000,114.000
290.578,251.765,94.000,114.000
272.174,275.077,94.000,114.000
243.955,277.940,94.000,114.000
224.733,254.628,94.000,114.000
223.506,217.411,94.000,114.000
238.638,199.008,94.000,114.000
263.586,216.594,94.000,114.000
292.623,245.631,94.000,114.000
302.030,275.486,94.000,114.000
286.079,293.072,94.000,114.000
258.678,291.027,94.000,114.000
235.367,266.898,94.000,114.000
236.594,233.771,94.000,114.000
264.813,221.910,94.000,114.000
297.940,231.317,94.000,114.000
326.977,245.631,94.000,114.000
346.199,255.037,94.000,114.000
339.246,259.536,94.000,114.000
308.573,260.763,94.000,114.000
267.267,258.718,94.000,114.000
226.778,250.130,94.000,114.000
184.654,239.905,94.000,114.000
168.704,231.317,94.000,114.000
190.379,217.003,94.000,114.000
228.414,196.963,94.000,114.000
258.269,185.920,94.000,114.000
293.032,172.424,94.000,114.000
304.074,162.200,94.000,114.000
288.942,156.883,94.000,114.000
271.356,157.292,94.000,114.000
254.588,153.611,94.000,114.000
259.087,149.931,94.000,114.000
277.491,157.701,94.000,114.000
311.436,173.651,94.000,114.000
334.748,188.783,94.000,114.000
344.972,193.282,94.000,114.000
329.022,194.509,94.000,114.000
285.127,190.278,96.080,116.522
234.546,183.171,96.080,116.522
188.145,173.557,96.080,116.522
170.170,170.630,96.080,116.522
190.653,177.737,96.080,116.522
236.218,185.679,96.080,116.522
277.602,198.638,96.080,116.522
315.642,203.236,96.080,116.522
343.650,203.654,96.080,116.522
329.019,200.728,96.080,116.522
300.175,193.622,96.080,116.522
262.135,176.483,96.080,116.522
227.439,151.819,96.080,116.522
230.365,133.008,96.080,116.522
250.849,130.918,96.080,116.522
266.316,152.237,96.080,116.522
283.455,184.425,96.080,116.522
293.069,214.105,96.080,116.522
275.930,238.768,96.080,116.522
255.447,243.367,96.080,116.522
235.800,234.588,96.080,116.522
229.529,209.925,96.080,116.522
247.504,184.425,96.080,116.522
268.824,175.647,96.080,116.522
283.455,191.114,96.080,116.522
293.069,219.121,96.080,116.522
290.143,260.506,96.080,116.522
285.545,290.185,96.080,116.522
285.127,298.964,96.080,116.522
283.036,283.497,96.080,116.522
289.307,237.096,96.080,116.522
298.085,179.827,96.080,116.522
295.159,142.623,96.080,116.522
291.397,134.680,96.080,116.522
282.618,172.721,96.080,116.522
283.873,240.022,96.080,116.522
301.848,300.636,96.080,116.522
311.462,330.316,96.080,116.522
317.732,316.521,96.080,116.522
317.314,266.776,96.080,116.522
310.208,203.654,96.080,116.522
303.102,158.090,96.080,116.522
300.175,156.000,96.080,116.522
294.741,199.056,96.080,116.522
298.503,261.342,96.080,116.522
315.642,303.562,96.080,116.522
320.241,312.341,96.080,116.522
312.298,287.677,96.080,116.522
308.536,238.768,96.080,116.522
308.118,189.860,96.080,116.522
304.356,168.540,96.080,116.522
298.085,186.515,96.080,116.522
295.159,232.080,96.080,116.522
295.577,286.005,96.080,116.522
290.979,308.996,96.080,116.522
282.200,311.923,96.080,116.522
286.799,292.275,96.080,116.522
279.692,270.120,96.080,116.522
275.094,256.325,96.080,116.522
276.348,253.399,96.080,116.522
259.209,264.686,96.080,116.522
237.054,281.825,96.080,116.522
215.735,297.292,96.080,116.522
198.596,306.906,96.080,116.522
196.505,309.832,96.080,116.522
218.661,303.562,96.080,116.522
249.176,296.456,96.080,116.522
276.348,292.693,96.080,116.522
310.208,288.095,96.080,116.522
328.183,284.333,96.080,116.522
321.913,278.063,96.080,116.522
298.085,270.956,96.080,116.522
262.553,260.506,96.080,116.522
225.349,249.219,96.080,116.522
199.850,244.621,96.080,116.522
186.891,239.186,96.080,116.522
199.014,233.752,96.080,116.522
231.201,226.646,96.080,116.522
267.570,218.703,96.080,116.522
313.134,210.761,96.080,116.522
344.486,206.162,96.080,116.522
354.937,205.744,96.080,116.522
347.830,201.982,96.080,116.522
317.314,199.892,96.080,116.522
280.110,194.458,96.080,116.522
239.562,184.007,96.080,116.522
224.095,166.868,96.080,116.522
240.814,151.267,98.206,119.100
274.568,152.549,98.206,119.100
303.196,158.958,98.206,119.100
332.677,164.513,98.206,119.100
337.377,164.940,98.206,119.100
307.896,161.949,98.206,119.100
273.287,155.540,98.206,119.100
244.659,147.422,98.206,119.100
228.850,145.285,98.206,119.100
244.659,153.403,98.206,119.100
282.687,170.922,98.206,119.100
310.459,190.149,98.206,119.100
331.396,200.831,98.206,119.100
340.368,211.513,98.206,119.100
322.850,220.485,98.206,119.100
293.368,235.440,98.206,119.100
265.596,242.703,98.206,119.100
248.078,236.294,98.206,119.100
245.941,214.503,98.206,119.100
272.005,196.985,98.206,119.100
308.323,199.122,98.206,119.100
341.223,211.513,98.206,119.100
367.287,217.067,98.206,119.100
364.296,214.931,98.206,119.100
322.850,205.103,98.206,119.100
276.277,189.294,98.206,119.100
248.505,170.922,98.206,119.100
243.805,158.531,98.206,119.100
267.305,149.558,98.206,119.100
294.223,160.240,98.206,119.100
318.577,180.322,98.206,119.100
343.787,196.985,98.206,119.100
342.505,205.103,98.206,119.100
310.459,206.385,98.206,119.100
266.450,196.558,98.206,119.100
220.732,176.476,98.206,119.100
176.723,158.958,98.206,119.100
155.688,148.331,100.378,121.735
163.113,140.033,100.378,121.735
188.006,133.483,100.378,121.735
221.634,141.780,100.378,121.735
255.262,162.306,100.378,121.735
289.763,192.441,100.378,121.735
312.910,222.575,100.378,121.735
322.081,245.721,100.378,121.735
296.314,265.374,100.378,121.735
252.205,272.798,100.378,121.735
215.083,267.994,100.378,121.735
184.075,243.974,100.378,121.735
193.247,211.220,100.378,121.735
228.621,185.453,100.378,121.735
257.009,185.016,100.378,121.735
280.155,208.163,100.378,121.735
301.555,229.562,100.378,121.735
304.612,250.962,100.378,121.735
284.959,260.133,100.378,121.735
249.584,251.835,100.378,121.735
215.083,216.460,100.378,121.735
210.279,169.731,100.378,121.735
235.172,143.964,100.378,121.735
271.421,150.515,100.378,121.735
303.302,185.890,100.378,121.735
328.195,219.518,100.378,121.735
338.240,242.664,100.378,121.735
312.473,250.962,100.378,121.735
261.376,247.905,100.378,121.735
205.038,227.379,100.378,121.735
175.778,198.991,100.378,121.735
188.443,171.478,100.378,121.735
229.058,150.078,100.378,121.735
267.053,154.009,100.378,121.735
298.061,169.294,100.378,121.735
318.587,183.706,100.378,121.735
316.403,195.498,100.378,121.735
301.118,208.163,100.378,121.735
278.845,205.979,100.378,121.735
231.242,183.706,100.378,121.735
215.083,162.306,100.378,121.735
240.850,152.262,100.378,121.735
290.200,156.192,100.378,121.735
332.562,172.351,100.378,121.735
362.696,188.510,100.378,121.735
365.753,190.694,100.378,121.735
339.113,182.396,100.378,121.735
305.485,173.225,100.378,121.735
257.882,160.560,100.378,121.735
212.026,154.009,100.378,121.735
201.981,154.445,100.378,121.735
216.393,153.135,100.378,121.735
251.768,156.192,100.378,121.735
290.637,166.237,100.378,121.735
336.493,176.282,100.378,121.735
380.602,181.959,100.378,121.735
398.508,186.763,100.378,121.735
390.210,184.579,100.378,121.735
357.456,176.282,100.378,121.735
304.612,163.617,100.378,121.735
241.287,149.205,100.378,121.735
178.101,139.249,102.599,124.429
132.123,137.910,102.599,124.429
112.928,142.820,102.599,124.429
122.302,148.623,102.599,124.429
159.353,152.641,102.599,124.429
207.116,155.765,102.599,124.429
261.129,161.568,102.599,124.429
320.499,171.835,102.599,124.429
361.120,181.210,102.599,124.429
382.993,187.905,102.599,124.429
377.190,187.459,102.599,124.429
349.961,181.656,102.599,124.429
309.339,172.282,102.599,124.429
270.503,158.444,102.599,124.429
253.094,149.070,102.599,124.429
258.005,152.194,102.599,124.429
284.341,164.247,102.599,124.429
322.284,178.978,102.599,124.429
355.764,190.137,102.599,124.429
376.744,196.833,102.599,124.429
383.440,204.422,102.599,124.429
371.387,221.831,102.599,124.429
359.335,241.918,102.599,124.429
352.639,263.791,102.599,124.429
339.694,267.809,102.599,124.429
332.105,244.150,102.599,124.429
314.696,198.172,102.599,124.429
296.394,145.945,102.599,124.429
300.411,106.216,102.599,124.429
296.394,93.271,102.599,124.429
287.913,112.466,102.599,124.429
282.110,160.229,102.599,124.429
279.878,217.813,102.599,124.429
288.359,256.649,102.599,124.429
292.376,276.737,102.599,124.429
289.252,267.363,102.599,124.429
287.020,232.098,102.599,124.429
291.930,178.978,102.599,124.429
301.304,131.214,102.599,124.429
297.287,112.019,102.599,124.429
286.127,125.857,102.599,124.429
275.860,172.728,102.599,124.429
270.950,230.312,102.599,124.429
268.718,265.577,102.599,124.429
266.486,272.273,102.599,124.429
277.646,235.223,102.599,124.429
291.484,185.673,102.599,124.429
291.037,159.336,102.599,124.429
308.447,149.962,102.599,124.429
313.357,156.658,102.599,124.429
292.377,174.067,102.599,124.429
274.967,180.763,102.599,124.429
267.379,166.925,102.599,124.429
274.075,142.374,102.599,124.429
285.234,143.713,102.599,124.429
299.072,173.621,102.599,124.429
328.980,207.100,102.599,124.429
338.355,230.759,102.599,124.429
322.731,243.704,102.599,124.429
299.965,230.759,102.599,124.429
277.199,180.317,102.599,124.429
260.683,133.446,102.599,124.429
270.950,133.000,102.599,124.429
302.644,171.835,102.599,124.429
329.873,209.778,102.599,124.429
340.140,231.651,102.599,124.429
317.374,229.419,102.599,124.429
284.788,196.833,102.599,124.429
265.593,143.713,102.599,124.429
272.289,117.376,102.599,124.429
294.162,137.463,102.599,124.429
320.499,178.085,102.599,124.429
341.479,206.207,102.599,124.429
333.891,218.260,102.599,124.429
298.626,215.135,102.599,124.429
260.683,195.940,102.599,124.429
233.453,173.175,102.599,124.429
229.436,160.229,102.599,124.429
245.059,164.247,102.599,124.429
269.611,183.441,102.599,124.429
294.162,207.993,102.599,124.429
315.143,223.616,102.599,124.429
316.482,230.312,102.599,124.429
299.073,232.544,102.599,124.429
271.843,220.492,102.599,124.429
259.790,202.190,102.599,124.429
273.628,200.851,102.599,124.429
311.571,211.118,102.599,124.429
332.552,225.848,102.599,124.429
342.819,228.080,102.599,124.429
336.123,220.492,102.599,124.429
308.000,212.010,102.599,124.429
281.663,194.601,102.599,124.429
265.147,181.656,102.599,124.429
274.521,171.389,102.599,124.429
307.107,168.264,102.599,124.429
315.589,178.531,102.599,124.429
324.963,187.013,102.599,124.429
322.731,191.923,102.599,124.429
289.252,190.584,102.599,124.429
253.094,181.210,102.599,124.429
222.294,164.693,102.599,124.429
212.027,156.212,102.599,124.429
234.793,160.229,102.599,124.429
267.379,177.638,102.599,124.429
283.895,196.833,102.599,124.429
305.768,206.207,102.599,124.429
308.893,212.010,102.599,124.429
289.698,210.671,102.599,124.429
269.611,195.940,102.599,124.429
255.773,182.995,102.599,124.429
277.646,187.013,102.599,124.429
313.803,202.636,102.599,124.429
326.749,216.474,102.599,124.429
336.123,218.706,102.599,124.429
324.070,211.118,102.599,124.429
301.305,199.065,102.599,124.429
269.611,183.441,102.599,124.429
253.095,175.853,102.599,124.429
267.825,178.978,102.599,124.429
291.484,190.137,102.599,124.429
307.108,203.975,102.599,124.429
324.517,206.207,102.599,124.429
323.178,198.619,102.599,124.429
302.197,182.102,102.599,124.429
280.324,159.336,102.599,124.429
264.701,138.356,102.599,124.429
261.576,138.803,102.599,124.429
269.164,158.890,102.599,124.429
274.075,181.656,102.599,124.429
278.092,196.387,102.599,124.429
265.147,201.297,102.599,124.429
245.952,198.172,102.599,124.429
229.436,187.905,102.599,124.429
221.847,181.210,102.599,124.429
239.701,192.338,104.869,127.182
273.920,214.695,104.869,127.182
300.840,233.401,104.869,127.182
324.769,239.095,107.189,129.996
331.764,237.696,107.189,129.996
323.836,234.431,107.189,129.996
308.446,227.436,107.189,129.996
300.518,218.575,107.189,129.996
290.725,216.243,107.189,129.996
287.460,224.172,107.189,129.996
289.792,232.100,107.189,129.996
286.527,234.431,107.189,129.996
277.666,228.369,107.189,129.996
260.411,216.710,107.189,129.996
255.281,205.051,107.189,129.996
260.411,209.248,107.189,129.996
279.532,221.840,107.189,129.996
300.518,227.902,107.189,129.996
312.177,224.638,107.189,129.996
309.845,218.575,107.189,129.996
302.850,197.589,107.189,129.996
296.787,172.872,107.189,129.996
301.917,167.742,107.189,129.996
311.711,184.065,107.189,129.996
324.302,204.118,107.189,129.996
334.096,215.777,107.189,129.996
329.899,221.840,107.189,129.996
310.778,214.844,107.189,129.996
291.657,192.925,107.189,129.996
272.536,156.083,107.189,129.996
263.676,136.030,107.189,129.996
267.873,150.487,107.189,129.996
272.070,181.733,107.189,129.996
276.267,203.652,107.189,129.996
266.474,219.042,107.189,129.996
269.738,211.113,107.189,129.996
289.792,204.118,107.189,129.996
313.576,215.777,107.189,129.996
332.697,223.705,107.189,129.996
338.760,219.508,107.189,129.996
316.841,207.849,107.189,129.996
284.662,193.392,107.189,129.996
260.877,175.204,107.189,129.996
256.680,171.939,107.189,129.996
276.734,181.733,107.189,129.996
299.585,199.921,107.189,129.996
311.244,213.445,107.189,129.996
327.567,219.508,107.189,129.996
332.697,219.042,107.189,129.996
327.567,213.912,107.189,129.996
313.110,208.782,107.189,129.996
302.383,208.315,107.189,129.996
301.917,212.513,107.189,129.996
304.249,216.710,107.189,129.996
302.850,222.772,107.189,129.996
