250.000,168.000,106.000,105.000
245.431,174.230,106.000,105.000
236.709,184.614,106.000,105.000
219.679,200.813,106.000,105.000
214.280,214.520,106.000,105.000
219.679,210.781,106.000,105.000
218.433,202.059,106.000,105.000
215.526,202.474,106.000,105.000
180.310,215.533,108.345,107.323
150.167,247.374,108.345,107.323
164.385,251.913,110.742,109.698
242.927,222.839,110.742,109.698
226.872,209.387,110.742,109.698
216.891,202.878,110.742,109.698
206.910,202.444,110.742,109.698
190.855,208.953,110.742,109.698
193.025,217.198,110.742,109.698
202.137,211.557,110.742,109.698
219.061,183.351,110.742,109.698
215.155,150.806,110.742,109.698
198.232,142.561,110.742,109.698
203.873,158.617,110.742,109.698
229.475,188.558,110.742,109.698
258.549,222.839,110.742,109.698
270.265,240.631,110.742,109.698
258.549,243.668,110.742,109.698
243.361,248.441,110.742,109.698
237.720,250.611,110.742,109.698
230.343,242.366,110.742,109.698
224.702,226.311,110.742,109.698
225.136,217.198,110.742,109.698
230.777,208.953,110.742,109.698
239.890,198.105,110.742,109.698
239.456,175.974,110.742,109.698
227.739,156.447,110.742,109.698
221.230,134.316,110.742,109.698
228.607,120.864,110.742,109.698
244.663,127.373,110.742,109.698
252.040,131.279,110.742,109.698
255.077,140.391,110.742,109.698
264.190,173.804,110.742,109.698
268.095,211.557,110.742,109.698
272.869,231.084,110.742,109.698
275.906,236.725,110.742,109.698
270.265,234.555,110.742,109.698
263.756,223.707,110.742,109.698
262.454,214.594,110.742,109.698
265.492,202.878,110.742,109.698
268.529,171.201,110.742,109.698
268.095,163.824,110.742,109.698
270.265,181.615,110.742,109.698
266.360,183.785,110.742,109.698
265.926,179.880,110.742,109.698
268.963,182.049,110.742,109.698
274.604,186.822,110.742,109.698
281.981,197.671,110.742,109.698
278.076,210.255,110.742,109.698
257.681,213.293,110.742,109.698
224.268,210.255,110.742,109.698
203.005,208.085,110.742,109.698
206.042,207.651,110.742,109.698
229.041,208.953,110.742,109.698
264.283,209.090,113.193,112.125
302.871,211.308,113.193,112.125
329.039,217.074,113.193,112.125
327.709,219.292,113.193,112.125
314.846,210.865,113.193,112.125
293.113,189.131,113.193,112.125
260.735,167.398,113.193,112.125
241.663,157.197,113.193,112.125
240.332,167.398,113.193,112.125
248.759,183.809,113.193,112.125
254.525,196.671,113.193,112.125
267.388,208.647,113.193,112.125
291.782,219.735,113.193,112.125
308.193,229.937,113.193,112.125
303.314,239.251,113.193,112.125
296.661,246.791,113.193,112.125
286.460,244.573,113.193,112.125
261.178,234.372,113.193,112.125
228.800,225.945,113.193,112.125
213.276,227.275,113.193,112.125
210.171,232.154,113.193,112.125
216.824,229.937,113.193,112.125
235.009,209.090,113.193,112.125
248.759,182.922,113.193,112.125
263.396,153.205,113.193,112.125
294.000,141.229,113.193,112.125
316.620,143.447,113.193,112.125
325.935,151.874,113.193,112.125
323.717,168.285,113.193,112.125
313.515,178.486,113.193,112.125
291.782,188.688,113.193,112.125
267.388,205.986,113.193,112.125
248.316,223.284,113.193,112.125
235.453,225.501,113.193,112.125
221.703,214.413,113.193,112.125
212.389,204.211,113.193,112.125
205.736,201.107,113.193,112.125
211.502,193.567,113.193,112.125
228.800,176.269,113.193,112.125
245.211,166.067,113.193,112.125
258.073,170.946,113.193,112.125
276.258,186.470,113.193,112.125
295.330,210.865,113.193,112.125
303.758,220.179,113.193,112.125
293.556,206.429,113.193,112.125
259.404,190.905,113.193,112.125
209.834,192.886,115.697,114.605
174.926,206.033,115.697,114.605
161.779,226.434,115.697,114.605
161.326,232.328,115.697,114.605
172.659,215.554,115.697,114.605
193.967,188.806,115.697,114.605
218.901,170.219,115.697,114.605
229.328,171.579,115.697,114.605
226.155,188.353,115.697,114.605
222.074,202.407,115.697,114.605
219.808,200.140,115.697,114.605
226.608,192.433,115.697,114.605
236.128,191.979,115.697,114.605
232.048,202.407,115.697,114.605
220.714,215.554,115.697,114.605
206.661,218.727,115.697,114.605
199.860,207.393,115.697,114.605
197.594,189.713,115.697,114.605
193.513,186.539,115.697,114.605
197.594,200.593,115.697,114.605
206.207,223.714,115.697,114.605
203.940,247.742,115.697,114.605
198.954,248.195,115.697,114.605
198.500,222.354,115.697,114.605
199.860,198.326,115.697,114.605
191.247,178.832,115.697,114.605
169.939,170.219,115.697,114.605
160.419,178.832,115.697,114.605
168.126,192.886,115.697,114.605
181.273,198.780,115.697,114.605
199.860,200.140,115.697,114.605
222.074,206.940,115.697,114.605
246.102,219.181,115.697,114.605
272.850,234.141,115.697,114.605
291.437,239.128,115.697,114.605
282.823,233.234,115.697,114.605
248.822,224.621,115.697,114.605
203.034,215.100,115.697,114.605
169.033,212.834,115.697,114.605
135.938,218.727,115.697,114.605
106.470,220.087,115.697,114.605
112.246,208.001,118.257,117.141
166.461,197.344,118.257,117.141
210.482,187.613,118.257,117.141
223.920,180.662,118.257,117.141
224.384,182.052,118.257,117.141
231.334,191.783,118.257,117.141
238.285,205.221,118.257,117.141
228.554,211.245,118.257,117.141
195.654,214.489,118.257,117.141
170.168,215.879,118.257,117.141
174.339,218.196,118.257,117.141
210.019,214.952,118.257,117.141
257.747,207.075,118.257,117.141
273.965,207.538,118.257,117.141
266.088,208.928,118.257,117.141
255.430,199.197,118.257,117.141
249.406,191.320,118.257,117.141
244.309,186.222,118.257,117.141
249.406,180.199,118.257,117.141
261.917,186.222,118.257,117.141
270.722,195.027,118.257,117.141
262.844,197.344,118.257,117.141
238.285,202.441,118.257,117.141
202.605,220.513,118.257,117.141
182.679,236.731,118.257,117.141
173.875,240.901,118.257,117.141
177.119,239.511,118.257,117.141
197.971,232.560,118.257,117.141
205.848,229.317,118.257,117.141
191.484,227.000,118.257,117.141
172.485,221.903,118.257,117.141
168.315,215.879,118.257,117.141
188.240,211.708,118.257,117.141
234.115,207.538,118.257,117.141
270.722,194.100,118.257,117.141
275.819,188.076,118.257,117.141
245.699,184.832,118.257,117.141
210.946,176.955,118.257,117.141
193.801,172.784,118.257,117.141
177.582,176.955,118.257,117.141
166.925,180.199,118.257,117.141
170.168,181.589,118.257,117.141
205.848,186.686,118.257,117.141
260.991,190.856,118.257,117.141
287.403,185.759,118.257,117.141
289.720,183.442,118.257,117.141
271.648,186.686,118.257,117.141
250.796,190.856,118.257,117.141
229.017,199.660,118.257,117.141
208.165,206.611,118.257,117.141
173.412,196.880,118.257,117.141
142.365,182.515,118.257,117.141
138.195,178.345,118.257,117.141
157.194,180.662,118.257,117.141
180.826,185.759,118.257,117.141
191.484,187.149,118.257,117.141
187.313,182.052,118.257,117.141
192.410,172.321,118.257,117.141
201.215,164.444,118.257,117.141
210.946,163.980,118.257,117.141
212.336,173.711,118.257,117.141
204.458,184.369,118.257,117.141
198.434,200.587,118.257,117.141
209.092,220.513,118.257,117.141
218.823,239.511,118.257,117.141
209.092,242.755,118.257,117.141
188.240,233.951,118.257,117.141
180.363,208.465,118.257,117.141
176.192,170.004,118.257,117.141
184.996,151.006,118.257,117.141
198.434,151.469,118.257,117.141
216.506,163.053,118.257,117.141
235.505,176.491,118.257,117.141
240.602,177.882,118.257,117.141
231.798,177.418,118.257,117.141
209.092,185.296,118.257,117.141
187.313,194.100,118.257,117.141
182.216,202.904,118.257,117.141
188.390,209.959,115.735,114.643
183.401,202.250,115.735,114.643
183.855,180.935,115.735,114.643
195.192,158.714,115.735,114.643
228.298,153.726,115.735,114.643
265.031,161.435,115.735,114.643
289.067,180.028,115.735,114.643
294.962,200.436,115.735,114.643
294.011,215.209,113.267,112.198
296.230,218.315,113.267,112.198
301.112,215.209,113.267,112.198
290.016,218.315,113.267,112.198
265.606,222.310,113.267,112.198
240.307,222.754,113.267,112.198
230.987,231.186,113.267,112.198
219.891,235.181,113.267,112.198
206.133,225.860,113.267,112.198
208.352,212.102,113.267,112.198
213.234,202.781,113.267,112.198
219.891,197.899,113.267,112.198
234.538,197.455,113.267,112.198
247.409,189.023,113.267,112.198
254.954,174.376,113.267,112.198
259.836,162.393,113.267,112.198
271.819,173.489,113.267,112.198
283.803,209.439,113.267,112.198
275.370,242.726,113.267,112.198
258.948,251.159,113.267,112.198
252.291,230.299,113.267,112.198
249.184,190.798,113.267,112.198
241.639,162.837,113.267,112.198
235.869,153.517,113.267,112.198
222.111,159.286,113.267,112.198
206.577,165.944,113.267,112.198
213.234,162.837,113.267,112.198
242.970,153.517,113.267,112.198
262.055,141.533,113.267,112.198
277.589,136.651,113.267,112.198
273.595,151.297,113.267,112.198
257.173,168.607,113.267,112.198
241.639,179.702,113.267,112.198
235.869,181.922,113.267,112.198
239.864,178.815,113.267,112.198
245.633,182.809,113.267,112.198
236.313,192.130,113.267,112.198
211.015,201.450,113.267,112.198
201.694,204.557,113.267,112.198
208.352,197.012,113.267,112.198
225.661,180.590,113.267,112.198
236.757,178.371,113.267,112.198
238.088,185.916,113.267,112.198
236.757,193.461,113.267,112.198
235.425,198.343,113.267,112.198
226.993,202.338,113.267,112.198
208.796,212.546,113.267,112.198
207.009,230.426,110.851,109.806
216.131,233.466,110.851,109.806
220.908,226.951,110.851,109.806
215.262,222.173,110.851,109.806
212.221,218.263,110.851,109.806
220.474,210.011,110.851,109.806
250.445,182.646,110.851,109.806
271.729,161.362,110.851,109.806
278.244,155.715,110.851,109.806
276.941,166.574,110.851,109.806
272.163,187.858,110.851,109.806
265.648,213.485,110.851,109.806
259.132,222.607,110.851,109.806
240.455,221.304,110.851,109.806
218.302,221.738,110.851,109.806
214.393,233.466,110.851,109.806
225.252,241.719,110.851,109.806
233.505,239.547,110.851,109.806
236.546,222.607,110.851,109.806
238.717,205.667,110.851,109.806
256.526,206.101,110.851,109.806
288.235,208.273,110.851,109.806
299.094,206.101,110.851,109.806
292.578,198.717,110.851,109.806
279.982,197.414,110.851,109.806
268.254,206.536,110.851,109.806
262.607,222.607,110.851,109.806
254.354,233.466,110.851,109.806
253.443,238.405,108.487,107.464
260.670,232.879,108.487,107.464
265.346,223.951,108.487,107.464
261.176,218.132,106.174,105.172
257.432,210.227,106.174,105.172
256.184,205.651,106.174,105.172
260.760,204.403,106.174,105.172
267.001,196.498,106.174,105.172
269.913,188.593,106.174,105.172
270.329,196.498,106.174,105.172
278.233,211.059,106.174,105.172
286.138,222.292,106.174,105.172
290.715,226.869,106.174,105.172
276.153,228.949,106.174,105.172
249.617,235.283,103.910,102.929
228.037,236.505,103.910,102.929
215.415,224.697,103.910,102.929
204.422,197.417,103.910,102.929
203.200,173.394,103.910,102.929
211.750,164.030,103.910,102.929
224.373,170.951,103.910,102.929
240.252,179.502,103.910,102.929
246.359,182.352,103.910,102.929
253.281,186.831,103.910,102.929
266.717,202.710,103.910,102.929
285.040,225.104,103.910,102.929
292.776,248.312,103.910,102.929
285.854,245.462,103.910,102.929
277.304,218.182,103.910,102.929
265.496,199.860,103.910,102.929
247.174,192.938,103.910,102.929
224.780,196.603,103.910,102.929
217.858,214.925,103.910,102.929
227.223,226.733,103.910,102.929
245.545,221.440,103.910,102.929
263.867,225.918,103.910,102.929
273.232,231.211,103.910,102.929
275.268,240.576,103.910,102.929
270.789,253.198,103.910,102.929
271.196,258.491,103.910,102.929
271.603,254.827,103.910,102.929
272.825,248.720,103.910,102.929
274.861,240.169,103.910,102.929
276.896,231.619,103.910,102.929
269.975,232.026,103.910,102.929
261.424,238.133,103.910,102.929
252.874,240.983,103.910,102.929
250.838,233.247,103.910,102.929
252.874,220.625,103.910,102.929
249.209,214.518,103.910,102.929
245.216,220.717,101.694,100.734
249.599,225.100,101.694,100.734
262.749,227.890,101.694,100.734
277.492,220.319,101.694,100.734
289.845,207.966,101.694,100.734
292.635,194.816,101.694,100.734
288.251,191.230,101.694,100.734
283.868,197.207,101.694,100.734
278.688,205.575,101.694,100.734
262.350,209.958,101.694,100.734
239.637,202.387,101.694,100.734
226.487,191.628,101.694,100.734
222.104,197.605,101.694,100.734
228.081,215.537,101.694,100.734
250.794,256.580,101.694,100.734
275.102,277.700,101.694,100.734
295.061,257.981,103.944,102.963
312.575,239.653,103.944,102.963
312.168,227.027,103.944,102.963
295.468,218.474,103.944,102.963
273.882,225.398,103.944,102.963
249.037,236.395,103.944,102.963
222.562,234.358,103.944,102.963
244.149,233.951,103.944,102.963
284.471,235.173,103.944,102.963
308.502,232.322,103.944,102.963
326.830,225.398,103.944,102.963
336.198,226.620,103.944,102.963
343.122,232.729,103.944,102.963
347.602,232.322,103.944,102.963
349.639,225.398,103.944,102.963
339.456,228.249,103.944,102.963
315.426,244.133,103.944,102.963
295.468,257.574,103.944,102.963
290.988,250.650,103.944,102.963
301.985,239.653,103.944,102.963
312.168,235.173,103.944,102.963
323.164,245.355,103.944,102.963
342.307,253.908,103.944,102.963
352.490,245.355,103.944,102.963
343.122,218.881,103.944,102.963
307.687,183.446,103.944,102.963
285.286,159.416,103.944,102.963
279.177,166.340,103.944,102.963
277.955,184.668,103.944,102.963
268.587,202.996,103.944,102.963
247.000,223.769,103.944,102.963
226.228,233.951,103.944,102.963
217.675,236.802,103.944,102.963
218.082,239.653,103.944,102.963
226.635,240.875,103.944,102.963
241.705,232.322,103.944,102.963
248.629,202.589,103.944,102.963
237.632,174.486,103.944,102.963
232.067,168.910,101.727,100.767
225.291,174.092,101.727,100.767
206.556,188.043,101.727,100.767
191.807,201.197,101.727,100.767
186.625,203.987,101.727,100.767
182.241,208.372,101.727,100.767
176.261,223.121,101.727,100.767
180.646,229.897,101.727,100.767
202.570,231.093,101.727,100.767
234.857,227.505,101.727,100.767
266.347,218.337,101.727,100.767
293.054,211.561,101.727,100.767
308.600,219.932,101.727,100.767
306.607,233.883,101.727,100.767
287.872,241.457,101.727,100.767
245.221,229.100,101.727,100.767
209.745,211.960,101.727,100.767
186.227,211.561,101.727,100.767
176.261,221.526,101.727,100.767
206.157,225.911,101.727,100.767
224.892,213.554,101.727,100.767
242.032,196.414,101.727,100.767
260.767,189.638,101.727,100.767
289.865,191.631,101.727,100.767
318.964,196.813,101.727,100.767
332.727,204.418,99.558,98.619
325.315,201.688,99.558,98.619
303.859,194.276,99.558,98.619
269.974,175.781,101.761,100.801
236.878,154.648,101.761,100.801
247.644,142.287,101.761,100.801
278.348,136.305,101.761,100.801
294.421,128.541,99.590,98.651
301.836,116.443,99.590,98.651
301.446,124.638,99.590,98.651
304.177,151.565,99.590,98.651
305.910,188.936,101.794,100.834
305.842,222.690,99.623,98.683
303.890,226.203,99.623,98.683
301.938,213.321,99.623,98.683
294.521,199.658,99.623,98.683
289.446,189.899,99.623,98.683
289.056,171.552,99.623,98.683
288.989,142.128,97.499,96.579
288.607,98.957,97.499,96.579
305.799,76.417,97.499,96.579
323.755,95.137,97.499,96.579
332.542,134.487,97.499,96.579
321.463,162.376,97.499,96.579
302.743,180.332,97.499,96.579
290.900,199.052,97.499,96.579
280.585,215.479,97.499,96.579
272.562,225.031,97.499,96.579
266.831,230.761,97.499,96.579
271.798,234.964,97.499,96.579
279.056,233.053,97.499,96.579
286.315,223.502,97.499,96.579
292.046,211.659,97.499,96.579
304.653,195.995,97.499,96.579
314.204,188.737,97.499,96.579
319.935,189.119,97.499,96.579
330.250,197.142,97.499,96.579
332.160,215.097,97.499,96.579
316.496,233.053,97.499,96.579
297.012,251.009,97.499,96.579
277.063,263.454,95.419,94.519
266.968,261.585,95.419,94.519
259.864,258.220,95.419,94.519
245.282,238.403,95.419,94.519
238.926,199.145,95.419,94.519
260.238,180.824,95.419,94.519
280.355,176.426,93.385,92.504
293.894,181.183,93.385,92.504
308.897,196.917,93.385,92.504
325.363,212.652,93.385,92.504
341.098,234.973,93.385,92.504
347.319,257.294,93.385,92.504
343.293,264.979,93.385,92.504
329.754,266.808,93.385,92.504
300.115,269.370,93.385,92.504
259.498,272.663,93.385,92.504
219.612,270.101,93.385,92.504
214.855,255.099,93.385,92.504
223.272,228.386,93.385,92.504
224.369,202.406,93.385,92.504
239.372,188.867,93.385,92.504
269.012,184.110,93.385,92.504
297.188,185.208,93.385,92.504
312.190,187.037,93.385,92.504
318.411,192.526,93.385,92.504
323.168,204.602,93.385,92.504
327.925,218.873,93.385,92.504
318.045,232.412,93.385,92.504
285.478,234.973,93.385,92.504
244.861,234.607,93.385,92.504
201.688,231.686,95.451,94.550
181.117,229.816,95.451,94.550
197.199,232.434,95.451,94.550
230.679,230.224,97.563,96.642
249.411,226.783,97.563,96.642
255.146,223.342,97.563,96.642
286.193,223.463,99.721,98.780
344.415,216.820,99.721,98.780
364.343,205.489,99.721,98.780
349.104,198.064,99.721,98.780
284.630,203.144,99.721,98.780
206.871,213.694,99.721,98.780
163.498,214.085,99.721,98.780
156.855,209.005,99.721,98.780
186.968,183.994,101.927,100.966
212.929,160.430,101.927,100.966
215.725,152.841,101.927,100.966
216.923,165.222,101.927,100.966
228.505,193.579,101.927,100.966
232.898,222.735,101.927,100.966
230.521,244.984,99.754,98.813
236.384,257.102,99.754,98.813
243.811,262.965,99.754,98.813
234.820,254.756,99.754,98.813
218.177,250.912,97.627,96.706
222.385,265.066,97.627,96.706
251.840,281.516,97.627,96.706
270.585,284.959,97.627,96.706
270.968,271.570,97.627,96.706
272.115,249.765,97.627,96.706
280.149,207.302,97.627,96.706
271.350,157.189,97.627,96.706
252.605,146.861,97.627,96.706
237.792,160.797,95.545,94.643
230.678,180.639,95.545,94.643
227.309,217.703,95.545,94.643
225.437,244.285,95.545,94.643
232.550,252.896,95.545,94.643
241.161,247.280,95.545,94.643
246.028,234.925,95.545,94.643
246.686,228.356,93.507,92.625
260.976,225.059,93.507,92.625
279.662,217.364,93.507,92.625
282.227,203.075,93.507,92.625
271.601,192.449,93.507,92.625
279.296,181.824,93.507,92.625
295.051,179.992,93.507,92.625
296.883,198.678,93.507,92.625
282.593,229.089,93.507,92.625
273.433,255.104,93.507,92.625
285.525,263.531,93.507,92.625
289.555,258.768,93.507,92.625
277.464,243.745,93.507,92.625
271.235,237.516,93.507,92.625
274.532,239.348,93.507,92.625
275.632,235.318,93.507,92.625
267.937,229.089,93.507,92.625
260.243,221.395,93.507,92.625
256.213,220.296,93.507,92.625
249.984,225.059,93.507,92.625
240.824,228.356,93.507,92.625
239.724,223.593,93.507,92.625
267.205,217.364,93.507,92.625
287.357,220.662,93.507,92.625
279.662,230.555,93.507,92.625
259.510,237.516,93.507,92.625
255.480,239.348,93.507,92.625
263.174,228.723,93.507,92.625
268.670,217.364,93.507,92.625
270.502,212.601,93.507,92.625
273.800,217.364,93.507,92.625
281.494,221.395,93.507,92.625
281.128,223.227,93.507,92.625
273.433,220.662,93.507,92.625
274.533,217.364,93.507,92.625
276.365,220.662,93.507,92.625
277.464,229.822,93.507,92.625
270.502,244.112,93.507,92.625
266.472,248.875,93.507,92.625
274.899,238.982,93.507,92.625
284.792,223.960,93.507,92.625
284.425,219.196,93.507,92.625
276.731,227.624,93.507,92.625
269.037,239.715,93.507,92.625
267.205,234.952,93.507,92.625
270.502,215.532,93.507,92.625
275.265,206.372,93.507,92.625
276.365,213.334,93.507,92.625
275.998,228.356,93.507,92.625
270.502,236.784,93.507,92.625
265.739,238.616,93.507,92.625
267.571,233.852,93.507,92.625
270.136,229.089,93.507,92.625
261.709,231.654,93.507,92.625
251.816,243.012,93.507,92.625
249.251,251.440,93.507,92.625
251.083,249.608,93.507,92.625
252.915,241.913,93.507,92.625
253.281,235.684,93.507,92.625
249.984,242.646,93.507,92.625
251.083,255.470,93.507,92.625
253.648,260.233,93.507,92.625
255.480,262.798,93.507,92.625
252.915,262.432,93.507,92.625
249.617,257.668,93.507,92.625
244.121,251.440,93.507,92.625
240.824,245.211,93.507,92.625
242.656,232.387,93.507,92.625
243.755,222.494,93.507,92.625
241.190,221.395,93.507,92.625
245.221,223.959,93.507,92.625
246.847,220.274,95.576,94.674
250.218,211.660,95.576,94.674
254.337,207.541,95.576,94.674
252.465,217.652,95.576,94.674
255.086,233.756,95.576,94.674
257.708,240.872,95.576,94.674
254.337,238.999,95.576,94.674
255.461,231.134,95.576,94.674
264.824,224.019,95.576,94.674
265.947,226.640,95.576,94.674
262.576,233.756,95.576,94.674
255.461,237.876,95.576,94.674
251.341,237.501,95.576,94.674
253.963,228.887,95.576,94.674
252.839,223.270,95.576,94.674
241.979,232.632,95.576,94.674
237.110,248.736,95.576,94.674
240.481,252.107,95.576,94.674
252.839,251.732,95.576,94.674
270.441,240.872,95.576,94.674
279.804,230.011,95.576,94.674
264.449,234.130,95.576,94.674
245.349,247.238,95.576,94.674
265.198,253.605,95.576,94.674
282.800,248.736,95.576,94.674
277.182,233.381,95.576,94.674
257.863,223.397,97.691,96.769
239.872,226.077,97.691,96.769
236.427,228.757,97.691,96.769
238.920,225.700,99.852,98.910
240.094,222.962,99.852,98.910
233.443,224.135,99.852,98.910
233.051,224.527,99.852,98.910
238.138,231.961,99.852,98.910
238.529,240.960,99.852,98.910
256.918,248.394,99.852,98.910
308.956,248.002,99.852,98.910
316.390,239.786,99.852,98.910
294.088,240.177,99.852,98.910
244.677,249.231,102.061,101.098
215.483,264.028,102.061,101.098
221.482,266.028,102.061,101.098
243.478,257.630,102.061,101.098
251.876,254.030,102.061,101.098
244.099,257.036,99.885,98.942
225.924,259.977,97.755,96.832
216.998,262.855,95.670,94.767
223.371,265.479,95.670,94.767
240.240,266.604,95.670,94.767
243.614,260.981,95.670,94.767
243.989,253.858,95.670,94.767
236.117,250.484,95.670,94.767
233.493,245.611,95.670,94.767
242.115,237.739,95.670,94.767
246.988,229.866,95.670,94.767
244.756,226.902,93.630,92.747
242.922,220.665,93.630,92.747
248.425,215.162,93.630,92.747
250.260,221.399,93.630,92.747
241.821,251.116,93.630,92.747
230.448,281.567,93.630,92.747
228.614,284.869,93.630,92.747
235.584,263.223,93.630,92.747
244.023,243.779,93.630,92.747
251.727,226.535,93.630,92.747
259.444,212.318,91.633,90.769
254.058,196.879,91.633,90.769
250.536,184.350,89.679,88.833
252.996,167.834,89.679,88.833
259.710,163.023,87.767,86.939
265.557,167.494,87.767,86.939
272.779,182.970,87.767,86.939
279.350,212.072,85.895,85.085
280.844,239.416,87.795,86.967
282.564,238.384,87.795,86.967
278.092,216.022,87.795,86.967
277.748,202.606,87.795,86.967
294.605,199.509,87.795,86.967
311.836,204.615,89.738,88.891
318.517,216.219,89.738,88.891
306.913,222.197,89.738,88.891
295.310,224.658,89.738,88.891
294.255,229.933,89.738,88.891
298.826,245.756,89.738,88.891
309.023,269.315,89.738,88.891
316.407,280.216,89.738,88.891
308.320,269.315,89.738,88.891
296.013,251.382,89.738,88.891
292.145,230.636,89.738,88.891
289.683,207.077,89.738,88.891
288.629,203.209,89.738,88.891
286.870,209.890,89.738,88.891
295.661,220.087,89.738,88.891
309.375,228.878,89.738,88.891
311.133,234.152,89.738,88.891
305.858,240.130,89.738,88.891
299.881,249.624,89.738,88.891
294.606,251.382,89.738,88.891
292.848,243.998,89.738,88.891
293.200,229.581,89.738,88.891
292.848,213.054,89.738,88.891
298.123,204.967,89.738,88.891
297.771,200.396,89.738,88.891
301.639,200.747,89.738,88.891
308.320,206.022,89.738,88.891
324.847,219.735,89.738,88.891
330.824,238.372,89.738,88.891
311.485,254.898,89.738,88.891
280.893,255.953,89.738,88.891
261.553,251.382,89.738,88.891
243.620,243.998,89.738,88.891
230.609,222.548,89.738,88.891
228.148,192.660,89.738,88.891
244.675,176.133,89.738,88.891
263.311,182.111,89.738,88.891
273.508,195.824,89.738,88.891
279.486,204.615,89.738,88.891
284.057,208.483,89.738,88.891
289.332,212.351,89.738,88.891
292.496,213.406,89.738,88.891
293.551,215.867,89.738,88.891
291.090,216.219,89.738,88.891
