57.000,156.000,198.000,173.000
57.730,152.350,198.000,173.000
61.379,154.540,198.000,173.000
63.569,153.810,198.000,173.000
62.839,157.460,198.000,173.000
66.489,155.270,198.000,173.000
67.219,157.460,198.000,173.000
66.489,156.730,198.000,173.000
73.058,158.920,198.000,173.000
67.949,162.569,198.000,173.000
77.437,161.839,198.000,173.000
72.328,166.948,198.000,173.000
83.276,167.678,198.000,173.000
78.167,168.408,198.000,173.000
86.196,170.598,198.000,173.000
78.167,175.707,198.000,173.000
87.656,176.437,198.000,173.000
79.627,181.547,198.000,173.000
71.598,188.116,198.000,173.000
73.194,180.901,202.381,176.828
73.277,178.171,206.858,180.740
75.565,180.458,206.858,180.740
61.409,172.921,211.435,184.739
51.792,163.599,216.113,188.826
54.182,162.803,216.113,188.826
51.792,162.006,216.113,188.826
52.589,159.616,216.113,188.826
53.386,162.006,216.113,188.826
50.996,158.023,216.113,188.826
45.419,155.633,216.113,188.826
45.508,156.023,220.895,193.004
41.436,150.323,220.895,193.004
42.251,152.766,220.895,193.004
38.179,147.066,220.895,193.004
33.201,142.396,225.782,197.274
31.567,139.351,230.777,201.639
30.716,136.798,230.777,201.639
28.164,132.545,230.777,201.639
29.805,130.595,225.856,197.339
27.307,126.432,225.856,197.339
28.140,135.590,225.856,197.339
27.307,131.427,225.856,197.339
31.470,128.930,225.856,197.339
27.307,128.097,225.856,197.339
34.800,137.256,225.856,197.339
32.302,134.758,225.856,197.339
33.908,132.850,221.040,193.131
31.464,130.405,221.040,193.131
32.279,137.739,221.040,193.131
35.421,134.300,216.326,189.012
37.813,131.908,216.326,189.012
37.016,131.110,216.326,189.012
37.813,130.313,216.326,189.012
38.611,135.895,216.326,189.012
39.408,131.908,216.326,189.012
40.206,135.895,216.326,189.012
39.408,133.503,216.326,189.012
38.611,131.110,216.326,189.012
41.003,138.287,216.326,189.012
40.206,134.300,216.326,189.012
39.408,133.503,216.326,189.012
40.206,132.705,216.326,189.012
41.003,138.287,216.326,189.012
40.206,135.895,216.326,189.012
37.813,133.503,216.326,189.012
40.206,132.705,216.326,189.012
37.813,136.693,216.326,189.012
40.206,132.705,216.326,189.012
39.408,136.693,216.326,189.012
40.206,134.300,216.326,189.012
39.408,133.503,216.326,189.012
40.206,132.705,216.326,189.012
39.408,136.693,216.326,189.012
40.206,132.705,216.326,189.012
39.408,136.693,216.326,189.012
40.206,132.705,216.326,189.012
39.408,136.693,216.326,189.012
40.206,132.705,216.326,189.012
39.408,136.693,216.326,189.012
40.206,132.705,216.326,189.012
39.408,135.098,216.326,189.012
41.800,132.705,216.326,189.012
41.003,136.693,216.326,189.012
38.611,132.705,216.326,189.012
42.598,131.908,216.326,189.012
40.206,131.110,216.326,189.012
41.003,136.693,216.326,189.012
38.611,132.705,216.326,189.012
42.598,131.908,216.326,189.012
40.206,131.110,216.326,189.012
41.003,136.693,216.326,189.012
38.611,132.705,216.326,189.012
42.598,135.098,216.326,189.012
40.206,132.705,216.326,189.012
39.408,131.908,216.326,189.012
41.800,137.490,216.326,189.012
39.408,133.503,216.326,189.012
41.800,132.705,216.326,189.012
39.408,131.908,216.326,189.012
41.800,137.490,216.326,189.012
39.408,133.503,216.326,189.012
41.800,132.705,216.326,189.012
41.003,136.693,216.326,189.012
38.611,132.705,216.326,189.012
42.598,136.693,216.326,189.012
40.206,132.705,216.326,189.012
39.408,135.098,216.326,189.012
40.206,132.705,216.326,189.012
39.408,136.693,216.326,189.012
40.206,134.300,216.326,189.012
39.408,133.503,216.326,189.012
40.206,132.705,216.326,189.012
39.408,136.693,216.326,189.012
40.206,134.300,216.326,189.012
39.408,133.503,216.326,189.012
40.206,132.705,216.326,189.012
39.408,136.693,216.326,189.012
40.206,134.300,216.326,189.012
39.408,133.503,216.326,189.012
40.206,132.705,216.326,189.012
39.408,136.693,216.326,189.012
40.206,134.300,216.326,189.012
39.408,133.503,216.326,189.012
41.800,135.895,216.326,189.012
39.408,133.503,216.326,189.012
41.800,134.300,216.326,189.012
39.408,133.503,216.326,189.012
41.800,135.895,216.326,189.012
39.408,133.503,216.326,189.012
41.800,137.490,216.326,189.012
39.408,135.098,216.326,189.012
40.206,134.300,216.326,189.012
39.408,135.098,216.326,189.012
40.206,134.300,216.326,189.012
39.408,135.098,216.326,189.012
40.206,134.300,216.326,189.012
39.408,136.693,216.326,189.012
40.206,134.300,216.326,189.012
39.408,136.693,216.326,189.012
40.206,134.300,216.326,189.012
39.408,136.693,216.326,189.012
40.206,134.300,216.326,189.012
39.408,138.287,216.326,189.012
40.206,135.895,216.326,189.012
39.408,135.098,216.326,189.012
41.800,135.895,216.326,189.012
39.408,135.098,216.326,189.012
40.206,134.300,216.326,189.012
39.408,136.693,216.326,189.012
40.206,134.300,216.326,189.012
39.408,136.693,216.326,189.012
40.206,134.300,216.326,189.012
39.408,138.287,216.326,189.012
40.206,135.895,216.326,189.012
37.813,135.098,216.326,189.012
40.206,132.705,216.326,189.012
39.408,139.882,216.326,189.012
38.611,135.895,216.326,189.012
40.149,134.067,211.713,184.981
40.929,133.287,211.713,184.981
41.710,138.750,211.713,184.981
37.807,136.409,211.713,184.981
38.588,132.506,211.713,184.981
37.807,130.165,211.713,184.981
38.588,137.189,211.713,184.981
39.368,133.287,211.713,184.981
38.588,130.946,211.713,184.981
39.368,139.530,211.713,184.981
37.027,134.067,211.713,184.981
40.353,139.308,216.397,189.074
36.364,135.320,216.397,189.074
38.757,132.927,216.397,189.074
41.150,140.106,216.397,189.074
37.162,136.118,216.397,189.074
41.150,133.724,216.397,189.074
38.757,139.308,216.397,189.074
39.555,136.915,216.397,189.074
38.757,134.522,216.397,189.074
42.746,138.511,216.397,189.074
38.757,134.522,216.397,189.074
42.746,138.511,216.397,189.074
38.757,134.522,216.397,189.074
42.746,138.511,216.397,189.074
38.757,136.118,216.397,189.074
40.296,134.289,211.782,185.042
41.076,133.508,211.782,185.042
43.419,138.973,211.782,185.042
41.076,136.631,211.782,185.042
41.857,134.289,211.782,185.042
42.638,139.754,211.782,185.042
40.296,137.412,211.782,185.042
41.076,133.508,211.782,185.042
43.419,138.973,211.782,185.042
41.076,136.631,211.782,185.042
41.857,134.289,211.782,185.042
41.076,139.754,211.782,185.042
38.734,135.851,211.782,185.042
37.954,131.947,211.782,185.042
37.173,129.605,211.782,185.042
37.954,138.193,211.782,185.042
38.734,132.728,211.782,185.042
37.954,130.386,211.782,185.042
38.041,140.488,216.468,189.136
38.839,134.902,216.468,189.136
39.637,134.104,216.468,189.136
37.243,133.306,216.468,189.136
39.637,132.509,216.468,189.136
38.839,139.690,216.468,189.136
39.637,135.700,216.468,189.136
38.839,133.306,216.468,189.136
41.233,138.892,216.468,189.136
38.839,134.902,216.468,189.136
39.637,134.104,216.468,189.136
38.839,133.306,216.468,189.136
41.233,138.892,216.468,189.136
38.839,134.902,216.468,189.136
39.637,134.104,216.468,189.136
38.839,133.306,216.468,189.136
41.233,138.892,216.468,189.136
38.839,136.498,216.468,189.136
40.378,134.669,211.851,185.103
42.721,133.888,211.851,185.103
43.502,140.917,211.851,185.103
41.159,138.574,211.851,185.103
41.940,134.669,211.851,185.103
44.283,138.574,211.851,185.103
40.378,134.669,211.851,185.103
41.159,133.888,211.851,185.103
41.940,139.355,211.851,185.103
41.159,135.450,211.851,185.103
43.502,134.669,211.851,185.103
44.283,140.136,211.851,185.103
41.940,136.231,211.851,185.103
44.283,135.450,211.851,185.103
40.378,133.107,211.851,185.103
41.159,130.765,211.851,185.103
41.940,139.355,211.851,185.103
41.159,135.450,211.851,185.103
41.940,133.107,211.851,185.103
44.283,138.574,211.851,185.103
41.940,134.669,211.851,185.103
44.283,133.888,211.851,185.103
43.502,137.793,211.851,185.103
42.721,135.450,211.851,185.103
41.940,133.107,211.851,185.103
45.844,138.574,211.851,185.103
41.940,134.669,211.851,185.103
44.283,133.888,211.851,185.103
41.940,137.793,211.851,185.103
42.721,133.888,211.851,185.103
43.502,139.355,211.851,185.103
41.159,135.450,211.851,185.103
41.940,133.107,211.851,185.103
44.283,138.574,211.851,185.103
40.378,136.231,211.851,185.103
41.159,133.888,211.851,185.103
43.502,140.917,211.851,185.103
39.597,138.574,211.851,185.103
38.816,133.108,211.851,185.103
39.597,132.327,211.851,185.103
38.816,131.546,211.851,185.103
38.035,129.203,211.851,185.103
38.122,139.309,216.539,189.198
37.324,135.318,216.539,189.198
38.863,131.949,211.921,185.163
38.082,129.605,211.921,185.163
38.863,135.074,211.921,185.163
39.644,131.168,211.921,185.163
38.863,128.824,211.921,185.163
41.207,137.418,211.921,185.163
41.988,133.512,211.921,185.163
42.769,132.730,211.921,185.163
41.988,138.199,211.921,185.163
42.769,134.293,211.921,185.163
41.988,139.761,211.921,185.163
41.207,135.855,211.921,185.163
43.550,135.074,211.921,185.163
42.769,134.293,211.921,185.163
43.550,141.324,211.921,185.163
41.207,138.980,211.921,185.163
40.426,135.074,211.921,185.163
42.769,134.293,211.921,185.163
41.988,141.324,211.921,185.163
41.207,137.418,211.921,185.163
43.550,135.074,211.921,185.163
42.769,138.980,211.921,185.163
40.426,135.074,211.921,185.163
41.207,132.730,211.921,185.163
41.988,138.199,211.921,185.163
41.207,134.293,211.921,185.163
43.550,139.761,211.921,185.163
41.207,135.855,211.921,185.163
43.550,135.074,211.921,185.163
42.769,140.543,211.921,185.163
40.426,138.199,211.921,185.163
42.769,134.293,211.921,185.163
45.113,142.886,211.921,185.163
41.207,138.980,211.921,185.163
40.426,135.074,211.921,185.163
41.207,134.293,211.921,185.163
41.988,139.761,211.921,185.163
39.644,135.855,211.921,185.163
40.426,131.949,211.921,185.163
39.644,137.418,211.921,185.163
40.426,133.512,211.921,185.163
42.769,137.418,211.921,185.163
41.988,136.636,211.921,185.163
42.769,134.293,211.921,185.163
43.551,142.886,211.921,185.163
41.207,138.980,211.921,185.163
40.426,135.074,211.921,185.163
42.769,134.293,211.921,185.163
41.988,142.886,211.921,185.163
41.207,137.418,211.921,185.163
41.988,135.074,211.921,185.163
44.332,140.543,211.921,185.163
40.426,138.199,211.921,185.163
42.769,134.293,211.921,185.163
43.551,142.886,211.921,185.163
41.207,138.980,211.921,185.163
41.988,136.636,211.921,185.163
44.332,140.543,211.921,185.163
41.988,139.761,211.921,185.163
41.207,137.418,211.921,185.163
40.426,136.636,211.921,185.163
39.644,134.293,211.921,185.163
40.426,139.761,211.921,185.163
39.644,137.418,211.921,185.163
40.426,136.636,211.921,185.163
45.376,145.125,216.610,189.260
52.562,150.714,216.610,189.260
45.376,148.319,216.610,189.260
52.562,153.908,216.610,189.260
48.570,153.110,216.610,189.260
49.368,158.699,216.610,189.260
47.801,154.120,221.402,193.447
46.984,158.201,221.402,193.447
43.688,153.521,226.301,197.727
46.191,156.023,226.301,197.727
42.020,153.521,226.301,197.727
44.523,157.692,226.301,197.727
45.357,153.521,226.301,197.727
44.523,154.355,226.301,197.727
42.885,151.302,231.308,202.102
41.211,151.720,236.425,206.574
42.082,149.106,236.425,206.574
42.954,146.491,236.425,206.574
43.825,142.133,236.425,206.574
41.211,139.519,236.425,206.574
32.811,135.841,231.383,202.168
34.456,135.530,226.449,197.857
37.675,135.226,221.620,193.638
36.858,132.775,221.620,193.638
36.041,136.860,221.620,193.638
36.858,134.409,221.620,193.638
34.407,131.958,221.620,193.638
31.956,132.775,221.620,193.638
34.407,131.958,221.620,193.638
33.590,136.043,221.620,193.638
36.041,133.592,221.620,193.638
35.224,136.043,221.620,193.638
36.041,133.592,221.620,193.638
35.224,134.409,221.620,193.638
36.041,133.592,221.620,193.638
35.224,134.409,221.620,193.638
36.041,133.592,221.620,193.638
35.224,134.409,221.620,193.638
36.041,133.592,221.620,193.638
36.858,136.043,221.620,193.638
36.041,133.592,221.620,193.638
35.224,134.409,221.620,193.638
34.407,133.592,221.620,193.638
35.224,132.775,221.620,193.638
34.407,136.860,221.620,193.638
35.224,132.775,221.620,193.638
34.407,138.494,221.620,193.638
35.224,134.409,221.620,193.638
34.407,133.592,221.620,193.638
33.590,132.775,221.620,193.638
34.407,136.860,221.620,193.638
35.224,134.409,221.620,193.638
36.041,133.592,221.620,193.638
38.492,137.677,221.620,193.638
37.675,135.226,221.620,193.638
36.858,132.775,221.620,193.638
39.309,140.128,221.620,193.638
40.126,137.677,221.620,193.638
39.309,135.226,221.620,193.638
36.858,132.775,221.620,193.638
38.644,139.957,226.523,197.922
39.479,139.122,226.523,197.922
38.644,144.967,226.523,197.922
32.799,142.462,226.523,197.922
31.190,142.158,221.693,193.701
33.642,139.706,221.693,193.701
44.266,150.330,221.693,193.701
49.444,155.818,226.598,197.987
51.950,153.312,226.598,197.987
51.115,149.136,226.598,197.987
51.950,143.288,226.598,197.987
52.786,139.112,226.598,197.987
51.950,133.265,226.598,197.987
49.444,134.100,226.598,197.987
48.609,131.594,226.598,197.987
46.103,129.088,226.598,197.987
45.268,131.594,226.598,197.987
44.432,129.088,226.598,197.987
41.926,131.594,226.598,197.987
44.432,129.088,226.598,197.987
43.597,133.265,226.598,197.987
50.039,132.960,221.765,193.765
49.221,135.413,221.765,193.765
50.039,134.595,221.765,193.765
53.191,139.025,217.036,189.633
52.391,136.625,217.036,189.633
53.191,137.425,217.036,189.633
52.391,136.625,217.036,189.633
54.792,134.225,217.036,189.633
53.992,133.425,217.036,189.633
51.591,132.625,217.036,189.633
52.391,131.825,217.036,189.633
51.591,131.024,217.036,189.633
52.391,131.825,217.036,189.633
51.591,132.625,217.036,189.633
53.992,136.625,217.036,189.633
54.792,134.225,217.036,189.633
57.192,133.425,217.036,189.633
54.792,139.025,217.036,189.633
60.392,136.625,217.036,189.633
53.191,143.826,217.036,189.633
53.992,149.426,217.036,189.633
54.792,151.826,217.036,189.633
54.881,152.219,221.838,193.828
55.699,157.943,221.838,193.828
48.339,155.490,221.838,193.828
50.792,162.850,221.838,193.828
53.245,163.668,221.838,193.828
40.979,151.401,221.838,193.828
38.525,152.219,221.838,193.828
39.343,148.130,221.838,193.828
40.920,146.256,217.107,189.695
40.120,142.254,217.107,189.695
39.320,139.853,217.107,189.695
40.120,137.452,217.107,189.695
37.719,136.652,217.107,189.695
40.120,140.653,217.107,189.695
37.719,136.652,217.107,189.695
37.720,134.817,212.477,185.650
42.683,143.328,217.179,189.757
40.281,139.325,217.179,189.757
42.683,136.923,217.179,189.757
40.281,137.724,217.179,189.757
39.481,136.923,217.179,189.757
38.680,136.122,217.179,189.757
39.481,135.322,217.179,189.757
38.680,134.521,217.179,189.757
41.082,138.524,217.179,189.757
38.680,136.122,217.179,189.757
39.481,135.322,217.179,189.757
37.079,134.521,217.179,189.757
39.481,135.322,217.179,189.757
39.481,135.030,212.547,185.710
41.832,138.948,212.547,185.710
39.481,136.597,212.547,185.710
41.832,134.247,212.547,185.710
41.048,141.298,212.547,185.710
40.265,137.381,212.547,185.710
41.048,135.030,212.547,185.710
43.399,142.082,212.547,185.710
39.481,138.164,212.547,185.710
40.265,134.247,212.547,185.710
42.615,139.731,212.547,185.710
40.265,137.381,212.547,185.710
41.048,135.030,212.547,185.710
43.399,140.515,212.547,185.710
39.481,138.164,212.547,185.710
40.265,134.246,212.547,185.710
42.615,139.731,212.547,185.710
40.265,137.381,212.547,185.710
39.481,135.030,212.547,185.710
40.265,134.246,212.547,185.710
39.481,135.030,212.547,185.710
38.698,134.246,212.547,185.710
39.481,133.463,212.547,185.710
40.265,137.381,212.547,185.710
37.914,133.463,212.547,185.710
38.698,137.381,212.547,185.710
37.914,133.463,212.547,185.710
37.131,132.679,212.547,185.710
36.347,131.896,212.547,185.710
37.131,137.381,212.547,185.710
37.914,133.463,212.547,185.710
38.698,132.679,212.547,185.710
41.048,136.597,212.547,185.710
40.265,134.246,212.547,185.710
41.048,133.463,212.547,185.710
43.399,140.515,212.547,185.710
41.048,136.597,212.547,185.710
43.399,134.246,212.547,185.710
42.615,139.731,212.547,185.710
40.265,137.381,212.547,185.710
41.048,133.463,212.547,185.710
43.399,140.515,212.547,185.710
39.481,136.597,212.547,185.710
40.265,132.679,212.547,185.710
42.615,138.164,212.547,185.710
40.265,135.814,212.547,185.710
41.048,133.463,212.547,185.710
43.399,140.515,212.547,185.710
39.481,136.597,212.547,185.710
40.265,132.679,212.547,185.710
42.615,138.164,212.547,185.710
40.265,135.813,212.547,185.710
42.615,135.030,212.547,185.710
43.399,142.082,212.547,185.710
41.048,138.164,212.547,185.710
41.832,135.813,212.547,185.710
42.615,141.298,212.547,185.710
40.265,138.948,212.547,185.710
41.048,135.030,212.547,185.710
43.399,142.082,212.547,185.710
41.048,139.731,212.547,185.710
40.265,137.381,212.547,185.710
41.048,135.030,212.547,185.710
43.399,142.082,212.547,185.710
39.481,139.731,212.547,185.710
40.265,134.246,212.547,185.710
42.615,138.164,212.547,185.710
40.265,135.813,212.547,185.710
41.048,135.030,212.547,185.710
43.399,140.515,212.547,185.710
39.481,138.164,212.547,185.710
40.265,134.246,212.547,185.710
42.615,136.597,212.547,185.710
41.832,135.813,212.547,185.710
41.048,138.164,212.547,185.710
41.832,135.813,212.547,185.710
41.048,136.597,212.547,185.710
41.832,135.813,212.547,185.710
41.048,139.731,212.547,185.710
40.265,137.381,212.547,185.710
41.048,135.030,212.547,185.710
43.399,142.082,212.547,185.710
41.048,139.731,212.547,185.710
40.265,137.381,212.547,185.710
41.048,135.030,212.547,185.710
43.399,142.082,212.547,185.710
41.048,138.164,212.547,185.710
41.832,135.813,212.547,185.710
42.615,141.298,212.547,185.710
41.832,137.380,212.547,185.710
41.048,136.597,212.547,185.710
43.399,135.813,212.547,185.710
42.615,141.298,212.547,185.710
41.832,138.948,212.547,185.710
41.048,136.597,212.547,185.710
43.399,135.813,212.547,185.710
42.615,141.298,212.547,185.710
41.832,138.948,212.547,185.710
41.048,136.597,212.547,185.710
43.399,135.813,212.547,185.710
42.615,141.298,212.547,185.710
41.832,138.948,212.547,185.710
41.048,136.597,212.547,185.710
43.399,135.813,212.547,185.710
42.615,141.298,212.547,185.710
41.832,138.947,212.547,185.710
41.048,136.597,212.547,185.710
43.399,135.813,212.547,185.710
42.615,139.731,212.547,185.710
40.265,137.380,212.547,185.710
42.615,135.030,212.547,185.710
43.399,142.082,212.547,185.710
41.048,138.164,212.547,185.710
41.832,135.813,212.547,185.710
42.615,139.731,212.547,185.710
40.265,137.380,212.547,185.710
42.615,135.030,212.547,185.710
43.399,142.082,212.547,185.710
41.048,138.164,212.547,185.710
41.832,135.813,212.547,185.710
41.048,139.731,212.547,185.710
40.265,135.813,212.547,185.710
42.615,135.030,212.547,185.710
41.832,142.082,212.547,185.710
39.481,138.164,212.547,185.710
41.832,134.246,212.547,185.710
42.615,141.298,212.547,185.710
40.265,137.380,212.547,185.710
41.048,135.030,212.547,185.710
44.966,142.082,212.547,185.710
39.481,138.164,212.547,185.710
40.265,134.246,212.547,185.710
42.615,139.731,212.547,185.710
40.265,137.380,212.547,185.710
39.481,133.463,212.547,185.710
40.265,138.947,212.547,185.710
37.914,135.030,212.547,185.710
40.265,134.246,212.547,185.710
42.615,139.731,212.547,185.710
40.265,137.380,212.547,185.710
42.615,135.030,212.547,185.710
43.399,142.082,212.547,185.710
41.048,138.164,212.547,185.710
43.399,135.813,212.547,185.710
44.182,141.298,212.547,185.710
41.832,138.947,212.547,185.710
42.615,138.164,212.547,185.710
41.832,137.380,212.547,185.710
42.615,141.298,212.547,185.710
41.832,138.947,212.547,185.710
42.615,139.731,212.547,185.710
41.832,138.947,212.547,185.710
41.833,138.662,208.015,181.750
39.532,134.828,208.015,181.750
41.209,143.160,212.617,185.771
40.425,139.241,212.617,185.771
41.209,136.889,212.617,185.771
43.560,143.943,212.617,185.771
42.776,141.592,212.617,185.771
41.993,140.808,212.617,185.771
41.209,140.025,212.617,185.771
41.993,139.241,212.617,185.771
41.209,138.457,212.617,185.771
43.560,140.808,212.617,185.771
42.776,141.592,212.617,185.771
42.864,143.603,217.321,189.881
40.460,139.597,217.321,189.881
41.262,138.796,217.321,189.881
41.351,139.189,222.129,194.083
35.619,136.733,222.129,194.083
39.713,135.914,222.129,194.083
42.170,136.733,222.129,194.083
42.989,142.465,222.129,194.083
38.894,138.370,222.129,194.083
36.438,137.551,222.129,194.083
35.619,141.646,222.129,194.083
35.620,139.769,217.392,189.944
33.216,137.365,217.392,189.944
35.620,142.974,217.392,189.944
33.216,140.570,217.392,189.944
35.620,144.577,217.392,189.944
34.818,143.776,217.392,189.944
38.825,149.385,217.392,189.944
44.435,151.790,217.392,189.944
47.850,157.171,222.202,194.146
48.669,157.990,222.202,194.146
52.160,158.392,227.118,198.442
52.253,160.540,232.143,202.832
52.349,157.408,237.279,207.320
53.224,165.281,237.279,207.320
55.848,173.153,237.279,207.320
54.130,166.322,242.529,211.907
56.812,172.580,242.529,211.907
51.643,172.255,237.357,207.388
56.018,174.880,237.357,207.388
58.643,170.505,237.357,207.388
61.268,166.130,237.357,207.388
56.893,163.505,237.357,207.388
50.768,169.630,237.357,207.388
53.393,163.505,237.357,207.388
52.518,162.630,237.357,207.388
55.143,158.255,237.357,207.388
50.083,157.936,232.296,202.965
52.652,158.792,232.296,202.965
49.352,160.131,227.342,198.637
47.737,159.826,222.494,194.401
45.276,154.085,222.494,194.401
42.816,151.624,222.494,194.401
42.816,152.906,217.749,190.255
42.014,150.498,217.749,190.255
41.211,148.090,217.749,190.255
38.803,147.287,217.749,190.255
38.000,148.090,217.749,190.255
37.198,150.498,217.749,190.255
36.395,149.695,217.749,190.255
35.592,153.709,217.749,190.255
34.789,151.301,217.749,190.255
35.592,153.709,217.749,190.255
34.789,154.512,217.749,190.255
33.987,155.314,217.749,190.255
34.789,154.512,217.749,190.255
33.987,156.920,217.749,190.255
36.395,152.906,217.749,190.255
35.592,156.920,217.749,190.255
36.395,152.906,217.749,190.255
35.592,156.920,217.749,190.255
36.395,154.512,217.749,190.255
35.592,160.131,217.749,190.255
38.000,157.722,217.749,190.255
38.803,161.736,217.749,190.255
39.606,159.328,217.749,190.255
40.408,161.736,217.749,190.255
39.606,162.539,217.749,190.255
42.014,161.736,217.749,190.255
42.816,162.539,217.749,190.255
43.619,163.341,217.749,190.255
42.816,164.144,217.749,190.255
