269.000,75.000,34.000,64.000
266.522,75.572,34.000,64.000
264.043,73.856,34.000,64.000
261.946,73.666,34.000,64.000
260.612,72.712,34.000,64.000
262.709,73.284,34.000,64.000
260.231,73.856,34.000,64.000
261.946,69.853,34.000,64.000
259.468,71.568,34.000,64.000
260.802,68.328,34.000,64.000
259.849,65.087,34.000,64.000
260.040,62.990,34.000,64.000
257.562,62.418,34.000,64.000
255.083,62.990,34.000,64.000
252.986,64.324,34.000,64.000
250.127,66.802,34.000,64.000
246.886,68.900,34.000,64.000
242.120,70.615,34.000,64.000
239.359,72.584,33.275,62.635
236.656,74.870,32.565,61.299
233.917,74.322,32.565,61.299
236.291,71.949,32.565,61.299
237.204,73.227,32.565,61.299
238.847,73.775,32.565,61.299
237.934,72.131,32.565,61.299
236.656,73.775,32.565,61.299
236.108,75.053,32.565,61.299
238.847,72.314,32.565,61.299
240.856,73.957,32.565,61.299
242.499,74.870,32.565,61.299
241.951,72.497,32.565,61.299
239.943,75.966,32.565,61.299
239.030,74.322,32.565,61.299
237.387,71.584,32.565,61.299
233.187,69.210,32.565,61.299
229.718,67.566,32.565,61.299
222.348,71.246,33.286,62.656
222.908,68.073,33.286,62.656
220.855,68.259,33.286,62.656
221.788,71.059,33.286,62.656
223.841,73.112,33.286,62.656
224.774,70.312,33.286,62.656
225.707,73.112,33.286,62.656
226.640,81.137,33.286,62.656
226.827,83.937,33.286,62.656
227.760,88.976,33.286,62.656
228.320,90.282,33.286,62.656
231.733,88.972,32.576,61.320
232.961,87.689,31.881,60.012
233.140,88.583,31.881,60.012
235.464,89.119,31.881,60.012
237.430,88.225,31.881,60.012
237.966,89.834,31.881,60.012
237.430,91.800,31.881,60.012
232.603,88.761,31.881,60.012
225.989,87.153,31.881,60.012
221.878,91.264,31.881,60.012
218.481,91.800,31.881,60.012
215.085,99.487,31.881,60.012
214.191,95.733,31.881,60.012
216.157,89.834,31.881,60.012
216.336,87.510,31.881,60.012
217.587,83.756,31.881,60.012
218.839,85.723,31.881,60.012
220.805,84.471,31.881,60.012
222.414,85.365,31.881,60.012
226.168,87.689,31.881,60.012
228.134,85.723,31.881,60.012
226.883,83.041,31.881,60.012
227.062,87.510,31.881,60.012
225.810,90.907,31.881,60.012
223.844,94.303,31.881,60.012
227.802,97.872,31.201,58.732
229.727,96.297,31.201,58.732
232.001,98.572,31.201,58.732
233.576,94.548,31.201,58.732
235.500,95.773,31.201,58.732
239.174,96.647,31.201,58.732
241.448,97.522,31.201,58.732
245.822,100.146,31.201,58.732
248.446,102.421,31.201,58.732
247.222,97.697,31.201,58.732
249.146,99.971,31.201,58.732
248.971,102.946,31.201,58.732
249.496,104.870,31.201,58.732
248.271,109.244,31.201,58.732
245.647,106.969,31.201,58.732
244.422,106.095,31.201,58.732
264.192,86.325,31.201,58.732
261.567,84.401,31.201,58.732
254.143,81.029,31.892,60.032
234.652,93.725,31.892,60.032
236.340,89.907,32.597,61.360
239.962,92.831,33.319,62.717
238.654,90.776,33.319,62.717
239.962,88.347,33.319,62.717
242.764,96.007,33.319,62.717
246.901,98.296,32.608,61.380
247.425,105.824,31.913,60.071
251.182,102.782,31.913,60.071
256.955,102.674,32.619,61.400
257.504,100.296,32.619,61.400
260.248,97.919,32.619,61.400
261.162,97.736,32.619,61.400
258.419,92.066,32.619,61.400
254.212,90.054,32.619,61.400
250.371,93.529,32.619,61.400
239.574,89.624,33.340,62.759
225.179,81.586,33.340,62.759
216.471,80.697,34.078,64.147
213.604,78.978,34.078,64.147
227.553,64.647,34.078,64.147
230.419,61.781,34.078,64.147
230.228,63.118,34.078,64.147
229.655,64.456,34.078,64.147
227.171,68.851,34.078,64.147
235.387,65.602,34.078,64.147
239.018,68.086,34.078,64.147
236.152,74.392,34.078,64.147
244.750,80.697,34.078,64.147
247.998,84.710,34.078,64.147
251.629,82.608,34.078,64.147
258.317,85.857,34.078,64.147
262.499,88.517,34.832,65.566
266.369,88.805,35.603,67.017
271.153,87.442,36.390,68.500
281.151,81.525,36.390,68.500
285.028,84.586,36.390,68.500
289.313,82.341,36.390,68.500
291.663,86.029,37.196,70.015
294.374,89.157,37.196,70.015
299.171,83.943,37.196,70.015
307.304,86.237,37.196,70.015
309.598,88.532,37.196,70.015
311.476,90.826,37.196,70.015
309.598,95.205,37.196,70.015
311.893,94.997,37.196,70.015
310.433,93.120,37.196,70.015
307.721,90.826,37.196,70.015
305.010,92.703,37.196,70.015
300.630,92.494,37.196,70.015
295.834,90.617,37.196,70.015
290.620,89.992,37.196,70.015
286.240,86.029,37.196,70.015
283.529,82.066,37.196,70.015
282.486,78.104,37.196,70.015
279.775,75.392,37.196,70.015
278.315,76.852,37.196,70.015
277.272,80.815,37.196,70.015
275.812,82.692,37.196,70.015
274.352,84.569,37.196,70.015
277.063,83.109,37.196,70.015
279.358,79.981,37.196,70.015
282.069,82.692,37.196,70.015
283.946,84.152,37.196,70.015
286.554,86.708,36.402,68.522
288.391,85.279,36.402,68.522
290.228,83.034,36.402,68.522
293.289,79.564,36.402,68.522
295.535,76.502,36.402,68.522
297.780,77.523,36.402,68.522
298.392,79.360,36.402,68.522
296.963,82.013,36.402,68.522
297.576,80.584,36.402,68.522
296.147,82.421,36.402,68.522
300.025,79.768,36.402,68.522
299.413,77.523,36.402,68.522
297.576,79.768,36.402,68.522
295.330,82.013,36.402,68.522
296.351,82.625,36.402,68.522
292.881,80.788,36.402,68.522
297.984,83.034,36.402,68.522
301.045,80.788,36.402,68.522
309.500,82.896,35.626,67.061
312.496,80.699,35.626,67.061
311.098,82.497,35.626,67.061
310.099,83.495,35.626,67.061
311.897,82.097,35.626,67.061
314.893,79.900,35.626,67.061
322.284,77.702,35.626,67.061
325.680,75.905,35.626,67.061
331.074,70.911,35.626,67.061
332.472,68.713,35.626,67.061
329.076,76.903,35.626,67.061
330.874,74.307,35.626,67.061
333.071,75.705,35.626,67.061
334.469,76.704,35.626,67.061
336.267,78.102,35.626,67.061
334.529,77.854,34.866,65.631
333.161,79.614,34.866,65.631
333.747,82.546,34.866,65.631
334.725,86.261,34.866,65.631
337.546,84.134,34.123,64.231
339.651,82.029,34.123,64.231
339.461,86.218,33.395,62.861
341.147,89.027,33.395,62.861
341.708,87.716,33.395,62.861
343.768,84.907,33.395,62.861
348.075,82.099,33.395,62.861
350.883,84.533,33.395,62.861
354.067,88.091,33.395,62.861
356.875,90.525,33.395,62.861
355.565,88.091,33.395,62.861
355.752,96.142,33.395,62.861
354.067,98.577,33.395,62.861
350.883,95.393,33.395,62.861
349.198,98.577,33.395,62.861
345.640,99.887,33.395,62.861
337.963,101.947,33.395,62.861
334.031,104.007,33.395,62.861
331.971,101.947,33.395,62.861
331.786,98.466,32.683,61.521
331.969,95.351,32.683,61.521
331.419,97.000,32.683,61.521
333.435,99.383,32.683,61.521
332.886,97.000,32.683,61.521
333.802,99.749,32.683,61.521
334.771,100.780,33.406,62.882
336.832,97.970,33.406,62.882
339.641,98.907,33.406,62.882
342.451,100.592,33.406,62.882
343.762,99.281,33.406,62.882
343.575,101.342,33.406,62.882
344.886,103.777,33.406,62.882
347.321,100.967,33.406,62.882
349.663,98.207,32.694,61.541
349.846,99.857,32.694,61.541
350.763,100.040,32.694,61.541
350.213,98.024,32.694,61.541
352.596,100.774,32.694,61.541
352.413,102.423,32.694,61.541
351.130,103.707,32.694,61.541
350.213,100.590,32.694,61.541
348.563,101.873,32.694,61.541
350.580,103.890,32.694,61.541
350.030,104.073,32.694,61.541
351.680,106.090,32.694,61.541
352.912,106.216,31.997,60.229
354.526,103.884,31.997,60.229
355.782,100.834,31.997,60.229
358.114,103.166,31.997,60.229
360.088,101.551,31.997,60.229
362.420,102.807,31.997,60.229
365.470,104.781,31.997,60.229
367.444,106.754,31.997,60.229
369.417,107.292,31.997,60.229
371.390,103.884,31.997,60.229
372.288,105.139,31.997,60.229
371.390,103.525,31.997,60.229
369.058,105.498,31.997,60.229
366.008,107.472,31.997,60.229
364.752,105.498,31.997,60.229
366.726,103.166,31.997,60.229
365.511,99.831,31.314,58.944
366.691,101.306,30.646,57.687
368.237,103.196,30.646,57.687
366.347,100.275,30.646,57.687
364.801,100.446,30.646,57.687
362.910,100.962,30.646,57.687
360.677,104.227,30.646,57.687
358.786,100.275,30.646,57.687
356.553,98.041,30.646,57.687
356.381,99.587,30.646,57.687
352.772,97.697,30.646,57.687
349.851,98.900,30.646,57.687
346.930,97.010,30.646,57.687
344.696,98.213,30.646,57.687
345.899,99.415,30.646,57.687
344.009,97.182,30.646,57.687
345.555,95.635,30.646,57.687
347.102,97.525,30.646,57.687
347.961,100.103,30.646,57.687
349.778,101.877,29.993,56.457
351.233,104.262,29.353,55.253
352.714,107.719,29.353,55.253
354.524,105.579,29.353,55.253
356.335,106.731,29.353,55.253
358.474,107.883,29.353,55.253
360.614,108.706,29.353,55.253
361.766,110.516,29.353,55.253
361.272,108.706,29.353,55.253
362.095,110.846,29.353,55.253
363.906,108.377,29.353,55.253
363.412,107.554,29.353,55.253
365.223,109.364,29.353,55.253
366.375,111.833,29.353,55.253
368.843,113.314,29.353,55.253
369.950,115.966,28.727,54.075
371.721,116.449,28.727,54.075
376.070,115.322,28.727,54.075
382.675,112.583,28.727,54.075
388.312,110.811,28.727,54.075
395.238,108.717,28.727,54.075
