336.000,165.000,26.000,61.000
337.174,165.839,26.000,61.000
335.329,166.007,26.000,61.000
333.475,165.854,26.575,62.350
332.960,166.711,26.575,62.350
329.702,167.226,26.575,62.350
328.845,166.025,26.575,62.350
327.302,167.226,26.575,62.350
326.787,167.054,26.575,62.350
329.360,167.912,26.575,62.350
332.617,168.083,26.575,62.350
333.925,165.436,27.163,63.729
331.646,163.158,27.163,63.729
328.667,165.086,27.163,63.729
326.388,166.313,27.163,63.729
327.724,163.971,27.764,65.139
324.257,165.295,28.378,66.580
319.574,170.828,29.006,68.053
319.836,167.162,29.648,69.559
323.470,164.675,29.648,69.559
326.723,163.336,29.648,69.559
325.766,162.762,29.648,69.559
327.105,161.423,29.648,69.559
326.914,158.936,29.648,69.559
325.192,157.597,29.648,69.559
322.705,158.554,29.648,69.559
321.749,158.745,29.648,69.559
324.236,157.406,29.648,69.559
323.662,155.684,29.648,69.559
326.149,153.580,29.648,69.559
328.636,151.858,29.648,69.559
328.062,153.197,29.648,69.559
329.783,153.771,29.648,69.559
328.062,150.902,29.648,69.559
330.166,152.241,29.648,69.559
328.827,150.137,29.648,69.559
328.636,151.476,29.648,69.559
327.712,153.683,30.304,71.098
329.081,149.968,30.304,71.098
328.103,152.510,30.304,71.098
329.081,150.359,30.304,71.098
330.841,148.991,30.304,71.098
332.600,151.141,30.304,71.098
332.796,150.946,30.304,71.098
331.427,149.186,30.304,71.098
329.667,149.382,30.304,71.098
329.802,148.820,29.658,69.582
330.672,149.378,29.025,68.098
332.357,151.063,29.025,68.098
332.545,152.374,29.025,68.098
329.697,154.536,29.668,69.605
331.803,150.133,29.668,69.605
335.440,153.004,29.668,69.605
335.632,153.578,29.668,69.605
335.057,152.238,29.668,69.605
337.546,150.899,29.668,69.605
336.940,149.242,29.035,68.120
337.791,151.232,28.416,66.668
339.441,153.616,28.416,66.668
335.591,154.899,28.416,66.668
332.841,155.816,28.416,66.668
332.291,153.066,28.416,66.668
333.574,150.682,28.416,66.668
334.124,152.699,28.416,66.668
331.374,153.249,28.416,66.668
331.557,151.232,28.416,66.668
329.150,149.924,29.044,68.143
328.557,149.386,28.425,66.690
330.208,151.037,28.425,66.690
327.039,152.012,29.054,68.165
323.411,153.008,29.697,69.673
320.920,155.116,29.697,69.673
320.345,151.092,29.697,69.673
322.070,149.751,29.697,69.673
326.094,153.392,29.697,69.673
327.435,150.517,29.697,69.673
326.477,149.559,29.697,69.673
326.285,148.218,29.697,69.673
327.243,146.877,29.697,69.673
324.752,148.218,29.697,69.673
324.178,149.176,29.697,69.673
320.537,158.182,29.697,69.673
321.777,154.308,29.063,68.187
323.090,151.495,29.063,68.187
324.777,152.807,29.063,68.187
325.340,153.745,29.063,68.187
326.278,152.432,29.063,68.187
325.340,153.745,29.063,68.187
325.108,151.399,28.444,66.733
326.649,153.349,27.837,65.310
327.119,157.335,27.243,63.917
328.257,161.236,26.663,62.554
326.355,162.507,27.252,63.938
329.188,157.935,26.671,62.575
331.426,155.697,26.671,62.575
333.663,155.869,26.671,62.575
336.932,158.795,26.671,62.575
338.244,159.353,27.261,63.959
339.124,157.066,27.261,63.959
338.244,154.076,27.261,63.959
341.078,160.692,26.680,62.595
339.529,162.929,26.680,62.595
338.668,162.757,26.680,62.595
337.459,160.604,26.111,61.261
337.291,158.414,26.111,61.261
342.850,158.582,26.111,61.261
344.030,166.501,26.111,61.261
345.546,167.680,26.111,61.261
344.367,164.142,26.111,61.261
345.209,156.561,26.111,61.261
348.898,162.897,25.554,59.954
350.282,166.238,25.009,58.676
352.571,168.264,24.476,57.424
352.729,167.158,24.476,57.424
353.933,160.461,25.017,58.695
359.583,164.496,25.017,58.695
362.494,169.323,24.484,57.443
366.128,169.165,24.484,57.443
367.988,170.988,25.026,58.714
368.149,163.722,25.026,58.714
369.045,156.874,25.579,60.013
367.906,151.244,26.145,61.341
370.436,165.920,26.145,61.341
364.869,167.439,26.145,61.341
363.685,167.605,25.588,60.033
369.133,165.789,25.588,60.033
377.223,167.275,25.588,60.033
375.407,167.770,25.588,60.033
374.911,169.586,25.588,60.033
372.105,171.402,25.588,60.033
379.857,169.974,25.042,58.753
382.280,168.196,25.042,58.753
384.704,169.651,25.042,58.753
382.604,174.336,25.042,58.753
377.918,176.760,25.042,58.753
377.718,175.673,24.508,57.500
384.228,176.744,23.985,56.273
386.859,176.279,23.985,56.273
389.799,177.363,23.985,56.273
389.026,178.446,23.985,56.273
390.728,177.053,23.985,56.273
393.359,175.351,23.985,56.273
393.575,171.999,24.516,57.519
398.163,182.281,24.516,57.519
397.688,184.021,24.516,57.519
397.530,182.281,24.516,57.519
403.066,180.224,24.516,57.519
406.388,181.964,24.516,57.519
410.343,184.021,24.516,57.519
412.533,179.610,25.059,58.791
410.075,179.798,25.613,60.092
412.885,178.311,25.613,60.092
415.229,178.792,25.067,58.810
416.275,181.758,24.532,57.556
415.484,181.916,24.532,57.556
415.959,182.707,24.532,57.556
412.002,180.017,24.532,57.556
409.944,179.225,24.532,57.556
416.434,179.700,24.532,57.556
416.909,179.858,24.532,57.556
418.017,178.117,24.532,57.556
415.642,177.326,24.532,57.556
414.851,175.901,24.532,57.556
419.013,176.742,25.075,58.830
420.583,178.609,25.630,60.131
423.063,182.082,25.630,60.131
425.874,182.909,25.630,60.131
428.857,182.753,25.083,58.849
440.996,181.944,25.083,58.849
447.631,182.753,25.083,58.849
449.411,181.297,25.083,58.849
453.134,176.279,25.083,58.849
455.375,172.102,25.638,60.151
458.009,172.295,26.205,61.482
459.869,169.421,26.205,61.482
461.509,164.706,26.785,62.842
463.756,174.557,26.785,62.842
462.921,167.586,27.378,64.233
463.098,165.289,27.378,64.233
465.748,167.586,27.378,64.233
468.397,165.996,27.378,64.233
468.221,166.526,27.378,64.233
468.751,163.170,27.378,64.233
468.221,164.053,27.378,64.233
465.924,165.643,27.378,64.233
469.281,162.993,27.378,64.233
471.577,172.709,27.378,64.233
472.107,175.712,27.378,64.233
470.164,175.182,27.378,64.233
468.578,172.822,27.984,65.654
466.592,174.447,27.984,65.654
466.050,176.072,27.984,65.654
465.509,176.252,27.984,65.654
463.513,172.716,28.603,67.106
449.303,169.579,28.603,67.106
451.702,167.179,28.603,67.106
455.577,162.935,28.603,67.106
455.762,165.703,28.603,67.106
454.101,173.639,28.603,67.106
452.809,172.716,28.603,67.106
450.779,171.424,28.603,67.106
452.071,170.871,28.603,67.106
458.899,171.055,28.603,67.106
455.393,167.918,28.603,67.106
456.685,168.102,28.603,67.106
447.272,162.381,28.603,67.106
444.135,159.613,28.603,67.106
453.178,157.583,28.603,67.106
455.577,155.922,28.603,67.106
451.791,162.863,27.993,65.675
451.610,168.101,27.993,65.675
445.816,165.842,27.396,64.275
443.164,162.483,27.396,64.275
448.998,160.185,27.396,64.275
450.942,161.069,27.396,64.275
450.412,159.125,27.396,64.275
445.081,157.254,26.812,62.904
445.946,156.390,26.812,62.904
445.427,156.562,26.812,62.904
447.547,158.067,26.240,61.563
450.426,161.961,26.240,61.563
448.563,163.823,26.240,61.563
446.341,162.615,26.820,62.925
445.146,158.508,27.414,64.317
448.507,154.793,27.414,64.317
452.380,156.332,26.829,62.945
456.361,158.928,26.829,62.945
455.149,161.179,26.829,62.945
450.363,157.429,27.423,64.338
451.247,153.713,27.423,64.338
453.194,151.413,27.423,64.338
455.140,149.113,27.423,64.338
458.502,150.706,27.423,64.338
462.218,153.360,27.423,64.338
461.731,152.097,28.029,65.761
466.252,149.746,28.029,65.761
471.135,147.033,28.029,65.761
478.550,143.959,28.029,65.761
486.308,143.794,28.650,67.216
494.622,145.544,29.283,68.703
500.479,138.553,29.283,68.703
503.313,137.986,29.283,68.703
510.728,135.987,28.659,67.238
519.419,132.104,28.659,67.238
527.740,132.658,28.659,67.238
530.144,130.624,28.659,67.238
532.548,127.851,28.659,67.238
533.843,125.447,28.659,67.238
532.178,121.933,28.659,67.238
534.582,121.378,28.659,67.238
536.246,124.152,28.659,67.238
537.171,130.994,28.659,67.238
533.658,129.330,28.659,67.238
531.646,123.809,28.048,65.805
529.293,120.732,28.048,65.805
527.303,120.551,28.048,65.805
526.760,122.542,28.048,65.805
525.489,124.813,27.450,64.401
522.478,122.511,27.450,64.401
520.530,124.105,27.450,64.401
516.810,121.094,27.450,64.401
515.571,121.271,27.450,64.401
515.351,125.884,26.864,63.028
511.364,128.484,26.864,63.028
510.151,126.231,26.864,63.028
507.156,122.836,27.459,64.422
502.992,118.999,28.066,65.848
500.240,116.579,28.687,67.305
500.425,117.875,28.687,67.305
496.459,118.090,29.322,68.794
492.486,111.469,29.322,68.794
490.026,107.874,29.322,68.794
489.080,105.036,29.322,68.794
485.026,106.042,29.971,70.316
482.512,109.716,29.971,70.316
483.479,110.296,29.971,70.316
482.144,106.107,30.634,71.871
483.528,97.213,30.634,71.871
482.984,90.881,31.312,73.462
483.186,93.103,31.312,73.462
482.176,102.195,31.312,73.462
482.378,101.993,31.312,73.462
480.145,98.036,32.004,75.087
479.577,93.135,32.712,76.748
482.321,89.968,32.712,76.748
484.220,93.135,32.712,76.748
484.953,94.256,33.436,78.446
487.327,95.335,33.436,78.446
489.268,92.962,33.436,78.446
490.913,85.603,34.176,80.182
492.456,80.090,34.176,80.182
493.559,79.429,34.176,80.182
487.164,87.588,34.176,80.182
483.812,88.760,34.932,81.956
484.037,88.084,34.932,81.956
481.107,86.506,34.932,81.956
476.825,83.576,34.932,81.956
478.543,87.580,35.705,83.769
477.431,89.760,36.495,85.623
474.828,90.035,37.302,87.517
473.625,87.387,37.302,87.517
469.052,85.702,37.302,87.517
464.479,84.980,37.302,87.517
459.425,80.889,37.302,87.517
449.773,85.164,38.128,89.453
442.354,89.201,37.315,87.546
436.817,90.886,37.315,87.546
431.158,88.669,38.140,89.483
423.843,88.445,38.984,91.462
418.975,89.260,39.847,93.486
424.136,90.626,40.728,95.554
428.865,93.113,41.629,97.669
424.782,93.426,42.550,99.830
423.409,94.799,42.550,99.830
420.389,90.681,42.550,99.830
425.342,87.247,41.643,97.701
420.774,88.053,41.643,97.701
416.743,85.635,41.643,97.701
416.475,88.053,41.643,97.701
416.293,91.711,42.564,99.862
413.272,91.986,42.564,99.862
411.899,91.711,42.564,99.862
413.676,92.511,41.657,97.733
410.234,96.403,40.768,95.649
412.602,97.192,40.768,95.649
416.547,93.772,40.768,95.649
421.019,91.405,40.768,95.649
419.178,90.616,40.768,95.649
416.284,91.931,40.768,95.649
414.443,93.246,40.768,95.649
415.758,95.614,40.768,95.649
410.760,95.351,40.768,95.649
407.899,94.596,39.899,93.609
409.565,96.835,39.048,91.613
429.973,53.248,39.048,91.613
432.575,56.410,38.215,89.659
433.220,58.554,37.400,87.747
432.013,59.278,37.400,87.747
430.348,63.065,38.228,89.688
429.669,65.911,39.074,91.673
426.360,68.820,39.938,93.701
426.185,67.516,40.822,95.774
426.975,69.887,40.822,95.774
427.766,69.624,40.822,95.774
430.136,74.628,40.822,95.774
433.033,77.525,40.822,95.774
436.984,77.262,40.822,95.774
432.507,80.159,40.822,95.774
435.404,78.842,40.822,95.774
433.033,82.266,40.822,95.774
