478.000,143.000,80.000,111.000
474.627,141.876,80.000,111.000
473.503,140.002,80.000,111.000
473.128,136.629,80.000,111.000
472.004,134.006,80.000,111.000
470.880,131.383,80.000,111.000
469.756,129.509,80.000,111.000
468.631,128.385,80.000,111.000
467.507,126.511,80.000,111.000
467.132,125.387,80.000,111.000
467.507,124.263,80.000,111.000
465.633,123.139,80.000,111.000
466.008,122.764,80.000,111.000
465.633,123.139,80.000,111.000
465.259,121.265,80.000,111.000
465.633,119.391,80.000,111.000
463.760,119.016,80.000,111.000
462.635,119.391,80.000,111.000
460.762,122.014,80.000,111.000
458.888,120.890,80.000,111.000
457.764,125.012,80.000,111.000
454.391,122.389,80.000,111.000
452.517,125.012,80.000,111.000
448.395,123.888,80.000,111.000
445.022,128.010,80.000,111.000
440.151,125.387,80.000,111.000
433.780,131.008,80.000,111.000
427.410,135.130,80.000,111.000
421.039,140.002,80.000,111.000
411.670,144.874,80.000,111.000
399.304,149.745,80.000,111.000
392.184,153.118,80.000,111.000
383.565,154.242,80.000,111.000
372.697,156.866,80.000,111.000
360.908,160.577,78.294,108.633
349.370,162.796,76.624,106.316
339.463,165.660,74.990,104.049
327.168,166.011,74.990,104.049
314.873,168.470,74.990,104.049
302.579,170.929,74.990,104.049
288.176,172.685,74.990,104.049
280.097,175.144,74.990,104.049
273.423,176.901,74.990,104.049
267.855,177.572,76.649,106.351
262.910,177.513,78.345,108.704
259.378,178.214,80.079,111.109
258.881,179.709,81.850,113.568
260.760,180.442,83.661,116.080
259.584,177.699,83.661,116.080
263.131,177.634,85.512,118.648
264.333,175.631,85.512,118.648
267.137,172.827,85.512,118.648
270.742,170.023,85.512,118.648
272.745,166.418,85.512,118.648
275.549,160.410,85.512,118.648
277.512,151.201,87.404,121.274
276.970,140.090,89.338,123.957
278.152,127.864,91.315,126.699
278.474,115.367,93.335,129.503
278.911,99.191,93.335,129.503
276.725,88.260,93.335,129.503
278.036,79.079,93.335,129.503
276.725,69.023,93.335,129.503
275.413,60.716,93.335,129.503
274.102,54.158,93.335,129.503
273.664,48.474,93.335,129.503
272.353,43.665,93.335,129.503
271.916,38.856,93.335,129.503
271.478,34.046,93.335,129.503
271.916,30.986,93.335,129.503
273.227,28.800,93.335,129.503
274.539,27.488,93.335,129.503
277.599,27.051,93.335,129.503
281.534,27.488,93.335,129.503
286.343,29.674,93.335,129.503
289.404,31.860,93.335,129.503
295.877,31.977,91.345,126.741
303.151,34.972,91.345,126.741
311.961,35.086,89.397,124.038
318.969,40.849,87.490,121.393
327.407,41.748,85.625,118.804
336.439,42.628,83.799,116.271
346.034,42.733,82.012,113.791
356.166,42.835,80.263,111.365
366.806,45.110,78.551,108.990
381.475,48.755,76.876,106.665
395.137,49.545,75.237,104.391
404.432,53.715,73.632,102.165
414.858,53.807,72.062,99.986
433.424,56.845,72.062,99.986
448.614,56.508,72.062,99.986
462.176,52.250,73.656,102.198
471.491,60.185,73.656,102.198
477.357,72.951,73.656,102.198
484.603,78.127,73.656,102.198
500.819,83.302,73.656,102.198
508.064,86.408,73.656,102.198
513.930,88.133,73.656,102.198
519.105,90.548,73.656,102.198
522.228,93.355,75.286,104.459
521.875,97.234,75.286,104.459
519.407,102.524,75.286,104.459
516.233,106.403,75.286,104.459
511.648,110.283,75.286,104.459
505.653,114.162,75.286,104.459
496.405,119.226,76.952,106.770
487.700,124.403,78.654,109.133
480.700,129.930,78.654,109.133
475.173,134.719,78.654,109.133
469.646,138.772,78.654,109.133
463.383,133.982,78.654,109.133
455.646,136.561,78.654,109.133
447.171,137.667,78.654,109.133
438.697,140.246,78.654,109.133
430.223,145.036,78.654,109.133
422.855,149.562,80.394,111.547
413.760,152.626,82.173,114.015
406.447,156.860,82.173,114.015
399.903,161.094,82.173,114.015
393.359,166.098,82.173,114.015
386.046,171.102,82.173,114.015
379.502,176.106,82.173,114.015
372.959,180.341,82.173,114.015
365.645,184.575,82.173,114.015
356.504,184.677,80.421,111.584
349.346,188.068,80.421,111.584
341.435,189.951,80.421,111.584
334.278,192.588,80.421,111.584
329.380,194.472,80.421,111.584
323.410,191.283,82.200,114.053
319.944,193.209,82.200,114.053
317.249,194.364,82.200,114.053
320.714,193.209,82.200,114.053
324.950,190.513,82.200,114.053
327.645,193.209,82.200,114.053
334.191,189.743,82.200,114.053
341.377,193.557,80.447,111.620
350.798,196.949,80.447,111.620
360.219,201.094,80.447,111.620
373.063,205.553,78.732,109.240
383.020,210.348,78.732,109.240
392.481,214.113,80.473,111.657
403.714,220.309,82.254,114.127
411.999,224.243,84.074,116.652
428.146,227.000,84.074,116.652
437.991,232.120,84.074,116.652
445.474,238.027,84.074,116.652
451.381,243.935,84.074,116.652
454.946,247.139,85.934,119.233
458.569,249.956,85.934,119.233
460.581,248.749,85.934,119.233
458.569,248.346,85.934,119.233
456.556,247.944,85.934,119.233
452.933,243.516,85.934,119.233
452.531,237.478,85.934,119.233
449.713,230.634,85.934,119.233
445.004,224.721,87.835,121.871
440.190,221.239,89.779,124.568
438.087,219.136,89.779,124.568
440.148,216.449,91.765,127.324
439.718,214.300,91.765,127.324
441.868,211.291,91.765,127.324
441.299,205.869,93.795,130.141
443.495,202.793,93.795,130.141
441.090,201.809,95.870,133.020
438.632,201.735,97.992,135.963
434.214,200.708,100.160,138.972
429.699,197.710,102.376,142.046
424.088,196.636,104.641,145.189
416.320,192.487,106.956,148.401
408.379,190.326,109.322,151.685
401.722,187.765,109.322,151.685
394.040,191.350,109.322,151.685
384.310,188.789,109.322,151.685
371.508,187.253,109.322,151.685
349.488,183.668,109.322,151.685
330.540,180.084,109.322,151.685
319.786,178.547,109.322,151.685
303.676,174.735,106.991,148.450
285.977,172.937,104.709,145.284
273.384,170.231,102.476,142.186
264.263,173.591,102.476,142.186
251.302,169.271,102.476,142.186
242.182,165.911,102.476,142.186
234.021,165.431,102.476,142.186
229.099,168.335,100.291,139.154
222.992,170.684,100.291,139.154
216.884,171.154,100.291,139.154
210.777,176.321,100.291,139.154
203.730,179.610,100.291,139.154
196.683,182.898,100.291,139.154
189.636,186.187,100.291,139.154
183.529,189.475,100.291,139.154
178.361,189.945,100.291,139.154
174.133,194.173,100.291,139.154
169.905,194.643,100.291,139.154
165.677,196.053,100.291,139.154
162.388,198.402,100.291,139.154
160.039,200.751,100.291,139.154
157.690,198.402,100.291,139.154
158.160,202.630,100.291,139.154
154.872,199.341,100.291,139.154
156.281,203.569,100.291,139.154
153.932,199.341,100.291,139.154
150.643,197.932,100.291,139.154
151.113,194.643,100.291,139.154
146.885,189.475,100.291,139.154
143.597,183.368,100.291,139.154
140.308,178.200,100.291,139.154
136.080,171.154,100.291,139.154
130.912,161.288,100.291,139.154
124.805,150.483,100.291,139.154
121.516,137.798,100.291,139.154
117.288,126.053,100.291,139.154
114.000,110.550,100.291,139.154
111.899,100.714,98.152,136.186
110.730,90.200,96.059,133.282
114.780,80.751,96.059,133.282
117.972,72.197,94.011,130.440
121.936,59.426,94.011,130.440
124.212,51.903,92.006,127.658
127.229,36.819,92.006,127.658
132.831,29.492,92.006,127.658
141.020,22.165,92.006,127.658
150.071,15.701,92.006,127.658
159.983,10.098,92.006,127.658
169.896,6.219,92.006,127.658
178.085,3.202,92.006,127.658
186.958,2.486,90.044,124.936
196.660,2.065,90.044,124.936
214.288,2.990,88.124,122.272
222.957,1.752,88.124,122.272
233.843,4.249,86.244,119.664
242.940,5.136,84.405,117.112
249.557,9.052,82.605,114.615
255.286,10.647,80.844,112.171
256.513,11.478,79.120,109.779
259.107,13.331,79.120,109.779
259.478,15.184,79.120,109.779
259.107,18.520,79.120,109.779
257.995,20.373,79.120,109.779
259.107,21.485,79.120,109.779
257.254,24.820,79.120,109.779
256.142,25.932,79.120,109.779
255.200,30.318,77.432,107.437
256.288,32.857,77.432,107.437
256.065,36.450,75.781,105.146
257.215,40.650,74.165,102.904
256.331,44.761,72.583,100.710
258.031,47.141,72.583,100.710
259.051,50.201,72.583,100.710
261.431,50.541,72.583,100.710
264.499,52.598,71.036,98.562
266.163,54.262,71.036,98.562
269.158,53.929,71.036,98.562
272.153,53.596,71.036,98.562
273.151,58.588,71.036,98.562
276.146,57.589,71.036,98.562
278.475,55.260,71.036,98.562
282.801,51.600,71.036,98.562
285.796,51.267,71.036,98.562
286.128,52.931,71.036,98.562
286.461,53.929,71.036,98.562
288.125,53.596,71.036,98.562
287.127,54.595,71.036,98.562
288.125,54.262,71.036,98.562
286.461,55.926,71.036,98.562
286.128,56.924,71.036,98.562
284.465,60.584,71.036,98.562
283.466,63.579,71.036,98.562
281.137,66.574,71.036,98.562
280.139,68.237,71.036,98.562
279.141,69.236,71.036,98.562
278.142,70.899,71.036,98.562
279.806,72.563,71.036,98.562
279.473,75.558,71.036,98.562
282.468,78.553,71.036,98.562
280.804,81.548,71.036,98.562
283.134,84.542,71.036,98.562
284.853,87.838,69.521,96.460
283.876,90.118,69.521,96.460
285.505,93.049,69.521,96.460
285.179,95.980,69.521,96.460
284.202,98.259,69.521,96.460
285.179,101.190,69.521,96.460
285.606,103.788,68.038,94.403
287.253,107.559,66.587,92.390
284.446,110.367,66.587,92.390
286.006,113.798,66.587,92.390
288.219,118.691,65.167,90.420
290.385,122.303,63.778,88.491
291.929,126.414,62.418,86.604
292.806,129.046,62.418,86.604
296.571,132.506,61.086,84.757
299.719,134.509,61.086,84.757
301.749,138.446,59.784,82.950
303.710,140.407,59.784,82.950
305.110,142.927,59.784,82.950
306.557,146.241,58.509,81.181
308.502,148.956,57.261,79.450
308.337,150.061,56.040,77.756
312.730,154.686,54.845,76.097
317.611,158.539,54.845,76.097
319.923,160.338,54.845,76.097
321.721,161.108,54.845,76.097
320.573,160.682,53.675,74.475
322.836,162.944,53.675,74.475
322.196,163.496,52.531,72.886
319.982,165.711,52.531,72.886
318.407,163.879,51.410,71.332
318.166,164.120,51.410,71.332
318.889,165.324,51.410,71.332
321.056,166.047,51.410,71.332
323.229,167.039,50.314,69.811
323.465,165.861,50.314,69.811
321.815,164.211,50.314,69.811
323.465,163.975,50.314,69.811
321.815,161.854,50.314,69.811
323.465,160.204,50.314,69.811
321.344,157.612,50.314,69.811
320.165,153.605,50.314,69.811
318.987,149.127,50.314,69.811
316.866,144.178,50.314,69.811
316.159,135.929,50.314,69.811
318.751,130.508,50.314,69.811
320.395,124.601,51.427,71.355
321.118,118.578,51.427,71.355
321.359,113.037,51.427,71.355
323.527,107.015,51.427,71.355
326.177,101.956,51.427,71.355
328.357,96.418,52.565,72.934
331.066,91.247,52.565,72.934
333.774,85.584,52.565,72.934
336.514,79.923,53.728,74.548
339.314,74.659,54.917,76.197
342.144,69.257,54.917,76.197
344.974,63.340,54.917,76.197
349.347,57.424,54.917,76.197
353.720,51.507,54.917,76.197
359.122,47.134,54.917,76.197
365.553,43.275,54.917,76.197
373.014,39.416,54.917,76.197
380.474,35.043,54.917,76.197
386.905,30.670,54.917,76.197
395.909,25.782,54.917,76.197
402.507,20.936,56.132,77.883
410.132,21.725,56.132,77.883
418.283,22.513,56.132,77.883
429.938,23.016,57.374,79.606
437.732,24.897,57.374,79.606
447.139,27.316,57.374,79.606
455.470,30.810,57.374,79.606
465.414,37.529,57.374,79.606
476.212,49.196,58.643,81.368
480.408,53.711,59.941,83.168
484.115,60.073,61.267,85.008
486.117,67.768,62.622,86.889
487.584,76.861,62.622,86.889
484.357,83.608,62.622,86.889
482.303,90.942,62.622,86.889
480.250,97.102,62.622,86.889
478.373,103.401,61.287,85.036
475.789,110.004,61.287,85.036
471.483,114.884,61.287,85.036
468.325,119.190,61.287,85.036
465.741,124.071,61.287,85.036
462.583,129.525,61.287,85.036
460.574,133.258,61.287,85.036
460.861,138.712,61.287,85.036
461.148,144.167,61.287,85.036
462.009,150.770,61.287,85.036
463.445,156.799,61.287,85.036
464.306,162.828,61.287,85.036
465.741,168.282,61.287,85.036
464.306,172.588,61.287,85.036
466.890,175.746,61.287,85.036
468.899,179.479,61.287,85.036
471.483,180.914,61.287,85.036
472.344,180.627,61.287,85.036
475.502,182.637,61.287,85.036
476.909,181.398,62.643,86.917
475.303,179.523,64.029,88.840
478.002,180.423,64.029,88.840
476.503,179.523,64.029,88.840
475.603,178.623,64.029,88.840
476.450,176.085,65.446,90.806
473.691,174.552,65.446,90.806
473.385,173.019,65.446,90.806
473.691,170.260,65.446,90.806
475.224,166.888,65.446,90.806
475.454,160.476,66.894,92.815
476.340,152.622,68.374,94.868
477.245,145.259,69.886,96.967
478.882,140.349,69.886,96.967
479.127,133.502,71.433,99.113
482.139,127.144,71.433,99.113
483.143,122.125,71.433,99.113
484.816,116.437,71.433,99.113
483.143,112.756,71.433,99.113
485.485,107.737,71.433,99.113
483.812,103.387,71.433,99.113
485.485,99.037,71.433,99.113
483.143,94.018,71.433,99.113
484.816,88.999,71.433,99.113
483.320,84.573,69.909,96.999
480.373,79.660,69.909,96.999
478.080,74.748,69.909,96.999
474.478,69.181,69.909,96.999
471.751,61.693,68.418,94.931
467.337,49.670,69.932,97.031
456.707,42.819,71.479,99.178
444.988,45.163,71.479,99.178
431.930,42.149,71.479,99.178
416.862,43.823,71.479,99.178
411.170,42.819,71.479,99.178
405.800,40.972,69.955,97.063
394.987,37.367,69.955,97.063
384.173,33.763,69.955,97.063
376.636,30.158,69.955,97.063
363.856,26.553,69.955,97.063
355.008,22.293,69.955,97.063
343.539,20.000,69.955,97.063
334.692,18.361,69.955,97.063
327.155,17.378,69.955,97.063
319.618,16.395,69.955,97.063
309.459,16.067,69.955,97.063
303.233,15.740,69.955,97.063
297.007,18.034,69.955,97.063
290.781,16.395,69.955,97.063
283.899,17.378,69.955,97.063
278.984,17.706,69.955,97.063
274.069,18.034,69.955,97.063
266.532,17.050,69.955,97.063
260.961,16.723,69.955,97.063
257.356,18.361,69.955,97.063
255.063,18.689,69.955,97.063
254.080,20.327,69.955,97.063
253.096,21.966,69.955,97.063
254.735,26.226,69.955,97.063
253.752,29.830,69.955,97.063
250.147,33.435,69.955,97.063
246.543,35.729,69.955,97.063
241.627,38.678,69.955,97.063
236.057,40.972,69.955,97.063
228.275,42.954,68.463,94.993
221.540,46.482,68.463,94.993
217.633,52.132,67.003,92.967
221.070,55.241,65.574,90.985
220.289,58.875,64.176,89.044
217.583,63.385,64.176,89.044
214.277,67.293,64.176,89.044
213.976,71.802,64.176,89.044
215.530,78.836,62.808,87.145
214.781,85.721,61.468,85.287
213.494,90.793,60.157,83.468
214.950,94.671,58.874,81.688
217.971,97.934,57.619,79.946
214.813,100.130,58.894,81.715
213.303,104.092,60.197,83.523
215.841,170.921,60.197,83.523
216.052,174.970,61.529,85.371
216.867,176.119,62.890,87.260
215.394,172.289,62.890,87.260
216.867,167.870,62.890,87.260
216.572,165.219,62.890,87.260
216.278,167.281,62.890,87.260
214.805,168.165,62.890,87.260
215.688,165.513,62.890,87.260
215.983,167.576,62.890,87.260
216.867,167.870,62.890,87.260
216.118,165.109,61.549,85.399
218.136,166.551,61.549,85.399
216.118,168.569,61.549,85.399
214.676,171.741,61.549,85.399
215.541,173.759,61.549,85.399
215.757,174.310,62.911,87.288
213.695,175.194,62.911,87.288
214.579,174.310,62.911,87.288
213.105,173.426,62.911,87.288
215.161,173.989,64.302,89.220
214.257,171.880,64.302,89.220
215.161,172.181,64.302,89.220
214.976,170.520,62.931,87.317
215.270,172.583,62.931,87.317
214.880,172.535,64.324,89.249
215.106,171.235,65.747,91.224
215.977,172.462,67.201,93.242
215.032,171.518,67.201,93.242
215.977,171.833,67.201,93.242
214.403,171.518,67.201,93.242
215.347,171.833,67.201,93.242
216.291,172.148,67.201,93.242
215.347,172.462,67.201,93.242
216.291,171.518,67.201,93.242
214.717,171.203,67.201,93.242
215.662,172.777,67.201,93.242
214.088,171.833,67.201,93.242
215.662,170.889,67.201,93.242
214.088,171.833,67.201,93.242
215.662,170.889,67.201,93.242
214.088,171.833,67.201,93.242
215.662,170.259,67.201,93.242
214.088,172.462,67.201,93.242
215.662,170.889,67.201,93.242
213.458,171.833,67.201,93.242
213.143,171.518,67.201,93.242
212.829,170.574,67.201,93.242
213.143,170.259,67.201,93.242
214.088,172.462,67.201,93.242
214.403,171.518,67.201,93.242
214.717,170.574,67.201,93.242
215.032,170.259,67.201,93.242
215.977,172.463,67.201,93.242
215.032,170.259,67.201,93.242
215.977,171.203,67.201,93.242
215.032,170.259,67.201,93.242
215.977,170.574,67.201,93.242
215.032,169.629,67.201,93.242
216.575,170.231,68.688,95.305
213.679,169.909,68.688,95.305
215.931,169.587,68.688,95.305
214.323,170.553,68.688,95.305
215.288,170.231,68.688,95.305
213.527,169.510,70.208,97.413
215.171,169.181,70.208,97.413
213.527,170.168,70.208,97.413
215.171,169.181,70.208,97.413
212.869,170.168,70.208,97.413
215.829,170.497,70.208,97.413
213.346,170.443,71.761,99.569
214.993,168.993,73.349,101.772
212.588,167.962,73.349,101.772
214.306,168.306,73.349,101.772
213.276,169.336,73.349,101.772
213.534,168.567,74.972,104.023
213.885,167.513,74.972,104.023
213.534,167.162,74.972,104.023
213.182,168.216,74.972,104.023
212.831,167.865,74.972,104.023
213.885,168.216,74.972,104.023
213.533,167.865,74.972,104.023
213.182,167.513,74.972,104.023
212.831,167.162,74.972,104.023
213.885,168.216,74.972,104.023
214.236,167.865,74.972,104.023
213.182,166.811,74.972,104.023
213.533,167.865,74.972,104.023
213.182,167.513,74.972,104.023
212.831,167.162,74.972,104.023
213.885,168.216,74.972,104.023
214.236,167.865,74.972,104.023
213.182,166.811,74.972,104.023
213.533,167.865,74.972,104.023
213.885,167.513,74.972,104.023
214.236,167.162,74.972,104.023
213.182,166.811,74.972,104.023
213.534,167.865,74.972,104.023
213.885,167.513,74.972,104.023
214.938,167.162,74.972,104.023
213.885,167.513,74.972,104.023
214.236,167.162,74.972,104.023
213.182,167.513,74.972,104.023
213.534,167.865,74.972,104.023
213.182,168.216,74.972,104.023
213.534,167.865,74.972,104.023
214.587,167.513,74.972,104.023
214.236,166.460,74.972,104.023
213.885,168.216,74.972,104.023
214.938,168.567,74.972,104.023
213.885,166.811,74.972,104.023
214.236,167.865,74.972,104.023
212.480,166.811,74.972,104.023
212.831,167.865,74.972,104.023
213.885,168.216,74.972,104.023
212.129,168.567,74.972,104.023
210.373,167.513,74.972,104.023
211.511,167.607,73.373,101.805
208.417,168.638,73.373,101.805
205.110,168.582,74.996,104.058
301.596,186.748,76.656,106.360
286.156,187.825,76.656,106.360
275.552,189.998,75.021,104.092
267.794,192.127,76.681,106.395
260.611,198.031,78.377,108.749
252.506,193.400,80.111,111.155
244.223,190.223,81.884,113.614
236.935,187.539,81.884,113.614
229.264,185.884,83.696,116.128
222.237,184.192,85.547,118.697
217.027,182.990,85.547,118.697
213.421,180.185,85.547,118.697
212.059,177.625,87.440,121.323
214.926,178.853,87.440,121.323
218.612,176.805,87.440,121.323
223.118,175.577,87.440,121.323
227.623,174.348,87.440,121.323
234.586,173.119,87.440,121.323
242.369,171.890,87.440,121.323
251.789,171.481,87.440,121.323
259.572,171.071,87.440,121.323
268.173,170.662,87.440,121.323
275.136,170.252,87.440,121.323
281.280,169.023,87.440,121.323
289.714,169.132,85.575,118.736
271.715,172.394,87.469,121.363
264.750,176.081,87.469,121.363
260.807,170.063,89.404,124.048
261.225,166.294,89.404,124.048
261.540,161.011,91.382,126.793
258.543,157.158,91.382,126.793
259.828,153.306,91.382,126.793
260.256,150.309,91.382,126.793
261.540,147.313,91.382,126.793
262.824,142.604,91.382,126.793
262.396,138.752,91.382,126.793
264.536,135.755,91.382,126.793
266.677,131.903,91.382,126.793
271.385,128.050,91.382,126.793
275.260,124.427,93.404,129.598
279.197,121.364,93.404,129.598
283.135,116.551,93.404,129.598
286.198,111.738,93.404,129.598
288.385,106.050,93.404,129.598
289.698,102.988,93.404,129.598
289.261,100.800,93.404,129.598
288.823,98.612,93.404,129.598
290.136,97.300,93.404,129.598
289.698,95.112,93.404,129.598
290.136,92.925,93.404,129.598
290.710,94.728,91.412,126.834
292.923,94.842,89.463,124.130
294.180,96.100,89.463,124.130
297.113,96.519,89.463,124.130
300.047,98.614,89.463,124.130
305.444,97.918,87.555,121.482
311.517,100.399,85.688,118.892
315.138,103.601,83.860,116.356
317.102,104.780,83.860,116.356
319.852,108.315,83.860,116.356
322.602,110.279,83.860,116.356
325.352,112.243,83.860,116.356
330.411,117.649,82.072,113.875
333.871,119.571,82.072,113.875
338.081,126.344,80.322,111.447
341.467,131.235,80.322,111.447
344.854,136.126,80.322,111.447
348.240,139.513,80.322,111.447
352.379,144.404,80.322,111.447
354.260,147.790,80.322,111.447
356.894,152.681,80.322,111.447
353.507,157.573,80.322,111.447
351.626,161.711,80.322,111.447
348.240,166.603,80.322,111.447
344.854,171.494,80.322,111.447
341.467,176.385,80.322,111.447
336.576,180.524,80.322,111.447
331.685,186.168,80.322,111.447
324.536,192.564,80.322,111.447
318.140,198.960,80.322,111.447
311.743,203.852,80.322,111.447
306.100,207.238,80.322,111.447
300.456,209.872,80.322,111.447
297.822,214.010,80.322,111.447
296.693,218.149,80.322,111.447
297.822,221.535,80.322,111.447
298.198,222.664,80.322,111.447
301.585,224.545,80.322,111.447
302.713,224.922,80.322,111.447
305.347,226.050,80.322,111.447
304.971,228.684,80.322,111.447
308.357,229.060,80.322,111.447
304.971,227.932,80.322,111.447
307.605,229.060,80.322,111.447
305.723,228.684,80.322,111.447
306.852,229.813,80.322,111.447
306.621,229.913,78.609,109.070
306.989,231.018,78.609,109.070
307.357,229.913,78.609,109.070
306.252,231.018,78.609,109.070
307.357,229.913,78.609,109.070
306.989,231.018,78.609,109.070
307.357,229.913,78.609,109.070
306.252,231.018,78.609,109.070
306.621,229.913,78.609,109.070
307.725,231.018,78.609,109.070
306.621,229.177,78.609,109.070
307.725,230.281,78.609,109.070
307.357,229.913,78.609,109.070
306.989,231.018,78.609,109.070
308.094,229.913,78.609,109.070
307.725,231.018,78.609,109.070
306.621,229.177,78.609,109.070
307.725,230.281,78.609,109.070
306.621,229.913,78.609,109.070
307.725,231.018,78.609,109.070
306.621,229.913,78.609,109.070
307.725,231.018,78.609,109.070
306.621,229.177,78.609,109.070
307.725,230.281,78.609,109.070
306.621,229.913,78.609,109.070
307.725,231.018,78.609,109.070
306.621,229.913,78.609,109.070
307.725,231.018,78.609,109.070
306.621,229.913,78.609,109.070
307.725,231.018,78.609,109.070
306.621,229.913,78.609,109.070
307.725,231.754,78.609,109.070
306.621,230.650,78.609,109.070
307.725,230.281,78.609,109.070
306.621,229.913,78.609,109.070
307.725,231.754,78.609,109.070
306.621,230.650,78.609,109.070
307.725,230.281,78.609,109.070
306.621,229.913,78.609,109.070
307.725,231.018,78.609,109.070
306.621,229.913,78.609,109.070
307.725,231.018,78.609,109.070
306.621,229.913,78.609,109.070
307.725,231.018,78.609,109.070
306.621,229.913,78.609,109.070
307.725,231.018,78.609,109.070
306.621,229.913,78.609,109.070
307.725,231.018,78.609,109.070
306.621,229.913,78.609,109.070
307.725,231.018,78.609,109.070
306.621,229.913,78.609,109.070
307.725,231.018,78.609,109.070
306.621,229.913,78.609,109.070
307.725,231.018,78.609,109.070
306.621,229.913,78.609,109.070
307.725,231.018,78.609,109.070
306.621,229.913,78.609,109.070
307.725,231.018,78.609,109.070
306.621,229.913,78.609,109.070
307.725,231.754,78.609,109.070
306.621,230.650,78.609,109.070
306.989,230.281,78.609,109.070
308.094,229.913,78.609,109.070
306.989,231.018,78.609,109.070
307.357,229.913,78.609,109.070
306.252,231.018,78.609,109.070
306.621,229.913,78.609,109.070
307.725,231.018,78.609,109.070
306.621,229.913,78.609,109.070
307.725,231.018,78.609,109.070
306.621,229.913,78.609,109.070
307.725,231.018,78.609,109.070
306.621,229.913,78.609,109.070
307.725,231.018,78.609,109.070
306.621,229.913,78.609,109.070
307.725,231.018,78.609,109.070
306.621,229.177,78.609,109.070
307.725,230.281,78.609,109.070
306.621,229.913,78.609,109.070
307.725,231.018,78.609,109.070
306.621,229.913,78.609,109.070
307.725,231.018,78.609,109.070
306.621,229.913,78.609,109.070
307.725,231.018,78.609,109.070
306.621,229.913,78.609,109.070
307.725,231.018,78.609,109.070
306.621,229.913,78.609,109.070
307.725,231.018,78.609,109.070
306.621,229.177,78.609,109.070
306.989,230.281,78.609,109.070
308.094,229.913,78.609,109.070
306.989,231.018,78.609,109.070
307.357,229.913,78.609,109.070
306.989,231.018,78.609,109.070
308.094,229.913,78.609,109.070
306.989,231.018,78.609,109.070
308.094,229.913,78.609,109.070
306.989,231.018,78.609,109.070
307.357,229.913,78.609,109.070
306.252,231.018,78.609,109.070
306.621,229.913,78.609,109.070
307.725,231.018,78.609,109.070
306.621,229.177,78.609,109.070
306.989,230.281,78.609,109.070
308.094,229.913,78.609,109.070
306.989,231.018,78.609,109.070
307.357,229.913,78.609,109.070
306.989,231.018,78.609,109.070
307.357,229.913,78.609,109.070
306.252,231.018,78.609,109.070
306.621,229.913,78.609,109.070
307.725,231.018,78.609,109.070
306.621,229.177,78.609,109.070
306.989,230.281,78.609,109.070
308.094,229.913,78.609,109.070
307.725,231.018,78.609,109.070
306.621,229.177,78.609,109.070
307.725,230.281,78.609,109.070
307.357,229.913,78.609,109.070
306.252,231.018,78.609,109.070
307.357,229.913,78.609,109.070
306.989,231.018,78.609,109.070
308.094,229.913,78.609,109.070
306.989,231.018,78.609,109.070
308.094,229.913,78.609,109.070
307.725,231.018,78.609,109.070
306.621,229.913,78.609,109.070
307.725,231.018,78.609,109.070
306.621,229.177,78.609,109.070
306.989,228.809,78.609,109.070
306.621,226.967,78.609,109.070
304.780,224.390,78.609,109.070
303.675,222.549,78.609,109.070
303.307,219.235,78.609,109.070
302.202,215.921,78.609,109.070
304.043,211.870,78.609,109.070
306.621,207.083,78.609,109.070
307.725,201.560,78.609,109.070
312.468,197.399,76.933,106.744
317.109,192.632,75.292,104.468
321.694,186.636,75.292,104.468
327.690,180.641,75.292,104.468
333.685,175.350,75.292,104.468
339.681,170.765,75.292,104.468
345.677,166.180,75.292,104.468
351.672,161.595,75.292,104.468
358.374,156.305,75.292,104.468
365.075,151.015,75.292,104.468
373.892,147.135,75.292,104.468
382.004,143.256,75.292,104.468
390.116,140.081,75.292,104.468
397.522,136.202,75.292,104.468
405.105,131.753,76.958,106.779
412.856,127.953,78.661,109.142
420.594,126.111,78.661,109.142
427.595,125.743,78.661,109.142
433.859,129.059,78.661,109.142
439.386,130.164,78.661,109.142
444.913,133.481,78.661,109.142
450.440,135.323,78.661,109.142
454.493,137.165,78.661,109.142
457.073,139.744,78.661,109.142
461.126,142.324,78.661,109.142
465.179,143.429,78.661,109.142
466.284,146.745,78.661,109.142
469.601,150.062,78.661,109.142
472.917,152.641,78.661,109.142
475.496,156.694,78.661,109.142
476.601,160.747,78.661,109.142
478.444,164.800,78.661,109.142
479.549,168.117,78.661,109.142
481.392,169.222,78.661,109.142
484.716,173.582,76.983,106.814
486.519,174.664,76.983,106.814
487.601,176.467,76.983,106.814
485.798,176.828,76.983,106.814
486.967,181.790,75.341,104.536
484.496,184.966,75.341,104.536
483.437,186.731,75.341,104.536
481.673,185.672,75.341,104.536
480.614,186.731,75.341,104.536
478.144,187.084,75.341,104.536
475.673,186.025,75.341,104.536
473.909,183.555,75.341,104.536
470.732,182.496,75.341,104.536
470.379,182.143,75.341,104.536
468.121,182.237,73.735,102.307
467.776,181.201,73.735,102.307
466.049,180.855,73.735,102.307
465.703,179.128,73.735,102.307
465.358,178.783,73.735,102.307
467.776,177.056,73.735,102.307
467.563,176.482,72.162,100.125
470.605,173.440,72.162,100.125
472.296,171.074,72.162,100.125
471.958,168.708,72.162,100.125
476.311,170.101,70.623,97.990
476.642,167.785,70.623,97.990
478.957,168.778,70.623,97.990
477.303,167.785,70.623,97.990
479.619,167.454,70.623,97.990
476.642,165.800,70.623,97.990
474.988,165.470,70.623,97.990
473.333,164.477,70.623,97.990
471.679,164.146,70.623,97.990
470.687,162.492,70.623,97.990
468.371,161.500,70.623,97.990
467.530,160.313,69.117,95.900
466.559,159.341,69.117,95.900
468.177,158.370,69.117,95.900
469.092,156.301,70.647,98.022
470.714,155.560,72.210,100.191
471.052,155.222,72.210,100.191
472.710,155.166,73.807,102.408
472.252,155.110,75.440,104.673
474.019,154.756,75.440,104.673
474.373,154.403,75.440,104.673
475.433,153.343,75.440,104.673
475.786,152.989,75.440,104.673
474.726,152.636,75.440,104.673
477.200,150.869,75.440,104.673
478.260,149.809,75.440,104.673
479.992,147.551,77.109,106.989
479.514,145.993,78.815,109.356
479.883,147.100,78.815,109.356
475.822,147.470,78.815,109.356
471.022,147.839,78.815,109.356
465.484,148.946,78.815,109.356
459.946,148.577,78.815,109.356
453.670,148.208,78.815,109.356
447.394,148.577,78.815,109.356
441.856,148.946,78.815,109.356
437.056,152.269,78.815,109.356
433.733,152.638,78.815,109.356
432.626,150.792,78.815,109.356
429.303,149.685,78.815,109.356
436.318,151.531,78.815,109.356
385.738,150.423,78.815,109.356
382.415,151.531,78.815,109.356
384.261,152.638,78.815,109.356
383.154,153.007,78.815,109.356
382.785,154.115,78.815,109.356
380.939,155.223,78.815,109.356
379.288,159.591,77.135,107.024
380.372,160.675,77.135,107.024
380.733,165.372,77.135,107.024
430.957,162.843,77.135,107.024
436.377,164.650,77.135,107.024
438.183,167.179,77.135,107.024
435.654,169.708,77.135,107.024
431.680,172.238,77.135,107.024
424.092,176.212,77.135,107.024
412.891,179.464,77.135,107.024
398.077,180.548,77.135,107.024
383.985,178.741,77.135,107.024
370.529,177.445,75.490,104.742
358.152,179.213,75.490,104.742
345.776,178.859,75.490,104.742
335.521,180.627,75.490,104.742
325.266,182.395,75.490,104.742
315.011,182.749,75.490,104.742
307.295,184.888,73.880,102.508
295.875,183.158,73.880,102.508
289.299,183.504,73.880,102.508
280.224,181.293,75.514,104.776
274.617,179.767,77.185,107.095
269.917,178.682,77.185,107.095
266.663,178.321,77.185,107.095
265.434,179.762,78.893,109.464
266.478,172.033,80.638,111.886
267.612,167.877,80.638,111.886
271.767,163.722,80.638,111.886
276.677,158.056,80.638,111.886
283.099,153.146,80.638,111.886
291.031,145.213,80.638,111.886
301.230,136.526,80.638,111.886
309.918,127.838,80.638,111.886
316.339,121.416,80.638,111.886
322.005,114.995,80.638,111.886
325.405,109.329,80.638,111.886
326.472,100.645,82.423,114.361
326.762,93.371,84.246,116.892
323.783,85.937,86.110,119.478
322.573,79.886,86.110,119.478
318.943,74.642,86.110,119.478
315.313,69.399,86.110,119.478
310.876,64.155,86.110,119.478
305.632,58.911,86.110,119.478
299.581,53.667,86.110,119.478
292.724,48.424,86.110,119.478
285.867,44.793,86.110,119.478
280.623,42.776,86.110,119.478
276.186,44.793,86.110,119.478
272.556,44.390,86.110,119.478
269.732,46.407,86.110,119.478
272.594,49.625,84.274,116.930
270.830,51.252,82.477,114.436
273.534,53.956,82.477,114.436
275.531,54.804,80.718,111.996
278.177,56.695,80.718,111.996
280.824,57.829,80.718,111.996
287.880,63.761,78.996,109.608
294.911,70.052,78.996,109.608
306.810,77.284,77.312,107.270
316.361,84.361,75.663,104.983
323.804,91.096,75.663,104.983
330.538,98.539,75.663,104.983
337.981,107.399,75.663,104.983
344.715,116.969,75.663,104.983
350.032,127.956,75.663,104.983
356.057,136.817,75.663,104.983
361.373,146.387,75.663,104.983
365.272,155.956,75.663,104.983
369.171,163.399,75.663,104.983
366.690,168.716,75.663,104.983
362.082,173.323,75.663,104.983
356.766,175.804,75.663,104.983
350.740,178.994,75.663,104.983
344.715,177.222,75.663,104.983
337.272,175.450,75.663,104.983
330.538,174.386,75.663,104.983
323.804,176.159,75.663,104.983
316.753,172.837,74.050,102.744
311.859,178.279,72.470,100.553
305.409,175.223,72.470,100.553
294.076,171.388,70.925,98.409
292.414,165.740,70.925,98.409
296.733,164.743,70.925,98.409
300.388,165.740,70.925,98.409
304.707,164.078,70.925,98.409
307.033,161.088,70.925,98.409
310.687,158.763,70.925,98.409
312.348,157.102,70.925,98.409
316.003,154.111,70.925,98.409
318.329,150.457,70.925,98.409
318.661,146.138,70.925,98.409
320.322,143.148,70.925,98.409
319.990,142.151,70.925,98.409
318.329,141.819,70.925,98.409
316.003,140.822,70.925,98.409
311.684,140.490,70.925,98.409
306.700,141.487,70.925,98.409
299.724,139.825,70.925,98.409
294.740,139.493,70.925,98.409
289.092,140.490,70.925,98.409
283.826,137.678,72.494,100.586
281.449,135.980,72.494,100.586
278.886,133.105,74.098,102.811
282.010,130.676,74.098,102.811
287.216,128.940,74.098,102.811
293.811,126.511,74.098,102.811
297.629,126.858,74.098,102.811
295.199,123.734,74.098,102.811
294.986,122.488,72.518,100.619
296.684,122.828,72.518,100.619
295.166,122.264,70.972,98.473
293.503,123.261,70.972,98.473
298.426,122.068,69.458,96.373
297.450,124.996,69.458,96.373
302.894,128.219,67.977,94.318
302.576,125.990,67.977,94.318
305.442,127.582,67.977,94.318
304.018,129.509,66.527,92.307
303.083,126.704,66.527,92.307
305.888,128.262,66.527,92.307
304.953,125.457,66.527,92.307
307.134,123.899,66.527,92.307
306.823,122.341,66.527,92.307
307.758,122.653,66.527,92.307
306.823,121.095,66.527,92.307
308.381,121.406,66.527,92.307
306.823,121.095,66.527,92.307
308.381,123.276,66.527,92.307
307.446,123.588,66.527,92.307
309.004,123.276,66.527,92.307
309.316,124.211,66.527,92.307
308.381,123.899,66.527,92.307
311.186,125.457,66.527,92.307
310.874,125.769,66.527,92.307
310.562,126.081,66.527,92.307
310.251,127.016,66.527,92.307
311.131,126.964,67.999,94.349
310.176,126.646,67.999,94.349
310.415,127.254,69.504,96.436
311.335,125.174,71.041,98.570
311.668,125.507,71.041,98.570
310.669,124.509,71.041,98.570
311.610,123.764,72.613,100.751
311.270,122.743,72.613,100.751
310.249,122.403,72.613,100.751
310.589,122.063,72.613,100.751
310.249,119.682,72.613,100.751
307.868,116.621,72.613,100.751
306.848,116.280,72.613,100.751
305.827,113.899,72.613,100.751
304.127,112.879,72.613,100.751
305.884,113.625,71.065,98.602
304.396,115.639,69.549,96.500
302.767,117.920,69.549,96.500
301.138,120.200,69.549,96.500
298.679,118.119,71.088,98.635
298.346,118.452,71.088,98.635
298.013,114.789,71.088,98.635
297.680,113.124,71.088,98.635
298.679,111.459,71.088,98.635
297.680,110.460,71.088,98.635
298.679,111.459,71.088,98.635
298.346,112.458,71.088,98.635
301.992,114.472,69.572,96.531
303.677,113.931,68.088,94.473
305.909,114.250,68.088,94.473
308.142,112.655,68.088,94.473
307.185,111.699,68.088,94.473
310.056,109.466,68.088,94.473
312.319,108.321,66.636,92.458
314.504,107.385,66.636,92.458
317.937,106.448,66.636,92.458
321.371,105.512,66.636,92.458
325.429,105.824,66.636,92.458
328.862,106.761,66.636,92.458
332.920,107.073,66.636,92.458
336.354,109.258,66.636,92.458
340.412,109.570,66.636,92.458
345.094,110.506,66.636,92.458
350.400,112.067,66.636,92.458
354.458,113.628,66.636,92.458
358.516,114.564,66.636,92.458
362.574,116.749,66.636,92.458
366.632,118.934,66.636,92.458
370.690,119.871,66.636,92.458
374.123,120.807,66.636,92.458
377.557,121.744,66.636,92.458
380.382,122.988,68.111,94.504
383.932,124.921,69.618,96.595
385.530,126.221,71.158,98.732
387.164,126.166,72.732,100.916
388.126,125.404,74.342,103.149
387.778,123.662,74.342,103.149
390.216,122.618,74.342,103.149
389.032,122.560,75.986,105.431
387.964,122.204,75.986,105.431
390.456,123.272,75.986,105.431
387.964,122.204,75.986,105.431
387.608,119.713,75.986,105.431
387.252,118.645,75.986,105.431
386.185,118.289,75.986,105.431
390.082,118.384,74.366,103.183
387.644,120.126,74.366,103.183
390.082,119.081,74.366,103.183
392.554,119.845,72.780,100.982
396.288,119.936,71.228,98.829
397.289,123.606,71.228,98.829
399.624,124.607,71.228,98.829
402.627,124.941,71.228,98.829
406.924,127.603,69.709,96.721
410.516,129.888,69.709,96.721
414.149,131.867,71.251,98.861
417.862,133.198,72.828,101.049
420.242,135.973,74.439,103.284
423.398,138.810,76.086,105.569
426.606,141.305,76.086,105.569
427.675,143.800,76.086,105.569
428.032,146.295,76.086,105.569
429.101,148.790,76.086,105.569
428.744,149.859,76.086,105.569
427.675,151.641,76.086,105.569
424.985,153.801,77.769,107.905
423.163,155.623,77.769,107.905
419.657,153.295,79.490,110.293
416.306,156.646,79.490,110.293
409.632,154.267,81.249,112.733
402.810,154.205,83.046,115.227
395.419,153.816,83.046,115.227
390.361,151.870,83.046,115.227
386.082,150.703,83.046,115.227
381.025,147.980,83.046,115.227
375.968,146.813,83.046,115.227
370.911,143.312,83.046,115.227
366.922,141.916,81.275,112.770
361.211,138.490,81.275,112.770
358.546,135.063,81.275,112.770
356.642,131.637,81.275,112.770
354.739,128.210,81.275,112.770
353.771,127.578,79.542,110.365
353.541,127.677,77.846,108.011
356.094,128.771,77.846,108.011
