288.000,143.000,35.000,42.000
289.363,141.940,35.000,42.000
291.331,142.091,35.000,42.000
293.300,141.334,35.000,42.000
295.268,141.486,35.000,42.000
296.328,140.426,35.000,42.000
296.782,139.366,35.000,42.000
297.842,140.123,35.000,42.000
298.296,139.669,35.000,42.000
298.145,140.729,35.000,42.000
298.599,141.183,35.000,42.000
299.659,141.940,35.000,42.000
299.205,142.394,35.000,42.000
297.237,142.849,35.000,42.000
296.177,140.880,35.000,42.000
296.631,140.729,35.000,42.000
297.994,142.092,35.000,42.000
298.448,142.546,35.000,42.000
297.085,141.789,35.000,42.000
296.328,143.454,35.000,42.000
296.782,145.120,35.000,42.000
297.237,145.877,35.000,42.000
295.874,146.634,35.000,42.000
295.420,147.088,35.000,42.000
294.057,147.845,35.000,42.000
292.391,147.997,35.000,42.000
292.543,148.451,35.000,42.000
292.694,148.602,35.000,42.000
292.543,148.754,35.000,42.000
291.786,149.511,35.000,42.000
291.028,148.451,35.000,42.000
290.271,150.420,35.000,42.000
291.331,149.965,35.000,42.000
291.786,149.208,35.000,42.000
292.543,149.057,35.000,42.000
292.694,147.694,35.000,42.000
293.148,146.937,35.000,42.000
293.300,147.391,35.000,42.000
293.754,147.845,35.000,42.000
294.511,146.785,35.000,42.000
294.360,147.240,35.000,42.000
294.511,147.694,35.000,42.000
294.663,146.634,35.000,42.000
294.511,147.088,35.000,42.000
294.663,147.240,35.000,42.000
294.814,146.483,35.000,42.000
294.360,147.845,35.000,42.000
292.694,147.997,35.000,42.000
291.634,148.754,35.000,42.000
290.877,148.905,35.000,42.000
290.726,150.268,35.000,42.000
290.877,150.117,35.000,42.000
290.423,149.965,35.000,42.000
289.969,150.722,35.000,42.000
290.120,150.571,35.000,42.000
289.363,151.328,35.000,42.000
289.514,152.994,35.000,42.000
289.060,153.145,35.000,42.000
288.606,154.508,35.000,42.000
289.666,154.054,35.000,42.000
290.120,155.113,35.000,42.000
289.666,154.962,35.000,42.000
290.423,153.902,35.000,42.000
290.271,154.356,35.000,42.000
291.029,153.599,35.000,42.000
292.088,152.539,35.000,42.000
292.846,152.994,35.000,42.000
294.208,154.054,35.000,42.000
294.360,153.599,35.000,42.000
295.722,154.054,35.000,42.000
297.388,155.416,35.000,42.000
298.751,156.173,35.000,42.000
301.022,156.628,35.000,42.000
303.293,157.385,35.000,42.000
306.473,159.353,35.000,42.000
310.259,161.927,35.000,42.000
312.833,166.318,35.000,42.000
315.407,172.829,35.000,42.000
316.467,178.432,35.000,42.000
317.829,185.246,35.000,42.000
318.889,190.545,35.000,42.000
318.435,194.028,35.000,42.000
315.861,197.813,35.000,42.000
313.893,200.993,35.000,42.000
310.713,202.962,35.000,42.000
306.019,203.416,35.000,42.000
299.508,201.750,35.000,42.000
296.025,197.965,35.000,42.000
291.029,191.454,35.000,42.000
286.940,184.337,35.000,42.000
284.063,173.284,35.000,42.000
281.186,161.927,35.000,42.000
280.732,151.479,35.000,42.000
282.095,144.666,35.000,42.000
282.549,137.852,35.000,42.000
284.215,133.764,35.000,42.000
285.275,130.887,35.000,42.000
286.940,129.827,35.000,42.000
289.817,131.795,35.000,42.000
291.786,134.975,35.000,42.000
293.451,142.092,35.000,42.000
295.117,150.117,35.000,42.000
297.085,161.776,35.000,42.000
299.356,173.435,35.000,42.000
301.022,185.700,35.000,42.000
301.173,193.422,35.000,42.000
300.114,198.722,35.000,42.000
297.539,198.571,35.000,42.000
293.451,195.391,35.000,42.000
286.335,188.880,35.000,42.000
278.915,180.552,35.000,42.000
272.404,172.527,35.000,42.000
264.682,165.713,35.000,42.000
256.959,162.836,35.000,42.000
249.237,160.867,35.000,42.000
243.635,161.624,35.000,42.000
241.363,162.987,35.000,42.000
238.306,164.879,35.774,42.929
237.222,168.129,35.774,42.929
238.306,174.475,35.774,42.929
240.008,177.415,35.774,42.929
242.949,178.189,35.774,42.929
247.437,175.558,35.774,42.929
254.401,169.213,35.774,42.929
262.295,161.319,35.774,42.929
272.355,153.117,35.774,42.929
283.034,147.081,35.774,42.929
290.185,144.197,36.566,43.879
297.303,142.141,36.566,43.879
303.789,142.932,36.566,43.879
309.129,144.580,37.375,44.850
316.082,146.359,37.375,44.850
321.418,151.694,37.375,44.850
323.843,158.971,37.375,44.850
326.915,169.481,37.375,44.850
329.017,180.314,37.375,44.850
328.856,187.267,37.375,44.850
327.077,190.662,37.375,44.850
324.328,192.441,37.375,44.850
320.609,190.986,37.375,44.850
316.567,186.620,37.375,44.850
310.908,178.697,37.375,44.850
306.542,169.804,37.375,44.850
301.206,160.264,37.375,44.850
297.487,152.341,37.375,44.850
292.151,145.712,37.375,44.850
288.432,141.993,37.375,44.850
283.743,140.214,37.375,44.850
280.348,141.669,37.375,44.850
276.952,143.771,37.375,44.850
274.850,148.784,37.375,44.850
273.072,155.737,37.375,44.850
272.587,162.689,37.375,44.850
270.808,167.379,37.375,44.850
269.353,170.451,37.375,44.850
266.604,170.936,37.375,44.850
265.472,169.157,37.375,44.850
264.017,167.055,37.375,44.850
262.562,164.306,37.375,44.850
258.843,160.587,37.375,44.850
256.741,155.898,37.375,44.850
255.285,153.796,37.375,44.850
255.770,152.018,37.375,44.850
257.226,152.179,37.375,44.850
260.621,154.605,37.375,44.850
261.753,157.354,37.375,44.850
262.562,163.013,37.375,44.850
263.047,168.672,37.375,44.850
264.178,174.978,37.375,44.850
265.634,181.608,37.375,44.850
265.795,185.973,37.375,44.850
266.973,189.101,36.578,43.893
266.498,186.411,36.578,43.893
266.024,180.239,36.578,43.893
265.865,173.435,36.578,43.893
266.657,167.263,36.578,43.893
269.347,163.624,36.578,43.893
272.353,160.933,36.578,43.893
276.626,159.193,36.578,43.893
282.798,157.768,36.578,43.893
289.286,159.826,36.578,43.893
297.040,162.832,36.578,43.893
304.161,166.472,36.578,43.893
310.016,169.795,36.578,43.893
313.022,172.169,36.578,43.893
314.446,170.745,36.578,43.893
313.655,170.903,36.578,43.893
310.965,170.112,36.578,43.893
306.060,170.586,36.578,43.893
302.103,174.226,36.578,43.893
299.097,179.448,36.578,43.893
296.723,186.885,36.578,43.893
294.033,194.323,36.578,43.893
290.077,201.127,36.578,43.893
283.272,206.349,36.578,43.893
276.151,208.407,36.578,43.893
269.347,204.767,36.578,43.893
265.074,197.013,36.578,43.893
263.017,187.993,36.578,43.893
265.391,179.923,36.578,43.893
269.980,173.118,36.578,43.893
276.468,169.162,36.578,43.893
284.855,168.054,36.578,43.893
292.925,170.428,36.578,43.893
301.629,176.600,36.578,43.893
309.925,184.159,37.387,44.865
315.050,192.221,38.214,45.857
316.538,198.668,38.214,45.857
315.380,201.810,38.214,45.857
312.239,203.959,38.214,45.857
307.114,201.479,38.214,45.857
298.683,195.362,38.214,45.857
290.582,188.584,38.214,45.857
281.158,185.112,38.214,45.857
272.396,182.301,38.214,45.857
266.279,181.475,38.214,45.857
262.146,182.963,38.214,45.857
259.997,185.442,38.214,45.857
259.831,187.592,38.214,45.857
261.650,187.426,38.214,45.857
265.122,185.608,38.214,45.857
269.586,181.475,38.214,45.857
276.364,176.350,38.214,45.857
281.944,173.270,39.060,46.872
284.141,174.790,39.060,46.872
284.310,177.325,39.060,46.872
284.479,178.846,39.060,46.872
284.648,181.719,39.060,46.872
285.831,184.253,39.060,46.872
285.662,182.733,39.060,46.872
282.451,181.212,39.060,46.872
277.551,175.973,39.060,46.872
273.326,168.707,39.060,46.872
267.750,160.765,39.060,46.872
262.511,153.837,39.060,46.872
257.879,150.916,38.227,45.872
254.939,149.652,37.412,44.894
251.216,150.785,37.412,44.894
248.141,152.889,37.412,44.894
245.066,155.640,37.412,44.894
241.991,159.363,37.412,44.894
238.916,166.646,37.412,44.894
237.783,170.045,37.412,44.894
239.586,172.864,36.614,43.937
242.278,171.438,36.614,43.937
244.971,168.429,36.614,43.937
248.931,161.934,36.614,43.937
252.891,156.073,36.614,43.937
258.931,152.420,35.833,43.000
265.439,149.441,35.069,42.083
272.101,147.697,34.321,41.185
277.298,147.251,34.321,41.185
281.604,148.588,34.321,41.185
285.019,147.251,34.321,41.185
284.870,149.775,34.321,41.185
282.940,152.003,34.321,41.185
279.228,153.339,34.321,41.185
274.625,150.518,34.321,41.185
269.131,143.836,34.321,41.185
262.746,137.155,34.321,41.185
258.441,131.661,34.321,41.185
250.571,126.761,34.321,41.185
241.514,124.534,34.321,41.185
229.487,127.355,34.321,41.185
212.411,137.897,34.321,41.185
193.851,146.063,34.321,41.185
178.855,158.090,34.321,41.185
167.719,173.681,34.321,41.185
162.819,185.708,34.321,41.185
164.749,192.983,34.321,41.185
166.085,199.962,34.321,41.185
166.531,203.674,34.321,41.185
168.461,200.556,34.321,41.185
170.094,194.468,34.321,41.185
171.134,188.677,34.321,41.185
174.549,181.996,34.321,41.185
181.230,177.987,34.321,41.185
185.536,176.353,34.321,41.185
190.733,178.284,34.321,41.185
196.524,181.699,34.321,41.185
199.939,187.490,34.321,41.185
201.572,192.092,34.321,41.185
203.206,198.774,34.321,41.185
206.324,203.080,34.321,41.185
212.411,209.168,34.321,41.185
213.748,214.958,34.321,41.185
208.551,218.671,34.321,41.185
203.057,222.086,34.321,41.185
200.830,220.452,34.321,41.185
202.760,214.365,34.321,41.185
204.097,210.653,34.321,41.185
202.760,206.941,34.321,41.185
204.393,205.901,34.321,41.185
206.027,207.237,34.321,41.185
206.175,209.465,34.321,41.185
204.245,213.177,34.321,41.185
203.503,219.264,34.321,41.185
204.245,222.086,34.321,41.185
202.909,222.828,34.321,41.185
201.869,218.522,34.321,41.185
201.424,211.543,34.321,41.185
202.463,203.971,34.321,41.185
203.503,197.586,34.321,41.185
203.057,194.171,34.321,41.185
201.127,192.835,34.321,41.185
199.494,192.389,34.321,41.185
199.939,194.320,34.321,41.185
199.494,196.547,34.321,41.185
199.642,199.665,34.321,41.185
199.494,204.565,34.321,41.185
199.345,207.980,34.321,41.185
199.197,207.534,34.321,41.185
200.533,203.525,34.321,41.185
202.166,198.626,34.321,41.185
202.018,195.804,34.321,41.185
202.166,193.874,34.321,41.185
202.612,194.320,34.321,41.185
202.760,195.953,34.321,41.185
201.721,198.477,34.321,41.185
202.166,201.595,34.321,41.185
202.909,207.089,34.321,41.185
202.166,213.474,34.321,41.185
199.939,219.264,34.321,41.185
197.415,223.273,34.321,41.185
199.345,221.640,34.321,41.185
201.275,216.146,34.321,41.185
200.236,209.762,34.321,41.185
197.712,202.189,34.321,41.185
195.782,195.507,34.321,41.185
192.367,189.123,34.321,41.185
185.388,186.302,34.321,41.185
180.172,185.167,33.589,40.307
179.736,184.440,33.589,40.307
179.674,185.850,32.873,39.447
175.266,188.837,32.873,39.447
170.857,196.090,32.873,39.447
168.724,203.343,32.873,39.447
169.435,208.889,32.873,39.447
170.146,212.729,32.873,39.447
171.142,214.293,32.873,39.447
173.275,211.307,32.873,39.447
175.692,208.036,32.873,39.447
175.266,207.040,32.873,39.447
177.683,206.614,32.873,39.447
181.808,206.471,32.873,39.447
188.207,208.889,32.873,39.447
192.901,214.151,32.873,39.447
199.016,218.275,32.873,39.447
209.682,223.537,32.873,39.447
220.917,226.239,32.873,39.447
231.014,229.510,32.873,39.447
241.680,225.671,32.873,39.447
252.631,216.142,32.873,39.447
259.884,206.045,32.873,39.447
267.421,197.939,32.873,39.447
277.234,191.823,32.873,39.447
285.625,188.552,32.873,39.447
292.309,186.419,32.873,39.447
297.002,187.983,32.873,39.447
296.860,192.677,32.873,39.447
294.727,198.792,32.873,39.447
291.456,206.614,32.873,39.447
287.900,216.995,32.873,39.447
279.794,224.248,32.873,39.447
268.844,228.657,32.873,39.447
255.049,230.790,32.873,39.447
239.832,232.070,32.873,39.447
222.624,233.919,32.873,39.447
208.260,237.474,32.873,39.447
199.869,240.177,32.873,39.447
193.754,243.163,32.873,39.447
187.354,244.443,32.873,39.447
177.541,243.163,32.873,39.447
165.737,240.461,32.873,39.447
158.484,230.648,32.873,39.447
158.627,219.698,32.873,39.447
161.897,207.040,32.873,39.447
170.857,197.512,32.873,39.447
181.523,194.525,32.873,39.447
191.052,196.943,32.873,39.447
200.865,202.489,32.873,39.447
212.100,209.742,32.873,39.447
224.757,221.262,32.873,39.447
237.414,233.350,32.873,39.447
252.347,244.585,32.873,39.447
266.995,251.554,32.873,39.447
279.083,254.540,32.873,39.447
290.603,253.829,32.873,39.447
304.682,250.274,32.873,39.447
319.330,244.443,32.873,39.447
333.978,238.043,32.873,39.447
348.626,235.057,32.873,39.447
360.146,232.639,32.873,39.447
370.528,231.075,32.873,39.447
375.505,232.070,32.873,39.447
375.363,233.350,32.873,39.447
371.239,234.630,32.873,39.447
361.426,236.479,32.873,39.447
347.062,242.025,32.873,39.447
328.147,249.563,32.873,39.447
307.526,255.678,32.873,39.447
288.327,258.665,32.873,39.447
269.697,257.385,32.873,39.447
253.058,251.554,32.873,39.447
237.841,244.585,32.873,39.447
222.339,239.039,32.873,39.447
210.251,234.915,32.873,39.447
201.860,229.084,32.873,39.447
197.167,223.822,32.873,39.447
196.456,219.982,32.873,39.447
198.305,218.702,32.873,39.447
201.576,217.422,32.873,39.447
207.691,217.564,32.873,39.447
213.522,219.698,32.873,39.447
222.481,220.693,32.873,39.447
234.854,217.991,32.873,39.447
249.502,212.160,32.873,39.447
260.453,206.045,32.873,39.447
267.990,200.214,32.873,39.447
275.812,196.374,32.873,39.447
286.194,190.543,32.873,39.447
294.016,189.548,32.873,39.447
300.131,191.681,32.873,39.447
307.953,194.952,32.873,39.447
315.490,201.352,32.873,39.447
322.459,209.174,32.873,39.447
329.143,220.693,32.873,39.447
335.543,230.506,32.873,39.447
342.227,237.190,32.873,39.447
345.498,240.177,32.873,39.447
348.769,238.328,32.873,39.447
353.462,231.928,32.873,39.447
355.902,224.852,33.600,40.320
354.303,218.892,33.600,40.320
352.704,215.549,33.600,40.320
349.467,212.237,34.344,41.212
343.078,210.009,34.344,41.212
336.986,210.157,34.344,41.212
328.814,212.980,34.344,41.212
317.671,218.775,34.344,41.212
306.230,227.244,34.344,41.212
295.681,238.090,34.344,41.212
283.646,243.885,34.344,41.212
270.780,244.199,35.103,42.124
257.945,238.219,35.880,43.056
245.791,231.462,36.674,44.009
235.674,225.213,37.485,44.982
226.005,218.154,38.315,45.978
213.573,214.342,38.315,45.978
205.067,210.909,39.162,46.995
196.765,208.707,39.162,46.995
189.141,206.843,39.162,46.995
185.583,208.029,39.162,46.995
182.703,206.504,39.162,46.995
185.244,202.946,39.162,46.995
190.835,196.000,39.162,46.995
197.781,187.698,39.162,46.995
209.811,176.347,39.162,46.995
224.551,171.772,39.162,46.995
238.952,168.553,39.162,46.995
253.692,170.755,39.162,46.995
266.738,175.330,39.162,46.995
275.378,182.276,39.162,46.995
283.341,186.851,39.162,46.995
289.949,194.475,39.162,46.995
291.813,201.422,39.162,46.995
292.321,203.963,39.162,46.995
291.813,201.760,39.162,46.995
288.594,195.831,39.162,46.995
284.019,187.529,39.162,46.995
281.817,178.210,39.162,46.995
279.953,170.586,39.162,46.995
276.056,166.350,39.162,46.995
271.143,166.520,39.162,46.995
267.585,169.400,39.162,46.995
265.721,173.636,39.162,46.995
266.568,178.549,39.162,46.995
269.787,184.818,39.162,46.995
275.378,192.781,39.162,46.995
277.920,202.099,39.162,46.995
278.767,210.062,39.162,46.995
279.275,212.942,39.162,46.995
280.800,211.079,39.162,46.995
283.341,203.794,39.162,46.995
287.916,190.748,39.162,46.995
290.796,177.702,39.162,46.995
290.966,168.045,39.162,46.995
289.102,159.404,39.162,46.995
286.899,151.102,39.162,46.995
288.085,143.139,39.162,46.995
287.577,136.870,39.162,46.995
283.003,135.684,39.162,46.995
277.073,135.515,39.162,46.995
270.795,137.159,38.327,45.993
263.997,139.646,38.327,45.993
256.203,143.128,38.327,45.993
252.058,146.279,38.327,45.993
247.913,149.429,38.327,45.993
242.109,154.569,38.327,45.993
235.643,161.699,38.327,45.993
228.844,169.161,38.327,45.993
221.714,177.286,38.327,45.993
217.569,185.079,38.327,45.993
215.413,192.872,38.327,45.993
212.926,197.681,38.327,45.993
211.766,199.505,38.327,45.993
214.916,195.691,38.327,45.993
221.051,187.235,38.327,45.993
230.834,174.135,38.327,45.993
237.964,159.710,38.327,45.993
238.461,147.605,38.327,45.993
236.637,137.822,38.327,45.993
235.808,129.366,38.327,45.993
236.969,123.231,38.327,45.993
236.472,121.739,38.327,45.993
235.643,124.557,38.327,45.993
232.492,129.034,38.327,45.993
228.347,136.496,38.327,45.993
227.849,145.947,38.327,45.993
228.347,157.720,38.327,45.993
230.502,169.493,38.327,45.993
232.990,179.276,38.327,45.993
234.814,186.074,38.327,45.993
235.643,188.561,38.327,45.993
232.824,190.053,38.327,45.993
227.352,187.235,38.327,45.993
219.559,179.773,38.327,45.993
215.745,172.643,38.327,45.993
212.158,169.458,37.510,45.012
204.268,168.530,36.710,44.052
198.392,169.959,36.710,44.052
196.328,172.977,36.710,44.052
195.534,175.359,36.710,44.052
195.160,180.880,35.927,43.113
194.072,185.698,35.927,43.113
194.538,192.071,35.927,43.113
195.626,195.335,35.927,43.113
196.714,194.247,35.927,43.113
197.491,188.807,35.927,43.113
199.201,181.191,35.927,43.113
203.086,173.575,35.927,43.113
207.283,166.892,35.927,43.113
211.169,164.560,35.927,43.113
213.811,163.161,35.927,43.113
217.386,164.560,35.927,43.113
222.515,166.892,35.927,43.113
225.468,173.264,35.927,43.113
225.935,180.258,35.927,43.113
228.266,186.942,35.927,43.113
229.043,193.936,35.927,43.113
226.401,200.931,35.927,43.113
222.826,207.614,35.927,43.113
218.940,210.878,35.927,43.113
215.987,212.277,35.927,43.113
213.524,207.493,35.161,42.193
210.329,199.735,35.161,42.193
210.177,188.023,35.161,42.193
211.242,177.222,35.161,42.193
212.307,168.552,35.161,42.193
210.025,159.273,35.161,42.193
205.614,153.340,35.161,42.193
201.811,149.538,35.161,42.193
198.312,147.256,35.161,42.193
197.552,146.495,35.161,42.193
197.095,149.690,35.161,42.193
196.639,155.318,35.161,42.193
195.878,161.859,35.161,42.193
198.769,169.008,35.161,42.193
202.267,176.158,35.161,42.193
206.070,186.349,35.161,42.193
210.177,193.499,35.161,42.193
213.067,198.518,35.161,42.193
215.653,197.758,35.161,42.193
219.456,191.217,35.161,42.193
225.389,179.200,35.161,42.193
231.321,166.574,35.161,42.193
234.878,154.271,35.939,43.127
241.874,143.854,35.939,43.127
249.704,134.827,36.734,44.081
254.738,125.931,37.547,45.056
255.503,120.882,38.378,46.053
259.729,117.789,39.227,47.072
271.091,114.627,40.095,48.113
274.067,110.676,40.982,49.178
272.694,114.730,41.888,50.266
270.539,122.259,42.815,51.378
272.576,130.965,42.815,51.378
269.798,144.116,42.815,51.378
264.797,157.267,42.815,51.378
262.389,170.418,42.815,51.378
260.351,177.642,42.815,51.378
254.609,180.050,42.815,51.378
250.719,178.012,42.815,51.378
252.016,168.936,42.815,51.378
249.044,158.567,43.762,52.515
245.221,150.325,44.731,53.677
246.934,142.303,45.720,54.864
250.328,136.976,46.732,56.078
252.118,131.112,47.766,57.319
255.234,128.120,48.823,58.587
260.937,127.908,48.823,58.587
264.561,130.986,49.903,59.883
