23.000,88.000,66.000,55.000
21.334,88.714,66.000,55.000
21.839,86.871,67.460,56.217
20.623,87.601,67.460,56.217
23.298,87.357,67.460,56.217
22.082,88.087,67.460,56.217
21.352,88.330,67.460,56.217
21.595,89.060,67.460,56.217
21.606,86.167,68.953,57.461
20.860,85.918,68.953,57.461
21.606,85.670,68.953,57.461
21.855,85.918,68.953,57.461
22.600,83.681,68.953,57.461
21.358,83.930,68.953,57.461
23.098,82.190,68.953,57.461
22.352,81.444,68.953,57.461
23.098,80.201,68.953,57.461
23.346,79.455,68.953,57.461
23.595,79.704,68.953,57.461
23.843,80.450,68.953,57.461
25.086,79.704,68.953,57.461
23.843,80.947,68.953,57.461
26.081,79.207,68.953,57.461
24.838,80.450,68.953,57.461
27.250,81.302,67.482,56.235
28.673,81.198,66.043,55.036
28.911,80.484,66.043,55.036
28.927,80.841,64.635,53.862
30.558,80.608,64.635,53.862
30.325,79.909,64.635,53.862
31.490,81.540,64.635,53.862
33.302,81.890,63.257,52.714
33.074,82.118,63.257,52.714
33.969,82.460,61.908,51.590
34.638,82.237,61.908,51.590
33.969,81.567,61.908,51.590
35.531,80.898,61.908,51.590
37.093,78.889,61.908,51.590
36.424,78.220,61.908,51.590
37.729,77.694,60.587,50.489
37.511,77.039,60.587,50.489
39.040,75.947,60.587,50.489
38.821,75.728,60.587,50.489
39.477,76.820,60.587,50.489
40.569,76.602,60.587,50.489
40.787,79.005,60.587,50.489
40.569,79.660,60.587,50.489
41.425,82.514,59.295,49.413
42.494,82.300,59.295,49.413
42.280,82.087,59.295,49.413
42.067,81.873,59.295,49.413
41.853,81.231,59.295,49.413
42.067,81.018,59.295,49.413
42.493,80.926,58.031,48.359
43.539,80.717,58.031,48.359
42.911,82.182,58.031,48.359
43.957,81.554,58.031,48.359
44.585,83.019,58.031,48.359
43.539,82.391,58.031,48.359
43.553,84.318,56.793,47.328
45.395,84.932,56.793,47.328
45.191,85.137,56.793,47.328
44.986,85.342,56.793,47.328
45.789,85.254,55.582,46.318
45.188,86.256,55.582,46.318
46.190,85.655,55.582,46.318
46.975,85.570,54.397,45.331
46.779,84.197,54.397,45.331
46.191,83.609,54.397,45.331
47.564,83.805,54.397,45.331
46.975,83.609,54.397,45.331
47.956,81.451,54.397,45.331
47.213,81.746,53.237,44.364
48.556,82.321,53.237,44.364
48.569,82.239,52.102,43.418
48.757,81.676,52.102,43.418
50.580,83.768,50.990,42.492
50.028,82.482,50.990,42.492
50.212,82.298,50.990,42.492
51.287,82.574,49.903,41.586
51.299,83.190,48.839,40.699
53.008,83.115,47.797,39.831
52.146,82.598,47.797,39.831
53.353,80.703,47.797,39.831
53.525,80.875,47.797,39.831
53.353,81.392,47.797,39.831
53.870,82.943,47.797,39.831
53.008,82.081,47.797,39.831
53.870,82.254,47.797,39.831
53.008,82.771,47.797,39.831
54.680,83.029,46.778,38.982
53.837,81.511,46.778,38.982
55.355,81.680,46.778,38.982
53.837,81.174,46.778,38.982
55.018,81.006,46.778,38.982
55.186,81.849,46.778,38.982
54.006,81.006,46.778,38.982
54.849,81.849,46.778,38.982
54.680,81.006,46.778,38.982
54.174,81.849,46.778,38.982
53.860,82.102,45.781,38.150
54.355,81.607,45.781,38.150
54.851,81.772,45.781,38.150
54.025,81.607,45.781,38.150
54.673,81.854,44.804,37.337
53.542,80.724,44.804,37.337
55.319,78.947,44.804,37.337
54.188,77.493,44.804,37.337
54.996,75.393,44.804,37.337
54.188,73.940,44.804,37.337
54.673,74.747,44.804,37.337
53.542,73.616,44.804,37.337
55.109,73.859,43.849,36.541
54.003,74.017,43.849,36.541
54.793,74.491,43.849,36.541
54.319,75.914,43.849,36.541
53.845,76.704,43.849,36.541
53.687,78.127,43.849,36.541
53.212,78.918,43.849,36.541
52.106,80.024,43.849,36.541
52.580,80.498,43.849,36.541
51.790,81.605,43.849,36.541
52.714,82.147,42.914,35.761
52.426,82.081,41.999,34.999
52.881,80.415,41.999,34.999
52.599,80.934,41.103,34.252
51.858,79.008,41.103,34.252
52.302,77.674,41.103,34.252
52.747,78.119,41.103,34.252
52.185,78.341,40.226,33.522
51.750,78.196,40.226,33.522
50.735,78.341,40.226,33.522
51.863,78.559,39.369,32.807
50.504,80.140,38.529,32.108
50.921,80.279,38.529,32.108
50.226,80.973,38.529,32.108
50.921,80.557,38.529,32.108
49.859,81.033,37.707,31.423
50.267,80.897,37.707,31.423
49.043,80.489,37.707,31.423
49.723,79.810,37.707,31.423
48.500,79.945,37.707,31.423
47.820,79.810,37.707,31.423
47.140,79.674,37.707,31.423
47.820,79.266,37.707,31.423
46.596,79.945,37.707,31.423
46.885,78.328,38.542,32.118
45.356,79.301,38.542,32.118
44.383,79.996,38.542,32.118
44.800,79.301,38.542,32.118
43.272,80.552,38.542,32.118
44.352,81.296,37.720,31.433
43.837,81.500,36.915,30.763
43.970,81.101,36.915,30.763
43.305,80.968,36.915,30.763
42.639,79.504,36.915,30.763
42.772,78.306,36.915,30.763
41.575,76.310,36.915,30.763
40.909,76.177,36.915,30.763
40.244,76.842,36.915,30.763
39.578,77.507,36.915,30.763
39.711,77.907,36.915,30.763
38.694,78.619,36.128,30.107
39.085,79.010,36.128,30.107
37.392,79.140,36.128,30.107
37.001,79.010,36.128,30.107
35.829,78.619,36.128,30.107
36.480,79.531,36.128,30.107
35.233,79.225,35.358,29.465
36.224,80.644,34.604,28.836
35.101,79.522,34.604,28.836
34.727,79.896,34.604,28.836
33.854,78.773,34.604,28.836
35.065,79.922,33.866,28.221
34.943,79.312,33.866,28.221
34.715,81.143,33.144,27.620
34.835,80.067,33.144,27.620
34.476,80.187,33.144,27.620
33.640,80.784,33.144,27.620
33.998,80.187,33.144,27.620
33.879,81.501,33.144,27.620
33.426,82.371,32.437,27.031
33.543,82.956,32.437,27.031
32.424,83.357,31.745,26.454
30.936,83.243,31.745,26.454
31.279,83.128,31.745,26.454
29.791,83.014,31.745,26.454
29.906,82.899,31.745,26.454
29.333,82.785,31.745,26.454
28.761,82.670,31.745,26.454
29.431,85.048,31.068,25.890
28.647,84.712,31.068,25.890
28.983,84.376,31.068,25.890
27.527,86.056,31.068,25.890
27.966,86.656,30.406,25.338
27.516,85.807,31.078,25.899
27.404,85.471,31.078,25.899
26.171,87.152,31.078,25.899
23.594,86.368,31.078,25.899
24.154,85.807,31.078,25.899
23.594,84.799,31.078,25.899
24.603,86.256,31.078,25.899
23.594,87.040,31.078,25.899
23.930,86.256,31.078,25.899
24.939,87.040,31.078,25.899
25.275,86.928,31.078,25.899
23.370,85.919,31.078,25.899
23.809,86.520,30.415,25.346
22.760,86.261,29.767,24.806
21.579,83.793,29.767,24.806
21.687,83.257,29.767,24.806
22.009,82.720,29.767,24.806
20.009,81.444,30.425,25.355
19.680,80.676,30.425,25.355
19.899,82.320,29.777,24.814
20.650,81.784,29.777,24.814
20.244,82.773,29.142,24.285
19.298,82.037,29.142,24.285
18.213,81.442,29.786,24.822
19.179,82.623,29.786,24.822
20.146,83.804,29.786,24.822
19.823,82.623,29.786,24.822
19.931,81.656,29.786,24.822
20.038,82.408,29.786,24.822
19.716,81.656,29.786,24.822
19.179,82.623,29.786,24.822
19.629,81.568,30.445,25.371
19.520,81.019,30.445,25.371
18.532,80.471,30.445,25.371
18.861,79.702,30.445,25.371
18.971,79.373,30.445,25.371
19.300,79.044,30.445,25.371
17.711,78.421,31.119,25.933
18.720,80.104,31.119,25.933
17.711,80.665,31.119,25.933
18.496,81.451,31.119,25.933
17.711,82.909,31.119,25.933
18.272,82.797,31.119,25.933
17.935,82.460,31.119,25.933
18.720,83.021,31.119,25.933
17.711,82.012,31.119,25.933
19.016,81.964,30.455,25.379
19.345,80.756,30.455,25.379
18.577,81.524,30.455,25.379
19.345,80.536,30.455,25.379
19.674,81.524,30.455,25.379
20.443,82.732,30.455,25.379
20.772,84.160,30.455,25.379
20.145,83.901,29.806,24.838
20.980,86.341,29.170,24.309
20.379,86.093,28.548,23.790
21.100,85.990,28.548,23.790
20.313,85.946,27.939,23.283
21.096,85.903,27.344,22.786
20.723,85.291,26.761,22.300
21.398,85.002,26.761,22.300
21.402,84.455,27.353,22.794
20.648,85.363,26.769,22.308
21.517,85.267,26.769,22.308
22.453,86.900,26.198,21.832
21.226,87.561,26.198,21.832
22.265,88.411,26.198,21.832
22.170,88.883,26.198,21.832
21.320,87.089,26.198,21.832
21.981,86.617,26.198,21.832
23.020,85.955,26.198,21.832
22.662,86.825,25.640,21.366
23.679,86.178,25.640,21.366
24.141,86.086,25.640,21.366
23.494,86.178,25.640,21.366
24.326,86.456,25.640,21.366
24.234,86.548,25.640,21.366
23.587,86.271,25.640,21.366
24.973,86.178,25.640,21.366
24.511,85.901,25.640,21.366
25.343,85.069,25.640,21.366
25.066,84.792,25.640,21.366
25.713,85.254,25.640,21.366
24.696,83.683,25.640,21.366
25.897,83.036,25.640,21.366
25.902,81.361,26.207,21.839
26.185,81.644,26.207,21.839
27.413,81.172,26.207,21.839
27.130,81.833,26.207,21.839
27.791,82.872,26.207,21.839
26.423,82.337,26.787,22.322
25.626,84.194,27.380,22.816
25.630,83.429,27.985,23.321
26.135,82.521,27.985,23.321
25.226,81.815,27.985,23.321
25.933,82.925,27.985,23.321
26.639,82.420,27.985,23.321
26.538,81.512,27.985,23.321
26.034,81.008,27.985,23.321
24.722,82.723,27.985,23.321
25.428,82.420,27.985,23.321
26.479,83.105,28.604,23.837
27.201,82.383,28.604,23.837
25.861,82.073,28.604,23.837
26.995,84.445,28.604,23.837
25.502,83.005,29.237,24.364
25.818,82.477,29.237,24.364
26.977,81.740,29.237,24.364
25.888,80.267,29.884,24.903
26.858,78.867,29.884,24.903
27.181,77.897,29.884,24.903
26.565,82.212,29.247,24.372
28.198,83.387,28.623,23.853
29.001,82.547,28.013,23.344
27.890,81.840,28.013,23.344
29.203,82.345,28.013,23.344
27.531,80.934,28.633,23.860
28.460,81.863,28.633,23.860
28.976,81.347,28.633,23.860
27.695,80.334,29.266,24.388
28.223,79.384,29.266,24.388
28.329,80.545,29.266,24.388
27.590,80.439,29.266,24.388
28.329,80.756,29.266,24.388
28.539,82.541,28.642,23.868
28.148,83.890,28.031,23.359
27.844,83.385,28.031,23.359
28.552,82.476,28.031,23.359
27.844,81.970,28.031,23.359
28.956,83.890,28.031,23.359
29.057,84.598,28.031,23.359
28.090,83.970,27.433,22.861
28.980,83.080,27.433,22.861
28.683,84.762,27.433,22.861
29.573,84.465,27.433,22.861
29.277,84.168,27.433,22.861
30.364,84.663,27.433,22.861
29.227,84.239,26.848,22.374
30.292,83.949,26.848,22.374
30.582,83.852,26.848,22.374
29.842,84.557,26.276,21.897
30.695,85.031,26.276,21.897
29.913,84.690,26.857,22.381
30.852,84.089,26.284,21.904
30.676,85.144,25.724,21.437
29.788,86.714,25.175,20.979
30.605,85.897,25.175,20.979
31.311,86.908,24.638,20.532
31.933,87.352,24.638,20.532
31.133,86.908,24.638,20.532
31.755,87.707,24.638,20.532
30.423,85.842,24.638,20.532
29.978,84.154,24.638,20.532
30.156,85.829,24.113,20.094
31.460,87.307,24.113,20.094
32.471,87.437,23.599,19.666
32.216,86.841,23.599,19.666
32.385,86.641,23.096,19.246
32.907,87.897,23.607,19.672
32.652,87.131,23.607,19.672
32.165,86.110,23.103,19.253
33.081,87.693,23.103,19.253
34.331,87.609,23.103,19.253
37.246,87.360,23.103,19.253
35.330,88.775,23.103,19.253
33.951,87.785,23.614,19.679
34.547,87.019,23.614,19.679
33.951,86.252,23.614,19.679
34.547,85.146,23.614,19.679
34.803,86.423,23.614,19.679
34.808,85.237,23.111,19.259
35.558,83.821,23.111,19.259
35.808,84.238,23.111,19.259
36.558,85.154,23.111,19.259
37.253,84.163,23.622,19.685
37.849,83.567,23.622,19.685
38.840,85.501,23.118,19.265
39.590,84.751,23.118,19.265
39.007,84.667,23.118,19.265
40.424,85.084,23.118,19.265
41.554,85.048,22.625,18.854
41.962,84.804,22.625,18.854
41.880,85.538,22.625,18.854
43.301,85.660,22.143,18.452
43.859,85.421,22.143,18.452
44.360,84.802,22.633,18.861
45.094,84.721,22.633,18.861
45.665,84.966,22.633,18.861
46.726,85.863,22.633,18.861
46.808,85.618,22.633,18.861
47.488,84.986,23.133,19.278
46.738,84.736,23.133,19.278
47.989,84.152,23.133,19.278
50.908,85.737,23.133,19.278
50.324,84.820,23.133,19.278
51.575,84.236,23.133,19.278
52.271,83.590,23.645,19.704
52.868,82.993,23.645,19.704
54.146,84.442,23.645,19.704
55.425,83.675,23.645,19.704
55.851,85.124,23.645,19.704
57.130,86.915,23.645,19.704
58.068,88.534,23.645,19.704
58.731,88.498,23.141,19.284
59.482,89.249,23.141,19.284
60.452,89.213,22.648,18.873
61.303,88.581,23.149,19.291
62.555,87.496,23.149,19.291
61.970,84.408,23.149,19.291
62.941,86.142,22.655,18.879
64.493,85.570,22.655,18.879
65.915,87.267,22.172,18.477
66.954,86.868,22.172,18.477
68.153,88.227,22.172,18.477
69.512,89.585,22.172,18.477
70.232,88.706,22.172,18.477
71.591,87.827,22.172,18.477
72.310,88.706,22.172,18.477
73.989,86.708,22.172,18.477
74.868,85.669,22.172,18.477
75.747,84.789,22.172,18.477
77.106,84.550,22.172,18.477
78.305,84.310,22.172,18.477
79.664,83.430,22.172,18.477
80.543,84.629,22.172,18.477
81.263,84.070,22.172,18.477
82.941,85.109,22.172,18.477
83.821,85.509,22.172,18.477
84.700,84.470,22.172,18.477
86.246,85.668,21.699,18.083
86.950,84.808,21.699,18.083
87.811,85.668,21.699,18.083
88.045,84.964,21.699,18.083
89.062,85.981,21.699,18.083
90.236,85.746,21.699,18.083
91.253,85.355,21.699,18.083
92.113,86.372,21.699,18.083
92.604,85.279,22.179,18.483
93.688,86.016,21.706,18.088
93.140,85.625,21.706,18.088
94.314,85.390,21.706,18.088
95.488,86.251,21.706,18.088
96.192,85.546,21.706,18.088
96.740,84.686,21.706,18.088
97.288,84.764,21.706,18.088
98.148,84.529,21.706,18.088
99.009,84.451,21.706,18.088
100.026,86.094,21.706,18.088
100.574,85.546,21.706,18.088
101.592,84.999,21.706,18.088
102.049,84.965,21.243,17.703
103.235,86.704,20.790,17.325
102.861,86.329,20.790,17.325
103.835,86.105,20.790,17.325
104.510,86.180,20.790,17.325
104.435,87.004,20.790,17.325
105.109,87.079,20.790,17.325
104.585,87.154,20.790,17.325
105.409,86.779,20.790,17.325
105.559,88.337,20.347,16.956
106.072,87.970,20.347,16.956
106.145,87.750,20.347,16.956
106.857,87.436,19.913,16.594
105.967,87.029,20.354,16.961
105.159,88.423,20.354,16.961
106.381,87.550,20.804,17.337
107.056,88.525,20.804,17.337
106.231,87.700,20.804,17.337
107.056,87.025,20.804,17.337
107.281,88.150,20.804,17.337
108.106,87.475,20.804,17.337
107.431,86.650,20.804,17.337
107.506,86.125,20.804,17.337
108.031,87.250,20.804,17.337
106.906,86.575,20.804,17.337
106.681,85.300,20.804,17.337
106.906,86.725,20.804,17.337
106.681,85.900,20.804,17.337
107.553,85.579,20.360,16.967
107.134,87.245,19.926,16.605
106.487,86.024,19.926,16.605
106.937,86.660,20.367,16.972
106.801,87.903,19.933,16.610
106.441,86.394,19.933,16.610
105.550,86.881,20.374,16.978
106.064,87.542,20.374,16.978
105.550,86.587,20.374,16.978
106.358,87.689,20.374,16.978
105.844,87.028,20.374,16.978
105.476,87.836,20.374,16.978
106.431,88.056,20.374,16.978
106.798,86.954,20.374,16.978
107.019,88.350,20.374,16.978
105.917,89.158,20.374,16.978
106.378,88.589,20.824,17.354
106.152,87.913,20.824,17.354
105.627,89.490,20.824,17.354
105.101,88.514,20.824,17.354
105.326,87.838,20.824,17.354
105.476,86.938,20.380,16.984
105.844,88.481,20.380,16.984
104.448,87.820,20.380,16.984
105.109,87.158,20.380,16.984
104.301,86.056,20.380,16.984
104.761,85.182,20.831,17.359
103.635,86.759,20.831,17.359
103.109,85.783,20.831,17.359
103.484,87.510,20.831,17.359
102.959,86.684,20.831,17.359
102.733,88.111,20.831,17.359
102.159,86.342,20.387,16.989
101.498,87.297,20.387,16.989
100.891,88.101,20.838,17.365
101.417,87.575,20.838,17.365
101.642,86.749,20.838,17.365
101.068,88.309,20.394,16.995
102.065,87.995,19.959,16.632
100.698,89.074,19.959,16.632
101.489,87.995,19.959,16.632
102.137,87.635,19.959,16.632
101.489,88.426,19.959,16.632
101.849,87.203,19.959,16.632
101.489,86.556,19.959,16.632
101.417,86.052,19.959,16.632
101.777,85.692,19.959,16.632
101.849,84.757,19.959,16.632
100.956,83.901,20.400,17.000
101.471,84.857,20.400,17.000
102.280,84.930,20.400,17.000
102.060,84.416,20.400,17.000
102.427,85.519,20.400,17.000
102.795,84.416,20.400,17.000
103.751,84.048,20.400,17.000
103.144,82.715,20.852,17.376
103.520,83.542,20.852,17.376
104.347,84.219,20.852,17.376
104.723,84.895,20.852,17.376
105.017,84.139,20.407,17.006
105.091,84.801,20.407,17.006
105.459,83.844,20.407,17.006
105.974,85.095,20.407,17.006
106.830,84.496,19.972,16.643
107.334,85.576,19.972,16.643
106.830,84.928,19.972,16.643
107.910,84.712,19.972,16.643
107.982,84.208,19.972,16.643
108.486,83.992,19.972,16.643
107.694,83.344,19.972,16.643
107.622,84.712,19.972,16.643
108.270,83.776,19.972,16.643
108.721,84.713,20.414,17.011
109.531,84.198,20.414,17.011
109.310,85.302,20.414,17.011
109.825,84.639,20.414,17.011
109.163,83.977,20.414,17.011
109.972,84.345,20.414,17.011
110.046,85.007,20.414,17.011
110.267,83.609,20.414,17.011
110.929,84.124,20.414,17.011
110.414,83.609,20.414,17.011
111.270,84.996,19.978,16.649
110.910,84.204,19.978,16.649
111.990,84.276,19.978,16.649
112.350,85.212,19.978,16.649
111.558,84.276,19.978,16.649
112.062,85.068,19.978,16.649
111.270,84.132,19.978,16.649
112.020,84.620,20.420,17.017
111.211,83.516,20.420,17.017
112.130,82.335,20.872,17.394
111.265,83.463,20.427,17.023
111.780,83.095,20.427,17.023
112.149,82.874,20.427,17.023
111.870,84.262,19.991,16.660
111.653,83.469,19.991,16.660
111.005,83.397,19.991,16.660
111.653,84.334,19.991,16.660
111.005,83.830,19.991,16.660
111.221,84.478,19.991,16.660
111.437,83.830,19.991,16.660
111.653,83.758,19.991,16.660
110.861,84.406,19.991,16.660
111.077,83.758,19.991,16.660
111.149,85.127,19.991,16.660
110.933,84.622,19.991,16.660
109.996,84.118,19.991,16.660
109.491,85.776,19.991,16.660
110.428,85.415,19.991,16.660
111.077,86.496,19.991,16.660
111.149,85.992,19.991,16.660
110.933,86.929,19.991,16.660
110.284,85.992,19.991,16.660
111.077,85.631,19.991,16.660
110.284,87.001,19.991,16.660
110.788,86.064,19.991,16.660
110.716,87.577,19.991,16.660
109.779,87.073,19.991,16.660
110.140,86.280,19.991,16.660
109.779,85.631,19.991,16.660
109.996,86.857,19.991,16.660
109.779,86.064,19.991,16.660
108.987,86.857,19.991,16.660
109.491,86.640,19.991,16.660
110.284,85.559,19.991,16.660
109.347,85.055,19.991,16.660
109.419,85.848,19.991,16.660
109.924,85.343,19.991,16.660
109.131,84.550,19.991,16.660
109.347,85.776,19.991,16.660
110.140,86.713,19.991,16.660
109.347,86.064,19.991,16.660
109.074,86.033,19.565,16.304
109.955,85.341,19.998,16.665
109.162,85.124,19.998,16.665
109.523,86.638,19.998,16.665
108.874,86.134,19.998,16.665
108.513,87.503,19.998,16.665
108.009,86.855,19.998,16.665
108.909,86.147,20.441,17.034
107.951,87.547,20.441,17.034
108.025,86.884,20.441,17.034
108.394,86.368,20.441,17.034
108.467,88.063,20.441,17.034
108.541,87.547,20.441,17.034
107.780,86.670,20.893,17.411
107.252,85.992,20.893,17.411
107.725,85.565,21.355,17.796
107.494,85.180,21.355,17.796
107.109,86.643,21.355,17.796
107.648,85.950,21.355,17.796
108.395,82.801,20.900,17.416
107.717,86.342,20.900,17.416
107.286,83.841,20.454,17.045
106.580,84.236,20.018,16.681
106.796,83.153,20.018,16.681
106.291,84.380,20.018,16.681
107.229,84.163,20.018,16.681
106.580,85.102,20.018,16.681
107.085,86.328,20.018,16.681
106.291,85.390,20.018,16.681
106.363,86.473,20.018,16.681
106.724,87.555,20.018,16.681
105.786,86.906,20.018,16.681
106.765,86.597,19.591,16.326
105.423,85.820,19.591,16.326
106.200,84.902,19.591,16.326
106.340,84.871,19.173,15.978
106.824,86.047,19.173,15.978
106.202,85.424,19.173,15.978
106.548,86.600,19.173,15.978
105.649,85.839,19.173,15.978
105.442,87.153,19.173,15.978
104.584,86.617,19.597,16.331
105.644,85.981,19.597,16.331
104.768,85.288,20.031,16.692
104.984,83.627,20.031,16.692
104.479,84.710,20.031,16.692
105.418,84.926,20.031,16.692
106.212,84.999,20.031,16.692
105.562,84.493,20.031,16.692
104.479,83.988,20.031,16.692
105.273,85.360,20.031,16.692
104.912,84.132,20.031,16.692
104.118,85.215,20.031,16.692
105.056,84.277,20.031,16.692
104.118,83.627,20.031,16.692
103.901,85.721,20.031,16.692
104.407,86.804,20.031,16.692
105.056,87.887,20.031,16.692
104.407,88.537,20.031,16.692
105.201,87.598,20.031,16.692
104.840,87.960,20.031,16.692
104.768,87.598,20.031,16.692
104.984,87.093,20.031,16.692
105.490,87.310,20.031,16.692
105.562,86.660,20.031,16.692
106.820,86.490,19.604,16.336
106.325,86.136,19.604,16.336
106.466,86.106,19.186,15.988
107.088,85.484,19.186,15.988
107.522,86.240,19.610,16.342
108.158,85.886,19.610,16.342
107.098,85.391,19.610,16.342
108.128,84.697,20.044,16.703
108.489,84.191,20.044,16.703
107.983,83.541,20.044,16.703
108.634,82.890,20.044,16.703
108.128,82.240,20.044,16.703
109.501,81.734,20.044,16.703
108.995,83.252,20.044,16.703
109.934,82.746,20.044,16.703
110.151,84.119,20.044,16.703
110.657,83.758,20.044,16.703
110.801,83.169,19.617,16.347
110.306,83.806,19.617,16.347
111.367,83.594,19.617,16.347
111.862,82.674,19.617,16.347
111.225,82.038,19.617,16.347
112.145,83.947,19.617,16.347
112.357,84.867,19.617,16.347
112.993,85.079,19.617,16.347
113.206,86.281,19.617,16.347
112.993,85.362,19.617,16.347
113.347,84.442,19.617,16.347
113.842,83.806,19.617,16.347
113.845,84.579,20.051,16.709
113.484,84.218,20.051,16.709
114.134,84.434,20.051,16.709
115.219,85.519,20.051,16.709
115.869,85.446,20.051,16.709
115.797,85.808,20.051,16.709
116.737,85.736,20.051,16.709
116.809,85.519,20.051,16.709
117.315,85.157,20.051,16.709
117.676,84.940,20.051,16.709
118.038,85.157,20.051,16.709
118.544,84.507,20.051,16.709
117.893,84.145,20.051,16.709
118.399,84.940,20.051,16.709
119.628,84.001,20.051,16.709
118.977,84.940,20.051,16.709
119.917,83.422,20.051,16.709
119.845,82.483,20.051,16.709
120.206,81.832,20.051,16.709
120.857,82.194,20.051,16.709
120.495,81.109,20.051,16.709
120.279,82.049,20.051,16.709
121.032,81.189,20.494,17.078
120.219,80.672,20.494,17.078
121.142,81.173,20.948,17.456
120.311,81.400,20.948,17.456
121.142,80.871,20.948,17.456
120.205,80.129,21.411,17.843
121.009,80.813,21.885,18.237
121.668,80.529,22.369,18.641
122.173,79.570,22.864,19.053
122.586,80.971,22.864,19.053
121.905,79.820,23.370,19.475
122.326,78.388,23.370,19.475
121.631,80.183,23.887,19.906
122.885,79.337,24.415,20.346
121.793,77.011,24.956,20.796
123.143,78.901,24.956,20.796
123.322,80.770,24.423,20.353
123.874,79.540,24.964,20.803
123.424,78.370,24.964,20.803
125.686,80.587,24.431,20.359
126.478,80.147,24.431,20.359
128.182,82.486,23.910,19.925
129.517,82.449,23.400,19.500
130.661,83.714,22.901,19.085
131.734,83.632,22.901,19.085
132.808,82.889,22.901,19.085
132.811,82.078,23.408,19.507
133.233,82.838,23.408,19.507
134.330,81.740,23.408,19.507
134.077,80.981,23.408,19.507
135.343,79.546,23.408,19.507
136.271,79.124,23.408,19.507
137.741,80.064,22.909,19.091
138.815,78.826,22.909,19.091
139.723,79.734,22.909,19.091
140.467,80.973,22.909,19.091
141.375,80.560,22.909,19.091
142.813,81.321,22.420,18.684
143.130,82.377,21.942,18.285
144.159,81.823,21.942,18.285
145.662,82.535,21.942,18.285
146.848,81.823,21.942,18.285
148.074,81.789,21.474,17.895
149.390,82.331,21.474,17.895
150.241,81.944,21.474,17.895
152.022,83.570,21.474,17.895
152.719,83.028,21.474,17.895
153.847,82.429,21.949,18.291
154.717,81.875,21.949,18.291
155.429,81.162,21.949,18.291
155.825,82.983,21.949,18.291
156.854,82.270,21.949,18.291
158.041,83.457,21.949,18.291
158.701,82.516,22.435,18.696
160.076,84.376,22.435,18.696
160.642,83.325,22.435,18.696
161.532,84.538,22.435,18.696
162.583,83.648,22.435,18.696
163.635,82.759,22.435,18.696
164.201,81.222,22.435,18.696
164.605,80.332,22.435,18.696
165.010,79.604,22.435,18.696
164.929,78.715,22.435,18.696
165.657,79.766,22.435,18.696
166.708,79.362,22.435,18.696
167.598,80.090,22.435,18.696
168.002,79.200,22.435,18.696
167.760,79.928,22.435,18.696
168.811,78.876,22.435,18.696
168.245,78.148,22.435,18.696
168.973,79.038,22.435,18.696
169.216,80.090,22.435,18.696
170.157,81.146,21.957,18.297
169.761,79.801,21.957,18.297
170.473,80.672,21.957,18.297
170.711,81.226,21.957,18.297
171.898,80.355,21.957,18.297
172.294,80.909,21.957,18.297
172.373,81.463,21.957,18.297
172.769,82.334,21.957,18.297
173.323,82.730,21.957,18.297
172.610,82.967,21.957,18.297
173.323,81.780,21.957,18.297
173.491,81.988,22.442,18.702
174.057,82.554,22.442,18.702
173.329,82.797,22.442,18.702
174.004,82.506,22.939,19.116
175.410,81.597,22.939,19.116
174.500,81.514,22.939,19.116
175.410,80.604,22.939,19.116
175.492,80.356,22.939,19.116
176.237,80.604,22.939,19.116
175.989,81.679,22.939,19.116
177.229,82.093,22.939,19.116
176.319,81.183,22.939,19.116
175.906,82.258,22.939,19.116
176.549,83.498,22.450,18.708
177.439,84.712,22.450,18.708
178.168,83.498,22.450,18.708
177.763,84.712,22.450,18.708
178.330,82.689,22.450,18.708
178.896,82.284,22.450,18.708
177.844,83.660,22.450,18.708
178.411,82.608,22.450,18.708
178.977,84.146,22.450,18.708
177.763,83.255,22.450,18.708
178.653,82.365,22.450,18.708
179.220,83.741,22.450,18.708
178.491,83.174,22.450,18.708
177.717,82.984,21.971,18.309
178.113,84.330,21.971,18.309
177.400,83.934,21.971,18.309
178.169,84.969,21.503,17.919
178.401,86.132,21.503,17.919
177.858,85.279,21.503,17.919
177.936,85.512,21.503,17.919
177.238,85.279,21.503,17.919
177.316,84.582,21.503,17.919
176.618,85.279,21.503,17.919
177.626,84.427,21.503,17.919
176.928,83.574,21.503,17.919
177.471,83.341,21.503,17.919
176.308,83.109,21.503,17.919
177.006,83.341,21.503,17.919
175.561,82.902,21.978,18.315
176.591,82.347,21.978,18.315
175.528,82.008,21.510,17.925
174.985,83.326,21.510,17.925
175.372,82.783,21.510,17.925
174.780,83.946,21.051,17.542
174.704,84.781,21.051,17.542
173.869,84.553,21.051,17.542
173.793,85.085,21.051,17.542
173.414,84.705,21.051,17.542
172.944,84.117,21.517,17.931
173.798,83.574,21.517,17.931
172.031,82.652,21.993,18.327
171.158,82.097,21.993,18.327
171.713,81.700,21.993,18.327
171.059,81.086,22.479,18.733
170.654,81.491,22.479,18.733
169.144,80.359,22.977,19.147
170.267,81.761,22.487,18.739
170.186,81.031,22.487,18.739
170.694,80.572,22.984,19.153
169.494,80.274,23.493,19.577
169.918,80.697,23.493,19.577
169.664,81.799,23.493,19.577
168.964,80.440,24.012,20.010
169.051,82.084,24.012,20.010
168.445,82.864,24.012,20.010
169.786,83.494,23.500,19.584
169.531,84.087,23.500,19.584
169.700,85.521,22.999,19.166
169.949,85.106,22.999,19.166
170.198,84.692,22.999,19.166
170.612,84.277,22.999,19.166
169.866,85.521,22.999,19.166
170.991,84.846,22.509,18.757
170.657,85.902,23.007,19.172
169.579,84.492,23.007,19.172
170.160,81.423,23.007,19.172
171.238,81.008,23.007,19.172
171.242,79.849,23.516,19.596
171.496,79.256,23.516,19.596
171.242,80.527,23.516,19.596
171.496,79.934,23.516,19.596
170.733,81.036,23.516,19.596
171.157,80.443,23.516,19.596
170.105,79.962,24.036,20.030
169.777,81.762,23.524,19.603
169.604,80.578,24.044,20.037
170.211,79.798,24.044,20.037
170.935,80.745,24.576,20.480
171.200,79.770,24.576,20.480
170.403,80.922,24.576,20.480
169.896,79.860,24.052,20.043
170.503,80.640,24.052,20.043
169.723,81.247,24.052,20.043
170.503,81.854,24.052,20.043
170.937,80.553,24.052,20.043
171.544,79.600,24.052,20.043
172.218,81.234,23.539,19.616
172.643,79.961,23.539,19.616
171.994,81.397,23.037,19.197
170.963,80.065,23.547,19.622
172.067,81.168,23.547,19.622
172.491,80.234,23.547,19.622
172.237,78.791,23.547,19.622
171.982,77.688,23.547,19.622
173.256,76.584,23.547,19.622
172.831,77.348,23.547,19.622
173.256,76.245,23.547,19.622
172.152,75.311,23.547,19.622
173.086,76.754,23.547,19.622
173.510,77.858,23.547,19.622
172.407,77.094,23.547,19.622
172.586,77.845,24.068,20.056
172.050,76.633,24.600,20.500
172.316,77.254,24.600,20.500
170.986,77.343,24.600,20.500
171.961,76.544,24.600,20.500
171.518,77.343,24.600,20.500
171.075,76.367,24.600,20.500
171.518,75.924,24.600,20.500
170.897,76.899,24.600,20.500
171.163,75.924,24.600,20.500
170.615,75.605,25.144,20.954
170.524,75.152,25.144,20.954
169.890,74.336,25.144,20.954
170.343,75.514,25.144,20.954
169.346,74.517,25.144,20.954
169.437,75.877,25.144,20.954
168.440,75.242,25.144,20.954
168.168,74.789,25.144,20.954
167.714,75.242,25.144,20.954
168.530,75.696,25.144,20.954
168.621,75.061,25.144,20.954
167.261,74.608,25.144,20.954
167.533,74.880,25.144,20.954
166.717,74.608,25.144,20.954
166.989,73.973,25.144,20.954
165.992,74.245,25.144,20.954
166.184,73.543,25.701,21.417
166.277,73.080,25.701,21.417
165.813,73.358,25.701,21.417
166.277,72.339,25.701,21.417
165.257,71.505,25.701,21.417
165.535,70.671,25.701,21.417
164.702,72.061,25.701,21.417
163.937,71.151,26.269,21.891
164.137,72.579,26.851,22.375
163.072,73.063,26.851,22.375
162.782,72.385,26.851,22.375
161.524,74.031,26.851,22.375
162.395,73.160,26.851,22.375
161.194,74.620,27.445,22.871
162.084,73.135,27.445,22.871
161.590,72.443,27.445,22.871
160.699,73.333,27.445,22.871
160.798,72.245,27.445,22.871
160.614,73.729,26.859,22.383
160.130,73.438,26.859,22.383
160.614,73.922,26.859,22.383
159.355,73.438,26.859,22.383
160.227,74.503,26.859,22.383
159.161,74.987,26.859,22.383
159.646,73.729,26.859,22.383
158.580,75.181,26.859,22.383
158.290,74.310,26.859,22.383
159.355,73.438,26.859,22.383
158.871,73.148,26.859,22.383
158.774,71.114,26.859,22.383
158.290,70.243,26.859,22.383
159.355,69.177,26.859,22.383
158.871,68.306,26.859,22.383
157.612,68.209,26.859,22.383
157.128,67.725,26.859,22.383
156.256,69.371,26.859,22.383
155.385,69.855,26.859,22.383
155.869,69.758,26.859,22.383
154.668,69.410,27.454,22.878
155.559,70.103,27.454,22.878
154.470,69.212,27.454,22.878
153.975,68.520,27.454,22.878
154.668,69.806,27.454,22.878
153.381,68.718,27.454,22.878
154.272,68.421,27.454,22.878
154.767,70.103,27.454,22.878
153.480,69.608,27.454,22.878
153.777,70.499,27.454,22.878
153.282,71.192,27.454,22.878
152.391,70.103,27.454,22.878
152.886,70.202,27.454,22.878
152.391,70.697,27.454,22.878
152.094,70.202,27.454,22.878
152.589,71.093,27.454,22.878
152.094,71.588,27.454,22.878
153.183,72.083,27.454,22.878
152.366,72.343,28.061,23.384
152.063,71.433,28.061,23.384
151.557,71.129,28.061,23.384
151.658,72.242,28.061,23.384
152.568,71.736,28.061,23.384
152.063,70.421,28.061,23.384
151.557,69.713,28.061,23.384
152.265,70.219,28.061,23.384
150.950,70.522,28.061,23.384
152.063,69.207,28.061,23.384
151.557,70.724,28.061,23.384
152.265,70.219,28.061,23.384
152.568,70.724,28.061,23.384
152.670,70.421,28.061,23.384
151.557,70.117,28.061,23.384
152.467,69.814,28.061,23.384
151.212,69.030,28.682,23.902
151.109,68.307,28.682,23.902
151.626,67.583,28.682,23.902
