76.000,79.000,64.000,52.000
76.228,77.404,64.000,52.000
75.088,79.000,64.000,52.000
74.143,77.242,65.416,53.151
73.444,77.941,65.416,53.151
74.609,76.776,65.416,53.151
73.910,78.407,65.416,53.151
73.211,77.242,65.416,53.151
72.978,77.009,65.416,53.151
72.745,76.309,65.416,53.151
73.910,77.009,65.416,53.151
71.812,76.776,65.416,53.151
72.512,77.009,65.416,53.151
73.211,75.843,65.416,53.151
72.045,77.009,65.416,53.151
72.745,75.377,65.416,53.151
73.444,76.076,65.416,53.151
72.279,75.377,65.416,53.151
72.512,75.610,65.416,53.151
72.745,75.843,65.416,53.151
72.978,76.076,65.416,53.151
71.346,75.377,65.416,53.151
72.512,75.610,65.416,53.151
72.279,75.843,65.416,53.151
72.512,76.076,65.416,53.151
71.812,75.377,65.416,53.151
72.045,76.076,65.416,53.151
72.279,76.309,65.416,53.151
72.045,76.543,65.416,53.151
72.279,76.776,65.416,53.151
72.045,76.543,65.416,53.151
72.279,76.776,65.416,53.151
72.512,77.475,65.416,53.151
72.745,77.708,65.416,53.151
73.444,77.941,65.416,53.151
72.279,76.776,65.416,53.151
72.512,77.941,65.416,53.151
73.211,76.776,65.416,53.151
72.045,77.475,65.416,53.151
72.279,77.242,65.416,53.151
72.978,76.543,65.416,53.151
71.812,76.776,65.416,53.151
72.512,77.009,65.416,53.151
73.211,75.843,65.416,53.151
72.512,76.543,65.416,53.151
73.677,75.843,65.416,53.151
72.978,76.543,65.416,53.151
72.279,76.309,65.416,53.151
73.444,75.144,65.416,53.151
73.211,75.377,65.416,53.151
73.444,75.144,65.416,53.151
74.143,74.911,65.416,53.151
72.512,75.610,65.416,53.151
73.677,74.911,65.416,53.151
72.978,76.076,65.416,53.151
72.745,74.911,65.416,53.151
73.910,76.543,65.416,53.151
72.279,76.309,65.416,53.151
73.444,75.144,65.416,53.151
72.745,74.911,65.416,53.151
73.444,75.610,65.416,53.151
72.745,74.911,65.416,53.151
74.842,74.678,65.416,53.151
72.279,74.445,65.416,53.151
73.444,75.144,65.416,53.151
75.542,74.445,65.416,53.151
72.045,75.144,65.416,53.151
68.083,76.309,65.416,53.151
69.248,76.543,65.416,53.151
72.417,76.435,64.021,52.017
69.452,76.663,64.021,52.017
72.993,76.119,62.656,50.908
73.216,75.449,62.656,50.908
72.378,77.068,61.320,49.822
72.596,76.849,61.320,49.822
72.378,77.942,61.320,49.822
72.159,76.849,61.320,49.822
72.815,76.631,61.320,49.822
73.470,75.101,61.320,49.822
70.630,74.883,61.320,49.822
71.285,77.286,61.320,49.822
71.067,76.194,61.320,49.822
69.974,76.849,61.320,49.822
71.504,78.816,61.320,49.822
74.053,77.030,60.012,48.760
74.267,76.389,60.012,48.760
73.198,75.320,60.012,48.760
73.839,75.106,60.012,48.760
75.509,75.832,58.732,47.720
73.626,74.785,58.732,47.720
72.998,75.413,58.732,47.720
72.370,74.785,58.732,47.720
73.417,76.250,58.732,47.720
72.789,76.041,58.732,47.720
72.161,77.087,58.732,47.720
72.370,77.715,58.732,47.720
71.938,76.536,60.032,48.776
71.724,76.322,60.032,48.776
71.082,76.108,60.032,48.776
71.724,76.322,60.032,48.776
71.082,76.108,60.032,48.776
72.152,75.894,60.032,48.776
71.510,75.680,60.032,48.776
70.868,74.611,60.032,48.776
71.082,75.253,60.032,48.776
72.152,74.183,60.032,48.776
71.510,73.541,60.032,48.776
69.292,73.668,61.360,49.855
70.655,72.436,62.717,50.958
69.538,72.659,62.717,50.958
69.314,72.883,62.717,50.958
68.389,71.623,64.105,52.085
69.531,72.308,64.105,52.085
68.389,72.994,64.105,52.085
69.733,74.210,62.738,50.975
71.297,71.304,62.738,50.975
70.835,71.435,64.126,52.102
68.467,71.096,65.545,53.255
68.700,70.395,65.545,53.255
70.074,72.539,64.147,52.119
70.538,71.553,62.779,51.008
71.209,73.118,62.779,51.008
72.094,75.603,61.440,49.920
71.437,74.946,61.440,49.920
70.343,75.165,61.440,49.920
68.810,74.070,61.440,49.920
69.905,75.165,61.440,49.920
72.313,74.070,61.440,49.920
70.780,74.289,61.440,49.920
69.248,75.822,61.440,49.920
72.532,76.478,61.440,49.920
74.664,77.644,60.130,48.856
72.621,79.197,58.848,47.814
72.411,80.246,58.848,47.814
73.040,80.036,58.848,47.814
73.250,81.084,58.848,47.814
71.782,82.133,58.848,47.814
72.830,81.504,58.848,47.814
71.782,82.552,58.848,47.814
71.153,81.923,58.848,47.814
70.943,80.036,58.848,47.814
71.992,79.407,58.848,47.814
72.621,79.197,58.848,47.814
71.992,80.246,58.848,47.814
73.459,80.455,58.848,47.814
72.411,81.084,58.848,47.814
72.621,81.294,58.848,47.814
73.250,80.665,58.848,47.814
72.201,80.036,58.848,47.814
73.250,78.988,58.848,47.814
72.201,79.197,58.848,47.814
73.250,77.729,58.848,47.814
73.459,76.681,58.848,47.814
73.669,75.213,58.848,47.814
73.459,75.423,58.848,47.814
73.669,74.794,58.848,47.814
73.459,74.165,58.848,47.814
73.669,73.955,58.848,47.814
73.879,73.745,58.848,47.814
74.088,73.116,58.848,47.814
73.040,74.165,58.848,47.814
74.508,73.536,58.848,47.814
73.459,74.165,58.848,47.814
74.508,72.697,58.848,47.814
73.459,72.487,58.848,47.814
74.088,72.697,58.848,47.814
73.459,71.649,58.848,47.814
74.508,72.278,58.848,47.814
74.298,73.326,58.848,47.814
73.669,73.955,58.848,47.814
74.717,73.745,58.848,47.814
74.088,74.374,58.848,47.814
73.459,75.004,58.848,47.814
74.508,74.374,58.848,47.814
73.879,75.004,58.848,47.814
74.508,73.955,58.848,47.814
73.459,74.584,58.848,47.814
74.088,73.955,58.848,47.814
73.459,73.745,58.848,47.814
74.088,72.697,58.848,47.814
73.040,72.907,58.848,47.814
74.927,73.955,58.848,47.814
73.459,72.907,58.848,47.814
73.669,73.955,58.848,47.814
73.879,74.584,58.848,47.814
73.669,75.633,58.848,47.814
73.459,75.423,58.848,47.814
72.830,76.471,58.848,47.814
73.879,76.681,58.848,47.814
72.575,75.064,60.150,48.872
72.361,75.707,60.150,48.872
72.146,74.636,60.150,48.872
71.932,74.850,60.150,48.872
71.289,74.207,60.150,48.872
72.789,75.279,60.150,48.872
72.146,74.636,60.150,48.872
71.932,73.564,60.150,48.872
71.718,74.636,60.150,48.872
72.789,73.135,60.150,48.872
71.718,73.778,60.150,48.872
72.361,72.278,60.150,48.872
72.146,73.350,60.150,48.872
71.075,73.135,60.150,48.872
71.718,72.064,60.150,48.872
72.361,73.135,60.150,48.872
71.289,72.492,60.150,48.872
71.932,73.564,60.150,48.872
70.432,73.350,60.150,48.872
71.503,73.564,60.150,48.872
71.718,74.207,60.150,48.872
71.503,73.135,60.150,48.872
71.289,74.636,60.150,48.872
70.646,74.421,60.150,48.872
71.718,75.922,60.150,48.872
69.941,74.269,61.481,49.953
70.160,74.926,61.481,49.953
69.941,75.145,61.481,49.953
69.721,74.488,61.481,49.953
69.064,75.145,61.481,49.953
70.160,74.050,61.481,49.953
69.064,74.707,61.481,49.953
69.721,74.488,61.481,49.953
68.626,74.707,61.481,49.953
68.407,74.926,61.481,49.953
68.188,75.584,61.481,49.953
68.845,75.364,61.481,49.953
67.750,74.707,61.481,49.953
67.969,75.803,61.481,49.953
67.312,74.707,61.481,49.953
66.655,73.612,61.481,49.953
67.312,73.831,61.481,49.953
66.216,73.174,61.481,49.953
67.750,72.079,61.481,49.953
66.655,72.298,61.481,49.953
66.874,72.955,61.481,49.953
66.216,72.736,61.481,49.953
67.312,72.079,61.481,49.953
64.586,70.844,62.841,51.058
66.153,71.516,62.841,51.058
63.690,71.292,62.841,51.058
65.706,71.068,62.841,51.058
62.920,71.200,64.231,52.188
63.149,70.514,64.231,52.188
63.835,71.200,64.231,52.188
64.064,70.056,64.231,52.188
62.004,70.285,64.231,52.188
62.691,70.056,64.231,52.188
63.835,68.911,64.231,52.188
62.233,69.598,64.231,52.188
62.920,69.827,64.231,52.188
61.775,70.056,64.231,52.188
63.377,68.911,64.231,52.188
62.233,68.683,64.231,52.188
63.139,70.342,62.861,51.075
63.811,70.118,62.861,51.075
63.139,69.446,62.861,51.075
62.019,70.566,62.861,51.075
63.587,69.894,62.861,51.075
63.363,70.118,62.861,51.075
62.243,70.342,62.861,51.075
62.467,70.118,62.861,51.075
62.691,69.894,62.861,51.075
62.915,71.462,62.861,51.075
63.587,70.342,62.861,51.075
62.915,71.462,62.861,51.075
63.139,72.134,62.861,51.075
62.019,72.358,62.861,51.075
63.587,73.478,62.861,51.075
62.467,73.702,62.861,51.075
63.587,73.926,62.861,51.075
63.363,73.254,62.861,51.075
63.587,71.686,62.861,51.075
63.811,72.358,62.861,51.075
64.035,72.134,62.861,51.075
64.259,72.806,62.861,51.075
62.691,74.374,62.861,51.075
64.259,75.046,62.861,51.075
64.035,74.374,62.861,51.075
64.706,75.494,62.861,51.075
64.930,75.718,62.861,51.075
64.259,76.390,62.861,51.075
64.482,76.166,62.861,51.075
65.154,75.494,62.861,51.075
64.482,76.166,62.861,51.075
66.050,75.046,62.861,51.075
65.826,74.374,62.861,51.075
66.946,74.598,62.861,51.075
66.274,73.926,62.861,51.075
66.050,73.702,62.861,51.075
67.618,73.478,62.861,51.075
66.498,72.806,62.861,51.075
67.170,73.478,62.861,51.075
66.946,71.910,62.861,51.075
68.066,72.582,62.861,51.075
68.738,71.910,62.861,51.075
67.170,72.582,62.861,51.075
68.290,71.462,62.861,51.075
67.618,71.686,62.861,51.075
68.738,71.910,62.861,51.075
69.410,72.134,62.861,51.075
68.290,71.014,62.861,51.075
69.410,71.686,62.861,51.075
68.738,72.806,62.861,51.075
70.306,73.030,62.861,51.075
68.738,73.702,62.861,51.075
71.202,74.374,62.861,51.075
70.082,73.702,62.861,51.075
71.202,74.822,62.861,51.075
70.978,74.150,62.861,51.075
72.546,73.030,62.861,51.075
70.978,73.702,62.861,51.075
72.546,73.478,62.861,51.075
71.874,72.358,62.861,51.075
72.546,72.134,62.861,51.075
71.874,71.462,62.861,51.075
72.994,72.134,62.861,51.075
73.666,72.806,62.861,51.075
72.546,73.478,62.861,51.075
73.218,73.702,62.861,51.075
72.546,73.926,62.861,51.075
74.114,73.702,62.861,51.075
72.994,73.926,62.861,51.075
75.010,73.254,62.861,51.075
74.786,73.478,62.861,51.075
74.114,74.598,62.861,51.075
74.338,74.374,62.861,51.075
75.458,74.598,62.861,51.075
74.786,75.270,62.861,51.075
76.354,75.046,62.861,51.075
75.234,74.822,62.861,51.075
75.906,75.942,62.861,51.075
77.026,76.166,62.861,51.075
77.912,76.494,61.521,49.986
76.377,76.713,61.521,49.986
78.935,76.190,60.209,48.920
77.433,76.834,60.209,48.920
78.935,76.190,60.209,48.920
77.433,77.263,60.209,48.920
78.935,76.190,60.209,48.920
77.433,76.834,60.209,48.920
79.364,74.474,60.209,48.920
78.720,75.117,60.209,48.920
79.983,73.778,58.925,47.877
81.032,72.308,58.925,47.877
79.563,72.518,58.925,47.877
80.612,71.888,58.925,47.877
80.822,70.839,58.925,47.877
79.773,71.468,58.925,47.877
81.662,72.098,58.925,47.877
80.612,72.728,58.925,47.877
81.242,72.938,58.925,47.877
81.264,75.270,57.668,46.856
81.880,75.886,57.668,46.856
80.853,76.914,57.668,46.856
81.469,76.297,57.668,46.856
82.085,75.270,57.668,46.856
81.058,76.297,57.668,46.856
81.674,76.503,57.668,46.856
80.236,78.763,57.668,46.856
82.634,80.649,56.439,45.856
82.030,80.448,56.439,45.856
81.427,80.649,56.439,45.856
82.030,80.046,56.439,45.856
81.025,79.443,56.439,45.856
81.628,77.633,56.439,45.856
82.231,77.029,56.439,45.856
81.226,76.828,56.439,45.856
81.427,76.225,56.439,45.856
81.628,76.426,56.439,45.856
82.036,78.272,55.235,44.878
82.626,77.681,55.235,44.878
81.642,77.485,55.235,44.878
82.233,78.469,55.235,44.878
82.823,77.878,55.235,44.878
82.233,77.288,55.235,44.878
83.217,76.697,55.235,44.878
82.233,76.107,55.235,44.878
82.430,77.485,55.235,44.878
81.839,77.681,55.235,44.878
81.642,77.091,55.235,44.878
81.283,79.656,54.057,43.921
79.935,82.160,54.057,43.921
90.143,43.060,54.057,43.921
91.106,41.326,54.057,43.921
91.684,39.593,54.057,43.921
92.817,41.361,52.904,42.985
93.383,41.926,52.904,42.985
93.571,42.115,52.904,42.985
93.760,40.795,52.904,42.985
93.948,41.738,52.904,42.985
92.776,39.893,54.075,43.936
92.969,41.242,54.075,43.936
91.771,38.957,55.271,44.908
92.756,39.547,55.271,44.908
93.347,37.775,55.271,44.908
94.725,37.184,55.271,44.908
93.740,37.381,55.271,44.908
94.331,36.790,55.271,44.908
95.710,36.199,55.271,44.908
95.907,36.790,55.271,44.908
96.104,35.806,55.271,44.908
97.088,36.396,55.271,44.908
97.285,37.381,55.271,44.908
98.270,37.972,55.271,44.908
99.649,35.806,55.271,44.908
97.876,36.002,55.271,44.908
82.712,78.738,55.271,44.908
84.090,77.754,55.271,44.908
82.971,80.320,54.093,43.950
83.550,78.971,54.093,43.950
84.513,79.935,54.093,43.950
83.935,79.742,54.093,43.950
84.899,79.164,54.093,43.950
83.935,78.586,54.093,43.950
82.586,80.706,54.093,43.950
81.119,82.103,52.939,43.013
78.772,84.172,54.110,43.965
81.974,80.285,55.308,44.937
82.171,78.905,55.308,44.937
82.763,77.920,55.308,44.937
82.565,78.117,55.308,44.937
82.763,79.497,55.308,44.937
83.922,79.786,54.128,43.979
83.729,79.593,54.128,43.979
83.922,79.400,54.128,43.979
83.729,79.979,54.128,43.979
83.536,79.400,54.128,43.979
83.729,78.050,54.128,43.979
83.005,79.448,52.974,43.041
84.480,78.998,51.844,42.123
84.295,79.552,51.844,42.123
83.741,80.106,51.844,42.123
83.759,80.021,50.739,41.225
83.940,80.563,50.739,41.225
84.121,80.744,50.739,41.225
82.622,80.851,51.861,42.137
82.437,81.775,51.861,42.137
83.731,81.220,51.861,42.137
82.437,81.405,51.861,42.137
83.731,81.220,51.861,42.137
82.437,80.666,51.861,42.137
83.731,82.329,51.861,42.137
82.807,82.144,51.861,42.137
83.731,81.590,51.861,42.137
83.546,80.296,51.861,42.137
85.209,81.590,51.861,42.137
84.654,80.666,51.861,42.137
84.100,80.851,51.861,42.137
85.763,80.666,51.861,42.137
84.839,80.112,51.861,42.137
86.133,79.557,51.861,42.137
86.687,78.633,51.861,42.137
85.763,77.709,51.861,42.137
87.057,77.155,51.861,42.137
87.981,77.709,51.861,42.137
87.426,76.785,51.861,42.137
88.720,77.340,51.861,42.137
88.535,77.894,51.861,42.137
90.198,76.970,51.861,42.137
89.644,78.264,51.861,42.137
89.089,78.818,51.861,42.137
90.752,78.264,51.861,42.137
90.568,79.557,51.861,42.137
91.861,78.633,51.861,42.137
90.937,77.709,51.861,42.137
91.861,77.894,51.861,42.137
92.785,77.340,51.861,42.137
92.231,78.633,51.861,42.137
93.524,78.079,51.861,42.137
93.709,78.633,51.861,42.137
92.785,78.818,51.861,42.137
94.448,78.633,51.861,42.137
95.003,79.557,51.861,42.137
93.087,78.133,53.009,43.069
94.787,78.321,53.009,43.069
93.842,80.021,53.009,43.069
95.542,78.699,53.009,43.069
94.220,79.266,53.009,43.069
96.298,79.455,53.009,43.069
96.487,78.888,53.009,43.069
96.676,78.321,53.009,43.069
96.109,79.644,53.009,43.069
97.431,78.321,53.009,43.069
97.998,80.777,53.009,43.069
96.676,80.210,53.009,43.069
96.864,82.288,53.009,43.069
98.187,83.232,53.009,43.069
97.998,82.288,53.009,43.069
98.187,82.099,53.009,43.069
99.131,82.666,53.009,43.069
97.809,82.099,53.009,43.069
97.620,81.532,53.009,43.069
99.459,82.174,51.878,42.151
100.014,81.249,51.878,42.151
101.678,81.065,51.878,42.151
100.384,80.140,51.878,42.151
101.678,81.065,51.878,42.151
102.972,80.140,51.878,42.151
102.787,79.586,51.878,42.151
103.711,81.249,51.878,42.151
103.526,80.695,51.878,42.151
104.820,80.880,51.878,42.151
105.375,80.695,51.878,42.151
105.929,79.401,51.878,42.151
107.223,78.846,51.878,42.151
107.778,78.292,51.878,42.151
109.441,78.107,51.878,42.151
109.256,77.552,51.878,42.151
111.659,77.737,51.878,42.151
112.953,77.552,51.878,42.151
112.399,77.737,51.878,42.151
113.323,77.922,51.878,42.151
114.617,78.846,51.878,42.151
115.541,79.401,51.878,42.151
116.835,79.216,51.878,42.151
118.129,79.401,51.878,42.151
118.314,79.216,51.878,42.151
119.978,79.031,51.878,42.151
121.641,78.477,51.878,42.151
122.196,77.922,51.878,42.151
123.120,78.477,51.878,42.151
123.675,77.183,51.878,42.151
125.338,76.258,51.878,42.151
126.632,76.813,51.878,42.151
127.926,75.889,51.878,42.151
129.590,76.813,51.878,42.151
130.514,75.889,51.878,42.151
131.438,76.074,51.878,42.151
132.363,75.519,51.878,42.151
133.287,76.074,51.878,42.151
134.581,75.889,51.878,42.151
136.614,76.813,51.878,42.151
137.169,76.628,51.878,42.151
138.093,77.183,51.878,42.151
139.387,75.889,51.878,42.151
141.050,77.183,51.878,42.151
143.084,75.889,51.878,42.151
143.269,77.922,51.878,42.151
144.193,77.737,51.878,42.151
145.487,78.292,51.878,42.151
147.150,78.107,51.878,42.151
147.705,77.552,51.878,42.151
149.738,77.368,51.878,42.151
150.663,76.813,51.878,42.151
151.587,76.628,51.878,42.151
151.772,76.813,51.878,42.151
153.066,76.998,51.878,42.151
152.881,76.813,51.878,42.151
155.284,78.477,51.878,42.151
154.729,77.552,51.878,42.151
156.763,79.216,51.878,42.151
158.057,80.140,51.878,42.151
159.350,80.325,51.878,42.151
159.166,81.619,51.878,42.151
160.460,81.804,51.878,42.151
162.493,83.098,51.878,42.151
162.678,82.543,51.878,42.151
164.341,83.098,51.878,42.151
166.375,82.174,51.878,42.151
166.560,81.619,51.878,42.151
167.114,81.804,51.878,42.151
168.038,82.358,51.878,42.151
169.702,81.434,51.878,42.151
169.517,81.249,51.878,42.151
170.441,81.065,51.878,42.151
170.626,80.880,51.878,42.151
172.290,81.065,51.878,42.151
171.366,80.140,51.878,42.151
173.029,79.216,51.878,42.151
174.323,79.401,51.878,42.151
173.399,78.846,51.878,42.151
175.063,79.031,51.878,42.151
174.508,78.477,51.878,42.151
176.911,78.292,51.878,42.151
177.096,78.107,51.878,42.151
176.541,77.922,51.878,42.151
178.205,78.846,51.878,42.151
177.281,77.922,51.878,42.151
179.314,78.846,51.878,42.151
179.129,78.292,51.878,42.151
180.054,77.737,51.878,42.151
181.717,78.662,51.878,42.151
181.163,78.846,51.878,42.151
181.347,79.401,51.878,42.151
182.272,78.846,51.878,42.151
182.457,79.031,51.878,42.151
183.011,78.477,51.878,42.151
184.675,79.031,51.878,42.151
183.750,77.737,51.878,42.151
185.784,79.031,51.878,42.151
185.599,77.737,51.878,42.151
186.154,77.922,51.878,42.151
185.969,78.477,51.878,42.151
188.002,77.552,51.878,42.151
188.187,77.737,51.878,42.151
186.893,78.292,51.878,42.151
188.926,77.368,51.878,42.151
189.111,77.552,51.878,42.151
188.187,77.368,51.878,42.151
189.850,77.922,51.878,42.151
190.035,78.846,51.878,42.151
190.590,78.662,51.878,42.151
190.405,79.216,51.878,42.151
190.590,77.552,51.878,42.151
191.514,78.477,51.878,42.151
191.329,77.552,51.878,42.151
191.884,78.477,51.878,42.151
192.808,79.031,51.878,42.151
192.993,78.107,51.878,42.151
194.287,78.662,51.878,42.151
192.623,79.216,51.878,42.151
194.287,79.031,51.878,42.151
193.732,78.477,51.878,42.151
195.396,79.771,51.878,42.151
195.211,78.107,51.878,42.151
195.766,77.183,51.878,42.151
196.690,75.889,51.878,42.151
196.135,76.443,51.878,42.151
196.690,76.259,51.878,42.151
196.135,75.334,51.878,42.151
196.520,76.210,53.026,43.084
195.198,76.021,53.026,43.084
196.898,76.210,53.026,43.084
195.576,76.021,53.026,43.084
196.898,75.455,53.026,43.084
196.709,76.399,53.026,43.084
197.276,75.455,53.026,43.084
198.221,75.266,53.026,43.084
197.276,75.077,53.026,43.084
198.977,74.510,53.026,43.084
197.276,73.187,53.026,43.084
198.599,74.510,53.026,43.084
196.898,72.810,53.026,43.084
197.843,72.998,53.026,43.084
196.520,72.810,53.026,43.084
195.954,72.243,53.026,43.084
196.520,73.565,53.026,43.084
194.820,71.865,53.026,43.084
195.765,72.810,53.026,43.084
194.442,73.376,53.026,43.084
195.765,74.321,53.026,43.084
193.686,73.376,53.026,43.084
193.497,73.565,53.026,43.084
192.553,72.243,53.026,43.084
191.986,73.565,53.026,43.084
193.308,72.998,53.026,43.084
191.986,72.810,53.026,43.084
192.175,73.376,53.026,43.084
191.608,73.565,53.026,43.084
191.041,72.243,53.026,43.084
191.986,73.943,53.026,43.084
190.663,72.621,53.026,43.084
190.096,72.810,53.026,43.084
190.663,73.376,53.026,43.084
189.719,74.321,53.026,43.084
189.152,74.510,53.026,43.084
190.096,73.565,53.026,43.084
188.396,74.888,53.026,43.084
188.963,73.943,53.026,43.084
187.640,73.754,53.026,43.084
187.451,73.565,53.026,43.084
188.774,72.998,53.026,43.084
186.696,75.077,53.026,43.084
186.129,74.510,53.026,43.084
187.451,73.943,53.026,43.084
186.129,74.132,53.026,43.084
186.696,73.187,53.026,43.084
184.995,73.754,53.026,43.084
186.318,72.054,53.026,43.084
185.373,72.621,53.026,43.084
185.184,72.054,53.026,43.084
184.617,72.243,53.026,43.084
183.673,74.699,53.026,43.084
184.239,72.998,53.026,43.084
184.050,74.321,53.026,43.084
182.728,74.888,53.026,43.084
183.295,73.565,53.026,43.084
182.728,74.132,53.026,43.084
182.161,73.187,53.026,43.084
182.728,73.376,53.026,43.084
181.405,73.943,53.026,43.084
183.106,72.998,53.026,43.084
181.405,73.943,53.026,43.084
182.350,73.376,53.026,43.084
181.783,74.699,53.026,43.084
180.838,74.510,53.026,43.084
181.783,73.943,53.026,43.084
180.461,75.644,53.026,43.084
182.161,75.077,53.026,43.084
181.216,74.888,53.026,43.084
180.650,74.699,53.026,43.084
180.083,72.998,53.026,43.084
182.161,73.943,53.026,43.084
181.216,72.243,53.026,43.084
182.161,72.054,53.026,43.084
181.216,72.621,53.026,43.084
182.539,71.676,53.026,43.084
180.838,72.998,53.026,43.084
182.161,72.432,53.026,43.084
181.972,74.132,53.026,43.084
181.027,74.321,53.026,43.084
182.728,73.376,53.026,43.084
181.405,73.943,53.026,43.084
183.106,72.998,53.026,43.084
182.539,71.676,53.026,43.084
181.594,71.487,53.026,43.084
183.295,70.542,53.026,43.084
184.239,71.865,53.026,43.084
183.295,73.187,53.026,43.084
183.484,72.243,53.026,43.084
185.184,73.187,53.026,43.084
183.484,72.243,53.026,43.084
185.184,71.298,53.026,43.084
184.617,72.243,53.026,43.084
184.050,70.164,53.026,43.084
185.751,68.842,53.026,43.084
184.428,69.409,53.026,43.084
186.129,68.464,53.026,43.084
185.562,67.519,53.026,43.084
184.617,68.464,53.026,43.084
184.806,67.519,53.026,43.084
185.373,68.086,53.026,43.084
185.184,68.653,53.026,43.084
185.751,68.086,53.026,43.084
184.428,69.786,53.026,43.084
186.507,68.842,53.026,43.084
184.806,70.164,53.026,43.084
186.129,71.109,53.026,43.084
185.184,70.542,53.026,43.084
186.507,69.975,53.026,43.084
184.428,71.676,53.026,43.084
186.507,69.220,53.026,43.084
185.184,70.164,53.026,43.084
185.186,68.316,54.199,44.037
185.379,68.895,54.199,44.037
185.958,68.702,54.199,44.037
184.606,69.667,54.199,44.037
186.730,69.088,54.199,44.037
186.151,68.895,54.199,44.037
185.572,70.247,54.199,44.037
185.173,69.559,55.398,45.011
186.159,68.572,55.398,45.011
185.567,67.980,55.398,45.011
185.765,67.783,55.398,45.011
185.962,66.796,55.398,45.011
186.159,66.204,55.398,45.011
187.146,66.006,55.398,45.011
185.765,64.624,55.398,45.011
186.357,63.243,55.398,45.011
185.370,63.835,55.398,45.011
186.752,63.243,55.398,45.011
186.159,62.651,55.398,45.011
187.541,61.664,55.398,45.011
185.765,61.861,55.398,45.011
187.146,61.664,55.398,45.011
186.554,61.466,55.398,45.011
186.752,63.243,55.398,45.011
185.765,62.256,55.398,45.011
186.357,63.243,55.398,45.011
185.765,61.861,55.398,45.011
185.962,62.848,55.398,45.011
186.159,63.045,55.398,45.011
186.357,62.848,55.398,45.011
184.975,64.230,55.398,45.011
186.357,63.637,55.398,45.011
184.580,63.440,55.398,45.011
185.962,64.822,55.398,45.011
184.975,63.835,55.398,45.011
185.567,64.427,55.398,45.011
184.975,66.204,55.398,45.011
185.567,64.822,55.398,45.011
184.580,66.204,55.398,45.011
184.778,66.401,55.398,45.011
184.580,66.993,55.398,45.011
183.988,66.401,55.398,45.011
184.975,67.388,55.398,45.011
183.854,66.156,54.217,44.051
185.592,65.576,54.217,44.051
184.240,65.769,54.217,44.051
184.047,65.576,54.217,44.051
183.467,65.383,54.217,44.051
184.433,65.962,54.217,44.051
183.467,66.156,54.217,44.051
183.660,65.576,54.217,44.051
183.467,66.542,54.217,44.051
182.888,66.349,54.217,44.051
183.081,65.769,54.217,44.051
181.728,65.576,54.217,44.051
183.467,65.769,54.217,44.051
182.115,65.576,54.217,44.051
182.694,65.383,54.217,44.051
183.274,64.803,54.217,44.051
181.922,65.769,54.217,44.051
182.501,65.190,54.217,44.051
182.308,65.769,54.217,44.051
182.115,66.735,54.217,44.051
182.694,67.701,54.217,44.051
182.888,67.508,54.217,44.051
183.853,69.633,54.217,44.051
182.501,69.826,54.217,44.051
183.081,70.019,54.217,44.051
181.728,69.053,54.217,44.051
182.694,69.633,54.217,44.051
181.728,69.826,54.217,44.051
182.694,68.860,54.217,44.051
181.728,69.826,54.217,44.051
182.308,69.633,54.217,44.051
181.342,70.212,54.217,44.051
181.149,70.019,54.217,44.051
180.956,69.053,54.217,44.051
181.535,71.178,54.217,44.051
181.342,70.599,54.217,44.051
181.535,72.337,54.217,44.051
182.115,71.371,54.217,44.051
180.763,71.951,54.217,44.051
182.501,72.917,54.217,44.051
180.763,73.883,54.217,44.051
181.728,74.462,54.217,44.051
181.535,75.428,54.217,44.051
180.569,75.235,54.217,44.051
181.535,74.269,54.217,44.051
180.569,73.690,54.217,44.051
181.922,71.951,54.217,44.051
180.956,70.599,54.217,44.051
181.922,69.246,54.217,44.051
181.342,69.440,54.217,44.051
181.535,70.019,54.217,44.051
182.501,70.212,54.217,44.051
181.149,72.337,54.217,44.051
181.342,72.144,54.217,44.051
182.694,74.269,54.217,44.051
181.728,74.076,54.217,44.051
183.081,73.883,54.217,44.051
181.728,74.076,54.217,44.051
183.467,72.337,54.217,44.051
180.663,72.050,55.416,45.026
182.440,71.458,55.416,45.026
181.058,71.656,55.416,45.026
182.835,71.458,55.416,45.026
181.847,71.656,55.416,45.026
182.045,71.458,55.416,45.026
181.847,71.656,55.416,45.026
182.440,71.458,55.416,45.026
181.452,71.261,55.416,45.026
181.650,71.063,55.416,45.026
182.637,71.261,55.416,45.026
181.650,71.063,55.416,45.026
183.427,71.261,55.416,45.026
182.045,72.643,55.416,45.026
183.822,71.656,55.416,45.026
182.835,72.643,55.416,45.026
183.427,72.050,55.416,45.026
182.835,73.038,55.416,45.026
184.217,72.445,55.416,45.026
184.809,73.038,55.416,45.026
183.822,72.840,55.416,45.026
184.414,72.643,55.416,45.026
184.217,72.050,55.416,45.026
185.599,73.433,55.416,45.026
184.217,73.235,55.416,45.026
185.994,73.038,55.416,45.026
184.612,73.235,55.416,45.026
185.994,72.643,55.416,45.026
186.191,72.050,55.416,45.026
187.179,71.458,55.416,45.026
186.981,73.235,55.416,45.026
187.968,71.853,55.416,45.026
186.981,70.866,55.416,45.026
188.758,70.273,55.416,45.026
186.981,71.261,55.416,45.026
188.758,71.063,55.416,45.026
187.771,70.471,55.416,45.026
188.363,71.063,55.416,45.026
188.166,70.471,55.416,45.026
189.548,71.458,55.416,45.026
188.956,70.471,55.416,45.026
189.548,71.458,55.416,45.026
189.746,70.866,55.416,45.026
189.548,70.273,55.416,45.026
188.956,71.261,55.416,45.026
191.128,70.273,55.416,45.026
190.140,71.656,55.416,45.026
191.918,70.273,55.416,45.026
190.140,71.261,55.416,45.026
192.313,71.458,55.416,45.026
190.535,71.656,55.416,45.026
192.707,72.248,55.416,45.026
191.720,72.445,55.416,45.026
192.707,73.433,55.416,45.026
192.299,72.730,56.643,46.022
191.694,72.528,56.643,46.022
193.914,72.326,56.643,46.022
192.905,73.335,56.643,46.022
194.721,73.537,56.643,46.022
193.466,72.400,57.896,47.040
194.498,72.606,57.896,47.040
195.529,73.637,57.896,47.040
194.085,74.256,57.896,47.040
195.529,73.225,57.896,47.040
195.736,74.256,57.896,47.040
194.292,73.637,57.896,47.040
196.561,75.081,57.896,47.040
195.117,74.050,57.896,47.040
197.386,74.256,57.896,47.040
197.592,74.463,57.896,47.040
196.561,74.256,57.896,47.040
198.417,74.463,57.896,47.040
200.274,74.256,57.896,47.040
199.242,73.637,57.896,47.040
200.274,75.494,57.896,47.040
200.068,74.875,57.896,47.040
200.687,75.907,57.896,47.040
200.068,76.113,57.896,47.040
