164.000,121.000,27.000,24.000
163.900,120.699,27.000,24.000
165.405,119.996,27.000,24.000
165.104,120.498,27.000,24.000
165.204,120.799,27.000,24.000
165.907,120.097,27.000,24.000
166.609,119.796,27.000,24.000
166.709,119.896,27.000,24.000
167.211,119.997,27.000,24.000
167.111,120.498,27.000,24.000
167.010,121.000,27.000,24.000
166.910,120.498,27.000,24.000
168.415,121.602,27.000,24.000
168.114,120.900,27.000,24.000
168.014,121.602,27.000,24.000
168.114,120.498,27.000,24.000
168.415,121.201,27.000,24.000
169.319,120.699,27.000,24.000
169.620,120.398,27.000,24.000
169.921,121.100,27.000,24.000
170.623,120.599,27.000,24.000
170.523,120.498,27.000,24.000
171.025,121.803,27.000,24.000
170.322,121.100,27.000,24.000
171.025,121.602,27.000,24.000
170.924,121.100,27.000,24.000
172.028,121.602,27.000,24.000
170.723,120.298,27.000,24.000
171.627,119.796,27.000,24.000
171.125,118.291,27.000,24.000
171.225,119.394,27.000,24.000
170.523,120.498,27.000,24.000
170.824,120.599,27.000,24.000
170.924,121.100,27.000,24.000
170.623,121.803,27.000,24.000
170.322,121.100,27.000,24.000
169.820,122.004,27.000,24.000
170.121,120.900,27.000,24.000
169.218,120.398,27.000,24.000
169.519,120.298,27.000,24.000
169.419,119.996,27.000,24.000
169.319,120.298,27.000,24.000
169.017,121.201,27.000,24.000
168.716,122.305,27.000,24.000
169.620,123.609,27.000,24.000
169.118,123.308,27.000,24.000
168.415,124.813,27.000,24.000
168.917,123.910,27.000,24.000
169.017,124.211,27.000,24.000
167.914,123.910,27.000,24.000
169.218,123.408,27.000,24.000
167.914,123.910,27.000,24.000
169.017,123.007,27.000,24.000
167.713,122.706,27.000,24.000
169.017,122.204,27.000,24.000
167.713,122.907,27.000,24.000
168.616,122.204,27.000,24.000
168.716,122.907,27.000,24.000
169.018,123.208,27.000,24.000
167.914,124.111,27.000,24.000
169.218,123.609,27.000,24.000
168.114,123.107,27.000,24.000
168.215,124.613,27.000,24.000
168.315,122.907,27.000,24.000
168.415,122.405,27.000,24.000
168.716,123.509,27.000,24.000
168.817,122.003,27.000,24.000
169.319,121.702,27.000,24.000
168.014,121.401,27.000,24.000
168.028,122.073,27.597,24.531
168.951,121.355,27.597,24.531
168.438,121.663,27.597,24.531
167.720,122.996,27.597,24.531
168.643,122.893,27.597,24.531
168.746,122.381,27.597,24.531
168.438,122.483,27.597,24.531
168.335,122.175,27.597,24.531
168.028,122.483,27.597,24.531
169.361,122.586,27.597,24.531
168.643,122.278,27.597,24.531
169.361,121.560,27.597,24.531
168.848,122.278,27.597,24.531
169.977,121.970,27.597,24.531
169.874,121.663,27.597,24.531
170.387,121.765,27.597,24.531
169.874,121.047,27.597,24.531
170.592,121.765,27.597,24.531
170.284,121.663,27.597,24.531
169.660,122.349,28.208,25.074
170.603,122.244,28.208,25.074
170.918,122.559,28.208,25.074
170.184,121.825,28.208,25.074
170.918,121.091,28.208,25.074
170.603,120.986,28.208,25.074
171.547,121.301,28.208,25.074
171.861,121.405,28.208,25.074
172.093,121.672,28.832,25.629
171.772,120.922,28.832,25.629
171.665,121.672,28.832,25.629
171.986,121.993,28.832,25.629
172.093,121.672,28.832,25.629
172.843,121.350,28.832,25.629
172.308,121.243,28.832,25.629
173.272,121.350,28.832,25.629
173.379,121.029,28.832,25.629
174.129,122.422,28.832,25.629
173.808,122.101,28.832,25.629
173.486,121.993,28.832,25.629
174.879,121.243,28.832,25.629
174.129,120.279,28.832,25.629
174.665,120.386,28.832,25.629
174.129,121.136,28.832,25.629
175.094,122.101,28.832,25.629
175.415,121.565,28.832,25.629
175.951,121.243,28.832,25.629
174.772,121.565,28.832,25.629
175.094,122.315,28.832,25.629
175.415,122.422,28.832,25.629
175.522,122.529,28.832,25.629
175.844,122.636,28.832,25.629
174.665,122.315,28.832,25.629
174.344,121.350,28.832,25.629
175.308,120.600,28.832,25.629
174.772,121.136,28.832,25.629
174.022,122.744,28.832,25.629
174.344,121.993,28.832,25.629
174.022,121.886,28.832,25.629
174.558,122.636,28.832,25.629
174.451,123.386,28.832,25.629
173.915,123.065,28.832,25.629
173.165,124.244,28.832,25.629
173.915,123.494,28.832,25.629
172.950,124.244,28.832,25.629
173.701,122.851,28.832,25.629
172.736,122.529,28.832,25.629
173.701,122.208,28.832,25.629
173.165,121.886,28.832,25.629
174.129,122.636,28.832,25.629
173.593,121.458,28.832,25.629
173.058,121.350,28.832,25.629
173.593,121.672,28.832,25.629
173.058,122.422,28.832,25.629
173.593,121.458,28.832,25.629
172.843,120.279,28.832,25.629
173.165,119.957,28.832,25.629
172.843,120.065,28.832,25.629
173.165,119.957,28.832,25.629
173.272,120.279,28.832,25.629
173.165,119.100,28.832,25.629
173.058,120.065,28.832,25.629
173.165,120.815,28.832,25.629
172.629,120.065,28.832,25.629
172.307,121.029,28.832,25.629
173.058,121.350,28.832,25.629
172.736,120.600,28.832,25.629
172.415,121.136,28.832,25.629
172.950,123.172,28.832,25.629
172.415,123.922,28.832,25.629
172.522,124.029,28.832,25.629
173.272,123.279,28.832,25.629
172.522,122.529,28.832,25.629
173.058,121.993,28.832,25.629
172.522,122.315,28.832,25.629
173.272,121.779,28.832,25.629
172.522,122.101,28.832,25.629
173.058,122.851,28.832,25.629
172.307,122.958,28.832,25.629
172.843,123.494,28.832,25.629
171.450,123.815,28.832,25.629
172.415,124.780,28.832,25.629
171.879,124.244,28.832,25.629
171.343,123.494,28.832,25.629
171.879,122.958,28.832,25.629
170.914,123.065,28.832,25.629
171.236,124.029,28.832,25.629
171.772,123.279,28.832,25.629
170.807,121.243,28.832,25.629
170.914,120.493,28.832,25.629
171.236,121.029,28.832,25.629
171.129,121.565,28.832,25.629
171.236,120.172,28.832,25.629
170.700,120.493,28.832,25.629
169.950,119.314,28.832,25.629
170.486,119.207,28.832,25.629
170.807,118.886,28.832,25.629
169.843,119.636,28.832,25.629
169.521,120.172,28.832,25.629
170.700,120.279,28.832,25.629
169.307,119.100,28.832,25.629
169.843,119.422,28.832,25.629
168.664,118.243,28.832,25.629
168.343,117.921,28.832,25.629
169.307,118.028,28.832,25.629
168.557,117.064,28.832,25.629
168.878,116.743,28.832,25.629
167.700,116.635,28.832,25.629
166.950,116.957,28.832,25.629
167.914,117.278,28.832,25.629
166.950,116.314,28.832,25.629
166.628,116.421,28.832,25.629
166.307,115.885,28.832,25.629
166.842,114.492,28.832,25.629
165.878,114.171,28.832,25.629
165.985,114.921,28.832,25.629
165.878,114.599,28.832,25.629
165.342,114.064,28.832,25.629
165.878,115.028,28.832,25.629
164.699,115.564,28.832,25.629
165.021,115.242,28.832,25.629
164.485,115.778,28.832,25.629
165.449,116.100,28.832,25.629
164.485,117.278,28.832,25.629
165.235,117.386,28.832,25.629
164.056,118.350,28.832,25.629
164.163,119.100,28.832,25.629
163.628,121.136,28.832,25.629
163.092,122.315,28.832,25.629
163.628,122.636,28.832,25.629
162.877,122.958,28.832,25.629
162.556,123.065,28.832,25.629
163.520,122.744,28.832,25.629
163.199,121.993,28.832,25.629
162.449,121.243,28.832,25.629
162.556,119.850,28.832,25.629
161.592,120.815,28.832,25.629
160.627,120.707,28.832,25.629
160.520,121.029,28.832,25.629
161.913,120.279,28.832,25.629
160.520,119.100,28.832,25.629
161.270,120.279,28.832,25.629
161.592,119.100,28.832,25.629
160.413,118.779,28.832,25.629
161.592,118.457,28.832,25.629
160.413,117.921,28.832,25.629
161.806,118.457,28.832,25.629
160.627,118.350,28.832,25.629
160.949,118.028,28.832,25.629
161.484,118.350,28.832,25.629
162.663,116.957,28.832,25.629
161.056,116.421,28.832,25.629
161.806,115.457,28.832,25.629
161.484,115.564,28.832,25.629
162.663,116.314,28.832,25.629
161.270,115.992,28.832,25.629
162.663,115.671,28.832,25.629
161.699,115.992,28.832,25.629
162.449,116.314,28.832,25.629
163.199,115.135,28.832,25.629
162.449,114.385,28.832,25.629
163.199,113.421,28.832,25.629
163.092,113.742,28.832,25.629
163.842,113.206,28.832,25.629
162.877,112.456,28.832,25.629
163.842,112.992,28.832,25.629
163.949,113.956,28.832,25.629
163.842,113.421,28.832,25.629
164.378,114.814,28.832,25.629
165.128,115.564,28.832,25.629
164.592,115.028,28.832,25.629
164.056,115.349,28.832,25.629
165.021,114.385,28.832,25.629
164.914,113.635,28.832,25.629
165.449,114.599,28.832,25.629
166.414,114.492,28.832,25.629
165.878,114.171,28.832,25.629
165.985,114.278,28.832,25.629
166.092,113.528,28.832,25.629
167.057,114.492,28.832,25.629
166.521,114.171,28.832,25.629
167.485,115.135,28.832,25.629
167.592,114.814,28.832,25.629
166.842,115.349,28.832,25.629
168.021,114.171,28.832,25.629
167.700,115.349,28.832,25.629
168.021,114.599,28.832,25.629
168.986,115.778,28.832,25.629
169.093,115.242,28.832,25.629
169.200,115.564,28.832,25.629
170.164,115.242,28.832,25.629
169.629,115.778,28.832,25.629
169.950,115.885,28.832,25.629
170.914,115.778,28.832,25.629
170.379,115.242,28.832,25.629
171.772,114.921,28.832,25.629
171.022,116.314,28.832,25.629
172.200,115.778,28.832,25.629
171.665,117.171,28.832,25.629
171.772,117.064,28.832,25.629
172.736,117.386,28.832,25.629
172.415,115.992,28.832,25.629
173.593,115.671,28.832,25.629
172.629,117.278,28.832,25.629
173.808,116.314,28.832,25.629
173.486,116.635,28.832,25.629
174.879,116.743,28.832,25.629
173.915,116.635,28.832,25.629
174.665,117.600,28.832,25.629
174.772,117.707,28.832,25.629
174.022,116.743,28.832,25.629
174.986,116.635,28.832,25.629
175.094,115.885,28.832,25.629
175.201,116.635,28.832,25.629
174.665,116.314,28.832,25.629
174.986,115.992,28.832,25.629
175.737,117.814,28.832,25.629
174.558,117.493,28.832,25.629
175.951,117.171,28.832,25.629
174.558,118.779,28.832,25.629
175.951,118.028,28.832,25.629
174.772,118.779,28.832,25.629
175.094,118.243,28.832,25.629
175.844,117.064,28.832,25.629
174.879,118.457,28.832,25.629
175.415,117.921,28.832,25.629
175.951,119.100,28.832,25.629
174.986,119.850,28.832,25.629
175.522,119.529,28.832,25.629
175.844,119.636,28.832,25.629
174.665,119.957,28.832,25.629
174.772,120.279,28.832,25.629
174.665,119.957,28.832,25.629
174.986,120.065,28.832,25.629
175.094,119.957,28.832,25.629
174.986,119.207,28.832,25.629
174.451,118.243,28.832,25.629
175.415,119.850,28.832,25.629
175.308,120.172,28.832,25.629
174.558,119.422,28.832,25.629
175.522,118.028,28.832,25.629
174.558,118.564,28.832,25.629
175.094,118.243,28.832,25.629
173.915,117.707,28.832,25.629
174.236,117.814,28.832,25.629
174.344,118.564,28.832,25.629
174.665,117.814,28.832,25.629
173.272,118.993,28.832,25.629
174.236,119.314,28.832,25.629
172.843,118.136,28.832,25.629
173.593,120.172,28.832,25.629
171.829,119.777,29.470,26.196
171.062,119.229,29.470,26.196
171.829,119.120,29.470,26.196
170.624,119.887,29.470,26.196
171.391,119.339,29.470,26.196
170.405,119.448,29.470,26.196
170.077,118.244,29.470,26.196
169.091,118.134,29.470,26.196
169.419,119.339,29.470,26.196
168.434,119.887,29.470,26.196
168.762,119.558,29.470,26.196
167.557,118.791,29.470,26.196
167.448,119.777,29.470,26.196
166.243,119.010,29.470,26.196
165.476,119.120,29.470,26.196
166.243,119.667,29.470,26.196
164.819,118.682,29.470,26.196
164.710,118.134,29.470,26.196
165.476,118.463,29.470,26.196
164.710,119.010,29.470,26.196
165.038,119.777,29.470,26.196
163.462,118.919,30.122,26.775
163.574,119.031,30.122,26.775
163.238,118.695,30.122,26.775
164.470,117.911,30.122,26.775
163.238,119.367,30.122,26.775
164.470,117.911,30.122,26.775
162.791,117.576,30.122,26.775
163.798,117.240,30.122,26.775
163.910,117.128,30.122,26.775
164.246,117.240,30.122,26.775
164.582,117.576,30.122,26.775
163.574,117.688,30.122,26.775
164.582,118.023,30.122,26.775
164.022,118.135,30.122,26.775
165.253,116.904,30.122,26.775
164.694,117.016,30.122,26.775
164.806,118.471,30.122,26.775
164.246,117.911,30.122,26.775
165.701,117.576,30.122,26.775
164.694,117.016,30.122,26.775
164.582,117.352,30.122,26.775
164.246,117.464,30.122,26.775
165.701,117.128,30.122,26.775
164.694,116.792,30.122,26.775
164.358,118.023,30.122,26.775
166.037,117.911,30.122,26.775
165.477,119.143,30.122,26.775
164.918,118.135,30.122,26.775
166.149,117.799,30.122,26.775
165.813,118.359,30.122,26.775
166.373,117.352,30.122,26.775
167.157,116.568,30.122,26.775
166.149,117.128,30.122,26.775
166.933,117.688,30.122,26.775
166.149,118.695,30.122,26.775
167.381,118.807,30.122,26.775
167.269,118.471,30.122,26.775
167.381,118.807,30.122,26.775
167.493,120.039,30.122,26.775
166.485,120.822,30.122,26.775
167.045,119.591,30.122,26.775
167.605,119.255,30.122,26.775
166.597,120.039,30.122,26.775
167.381,120.598,30.122,26.775
167.940,119.815,30.122,26.775
166.933,119.255,30.122,26.775
167.045,118.919,30.122,26.775
167.828,119.255,30.122,26.775
166.597,118.471,30.122,26.775
166.709,120.150,30.122,26.775
166.821,119.367,30.122,26.775
166.933,119.703,30.122,26.775
167.269,120.934,30.122,26.775
168.052,119.927,30.122,26.775
167.045,120.262,30.122,26.775
167.828,119.703,30.122,26.775
167.269,120.039,30.122,26.775
168.276,119.255,30.122,26.775
167.269,118.695,30.122,26.775
168.276,119.703,30.122,26.775
168.164,119.367,30.122,26.775
168.500,119.031,30.122,26.775
167.269,120.262,30.122,26.775
168.948,119.255,30.122,26.775
168.164,119.367,30.122,26.775
169.172,120.150,30.122,26.775
168.612,119.367,30.122,26.775
168.276,120.598,30.122,26.775
169.508,119.367,30.122,26.775
168.500,118.359,30.122,26.775
167.493,119.367,30.122,26.775
168.724,120.374,30.122,26.775
169.284,120.934,30.122,26.775
168.500,120.374,30.122,26.775
167.493,119.591,30.122,26.775
168.500,120.822,30.122,26.775
167.269,120.262,30.122,26.775
168.948,120.374,30.122,26.775
167.716,120.262,30.122,26.775
168.276,119.927,30.122,26.775
169.060,121.606,30.122,26.775
168.724,120.822,30.122,26.775
167.493,121.830,30.122,26.775
167.381,121.494,30.122,26.775
168.836,120.934,30.122,26.775
167.381,121.270,30.122,26.775
168.164,120.039,30.122,26.775
167.157,121.718,30.122,26.775
166.707,120.841,30.788,27.368
165.677,121.184,30.788,27.368
165.792,120.154,30.788,27.368
164.991,121.413,30.788,27.368
163.582,120.754,31.470,27.973
164.167,121.339,31.470,27.973
164.284,120.286,31.470,27.973
163.231,119.935,31.470,27.973
163.816,121.456,31.470,27.973
162.529,120.871,31.470,27.973
161.476,121.924,31.470,27.973
161.492,120.765,32.166,28.592
160.655,120.884,32.166,28.592
160.058,121.243,32.166,28.592
160.177,120.406,32.166,28.592
158.457,120.462,32.878,29.225
159.312,120.829,32.878,29.225
157.968,121.684,32.878,29.225
156.869,120.829,32.878,29.225
156.502,121.195,32.878,29.225
157.357,121.806,32.878,29.225
155.769,121.195,32.878,29.225
154.669,120.829,32.878,29.225
154.058,120.218,32.878,29.225
153.447,120.829,32.878,29.225
154.058,119.973,32.878,29.225
152.046,119.523,33.605,29.871
150.249,119.581,34.349,30.532
151.143,118.688,34.349,30.532
149.994,118.050,34.349,30.532
148.157,117.314,35.108,31.208
148.809,118.750,35.108,31.208
147.113,117.836,35.108,31.208
145.506,118.980,35.885,31.898
146.440,117.246,35.885,31.898
144.244,115.371,36.679,32.604
142.848,115.152,37.491,33.325
142.709,116.964,37.491,33.325
143.405,115.988,37.491,33.325
141.111,115.764,38.320,34.062
141.254,115.052,38.320,34.062
140.826,114.625,38.320,34.062
141.254,115.052,38.320,34.062
139.687,115.194,38.320,34.062
140.114,115.052,38.320,34.062
139.117,114.910,38.320,34.062
138.405,115.622,38.320,34.062
138.548,114.625,38.320,34.062
138.690,115.622,38.320,34.062
138.263,116.334,38.320,34.062
137.551,115.907,38.320,34.062
137.693,114.910,38.320,34.062
136.981,114.482,38.320,34.062
136.705,113.071,39.168,34.816
137.142,113.508,39.168,34.816
135.540,113.071,39.168,34.816
136.268,114.381,39.168,34.816
135.249,113.653,39.168,34.816
134.061,114.023,40.035,35.586
133.772,112.858,40.920,36.374
132.846,112.298,41.826,37.178
132.222,113.015,42.751,38.001
131.745,112.539,42.751,38.001
132.858,111.109,42.751,38.001
130.901,111.842,43.697,38.842
130.249,111.244,44.664,39.701
128.894,111.322,45.652,40.580
129.403,110.813,45.652,40.580
128.215,110.304,45.652,40.580
127.367,111.152,45.652,40.580
126.858,112.000,45.652,40.580
126.200,113.251,44.678,39.714
125.556,113.514,43.726,38.867
125.239,114.085,42.793,38.038
93.962,111.271,41.881,37.227
94.740,111.116,41.881,37.227
93.962,110.960,41.881,37.227
93.806,110.805,41.881,37.227
93.340,110.026,41.881,37.227
93.036,112.374,40.988,36.433
92.445,110.560,40.113,35.656
92.892,112.200,40.113,35.656
92.743,111.752,40.113,35.656
93.890,112.851,39.258,34.896
93.324,111.676,38.421,34.152
92.495,111.903,37.602,33.424
93.473,113.160,37.602,33.424
92.931,112.304,36.800,32.711
94.162,112.441,36.800,32.711
92.384,111.484,36.800,32.711
92.117,113.019,36.015,32.013
93.404,112.715,35.247,31.331
92.391,113.428,34.495,30.662
93.289,112.531,34.495,30.662
92.050,113.723,33.760,30.009
93.256,114.164,33.040,29.369
92.780,114.358,32.335,28.742
92.314,113.391,31.646,28.129
92.197,114.449,31.646,28.129
91.844,115.037,31.646,28.129
91.256,115.390,31.646,28.129
91.373,116.213,31.646,28.129
90.550,115.625,31.646,28.129
90.774,116.492,30.971,27.529
89.662,117.119,30.310,26.942
90.000,117.682,30.310,26.942
89.129,117.209,29.664,26.368
89.764,118.021,29.031,25.806
89.969,117.361,28.412,25.255
89.441,117.255,28.412,25.255
88.702,116.938,28.412,25.255
88.700,118.327,27.806,24.717
88.897,118.491,27.213,24.190
89.674,119.236,26.633,23.674
89.575,118.346,26.633,23.674
89.382,119.075,26.065,23.169
89.567,119.602,25.509,22.675
89.199,120.666,24.965,22.191
89.663,119.646,24.965,22.191
89.124,119.793,24.433,21.718
89.215,120.429,24.433,21.718
89.306,120.519,24.433,21.718
89.654,120.838,23.912,21.255
89.387,120.927,23.912,21.255
89.298,121.194,23.912,21.255
89.639,121.335,23.402,20.802
89.204,120.726,23.402,20.802
89.705,120.193,22.903,20.358
90.195,119.836,22.414,19.924
90.675,120.611,21.936,19.499
90.105,121.507,21.936,19.499
90.260,121.322,21.469,19.083
90.258,121.603,21.011,18.676
90.708,122.931,20.563,18.278
91.148,122.758,20.124,17.888
91.373,121.636,20.124,17.888
91.597,120.813,20.124,17.888
90.026,120.439,20.124,17.888
90.550,121.710,20.124,17.888
89.578,121.037,20.124,17.888
90.153,122.021,19.695,17.507
90.574,121.855,19.275,17.133
91.263,122.797,18.864,16.768
90.492,121.746,18.864,16.768
91.707,121.181,18.462,16.410
90.952,121.799,18.462,16.410
90.157,121.378,18.068,16.060
90.761,122.520,18.068,16.060
91.097,121.244,18.068,16.060
90.270,120.300,18.468,16.416
89.378,121.467,18.468,16.416
90.302,122.899,18.074,16.066
90.948,122.099,17.688,15.723
91.145,123.216,17.688,15.723
90.948,122.362,17.688,15.723
90.225,123.216,17.688,15.723
90.234,122.292,18.080,16.071
89.226,121.553,18.080,16.071
90.131,120.623,17.694,15.728
90.592,120.032,17.694,15.728
93.683,121.018,17.694,15.728
97.512,120.230,18.086,16.076
97.800,120.122,18.486,16.432
97.525,120.011,18.895,16.795
97.735,120.362,18.895,16.795
98.648,119.450,18.895,16.795
98.859,119.379,18.895,16.795
97.946,118.888,18.895,16.795
98.999,118.817,18.895,16.795
99.300,119.433,19.313,17.167
97.821,119.467,19.740,17.547
97.454,118.366,19.740,17.547
98.225,118.553,20.177,17.935
96.990,118.432,20.623,18.332
97.319,118.468,21.080,18.738
97.330,118.504,21.546,19.152
96.676,116.382,22.023,19.576
96.347,117.099,22.510,20.009
96.532,117.312,23.008,20.452
96.105,117.910,23.008,20.452
96.471,122.209,23.517,20.904
96.664,121.524,24.037,21.367
96.575,120.720,24.037,21.367
106.783,120.391,24.569,21.839
107.553,120.055,25.113,22.323
106.210,118.936,25.669,22.816
106.421,118.783,26.236,23.321
106.030,118.221,26.817,23.837
105.216,118.061,27.410,24.365
104.173,118.109,28.017,24.904
103.971,117.077,28.637,25.455
103.323,118.231,29.270,26.018
103.790,116.927,29.918,26.594
101.959,117.441,30.580,27.182
102.210,116.550,31.256,27.783
101.744,117.810,31.948,28.398
100.528,116.633,32.655,29.026
99.537,117.949,33.377,29.669
98.267,116.205,34.116,30.325
99.074,117.054,34.870,30.996
97.747,115.501,35.642,31.682
96.390,115.287,36.431,32.383
97.252,114.508,37.237,33.099
95.835,113.998,38.060,33.831
96.147,113.477,38.902,34.580
94.667,112.944,39.763,35.345
93.767,112.400,40.643,36.127
94.728,114.038,41.542,36.926
93.029,113.575,41.542,36.926
93.801,113.111,41.542,36.926
94.265,112.957,41.542,36.926
92.566,113.729,41.542,36.926
93.647,113.575,41.542,36.926
92.875,113.420,41.542,36.926
93.216,114.453,42.461,37.743
92.112,113.349,42.461,37.743
92.585,114.138,42.461,37.743
92.743,113.349,42.461,37.743
91.954,114.138,42.461,37.743
90.849,113.349,42.461,37.743
91.323,114.138,42.461,37.743
91.480,113.980,42.461,37.743
90.847,114.709,43.401,38.578
90.040,113.579,43.401,38.578
90.062,111.981,44.361,39.432
89.898,112.806,44.361,39.432
89.073,112.641,44.361,39.432
89.568,113.465,44.361,39.432
88.084,113.300,44.361,39.432
88.579,112.806,44.361,39.432
88.084,112.311,44.361,39.432
88.908,113.465,44.361,39.432
87.754,113.630,44.361,39.432
87.589,114.454,44.361,39.432
86.765,114.289,44.361,39.432
87.589,113.795,44.361,39.432
86.435,112.970,44.361,39.432
86.930,113.795,44.361,39.432
87.424,113.630,44.361,39.432
86.270,115.773,44.361,39.432
87.424,115.279,44.361,39.432
86.270,114.454,44.361,39.432
87.754,115.938,44.361,39.432
86.270,115.444,44.361,39.432
87.424,114.949,44.361,39.432
85.941,113.465,44.361,39.432
86.765,112.641,44.361,39.432
86.270,113.795,44.361,39.432
87.095,113.960,44.361,39.432
86.600,113.795,44.361,39.432
85.776,114.289,44.361,39.432
86.270,114.454,44.361,39.432
86.765,114.289,44.361,39.432
85.611,114.454,44.361,39.432
85.776,115.279,44.361,39.432
85.941,114.454,44.361,39.432
86.105,113.300,44.361,39.432
85.941,111.816,44.361,39.432
85.776,111.322,44.361,39.432
86.270,112.806,44.361,39.432
86.435,111.981,44.361,39.432
85.281,112.476,44.361,39.432
86.435,112.970,44.361,39.432
85.611,112.146,44.361,39.432
85.776,111.322,44.361,39.432
86.270,112.146,44.361,39.432
86.765,111.322,44.361,39.432
85.611,111.816,44.361,39.432
86.435,111.322,44.361,39.432
85.611,111.816,44.361,39.432
86.105,110.992,44.361,39.432
86.930,111.816,44.361,39.432
86.435,110.992,44.361,39.432
86.600,111.816,44.361,39.432
85.776,111.651,44.361,39.432
86.600,111.816,44.361,39.432
86.765,111.322,44.361,39.432
86.930,112.476,44.361,39.432
87.424,111.981,44.361,39.432
86.600,111.157,44.361,39.432
87.424,110.992,44.361,39.432
86.930,110.497,44.361,39.432
88.084,111.981,44.361,39.432
87.589,111.816,44.361,39.432
87.754,110.992,44.361,39.432
87.919,111.157,44.361,39.432
88.743,111.322,44.361,39.432
88.579,111.816,44.361,39.432
88.414,111.981,44.361,39.432
88.579,112.476,44.361,39.432
89.733,112.641,44.361,39.432
89.568,112.476,44.361,39.432
90.062,111.651,44.361,39.432
90.557,111.816,44.361,39.432
89.733,111.322,44.361,39.432
90.887,112.146,44.361,39.432
91.052,111.651,44.361,39.432
90.557,112.476,44.361,39.432
90.722,111.651,44.361,39.432
91.217,113.135,44.361,39.432
91.381,112.641,44.361,39.432
90.557,113.135,44.361,39.432
91.381,111.981,44.361,39.432
91.876,111.157,44.361,39.432
91.711,111.981,44.361,39.432
91.546,112.476,44.361,39.432
91.711,112.970,44.361,39.432
92.206,112.476,44.361,39.432
92.700,111.981,44.361,39.432
91.546,111.816,44.361,39.432
92.371,111.651,44.361,39.432
92.206,113.135,44.361,39.432
93.360,112.641,44.361,39.432
92.206,113.135,44.361,39.432
93.360,112.311,44.361,39.432
92.536,111.816,44.361,39.432
93.030,111.981,44.361,39.432
93.855,111.816,44.361,39.432
93.360,112.311,44.361,39.432
92.865,112.476,44.361,39.432
94.019,112.970,44.361,39.432
93.855,112.476,44.361,39.432
94.019,112.970,44.361,39.432
94.514,112.476,44.361,39.432
93.690,113.300,44.361,39.432
94.184,113.465,44.361,39.432
95.338,112.970,44.361,39.432
94.184,112.146,44.361,39.432
95.338,112.311,44.361,39.432
94.184,113.795,44.361,39.432
95.668,113.300,44.361,39.432
94.844,114.125,44.361,39.432
95.668,112.311,44.361,39.432
95.174,111.816,44.361,39.432
95.998,111.651,44.361,39.432
96.163,112.806,44.361,39.432
95.998,111.981,44.361,39.432
96.493,112.806,44.361,39.432
95.998,113.300,44.361,39.432
97.152,113.135,44.361,39.432
96.657,112.970,44.361,39.432
96.822,113.465,44.361,39.432
97.647,114.289,44.361,39.432
97.152,113.795,44.361,39.432
98.306,113.300,44.361,39.432
97.812,112.806,44.361,39.432
97.647,114.289,44.361,39.432
97.482,114.784,44.361,39.432
97.976,113.960,44.361,39.432
98.141,112.806,44.361,39.432
98.966,111.651,44.361,39.432
97.812,113.795,44.361,39.432
98.636,113.300,44.361,39.432
97.812,114.125,44.361,39.432
98.306,113.630,44.361,39.432
98.801,113.465,44.361,39.432
97.647,113.630,44.361,39.432
97.152,113.465,44.361,39.432
98.306,113.630,44.361,39.432
98.141,114.125,44.361,39.432
97.647,113.300,44.361,39.432
96.822,112.806,44.361,39.432
97.647,112.311,44.361,39.432
96.822,113.795,44.361,39.432
97.317,113.300,44.361,39.432
98.141,113.465,44.361,39.432
96.657,113.630,44.361,39.432
96.822,113.465,44.361,39.432
96.987,114.289,44.361,39.432
96.822,113.795,44.361,39.432
96.657,113.630,44.361,39.432
96.493,113.465,44.361,39.432
95.998,114.289,44.361,39.432
96.822,113.465,44.361,39.432
96.657,113.960,44.361,39.432
95.833,113.135,44.361,39.432
96.657,112.970,44.361,39.432
95.833,112.806,44.361,39.432
96.328,112.641,44.361,39.432
94.844,113.795,44.361,39.432
95.998,113.630,44.361,39.432
96.163,115.773,44.361,39.432
96.987,115.608,44.361,39.432
98.141,114.454,44.361,39.432
98.966,113.300,44.361,39.432
97.482,113.465,44.361,39.432
97.976,112.641,44.361,39.432
97.152,114.454,44.361,39.432
97.647,113.300,44.361,39.432
96.493,113.465,44.361,39.432
96.657,114.619,44.361,39.432
96.493,115.444,44.361,39.432
96.328,114.949,44.361,39.432
96.493,114.454,44.361,39.432
96.657,115.279,44.361,39.432
97.289,115.222,43.415,38.591
98.419,114.738,43.415,38.591
96.967,114.254,43.415,38.591
97.451,116.029,43.415,38.591
96.644,115.222,43.415,38.591
96.805,115.061,43.415,38.591
97.289,115.222,43.415,38.591
97.451,115.384,43.415,38.591
96.644,114.900,43.415,38.591
96.805,114.416,43.415,38.591
97.113,115.605,42.489,37.768
96.955,115.447,42.489,37.768
96.165,114.973,42.489,37.768
96.323,115.763,42.489,37.768
96.481,115.289,42.489,37.768
96.955,115.447,42.489,37.768
96.165,115.289,42.489,37.768
96.323,115.447,42.489,37.768
96.165,114.973,42.489,37.768
96.323,115.763,42.489,37.768
96.165,116.552,42.489,37.768
96.323,115.763,42.489,37.768
95.849,115.605,42.489,37.768
96.007,114.815,42.489,37.768
96.165,114.973,42.489,37.768
96.323,115.447,42.489,37.768
96.165,114.341,42.489,37.768
96.323,114.183,42.489,37.768
96.481,115.289,42.489,37.768
96.323,114.815,42.489,37.768
96.481,115.921,42.489,37.768
96.007,115.447,42.489,37.768
95.849,114.657,42.489,37.768
96.007,116.078,42.489,37.768
95.534,116.552,42.489,37.768
96.323,115.131,42.489,37.768
96.165,114.973,42.489,37.768
96.323,116.394,42.489,37.768
95.849,115.605,42.489,37.768
95.376,114.499,42.489,37.768
96.165,114.341,42.489,37.768
96.639,113.868,42.489,37.768
96.797,116.552,42.489,37.768
95.691,115.763,42.489,37.768
96.797,115.921,42.489,37.768
96.007,116.394,42.489,37.768
95.534,115.605,42.489,37.768
95.883,115.023,43.429,38.604
96.044,114.862,43.429,38.604
95.560,115.992,43.429,38.604
95.076,115.507,43.429,38.604
95.560,116.314,43.429,38.604
94.753,116.153,43.429,38.604
95.237,115.992,43.429,38.604
95.399,117.444,43.429,38.604
94.591,117.928,43.429,38.604
94.430,116.476,43.429,38.604
94.269,116.314,43.429,38.604
95.399,115.830,43.429,38.604
94.591,115.023,43.429,38.604
94.430,114.862,43.429,38.604
94.591,115.669,43.429,38.604
94.430,116.799,43.429,38.604
94.269,116.637,43.429,38.604
95.076,117.121,43.429,38.604
94.914,117.283,43.429,38.604
94.753,117.121,43.429,38.604
94.591,116.960,43.429,38.604
94.753,115.830,43.429,38.604
94.591,115.346,43.429,38.604
94.107,115.507,43.429,38.604
94.269,116.314,43.429,38.604
94.753,116.153,43.429,38.604
93.100,115.224,44.390,39.458
93.265,114.729,44.390,39.458
93.760,115.883,44.390,39.458
92.935,115.059,44.390,39.458
93.760,114.894,44.390,39.458
92.935,114.069,44.390,39.458
92.615,113.803,45.372,40.331
92.988,112.482,46.376,41.223
92.816,113.344,46.376,41.223
92.988,112.827,46.376,41.223
93.160,113.344,46.376,41.223
93.184,111.994,47.402,42.135
91.951,112.523,47.402,42.135
92.127,111.642,47.402,42.135
91.951,112.523,47.402,42.135
91.775,113.403,47.402,42.135
93.008,113.227,47.402,42.135
92.127,111.994,47.402,42.135
92.655,111.465,47.402,42.135
93.536,110.937,47.402,42.135
93.008,111.818,47.402,42.135
93.184,111.289,47.402,42.135
93.008,111.818,47.402,42.135
93.184,111.289,47.402,42.135
93.712,112.170,47.402,42.135
94.102,110.790,48.451,43.068
93.922,111.330,48.451,43.068
94.462,110.430,48.451,43.068
94.282,111.330,48.451,43.068
94.307,110.293,49.523,44.020
94.123,110.109,49.523,44.020
93.938,110.662,49.523,44.020
94.491,110.846,49.523,44.020
95.043,111.030,49.523,44.020
94.491,111.214,49.523,44.020
95.411,111.766,49.523,44.020
95.595,111.214,49.523,44.020
96.515,112.502,49.523,44.020
96.699,111.214,49.523,44.020
96.883,112.134,49.523,44.020
96.331,112.318,49.523,44.020
96.883,112.870,49.523,44.020
97.067,112.318,49.523,44.020
96.883,113.238,49.523,44.020
96.699,113.054,49.523,44.020
97.988,112.502,49.523,44.020
97.067,112.318,49.523,44.020
96.883,112.502,49.523,44.020
97.067,111.582,49.523,44.020
97.252,111.766,49.523,44.020
97.804,112.686,49.523,44.020
97.252,111.030,49.523,44.020
98.172,111.582,49.523,44.020
97.988,110.662,49.523,44.020
97.804,110.846,49.523,44.020
97.988,110.662,49.523,44.020
98.172,110.846,49.523,44.020
98.724,111.030,49.523,44.020
99.276,110.846,49.523,44.020
97.988,111.398,49.523,44.020
98.540,111.214,49.523,44.020
99.092,111.398,49.523,44.020
98.908,110.846,49.523,44.020
98.356,111.030,49.523,44.020
99.276,110.109,49.523,44.020
99.092,110.662,49.523,44.020
98.908,110.109,49.523,44.020
98.724,111.030,49.523,44.020
99.644,110.109,49.523,44.020
99.828,109.925,49.523,44.020
98.172,110.478,49.523,44.020
99.092,111.766,49.523,44.020
98.172,111.582,49.523,44.020
98.724,112.502,49.523,44.020
99.276,111.950,49.523,44.020
97.988,112.870,49.523,44.020
97.436,113.791,49.523,44.020
98.356,112.502,49.523,44.020
97.287,114.213,48.467,43.082
97.467,113.313,48.467,43.082
97.287,113.853,48.467,43.082
96.387,114.754,48.467,43.082
96.567,114.934,48.467,43.082
95.666,116.195,48.467,43.082
96.206,115.294,48.467,43.082
95.666,114.394,48.467,43.082
94.045,113.853,48.467,43.082
93.865,115.835,48.467,43.082
93.324,115.294,48.467,43.082
91.703,115.835,48.467,43.082
91.883,116.015,48.467,43.082
92.063,115.114,48.467,43.082
89.845,115.572,49.539,44.035
90.398,114.651,49.539,44.035
90.582,113.731,49.539,44.035
90.029,114.651,49.539,44.035
89.109,114.099,49.539,44.035
89.293,115.020,49.539,44.035
88.740,114.835,49.539,44.035
87.820,114.651,49.539,44.035
88.004,115.204,49.539,44.035
87.820,115.756,49.539,44.035
87.268,114.835,49.539,44.035
87.820,113.915,49.539,44.035
86.531,114.467,49.539,44.035
87.452,115.388,49.539,44.035
87.636,114.467,49.539,44.035
86.347,115.756,49.539,44.035
86.531,114.467,49.539,44.035
85.979,115.020,49.539,44.035
85.058,114.467,49.539,44.035
85.610,114.651,49.539,44.035
85.426,114.099,49.539,44.035
85.610,114.651,49.539,44.035
85.426,113.731,49.539,44.035
84.506,113.547,49.539,44.035
85.058,112.626,49.539,44.035
83.769,113.547,49.539,44.035
83.953,112.626,49.539,44.035
84.137,112.810,49.539,44.035
83.585,112.626,49.539,44.035
84.506,112.810,49.539,44.035
83.217,113.731,49.539,44.035
83.242,113.817,50.635,45.009
82.301,112.499,50.635,45.009
82.866,112.687,50.635,45.009
83.806,112.499,50.635,45.009
82.489,112.687,50.635,45.009
82.301,113.628,50.635,45.009
82.113,114.193,50.635,45.009
83.430,113.628,50.635,45.009
82.113,114.193,50.635,45.009
83.430,112.876,50.635,45.009
82.113,112.687,50.635,45.009
83.430,113.252,50.635,45.009
81.736,114.193,50.635,45.009
83.054,114.005,50.635,45.009
83.242,113.064,50.635,45.009
81.925,114.005,50.635,45.009
82.866,115.322,50.635,45.009
83.430,116.263,50.635,45.009
82.866,116.828,50.635,45.009
83.806,117.392,50.635,45.009
82.866,116.828,50.635,45.009
83.806,116.263,50.635,45.009
83.618,116.451,50.635,45.009
83.430,116.263,50.635,45.009
83.995,116.075,50.635,45.009
84.559,115.887,50.635,45.009
83.618,117.204,50.635,45.009
84.183,115.887,50.635,45.009
83.242,117.204,50.635,45.009
84.183,117.016,50.635,45.009
83.618,117.204,50.635,45.009
84.559,116.640,50.635,45.009
83.618,115.699,50.635,45.009
84.559,114.758,50.635,45.009
83.618,115.699,50.635,45.009
84.183,114.758,50.635,45.009
82.866,115.699,50.635,45.009
84.183,114.758,50.635,45.009
83.242,115.322,50.635,45.009
83.806,114.758,50.635,45.009
83.995,115.322,50.635,45.009
83.806,114.758,50.635,45.009
83.618,115.699,50.635,45.009
84.034,114.224,51.756,46.005
82.303,115.186,51.756,46.005
83.265,113.840,51.756,46.005
82.303,114.032,51.756,46.005
82.880,114.994,51.756,46.005
81.918,113.647,51.756,46.005
81.726,112.301,51.756,46.005
81.149,113.263,51.756,46.005
82.111,113.455,51.756,46.005
81.534,114.417,51.756,46.005
82.496,113.840,51.756,46.005
81.534,113.263,51.756,46.005
81.341,113.840,51.756,46.005
81.918,113.263,51.756,46.005
80.572,113.840,51.756,46.005
81.918,113.647,51.756,46.005
80.572,113.455,51.756,46.005
81.149,114.801,51.756,46.005
80.403,114.365,50.652,45.024
80.968,113.800,50.652,45.024
80.780,115.118,50.652,45.024
80.968,114.553,50.652,45.024
80.403,113.988,50.652,45.024
80.591,112.671,50.652,45.024
79.650,113.988,50.652,45.024
79.838,113.800,50.652,45.024
80.780,114.741,50.652,45.024
80.049,115.040,49.572,44.064
80.234,114.856,49.572,44.064
80.049,115.040,49.572,44.064
80.234,114.119,49.572,44.064
80.049,113.935,49.572,44.064
79.865,113.750,49.572,44.064
78.944,113.935,49.572,44.064
80.716,115.292,48.515,43.124
79.814,114.751,48.515,43.124
79.090,113.713,49.588,44.078
79.643,112.792,49.588,44.078
80.196,113.713,49.588,44.078
78.906,114.266,49.588,44.078
77.985,114.450,49.588,44.078
78.906,115.003,49.588,44.078
77.985,114.819,49.588,44.078
78.537,115.003,49.588,44.078
78.562,113.560,50.685,45.053
77.621,114.502,50.685,45.053
78.186,113.936,50.685,45.053
77.621,114.502,50.685,45.053
78.562,114.313,50.685,45.053
77.997,114.125,50.685,45.053
78.562,113.936,50.685,45.053
77.244,115.255,50.685,45.053
78.186,114.690,50.685,45.053
77.244,115.632,50.685,45.053
77.809,114.690,50.685,45.053
78.374,115.255,50.685,45.053
77.809,115.067,50.685,45.053
78.374,113.748,50.685,45.053
77.432,113.936,50.685,45.053
77.849,112.852,51.806,46.050
76.886,113.814,51.806,46.050
77.849,114.007,51.806,46.050
76.886,114.585,51.806,46.050
77.849,114.007,51.806,46.050
77.271,114.970,51.806,46.050
78.234,114.392,51.806,46.050
78.426,115.355,51.806,46.050
79.004,114.777,51.806,46.050
77.656,114.585,51.806,46.050
77.849,114.777,51.806,46.050
78.426,114.199,51.806,46.050
78.619,114.007,51.806,46.050
78.986,113.570,50.702,45.068
79.551,114.135,50.702,45.068
78.986,113.193,50.702,45.068
79.551,113.005,50.702,45.068
78.986,113.570,50.702,45.068
79.928,114.135,50.702,45.068
79.363,113.947,50.702,45.068
79.551,115.266,50.702,45.068
79.363,114.324,50.702,45.068
78.797,114.135,50.702,45.068
79.740,113.947,50.702,45.068
79.551,114.512,50.702,45.068
79.363,113.947,50.702,45.068
79.174,115.266,50.702,45.068
79.363,114.701,50.702,45.068
79.174,116.020,50.702,45.068
78.986,115.454,50.702,45.068
79.928,116.020,50.702,45.068
79.740,116.208,50.702,45.068
79.551,116.020,50.702,45.068
79.363,115.077,50.702,45.068
78.797,114.135,50.702,45.068
79.740,114.324,50.702,45.068
78.645,116.439,49.620,44.107
80.305,116.623,49.620,44.107
79.383,115.332,49.620,44.107
80.305,116.623,49.620,44.107
79.014,115.332,49.620,44.107
79.936,116.992,49.620,44.107
79.014,116.439,49.620,44.107
79.568,116.623,49.620,44.107
80.121,116.070,49.620,44.107
78.830,117.361,49.620,44.107
78.645,116.808,49.620,44.107
80.305,115.886,49.620,44.107
79.014,117.177,49.620,44.107
79.568,116.992,49.620,44.107
80.121,115.701,49.620,44.107
78.461,114.779,49.620,44.107
79.383,114.964,49.620,44.107
79.199,115.517,49.620,44.107
78.128,116.876,48.562,43.166
78.902,115.837,49.637,44.122
78.348,115.652,49.637,44.122
79.640,115.837,49.637,44.122
78.213,117.196,48.578,43.181
79.116,115.932,48.578,43.181
78.391,116.017,49.653,44.136
78.944,116.939,49.653,44.136
78.970,115.877,50.752,45.113
78.781,116.065,50.752,45.113
78.215,114.368,50.752,45.113
78.026,116.442,50.752,45.113
78.970,117.008,50.752,45.113
79.158,116.820,50.752,45.113
77.461,117.386,50.752,45.113
78.404,116.442,50.752,45.113
78.215,116.254,50.752,45.113
79.665,118.008,49.669,44.150
79.850,118.192,49.669,44.150
78.558,118.377,49.669,44.150
78.966,117.697,50.768,45.127
79.909,117.885,50.768,45.127
79.721,117.697,50.768,45.127
79.154,117.508,50.768,45.127
78.588,116.942,50.768,45.127
79.909,116.753,50.768,45.127
80.098,117.697,50.768,45.127
80.287,117.508,50.768,45.127
78.588,116.565,50.768,45.127
79.909,117.131,50.768,45.127
80.853,116.942,50.768,45.127
80.664,116.376,50.768,45.127
80.853,115.433,50.768,45.127
81.419,114.489,50.768,45.127
80.475,115.055,50.768,45.127
81.041,114.866,50.768,45.127
81.607,116.187,50.768,45.127
80.664,115.999,50.768,45.127
81.607,115.810,50.768,45.127
81.796,117.131,50.768,45.127
81.985,116.187,50.768,45.127
82.174,115.999,50.768,45.127
81.985,115.810,50.768,45.127
82.551,115.621,50.768,45.127
81.985,115.055,50.768,45.127
82.551,113.734,50.768,45.127
82.740,115.055,50.768,45.127
82.928,115.244,50.768,45.127
83.117,115.432,50.768,45.127
81.419,115.999,50.768,45.127
82.362,115.810,50.768,45.127
82.551,115.999,50.768,45.127
82.740,116.187,50.768,45.127
83.306,116.753,50.768,45.127
82.362,117.319,50.768,45.127
82.928,117.131,50.768,45.127
83.872,116.565,50.768,45.127
84.438,117.508,50.768,45.127
83.494,117.319,50.768,45.127
84.438,116.753,50.768,45.127
84.249,117.319,50.768,45.127
83.683,116.376,50.768,45.127
84.626,116.187,50.768,45.127
84.438,117.508,50.768,45.127
84.626,117.319,50.768,45.127
84.815,117.508,50.768,45.127
84.249,116.942,50.768,45.127
84.060,115.999,50.768,45.127
85.381,115.810,50.768,45.127
84.060,117.131,50.768,45.127
85.381,116.187,50.768,45.127
84.060,115.999,50.768,45.127
85.381,115.432,50.768,45.127
84.438,115.999,50.768,45.127
85.381,115.432,50.768,45.127
84.815,115.244,50.768,45.127
85.759,115.432,50.768,45.127
85.570,115.999,50.768,45.127
85.759,115.810,50.768,45.127
86.325,116.753,50.768,45.127
85.381,115.810,50.768,45.127
85.947,114.866,50.768,45.127
86.513,115.810,50.768,45.127
85.570,114.866,50.768,45.127
86.136,114.678,50.768,45.127
84.438,115.999,50.768,45.127
85.381,115.432,50.768,45.127
85.570,116.376,50.768,45.127
85.759,116.187,50.768,45.127
85.193,115.621,50.768,45.127
84.626,116.187,50.768,45.127
85.193,115.244,50.768,45.127
84.626,114.678,50.768,45.127
85.193,115.621,50.768,45.127
84.249,115.055,50.768,45.127
84.438,114.489,50.768,45.127
84.626,115.810,50.768,45.127
84.815,115.244,50.768,45.127
84.626,114.300,50.768,45.127
84.815,115.621,50.768,45.127
84.626,116.187,50.768,45.127
84.438,115.621,50.768,45.127
84.249,115.432,50.768,45.127
83.683,115.621,50.768,45.127
84.626,116.187,50.768,45.127
83.683,115.621,50.768,45.127
83.872,116.187,50.768,45.127
84.060,115.244,50.768,45.127
84.249,115.432,50.768,45.127
82.551,115.998,50.768,45.127
83.494,115.055,50.768,45.127
82.551,116.376,50.768,45.127
83.117,115.432,50.768,45.127
82.174,115.244,50.768,45.127
82.740,115.055,50.768,45.127
83.306,114.112,50.768,45.127
82.362,114.678,50.768,45.127
82.928,115.998,50.768,45.127
83.494,115.432,50.768,45.127
82.551,115.998,50.768,45.127
82.740,115.055,50.768,45.127
83.306,114.489,50.768,45.127
81.985,116.565,50.768,45.127
82.928,116.753,50.768,45.127
83.117,116.565,50.768,45.127
81.796,115.998,50.768,45.127
82.740,115.432,50.768,45.127
82.928,116.376,50.768,45.127
82.362,115.432,50.768,45.127
81.796,116.376,50.768,45.127
82.362,115.432,50.768,45.127
82.174,116.376,50.768,45.127
81.985,115.432,50.768,45.127
82.551,116.376,50.768,45.127
82.740,117.319,50.768,45.127
82.551,118.263,50.768,45.127
82.362,117.319,50.768,45.127
82.928,116.376,50.768,45.127
83.117,115.810,50.768,45.127
81.796,116.376,50.768,45.127
83.117,115.432,50.768,45.127
81.796,115.998,50.768,45.127
82.740,115.055,50.768,45.127
82.928,115.244,50.768,45.127
83.117,115.810,50.768,45.127
82.173,116.376,50.768,45.127
82.740,115.810,50.768,45.127
82.928,116.753,50.768,45.127
83.494,116.565,50.768,45.127
82.551,115.621,50.768,45.127
82.740,114.678,50.768,45.127
82.551,115.621,50.768,45.127
82.740,115.810,50.768,45.127
83.306,114.866,50.768,45.127
81.985,114.300,50.768,45.127
83.306,114.112,50.768,45.127
81.985,114.678,50.768,45.127
82.928,115.998,50.768,45.127
83.117,115.055,50.768,45.127
81.796,114.112,50.768,45.127
82.740,113.545,50.768,45.127
82.551,114.489,50.768,45.127
82.362,114.678,50.768,45.127
81.796,115.244,50.768,45.127
82.740,114.300,50.768,45.127
82.928,113.734,50.768,45.127
82.362,113.923,50.768,45.127
82.173,112.602,50.768,45.127
81.607,111.659,50.768,45.127
82.173,112.979,50.768,45.127
81.607,111.659,50.768,45.127
82.173,112.979,50.768,45.127
80.475,112.791,50.768,45.127
81.419,114.112,50.768,45.127
81.230,114.678,50.768,45.127
80.664,115.244,50.768,45.127
81.230,114.678,50.768,45.127
80.862,116.432,49.686,44.165
81.047,115.139,49.686,44.165
81.231,115.324,49.686,44.165
81.047,114.770,49.686,44.165
80.493,114.216,49.686,44.165
81.047,115.139,49.686,44.165
79.754,116.062,49.686,44.165
79.200,115.139,49.686,44.165
79.385,116.062,49.686,44.165
79.569,115.878,49.686,44.165
79.754,114.955,49.686,44.165
78.092,115.878,49.686,44.165
78.646,114.955,49.686,44.165
78.831,115.509,49.686,44.165
77.907,114.585,49.686,44.165
76.984,114.401,49.686,44.165
77.169,115.324,49.686,44.165
77.353,114.401,49.686,44.165
75.846,112.954,50.785,45.142
75.657,113.898,50.785,45.142
75.091,114.087,50.785,45.142
75.657,114.275,50.785,45.142
74.713,114.087,50.785,45.142
74.147,113.898,50.785,45.142
74.713,112.954,50.785,45.142
74.147,112.765,50.785,45.142
73.958,113.332,50.785,45.142
73.392,115.785,50.785,45.142
73.958,115.597,50.785,45.142
73.015,115.408,50.785,45.142
73.203,115.597,50.785,45.142
73.392,114.275,50.785,45.142
72.826,115.219,50.785,45.142
71.882,113.898,50.785,45.142
71.693,112.954,50.785,45.142
70.749,113.520,50.785,45.142
70.938,113.331,50.785,45.142
70.749,114.275,50.785,45.142
70.561,114.464,50.785,45.142
71.127,114.653,50.785,45.142
70.395,116.044,49.702,44.179
71.319,115.490,49.702,44.179
70.764,115.305,49.702,44.179
69.102,116.228,49.702,44.179
69.287,117.152,49.702,44.179
69.471,116.967,49.702,44.179
69.823,116.904,48.642,43.237
68.919,115.277,48.642,43.237
69.462,115.458,48.642,43.237
67.835,115.639,48.642,43.237
68.015,115.820,48.642,43.237
68.196,116.000,48.642,43.237
66.569,113.650,48.642,43.237
66.750,113.831,48.642,43.237
66.569,114.012,48.642,43.237
65.304,112.746,48.642,43.237
65.300,114.427,47.605,42.315
65.123,113.896,47.605,42.315
65.147,112.877,48.658,43.251
64.242,113.058,48.658,43.251
62.615,112.877,48.658,43.251
63.157,112.335,48.658,43.251
63.700,113.239,48.658,43.251
62.434,113.058,48.658,43.251
61.891,111.792,48.658,43.251
62.434,111.973,48.658,43.251
61.168,110.707,48.658,43.251
61.711,111.611,48.658,43.251
61.168,112.516,48.658,43.251
61.349,111.973,48.658,43.251
59.721,111.792,48.658,43.251
60.763,113.474,47.620,42.329
60.940,112.235,47.620,42.329
60.409,111.350,47.620,42.329
59.878,111.173,47.620,42.329
60.556,113.159,46.605,41.426
61.076,111.947,46.605,41.426
59.864,111.427,46.605,41.426
59.344,111.947,46.605,41.426
59.864,112.813,46.605,41.426
58.998,112.293,46.605,41.426
58.824,111.427,46.605,41.426
59.344,110.908,46.605,41.426
58.824,111.081,46.605,41.426
58.305,111.947,46.605,41.426
58.824,111.427,46.605,41.426
57.612,110.908,46.605,41.426
58.824,111.774,46.605,41.426
57.265,110.908,46.605,41.426
58.478,110.734,46.605,41.426
57.958,110.215,46.605,41.426
57.092,111.427,46.605,41.426
56.919,110.561,46.605,41.426
57.092,109.695,46.605,41.426
58.758,110.972,45.611,40.543
57.232,110.463,45.611,40.543
55.496,111.597,46.620,41.440
57.402,110.731,46.620,41.440
56.189,111.251,46.620,41.440
55.670,112.117,46.620,41.440
56.536,111.251,46.620,41.440
56.016,112.117,46.620,41.440
55.150,111.597,46.620,41.440
55.670,110.731,46.620,41.440
56.189,111.944,46.620,41.440
54.977,111.078,46.620,41.440
55.496,112.291,46.620,41.440
55.323,111.078,46.620,41.440
54.803,112.291,46.620,41.440
54.283,110.731,46.620,41.440
54.457,111.251,46.620,41.440
54.630,110.385,46.620,41.440
54.110,109.518,46.620,41.440
53.244,110.731,46.620,41.440
52.724,111.251,46.620,41.440
51.858,112.117,46.620,41.440
52.031,111.251,46.620,41.440
51.858,111.078,46.620,41.440
51.684,111.597,46.620,41.440
53.244,110.731,46.620,41.440
52.238,112.342,45.626,40.556
51.390,111.494,45.626,40.556
51.220,112.003,45.626,40.556
51.390,111.494,45.626,40.556
50.881,111.325,45.626,40.556
52.407,111.494,45.626,40.556
50.881,112.003,45.626,40.556
51.729,111.155,45.626,40.556
50.881,112.003,45.626,40.556
51.390,111.833,45.626,40.556
50.542,112.342,45.626,40.556
51.051,113.529,45.626,40.556
50.881,113.699,45.626,40.556
50.712,113.190,45.626,40.556
50.542,113.020,45.626,40.556
50.033,113.190,45.626,40.556
51.560,113.020,45.626,40.556
50.712,112.851,45.626,40.556
50.203,112.681,45.626,40.556
49.355,114.207,45.626,40.556
49.864,112.681,45.626,40.556
50.373,113.529,45.626,40.556
49.185,113.020,45.626,40.556
50.712,112.512,45.626,40.556
49.525,113.359,45.626,40.556
49.355,113.529,45.626,40.556
49.185,112.681,45.626,40.556
50.712,111.833,45.626,40.556
49.525,112.342,45.626,40.556
49.355,112.512,45.626,40.556
48.846,113.020,45.626,40.556
50.033,112.512,45.626,40.556
49.525,112.342,45.626,40.556
49.016,112.172,45.626,40.556
50.203,111.325,45.626,40.556
49.355,111.494,45.626,40.556
49.185,111.325,45.626,40.556
50.373,110.816,45.626,40.556
49.185,110.985,45.626,40.556
50.712,110.816,45.626,40.556
49.525,110.985,45.626,40.556
49.694,110.138,45.626,40.556
49.864,109.968,45.626,40.556
50.033,109.459,45.626,40.556
50.203,110.307,45.626,40.556
49.355,110.138,45.626,40.556
49.864,111.325,45.626,40.556
50.712,111.155,45.626,40.556
50.542,110.646,45.626,40.556
50.033,110.477,45.626,40.556
50.881,110.307,45.626,40.556
50.373,109.798,45.626,40.556
50.203,110.307,45.626,40.556
50.033,111.155,45.626,40.556
51.991,112.405,44.653,39.691
50.829,111.907,44.653,39.691
51.327,112.737,44.653,39.691
51.161,111.907,44.653,39.691
50.995,112.737,44.653,39.691
50.829,112.571,44.653,39.691
50.995,112.405,44.653,39.691
50.165,112.571,44.653,39.691
51.659,112.405,44.653,39.691
51.493,112.903,44.653,39.691
52.449,114.126,43.701,38.845
51.962,113.313,43.701,38.845
51.474,112.826,43.701,38.845
52.611,113.313,43.701,38.845
52.124,113.151,43.701,38.845
51.637,112.989,43.701,38.845
53.099,113.801,43.701,38.845
51.637,114.288,43.701,38.845
52.774,112.826,43.701,38.845
51.637,114.288,43.701,38.845
53.099,112.826,43.701,38.845
51.962,113.638,43.701,38.845
51.474,113.151,43.701,38.845
53.261,112.989,43.701,38.845
52.124,112.826,43.701,38.845
51.962,112.339,43.701,38.845
52.124,111.852,43.701,38.845
52.936,112.664,43.701,38.845
52.124,112.826,43.701,38.845
52.936,113.638,43.701,38.845
51.799,113.151,43.701,38.845
53.261,112.664,43.701,38.845
52.774,113.801,43.701,38.845
52.611,113.314,43.701,38.845
54.398,112.826,43.701,38.845
53.261,113.314,43.701,38.845
53.424,112.826,43.701,38.845
53.911,112.664,43.701,38.845
52.774,113.476,43.701,38.845
52.936,112.664,43.701,38.845
53.748,113.151,43.701,38.845
52.936,112.339,43.701,38.845
54.073,113.151,43.701,38.845
53.261,112.664,43.701,38.845
54.723,113.476,43.701,38.845
53.586,112.989,43.701,38.845
55.373,114.126,43.701,38.845
54.236,112.989,43.701,38.845
54.398,112.501,43.701,38.845
54.885,111.364,43.701,38.845
53.748,110.877,43.701,38.845
54.885,112.014,43.701,38.845
53.748,112.177,43.701,38.845
55.210,111.364,43.701,38.845
54.398,110.877,43.701,38.845
55.860,112.014,43.701,38.845
54.723,112.177,43.701,38.845
55.860,111.364,43.701,38.845
54.723,112.177,43.701,38.845
56.834,112.014,43.701,38.845
55.697,112.501,43.701,38.845
57.259,111.507,42.769,38.017
56.782,111.030,42.769,38.017
58.531,111.825,42.769,38.017
57.418,111.984,42.769,38.017
57.259,113.096,42.769,38.017
56.782,112.619,42.769,38.017
59.167,111.825,42.769,38.017
58.054,112.619,42.769,38.017
59.802,111.825,42.769,38.017
58.690,112.937,42.769,38.017
59.167,112.460,42.769,38.017
58.372,113.573,42.769,38.017
59.802,113.096,42.769,38.017
59.008,114.209,42.769,38.017
60.438,113.414,42.769,38.017
59.326,114.527,42.769,38.017
58.849,113.096,42.769,38.017
59.961,112.937,42.769,38.017
59.167,112.460,42.769,38.017
58.372,113.891,42.769,38.017
59.485,113.096,42.769,38.017
59.008,113.573,42.769,38.017
60.120,112.460,42.769,38.017
58.690,112.301,42.769,38.017
59.803,112.143,42.769,38.017
58.505,111.227,43.715,38.858
58.342,111.065,43.715,38.858
58.180,111.227,43.715,38.858
57.692,110.415,43.715,38.858
57.205,109.602,43.715,38.858
58.017,110.740,43.715,38.858
57.205,110.902,43.715,38.858
57.043,111.390,43.715,38.858
57.530,110.577,43.715,38.858
58.017,110.740,43.715,38.858
57.205,110.577,43.715,38.858
56.718,110.090,43.715,38.858
55.905,111.552,43.715,38.858
57.692,112.365,43.715,38.858
56.230,112.852,43.715,38.858
57.692,113.339,43.715,38.858
56.230,112.527,43.715,38.858
58.017,113.339,43.715,38.858
57.530,112.527,43.715,38.858
58.342,112.040,43.715,38.858
57.205,112.202,43.715,38.858
58.017,111.390,43.715,38.858
56.880,111.877,43.715,38.858
57.367,112.365,43.715,38.858
57.855,110.902,43.715,38.858
56.393,111.715,43.715,38.858
57.855,109.927,43.715,38.858
56.718,110.090,43.715,38.858
57.205,109.603,43.715,38.858
57.692,110.740,43.715,38.858
56.555,112.202,43.715,38.858
58.431,112.147,42.783,38.029
57.318,113.260,42.783,38.029
58.113,112.465,42.783,38.029
57.000,113.896,42.783,38.029
58.749,113.101,42.783,38.029
57.954,113.896,42.783,38.029
58.749,113.101,42.783,38.029
57.954,114.214,42.783,38.029
58.749,113.419,42.783,38.029
58.272,114.532,42.783,38.029
57.795,113.419,42.783,38.029
59.226,113.578,42.783,38.029
57.795,113.101,42.783,38.029
60.816,112.624,42.783,38.029
60.657,110.557,42.783,38.029
60.678,109.641,43.729,38.870
59.352,110.729,44.697,39.730
59.374,108.738,45.686,40.610
58.865,109.587,45.686,40.610
58.888,107.904,46.697,41.508
58.367,109.119,46.697,41.508
57.670,108.120,47.730,42.426
58.008,110.453,46.712,41.522
57.835,108.891,46.712,41.522
57.661,110.106,46.712,41.522
57.488,109.932,46.712,41.522
58.356,109.411,46.712,41.522
57.488,109.932,46.712,41.522
57.818,111.546,45.716,40.636
57.648,111.376,45.716,40.636
57.818,111.207,45.716,40.636
57.648,111.376,45.716,40.636
57.479,111.886,45.716,40.636
56.969,112.056,45.716,40.636
58.158,111.546,45.716,40.636
57.309,111.716,45.716,40.636
56.799,110.527,45.716,40.636
56.117,109.901,46.727,41.535
56.638,109.727,46.727,41.535
56.812,110.596,46.727,41.535
57.333,109.380,46.727,41.535
57.159,109.206,46.727,41.535
57.680,110.075,46.727,41.535
57.159,109.901,46.727,41.535
58.027,110.075,46.727,41.535
58.201,110.596,46.727,41.535
58.375,109.727,46.727,41.535
59.590,110.248,46.727,41.535
60.111,110.075,46.727,41.535
59.243,110.596,46.727,41.535
59.417,110.422,46.727,41.535
59.590,109.554,46.727,41.535
58.172,110.356,47.761,42.454
58.350,109.823,47.761,42.454
58.172,110.356,47.761,42.454
57.995,110.178,47.761,42.454
59.593,111.066,47.761,42.454
58.705,109.823,47.761,42.454
59.728,110.789,46.742,41.549
58.859,110.268,46.742,41.549
59.380,109.399,46.742,41.549
59.554,110.268,46.742,41.549
59.380,110.442,46.742,41.549
59.206,110.963,46.742,41.549
59.033,111.484,46.742,41.549
59.206,110.963,46.742,41.549
58.338,112.179,46.742,41.549
58.859,112.700,46.742,41.549
58.855,112.306,45.746,40.663
60.045,112.476,45.746,40.663
59.535,111.626,45.746,40.663
59.365,111.796,45.746,40.663
59.195,111.626,45.746,40.663
58.685,113.496,45.746,40.663
58.708,111.458,46.758,41.562
58.187,112.675,46.758,41.562
57.318,112.501,46.758,41.562
59.229,111.980,46.758,41.562
58.013,113.196,46.758,41.562
57.144,113.718,46.758,41.562
56.970,112.849,46.758,41.562
56.449,113.023,46.758,41.562
58.360,113.196,46.758,41.562
57.144,113.023,46.758,41.562
56.623,113.544,46.758,41.562
56.449,112.675,46.758,41.562
59.125,112.281,45.761,40.676
58.615,112.111,45.761,40.676
58.445,112.281,45.761,40.676
57.594,112.451,45.761,40.676
57.084,112.281,45.761,40.676
58.275,110.750,45.761,40.676
57.424,109.900,45.761,40.676
56.574,109.389,45.761,40.676
56.404,110.240,45.761,40.676
56.234,110.410,45.761,40.676
56.064,110.580,45.761,40.676
57.934,111.770,45.761,40.676
57.424,110.920,45.761,40.676
56.914,111.090,45.761,40.676
56.744,111.260,45.761,40.676
56.914,112.111,45.761,40.676
56.404,111.260,45.761,40.676
55.553,111.430,45.761,40.676
57.189,111.700,44.785,39.809
56.357,111.201,44.785,39.809
57.189,112.033,44.785,39.809
56.689,111.201,44.785,39.809
56.856,110.701,44.785,39.809
57.688,110.202,44.785,39.809
57.522,110.368,44.785,39.809
57.022,110.535,44.785,39.809
57.855,111.367,44.785,39.809
57.355,111.201,44.785,39.809
57.189,111.367,44.785,39.809
57.022,111.866,44.785,39.809
57.522,111.700,44.785,39.809
56.854,110.051,45.776,40.689
56.343,112.262,45.776,40.689
55.833,111.072,45.776,40.689
55.663,112.262,45.776,40.689
55.152,111.752,45.776,40.689
57.704,112.603,45.776,40.689
56.854,111.752,45.776,40.689
55.465,112.185,46.788,41.590
58.073,112.011,46.788,41.590
56.508,112.880,46.788,41.590
56.334,112.706,46.788,41.590
55.812,111.489,46.788,41.590
55.291,110.619,46.788,41.590
56.856,109.054,46.788,41.590
55.638,109.924,46.788,41.590
55.117,110.793,46.788,41.590
57.795,111.404,45.791,40.703
56.944,111.915,45.791,40.703
57.795,113.447,45.791,40.703
57.284,112.596,45.791,40.703
58.135,114.127,45.791,40.703
57.099,114.913,46.804,41.603
58.316,113.695,46.804,41.603
57.795,113.174,46.804,41.603
57.273,111.956,46.804,41.603
59.186,110.390,46.804,41.603
58.316,108.477,46.804,41.603
60.230,107.955,46.804,41.603
59.708,108.477,46.804,41.603
58.838,107.955,46.804,41.603
58.664,108.825,46.804,41.603
59.534,109.347,46.804,41.603
59.360,108.477,46.804,41.603
60.926,108.999,46.804,41.603
59.708,108.477,46.804,41.603
59.534,108.999,46.804,41.603
62.143,109.173,46.804,41.603
61.274,109.347,46.804,41.603
60.404,108.825,46.804,41.603
63.013,109.694,46.804,41.603
61.448,109.521,46.804,41.603
60.926,109.694,46.804,41.603
61.795,109.173,46.804,41.603
61.274,110.738,46.804,41.603
60.752,110.216,46.804,41.603
60.926,110.042,46.804,41.603
62.491,110.912,46.804,41.603
62.317,110.390,46.804,41.603
61.795,109.868,46.804,41.603
61.274,110.042,46.804,41.603
63.535,110.912,46.804,41.603
62.665,110.390,46.804,41.603
61.795,110.564,46.804,41.603
61.622,110.042,46.804,41.603
62.491,110.912,46.804,41.603
62.317,110.042,46.804,41.603
63.535,110.564,46.804,41.603
63.013,110.390,46.804,41.603
63.187,110.564,46.804,41.603
63.013,111.434,46.804,41.603
63.187,111.956,46.804,41.603
64.057,112.130,46.804,41.603
63.883,112.304,46.804,41.603
64.405,110.042,46.804,41.603
64.927,110.564,46.804,41.603
65.449,110.738,46.804,41.603
65.970,111.608,46.804,41.603
65.796,111.782,46.804,41.603
65.622,112.652,46.804,41.603
65.449,112.826,46.804,41.603
64.389,111.463,47.839,42.524
66.345,112.708,47.839,42.524
65.812,112.885,47.839,42.524
65.278,111.996,47.839,42.524
64.389,111.107,47.839,42.524
66.785,112.075,46.819,41.617
66.263,112.249,46.819,41.617
65.392,111.031,46.819,41.617
65.218,111.901,46.819,41.617
65.044,111.727,46.819,41.617
64.870,112.597,46.819,41.617
64.348,112.075,46.819,41.617
65.914,112.597,46.819,41.617
64.696,112.423,46.819,41.617
63.826,112.597,46.819,41.617
63.304,113.467,46.819,41.617
63.826,112.249,46.819,41.617
63.304,112.423,46.819,41.617
64.522,112.597,46.819,41.617
64.348,112.771,46.819,41.617
64.174,112.945,46.819,41.617
63.304,113.119,46.819,41.617
63.826,113.293,46.819,41.617
62.956,112.771,46.819,41.617
63.826,112.945,46.819,41.617
63.304,113.467,46.819,41.617
64.978,115.420,45.821,40.730
64.467,113.888,45.821,40.730
64.637,113.377,45.821,40.730
64.126,112.185,45.821,40.730
65.318,111.333,45.821,40.730
65.148,112.866,45.821,40.730
65.801,113.792,44.844,39.861
66.967,114.626,44.844,39.861
66.467,114.459,44.844,39.861
66.301,114.626,44.844,39.861
66.134,113.459,44.844,39.861
65.967,115.292,44.844,39.861
67.134,114.792,44.844,39.861
66.301,114.292,44.844,39.861
67.134,115.126,44.844,39.861
67.451,114.426,43.887,39.011
68.593,113.285,43.887,39.011
67.262,113.022,44.858,39.874
66.761,113.856,44.858,39.874
67.928,114.356,44.858,39.874
68.567,114.299,43.902,39.024
67.235,114.375,44.873,39.887
66.735,114.208,44.873,39.887
67.902,114.375,44.873,39.887
67.736,114.542,44.873,39.887
67.569,114.709,44.873,39.887
67.402,112.874,44.873,39.887
66.902,112.374,44.873,39.887
67.736,112.874,44.873,39.887
67.569,112.374,44.873,39.887
67.069,113.541,44.873,39.887
66.568,113.708,44.873,39.887
67.069,112.874,44.873,39.887
66.235,113.041,44.873,39.887
67.402,113.875,44.873,39.887
67.235,114.709,44.873,39.887
66.735,114.542,44.873,39.887
66.902,116.043,44.873,39.887
67.069,113.875,44.873,39.887
66.568,113.708,44.873,39.887
66.401,114.208,44.873,39.887
67.362,115.116,43.916,39.036
66.873,114.300,43.916,39.036
65.879,114.376,44.888,39.900
65.712,115.210,44.888,39.900
64.004,112.865,45.881,40.783
65.315,114.450,44.902,39.913
64.814,114.283,44.902,39.913
64.647,114.450,44.902,39.913
64.480,114.283,44.902,39.913
64.313,114.116,44.902,39.913
64.480,112.948,44.902,39.913
63.980,113.449,44.902,39.913
65.148,113.950,44.902,39.913
64.647,113.783,44.902,39.913
63.631,113.168,45.896,40.796
64.942,114.096,44.917,39.926
65.777,114.597,44.917,39.926
65.944,115.098,44.917,39.926
67.113,114.931,44.917,39.926
66.612,114.096,44.917,39.926
67.113,113.595,44.917,39.926
66.443,111.941,45.911,40.810
67.978,112.794,45.911,40.810
67.466,112.624,45.911,40.810
69.765,114.868,44.932,39.939
69.264,115.035,44.932,39.939
69.260,116.588,43.974,39.088
70.404,115.771,43.974,39.088
70.568,115.280,43.974,39.088
71.058,117.405,43.974,39.088
70.895,116.588,43.974,39.088
72.366,115.771,43.974,39.088
71.548,115.280,43.974,39.088
71.712,115.117,43.974,39.088
72.202,115.934,43.974,39.088
71.712,115.444,43.974,39.088
71.734,116.198,44.947,39.953
71.901,114.361,44.947,39.953
73.507,115.592,43.988,39.101
72.690,114.774,43.988,39.101
73.180,115.592,43.988,39.101
72.036,115.101,43.988,39.101
71.873,116.246,43.988,39.101
73.017,116.736,43.988,39.101
72.526,116.246,43.988,39.101
73.017,114.774,43.988,39.101
72.526,115.919,43.988,39.101
73.017,117.717,43.988,39.101
73.180,118.534,43.988,39.101
72.690,118.698,43.988,39.101
73.507,117.881,43.988,39.101
73.017,117.390,43.988,39.101
72.526,117.554,43.988,39.101
73.671,115.428,43.988,39.101
73.507,114.611,43.988,39.101
73.504,113.294,43.050,38.267
72.704,112.174,43.050,38.267
72.864,112.654,43.050,38.267
71.889,111.733,44.003,39.113
71.726,111.569,44.003,39.113
71.889,110.425,44.003,39.113
72.380,111.896,44.003,39.113
70.706,109.937,44.976,39.979
71.669,110.202,44.017,39.126
70.333,110.618,44.991,39.992
71.296,110.561,44.031,39.139
69.960,110.637,45.006,40.005
71.569,110.257,44.046,39.152
70.423,111.731,44.046,39.152
70.259,111.567,44.046,39.152
70.095,110.749,44.046,39.152
70.259,111.240,44.046,39.152
70.255,111.815,43.107,38.317
71.377,112.295,43.107,38.317
70.576,110.854,43.107,38.317
69.775,111.014,43.107,38.317
69.796,111.089,44.060,39.165
70.288,109.942,44.060,39.165
68.951,110.359,45.035,40.031
69.118,109.187,45.035,40.031
69.286,110.024,45.035,40.031
69.788,110.191,45.035,40.031
68.951,111.028,45.035,40.031
70.238,110.971,44.075,39.178
69.419,111.135,44.075,39.178
69.910,109.988,44.075,39.178
70.401,110.807,44.075,39.178
68.927,110.316,44.075,39.178
68.949,110.732,45.050,40.044
68.112,110.565,45.050,40.044
69.399,110.830,44.089,39.190
68.580,110.666,44.089,39.190
69.072,110.175,44.089,39.190
68.074,109.571,45.065,40.057
67.572,109.739,45.065,40.057
67.404,109.571,45.065,40.057
68.241,110.409,45.065,40.057
67.404,109.236,45.065,40.057
68.369,108.533,44.104,39.203
66.894,108.369,44.104,39.203
67.713,109.517,44.104,39.203
67.221,109.353,44.104,39.203
66.223,108.409,45.079,40.071
66.056,108.241,45.079,40.071
66.223,108.744,45.079,40.071
66.056,109.582,45.079,40.071
65.553,109.749,45.079,40.071
65.051,109.917,45.079,40.071
65.218,110.084,45.079,40.071
65.051,108.912,45.079,40.071
64.883,109.749,45.079,40.071
64.715,109.582,45.079,40.071
63.878,109.749,45.079,40.071
63.710,110.252,45.079,40.071
63.208,110.419,45.079,40.071
63.375,109.917,45.079,40.071
63.543,110.419,45.079,40.071
62.705,110.252,45.079,40.071
62.872,110.084,45.079,40.071
63.040,110.252,45.079,40.071
63.208,110.755,45.079,40.071
63.040,111.257,45.079,40.071
62.872,111.090,45.079,40.071
62.370,110.922,45.079,40.071
62.872,111.425,45.079,40.071
62.705,112.263,45.079,40.071
61.532,111.760,45.079,40.071
62.035,112.598,45.079,40.071
61.867,112.765,45.079,40.071
62.035,112.598,45.079,40.071
61.015,110.938,46.077,40.957
62.331,111.209,45.094,40.084
61.828,111.042,45.094,40.084
61.326,111.544,45.094,40.084
61.493,111.712,45.094,40.084
60.655,112.550,45.094,40.084
60.152,112.718,45.094,40.084
61.326,112.550,45.094,40.084
61.158,111.377,45.094,40.084
61.154,112.612,44.133,39.229
60.334,112.448,44.133,39.229
60.498,112.612,44.133,39.229
60.334,113.104,44.133,39.229
60.498,113.596,44.133,39.229
60.811,112.908,43.191,38.392
60.650,113.068,43.191,38.392
60.168,112.908,43.191,38.392
60.650,113.710,43.191,38.392
60.811,113.229,43.191,38.392
59.500,114.636,44.147,39.242
57.480,114.372,45.124,40.110
57.983,113.534,45.124,40.110
58.486,113.030,45.124,40.110
57.983,112.192,45.124,40.110
58.302,114.074,44.161,39.255
58.466,114.567,44.161,39.255
58.463,113.878,43.220,38.418
58.623,113.717,43.220,38.418
58.141,113.878,43.220,38.418
57.659,114.360,43.220,38.418
57.820,114.199,43.220,38.418
59.365,116.312,42.298,37.598
58.264,115.840,42.298,37.598
59.473,116.696,41.396,36.796
59.319,115.927,41.396,36.796
59.165,116.696,41.396,36.796
60.242,115.927,41.396,36.796
60.704,116.696,41.396,36.796
60.550,115.927,41.396,36.796
60.396,116.080,41.396,36.796
60.242,115.927,41.396,36.796
61.011,116.080,41.396,36.796
61.165,116.542,41.396,36.796
60.548,117.252,42.312,37.611
59.590,116.347,43.248,38.443
60.072,115.222,43.248,38.443
59.269,115.704,43.248,38.443
58.290,114.778,44.205,39.293
58.126,115.600,44.205,39.293
57.633,115.764,44.205,39.293
57.140,115.928,44.205,39.293
57.961,114.778,44.205,39.293
57.140,115.928,44.205,39.293
59.036,116.822,43.262,38.455
58.232,116.983,43.262,38.455
56.920,116.057,44.219,39.306
57.413,115.564,44.219,39.306
55.730,114.618,45.198,40.176
57.993,115.856,44.234,39.319
56.842,115.691,44.234,39.319
56.678,115.856,44.234,39.319
56.513,115.034,44.234,39.319
57.460,116.245,43.291,38.481
55.813,115.319,44.248,39.332
56.306,114.168,44.248,39.332
56.471,113.345,44.248,39.332
54.787,113.763,45.227,40.202
56.300,114.268,45.227,40.202
56.468,113.427,45.227,40.202
55.444,111.762,46.228,41.092
54.755,111.485,47.251,42.001
54.414,111.203,48.296,42.930
54.953,111.741,48.296,42.930
55.491,110.844,48.296,42.930
55.312,111.741,48.296,42.930
55.491,111.562,48.296,42.930
56.525,112.539,47.266,42.015
56.549,110.434,48.312,42.944
57.930,112.795,47.282,42.028
57.402,113.674,47.282,42.028
58.415,114.291,46.274,41.132
59.405,114.233,45.287,40.255
59.910,114.064,45.287,40.255
59.742,113.559,45.287,40.255
60.712,114.800,44.321,39.396
61.343,116.331,43.376,38.556
62.471,115.525,43.376,38.556
62.633,115.686,43.376,38.556
63.439,116.492,43.376,38.556
63.600,116.009,43.376,38.556
64.084,117.137,43.376,38.556
63.769,118.325,42.451,37.734
65.590,118.271,41.546,36.929
66.182,117.921,40.660,36.142
67.344,118.452,39.793,35.371
67.196,116.825,39.793,35.371
67.640,118.156,39.793,35.371
68.379,119.783,39.793,35.371
69.516,120.303,38.944,34.617
69.951,118.421,38.944,34.617
71.901,118.093,38.113,33.879
71.192,119.368,38.113,33.879
72.750,121.209,38.113,33.879
72.325,121.068,38.113,33.879
73.600,121.776,38.113,33.879
72.892,121.068,38.113,33.879
74.167,121.209,38.113,33.879
75.442,122.201,38.113,33.879
76.804,121.333,37.301,33.156
76.943,121.749,37.301,33.156
78.745,119.670,37.301,33.156
78.052,119.808,37.301,33.156
77.913,119.670,37.301,33.156
79.161,119.254,37.301,33.156
79.299,120.224,37.301,33.156
80.824,120.363,37.301,33.156
80.131,121.056,37.301,33.156
81.379,121.195,37.301,33.156
80.963,121.333,37.301,33.156
81.934,122.304,37.301,33.156
82.904,122.720,37.301,33.156
83.597,122.304,37.301,33.156
83.736,122.165,37.301,33.156
84.706,121.195,37.301,33.156
85.122,120.779,37.301,33.156
86.370,120.640,37.301,33.156
85.954,119.947,37.301,33.156
87.479,120.917,37.301,33.156
88.172,120.501,37.301,33.156
89.420,120.917,37.301,33.156
89.004,121.056,37.301,33.156
90.806,120.917,37.301,33.156
91.499,121.056,37.301,33.156
91.638,121.195,37.301,33.156
92.608,120.501,37.301,33.156
92.470,118.422,37.301,33.156
93.163,118.561,37.301,33.156
94.688,117.036,37.301,33.156
94.549,118.561,37.301,33.156
95.242,118.976,37.301,33.156
96.767,119.670,37.301,33.156
96.629,120.086,37.301,33.156
97.322,120.779,37.301,33.156
98.570,121.195,37.301,33.156
98.154,121.888,37.301,33.156
99.124,122.304,37.301,33.156
100.190,122.524,36.505,32.449
100.868,122.117,36.505,32.449
100.461,122.252,36.505,32.449
100.597,122.388,36.505,32.449
101.547,121.710,36.505,32.449
101.140,123.745,36.505,32.449
102.089,123.609,36.505,32.449
102.225,122.117,36.505,32.449
102.632,122.524,36.505,32.449
101.954,122.659,36.505,32.449
102.089,123.880,36.505,32.449
102.225,123.473,36.505,32.449
102.632,121.438,36.505,32.449
102.768,120.217,36.505,32.449
102.361,120.624,36.505,32.449
101.954,119.946,36.505,32.449
102.632,119.539,36.505,32.449
101.682,118.860,36.505,32.449
101.818,118.453,36.505,32.449
101.682,119.674,36.505,32.449
101.547,119.539,36.505,32.449
100.597,120.217,36.505,32.449
100.733,121.710,36.505,32.449
100.868,121.574,36.505,32.449
100.190,120.353,36.505,32.449
102.225,119.946,36.505,32.449
101.275,127.951,36.505,32.449
100.054,126.187,36.505,32.449
100.733,126.594,36.505,32.449
99.783,124.287,36.505,32.449
99.376,119.267,36.505,32.449
98.155,118.589,36.505,32.449
99.376,119.539,36.505,32.449
97.612,120.217,36.505,32.449
98.291,119.810,36.505,32.449
97.612,119.403,36.505,32.449
98.291,118.996,36.505,32.449
97.341,118.589,36.505,32.449
97.205,117.639,36.505,32.449
97.883,118.046,36.505,32.449
97.476,118.725,36.505,32.449
97.069,117.775,36.505,32.449
98.019,117.368,36.505,32.449
97.612,117.232,36.505,32.449
96.934,118.182,36.505,32.449
96.798,117.775,36.505,32.449
97.205,117.097,36.505,32.449
97.069,117.775,36.505,32.449
96.934,118.996,36.505,32.449
97.069,119.132,36.505,32.449
96.120,119.539,36.505,32.449
96.527,118.318,36.505,32.449
95.577,117.639,36.505,32.449
95.713,118.589,36.505,32.449
95.577,118.996,36.505,32.449
95.441,119.946,36.505,32.449
95.306,119.539,36.505,32.449
95.441,119.403,36.505,32.449
94.492,120.353,36.505,32.449
95.713,119.946,36.505,32.449
95.577,119.810,36.505,32.449
94.899,119.946,36.505,32.449
95.577,118.996,36.505,32.449
94.899,119.946,36.505,32.449
95.306,120.624,36.505,32.449
94.356,120.488,36.505,32.449
94.093,119.426,37.313,33.167
95.618,119.842,37.313,33.167
94.925,120.258,37.313,33.167
95.064,120.674,37.313,33.167
95.202,120.812,37.313,33.167
95.618,120.119,37.313,33.167
95.202,120.535,37.313,33.167
95.618,119.287,37.313,33.167
95.202,119.980,37.313,33.167
96.173,119.010,37.313,33.167
95.757,119.426,37.313,33.167
95.618,118.732,37.313,33.167
95.480,119.148,37.313,33.167
95.896,119.287,37.313,33.167
96.034,120.258,37.313,33.167
96.450,120.119,37.313,33.167
95.757,120.258,37.313,33.167
96.450,120.396,37.313,33.167
96.034,120.813,37.313,33.167
97.560,120.119,37.313,33.167
96.589,120.258,37.313,33.167
97.282,119.842,37.313,33.167
98.253,118.039,37.313,33.167
97.837,118.732,37.313,33.167
97.698,118.316,37.313,33.167
98.392,119.287,37.313,33.167
98.531,119.980,37.313,33.167
99.224,119.842,37.313,33.167
99.917,119.980,37.313,33.167
99.779,119.842,37.313,33.167
100.195,119.148,37.313,33.167
101.165,119.842,37.313,33.167
100.749,119.426,37.313,33.167
100.888,118.732,37.313,33.167
100.331,118.222,38.138,33.901
100.473,117.796,38.138,33.901
101.182,118.222,38.138,33.901
100.473,117.513,38.138,33.901
101.182,118.222,38.138,33.901
100.757,118.363,38.138,33.901
101.749,119.072,38.138,33.901
101.324,118.080,38.138,33.901
101.182,118.505,38.138,33.901
100.757,119.214,38.138,33.901
101.749,119.923,38.138,33.901
101.324,120.631,38.138,33.901
100.615,120.206,38.138,33.901
102.458,118.363,38.138,33.901
101.749,119.072,38.138,33.901
101.891,118.930,38.138,33.901
101.749,120.206,38.138,33.901
102.458,119.497,38.138,33.901
101.749,119.639,38.138,33.901
101.474,118.529,38.982,34.651
101.619,118.094,38.982,34.651
102.343,118.818,38.982,34.651
102.062,117.684,39.845,35.418
102.803,118.128,39.845,35.418
102.359,118.276,39.845,35.418
101.618,119.016,39.845,35.418
102.359,118.868,39.845,35.418
102.210,119.609,39.845,35.418
102.062,119.461,39.845,35.418
103.395,119.016,39.845,35.418
102.655,118.868,39.845,35.418
102.803,119.609,39.845,35.418
102.823,119.371,40.726,36.201
102.369,119.825,40.726,36.201
101.915,118.765,40.726,36.201
103.580,118.614,40.726,36.201
103.126,118.462,40.726,36.201
103.883,118.614,40.726,36.201
103.126,119.976,40.726,36.201
104.488,119.522,40.726,36.201
103.731,119.068,40.726,36.201
103.580,118.916,40.726,36.201
102.823,118.765,40.726,36.201
104.488,118.311,40.726,36.201
103.428,120.279,40.726,36.201
103.277,119.825,40.726,36.201
102.823,118.765,40.726,36.201
104.185,118.311,40.726,36.201
102.823,119.370,40.726,36.201
103.883,119.522,40.726,36.201
103.126,118.462,40.726,36.201
103.883,118.311,40.726,36.201
102.823,119.370,40.726,36.201
103.277,119.825,40.726,36.201
102.218,118.765,40.726,36.201
102.974,118.008,40.726,36.201
102.520,119.068,40.726,36.201
102.369,118.614,40.726,36.201
101.612,118.462,40.726,36.201
102.066,117.100,40.726,36.201
102.520,118.765,40.726,36.201
101.763,118.614,40.726,36.201
101.915,119.068,40.726,36.201
101.461,118.916,40.726,36.201
102.218,118.462,40.726,36.201
101.763,118.008,40.726,36.201
101.612,119.370,40.726,36.201
102.066,119.219,40.726,36.201
101.612,118.765,40.726,36.201
101.158,118.311,40.726,36.201
100.704,118.462,40.726,36.201
101.461,117.705,40.726,36.201
101.007,117.857,40.726,36.201
101.027,118.556,41.627,37.002
100.872,118.091,41.627,37.002
101.027,117.318,41.627,37.002
100.563,116.854,41.627,37.002
101.337,117.627,41.627,37.002
100.254,118.710,41.627,37.002
101.027,117.937,41.627,37.002
99.635,117.782,41.627,37.002
101.027,117.627,41.627,37.002
99.635,118.092,41.627,37.002
101.027,117.627,41.627,37.002
99.944,118.401,41.627,37.002
99.480,117.318,41.627,37.002
100.872,117.473,41.627,37.002
99.789,117.627,41.627,37.002
100.254,118.401,41.627,37.002
101.337,117.627,41.627,37.002
99.752,118.663,42.548,37.821
98.962,119.770,42.548,37.821
100.069,119.928,42.548,37.821
99.278,120.402,42.548,37.821
100.069,120.877,42.548,37.821
99.911,121.035,42.548,37.821
99.120,120.560,42.548,37.821
98.813,118.993,43.490,38.658
98.975,118.832,43.490,38.658
99.460,118.670,43.490,38.658
98.328,120.771,43.490,38.658
98.490,120.610,43.490,38.658
97.682,120.771,43.490,38.658
98.490,119.963,43.490,38.658
97.682,120.125,43.490,38.658
98.813,119.963,43.490,38.658
98.328,120.125,43.490,38.658
97.197,119.640,43.490,38.658
98.975,119.478,43.490,38.658
98.167,119.640,43.490,38.658
97.682,120.125,43.490,38.658
97.844,119.640,43.490,38.658
97.359,120.771,43.490,38.658
96.874,120.287,43.490,38.658
97.682,120.448,43.490,38.658
96.227,119.640,43.490,38.658
97.359,121.095,43.490,38.658
96.227,120.933,43.490,38.658
97.682,120.771,43.490,38.658
96.227,120.610,43.490,38.658
98.005,120.771,43.490,38.658
96.550,120.287,43.490,38.658
97.035,121.095,43.490,38.658
96.874,120.933,43.490,38.658
97.359,120.771,43.490,38.658
95.257,120.610,43.490,38.658
96.389,120.771,43.490,38.658
95.581,119.963,43.490,38.658
96.712,120.125,43.490,38.658
95.581,120.933,43.490,38.658
96.389,120.771,43.490,38.658
94.287,120.610,43.490,38.658
95.742,121.095,43.490,38.658
95.257,120.287,43.490,38.658
94.126,121.095,43.490,38.658
95.904,120.610,43.490,38.658
94.449,120.771,43.490,38.658
94.471,119.170,44.452,39.513
94.967,119.996,44.452,39.513
92.819,119.831,44.452,39.513
94.306,119.666,44.452,39.513
93.810,119.170,44.452,39.513
92.804,119.247,45.435,40.387
93.311,119.754,45.435,40.387
92.804,118.909,45.435,40.387
92.635,119.078,45.435,40.387
93.818,119.585,45.435,40.387
91.960,119.078,45.435,40.387
92.129,118.909,45.435,40.387
91.622,118.740,45.435,40.387
90.594,118.819,46.441,41.281
90.421,120.028,46.441,41.281
90.594,118.474,46.441,41.281
90.767,118.992,46.441,41.281
90.249,117.784,46.441,41.281
89.556,117.864,47.468,42.194
90.438,118.746,47.468,42.194
88.998,118.097,48.518,43.128
90.260,118.277,48.518,43.128
88.998,118.457,48.518,43.128
90.260,118.638,48.518,43.128
89.358,119.178,48.518,43.128
90.260,118.998,48.518,43.128
90.285,118.334,49.592,44.082
90.100,118.518,49.592,44.082
90.653,116.859,49.592,44.082
90.678,115.798,50.689,45.057
90.867,115.986,50.689,45.057
91.432,116.552,50.689,45.057
91.243,117.494,50.689,45.057
91.055,117.682,50.689,45.057
92.374,118.624,50.689,45.057
92.009,117.148,51.811,46.054
92.201,117.726,51.811,46.054
93.164,117.148,51.811,46.054
93.356,117.341,51.811,46.054
93.934,117.533,51.811,46.054
94.512,116.185,51.811,46.054
94.319,117.148,51.811,46.054
95.282,117.341,51.811,46.054
95.475,118.304,51.811,46.054
96.438,118.881,51.811,46.054
97.400,117.148,51.811,46.054
97.978,117.341,51.811,46.054
97.400,117.919,51.811,46.054
98.363,118.111,51.811,46.054
99.326,117.533,51.811,46.054
99.519,116.571,51.811,46.054
99.711,116.763,51.811,46.054
99.133,116.571,51.811,46.054
100.096,117.148,51.811,46.054
99.904,117.341,51.811,46.054
100.096,117.919,51.811,46.054
100.522,116.810,52.957,47.073
100.719,117.007,52.957,47.073
100.746,115.056,54.129,48.114
101.349,115.258,54.129,48.114
101.148,116.263,54.129,48.114
101.349,116.062,54.129,48.114
101.953,115.459,54.129,48.114
101.563,115.135,55.326,49.179
101.591,114.378,56.550,50.267
100.747,114.040,57.802,51.379
101.391,114.684,57.802,51.379
101.606,113.610,57.802,51.379
101.821,113.825,57.802,51.379
102.466,114.040,57.802,51.379
102.680,114.684,57.802,51.379
102.895,114.469,57.802,51.379
103.540,113.825,57.802,51.379
103.325,114.899,57.802,51.379
103.540,115.114,57.802,51.379
103.754,114.899,57.802,51.379
103.969,115.973,57.802,51.379
104.614,117.477,57.802,51.379
104.829,117.262,57.802,51.379
105.043,117.907,57.802,51.379
105.688,116.403,57.802,51.379
105.473,116.618,57.802,51.379
105.258,116.403,57.802,51.379
105.043,116.188,57.802,51.379
106.547,115.973,57.802,51.379
106.332,115.758,57.802,51.379
106.118,115.544,57.802,51.379
105.903,114.040,57.802,51.379
106.547,113.825,57.802,51.379
105.903,113.180,57.802,51.379
106.977,112.536,57.802,51.379
106.332,112.321,57.802,51.379
105.688,112.106,57.802,51.379
105.473,113.180,57.802,51.379
105.258,112.536,57.802,51.379
104.614,112.751,57.802,51.379
104.829,112.536,57.802,51.379
104.614,113.180,57.802,51.379
104.399,114.684,57.802,51.379
103.754,114.899,57.802,51.379
103.969,115.114,57.802,51.379
103.964,116.283,56.569,50.283
103.754,115.652,56.569,50.283
103.544,115.442,56.569,50.283
102.913,114.811,56.569,50.283
103.123,114.601,56.569,50.283
102.493,113.550,56.569,50.283
101.862,114.601,56.569,50.283
102.493,113.970,56.569,50.283
101.862,115.442,56.569,50.283
102.072,114.811,56.569,50.283
102.282,116.703,56.569,50.283
101.652,116.073,56.569,50.283
101.862,116.703,56.569,50.283
102.072,115.232,56.569,50.283
102.282,114.601,56.569,50.283
101.652,114.391,56.569,50.283
102.282,113.339,56.569,50.283
102.072,115.232,56.569,50.283
103.123,114.180,56.569,50.283
102.913,113.970,56.569,50.283
102.703,114.601,56.569,50.283
103.334,113.550,56.569,50.283
103.123,112.919,56.569,50.283
104.175,113.970,56.569,50.283
104.805,113.339,56.569,50.283
105.016,114.811,56.569,50.283
104.805,113.760,56.569,50.283
105.857,113.129,56.569,50.283
105.646,114.180,56.569,50.283
106.277,115.652,56.569,50.283
104.997,115.314,57.820,51.396
106.501,116.818,57.820,51.396
105.857,117.033,57.820,51.396
107.361,115.959,57.820,51.396
106.716,115.314,57.820,51.396
107.361,113.810,57.820,51.396
107.146,112.735,57.820,51.396
106.931,111.231,57.820,51.396
108.006,110.586,57.820,51.396
107.361,110.371,57.820,51.396
107.146,110.586,57.820,51.396
106.931,110.371,57.820,51.396
108.006,110.586,57.820,51.396
107.791,111.231,57.820,51.396
108.435,111.876,57.820,51.396
107.791,111.661,57.820,51.396
108.006,112.306,57.820,51.396
108.650,112.091,57.820,51.396
108.006,112.735,57.820,51.396
108.650,112.520,57.820,51.396
108.006,113.595,57.820,51.396
107.791,114.240,57.820,51.396
107.576,114.884,57.820,51.396
107.791,113.810,57.820,51.396
107.576,112.735,57.820,51.396
108.220,112.520,57.820,51.396
107.576,112.306,57.820,51.396
107.361,111.661,57.820,51.396
107.146,110.586,57.820,51.396
106.931,110.371,57.820,51.396
107.146,110.586,57.820,51.396
106.071,110.371,57.820,51.396
106.286,109.727,57.820,51.396
105.212,109.942,57.820,51.396
104.567,110.157,57.820,51.396
104.352,110.801,57.820,51.396
103.708,111.876,57.820,51.396
103.493,111.661,57.820,51.396
102.848,112.735,57.820,51.396
103.063,114.669,57.820,51.396
102.848,114.454,57.820,51.396
102.203,114.669,57.820,51.396
101.559,114.454,57.820,51.396
101.344,112.950,57.820,51.396
101.129,114.025,57.820,51.396
100.484,114.240,57.820,51.396
100.699,114.454,57.820,51.396
100.914,111.661,57.820,51.396
100.699,112.735,57.820,51.396
100.484,113.380,57.820,51.396
99.410,113.165,57.820,51.396
99.195,114.240,57.820,51.396
99.410,114.454,57.820,51.396
99.624,114.669,57.820,51.396
98.980,116.174,57.820,51.396
100.054,115.959,57.820,51.396
100.878,117.957,56.587,50.300
99.826,116.064,56.587,50.300
101.038,115.992,55.381,49.227
100.009,116.198,55.381,49.227
101.038,115.580,55.381,49.227
100.420,114.140,55.381,49.227
101.038,114.757,55.381,49.227
100.009,116.198,55.381,49.227
100.215,117.227,55.381,49.227
101.244,117.021,55.381,49.227
100.626,117.227,55.381,49.227
101.655,117.021,55.381,49.227
101.449,118.050,55.381,49.227
101.655,116.610,55.381,49.227
101.449,117.639,55.381,49.227
103.032,117.172,54.200,48.178
102.025,116.567,54.200,48.178
103.185,117.275,53.044,47.150
102.801,119.108,51.913,46.145
104.537,117.372,51.913,46.145
103.187,119.880,51.913,46.145
102.994,119.687,51.913,46.145
103.958,118.722,51.913,46.145
103.379,118.143,51.913,46.145
103.187,118.336,51.913,46.145
102.608,119.301,51.913,46.145
102.801,120.266,51.913,46.145
103.379,120.073,51.913,46.145
102.415,119.108,51.913,46.145
102.994,119.301,51.913,46.145
103.572,119.108,51.913,46.145
102.608,119.687,51.913,46.145
102.801,119.880,51.913,46.145
102.608,120.073,51.913,46.145
102.801,118.722,51.913,46.145
102.222,118.915,51.913,46.145
102.029,117.950,51.913,46.145
103.379,117.757,51.913,46.145
101.643,119.108,51.913,46.145
102.222,118.143,51.913,46.145
101.257,118.336,51.913,46.145
101.450,118.143,51.913,46.145
101.257,117.565,51.913,46.145
100.678,118.915,51.913,46.145
101.257,119.108,51.913,46.145
100.678,118.143,51.913,46.145
101.257,117.950,51.913,46.145
100.292,118.143,51.913,46.145
100.871,117.950,51.913,46.145
100.678,118.143,51.913,46.145
100.099,118.336,51.913,46.145
99.521,118.143,51.913,46.145
99.714,118.722,51.913,46.145
100.292,118.143,51.913,46.145
98.942,117.950,51.913,46.145
99.906,117.372,51.913,46.145
99.328,118.722,51.913,46.145
98.363,118.143,51.913,46.145
98.556,117.179,51.913,46.145
97.977,116.600,51.913,46.145
98.556,117.565,51.913,46.145
97.205,117.372,51.913,46.145
97.012,116.793,51.913,46.145
98.363,117.372,51.913,46.145
97.012,116.793,51.913,46.145
97.591,116.986,51.913,46.145
97.012,115.635,51.913,46.145
97.591,116.600,51.913,46.145
97.012,116.793,51.913,46.145
97.977,117.372,51.913,46.145
98.170,116.407,51.913,46.145
96.819,116.600,51.913,46.145
98.170,116.407,51.913,46.145
96.995,117.698,53.061,47.166
96.798,116.712,53.061,47.166
96.995,115.726,53.061,47.166
97.192,115.134,53.061,47.166
97.784,115.332,53.061,47.166
97.587,115.923,53.061,47.166
97.390,116.120,53.061,47.166
98.770,116.712,53.061,47.166
97.784,116.515,53.061,47.166
97.981,116.712,53.061,47.166
98.178,116.515,53.061,47.166
98.770,116.712,53.061,47.166
98.573,116.515,53.061,47.166
100.469,117.588,51.930,46.160
100.276,116.237,51.930,46.160
100.083,115.658,51.930,46.160
100.276,116.237,51.930,46.160
100.469,116.816,51.930,46.160
102.325,116.378,50.822,45.175
102.514,116.945,50.822,45.175
103.081,115.245,50.822,45.175
103.647,116.567,50.822,45.175
103.458,115.622,50.822,45.175
104.403,116.945,50.822,45.175
105.127,117.608,49.738,44.212
106.051,117.423,49.738,44.212
106.606,117.978,49.738,44.212
107.671,118.271,48.678,43.269
106.404,118.814,48.678,43.269
108.033,118.633,48.678,43.269
108.213,118.090,48.678,43.269
108.394,118.271,48.678,43.269
109.299,117.729,48.678,43.269
109.480,116.824,48.678,43.269
109.129,117.659,49.755,44.226
108.204,118.214,49.755,44.226
109.983,118.864,48.694,43.283
110.383,116.695,49.771,44.241
109.088,118.730,49.771,44.241
110.383,119.285,49.771,44.241
109.828,119.100,49.771,44.241
110.383,118.915,49.771,44.241
109.828,118.360,49.771,44.241
109.469,118.830,50.872,45.220
110.415,117.885,50.872,45.220
110.226,118.830,50.872,45.220
110.415,118.263,50.872,45.220
110.226,118.074,50.872,45.220
110.036,118.641,50.872,45.220
110.226,117.696,50.872,45.220
110.036,117.507,50.872,45.220
109.847,118.830,50.872,45.220
109.658,119.397,50.872,45.220
109.469,118.074,50.872,45.220
110.036,118.641,50.872,45.220
109.847,117.696,50.872,45.220
109.658,118.263,50.872,45.220
109.469,117.696,50.872,45.220
110.036,118.263,50.872,45.220
109.469,118.074,50.872,45.220
110.036,119.019,50.872,45.220
109.469,118.074,50.872,45.220
109.658,117.507,50.872,45.220
108.335,117.318,50.872,45.220
109.280,117.885,50.872,45.220
109.091,118.452,50.872,45.220
108.902,117.507,50.872,45.220
108.335,117.696,50.872,45.220
108.146,118.263,50.872,45.220
108.713,118.830,50.872,45.220
108.146,117.507,50.872,45.220
107.957,116.183,50.872,45.220
107.768,115.994,50.872,45.220
107.200,115.805,50.872,45.220
107.768,116.372,50.872,45.220
106.822,116.561,50.872,45.220
107.011,115.616,50.872,45.220
107.200,115.049,50.872,45.220
107.011,116.750,50.872,45.220
106.066,115.049,50.872,45.220
106.255,114.481,50.872,45.220
106.066,114.670,50.872,45.220
105.877,115.616,50.872,45.220
105.688,114.670,50.872,45.220
105.121,115.238,50.872,45.220
105.688,115.805,50.872,45.220
105.121,114.860,50.872,45.220
104.931,116.183,50.872,45.220
104.742,114.860,50.872,45.220
104.175,114.292,50.872,45.220
105.121,115.238,50.872,45.220
104.553,114.292,50.872,45.220
104.742,114.103,50.872,45.220
103.797,113.536,50.872,45.220
103.986,112.591,50.872,45.220
104.175,112.780,50.872,45.220
103.986,112.591,50.872,45.220
103.797,112.023,50.872,45.220
103.608,112.969,50.872,45.220
103.041,112.023,50.872,45.220
103.230,113.347,50.872,45.220
103.041,112.402,50.872,45.220
102.852,112.969,50.872,45.220
102.663,114.292,50.872,45.220
102.473,113.725,50.872,45.220
103.797,112.780,50.872,45.220
103.793,114.173,49.787,44.256
103.238,113.248,49.787,44.256
103.053,113.063,49.787,44.256
103.978,111.768,49.787,44.256
103.423,112.693,49.787,44.256
102.867,111.397,49.787,44.256
103.053,110.472,49.787,44.256
103.238,111.768,49.787,44.256
101.942,111.212,49.787,44.256
102.867,111.027,49.787,44.256
102.682,110.842,49.787,44.256
101.757,111.397,49.787,44.256
101.572,112.323,49.787,44.256
101.017,111.397,49.787,44.256
101.572,111.953,49.787,44.256
100.277,110.657,49.787,44.256
99.722,112.323,49.787,44.256
100.277,112.878,49.787,44.256
98.982,113.063,49.787,44.256
99.537,113.988,49.787,44.256
98.611,113.803,49.787,44.256
98.797,115.098,49.787,44.256
98.611,115.283,49.787,44.256
97.686,116.579,49.787,44.256
97.501,116.394,49.787,44.256
96.576,118.059,49.787,44.256
96.761,117.134,49.787,44.256
96.206,118.059,49.787,44.256
95.281,117.504,49.787,44.256
94.726,119.539,49.787,44.256
95.651,119.354,49.787,44.256
94.726,119.909,49.787,44.256
94.541,118.614,49.787,44.256
93.615,119.539,49.787,44.256
93.430,119.724,49.787,44.256
92.875,119.539,49.787,44.256
93.060,118.614,49.787,44.256
92.505,119.169,49.787,44.256
91.950,118.614,49.787,44.256
91.395,118.429,49.787,44.256
90.840,118.244,49.787,44.256
91.765,118.429,49.787,44.256
90.840,117.504,49.787,44.256
90.655,118.059,49.787,44.256
89.729,116.024,49.787,44.256
90.285,115.468,49.787,44.256
88.989,115.653,49.787,44.256
90.285,115.468,49.787,44.256
88.619,114.543,49.787,44.256
89.174,114.358,49.787,44.256
88.249,113.803,49.787,44.256
88.064,115.468,49.787,44.256
89.359,114.173,49.787,44.256
87.694,113.248,49.787,44.256
88.249,113.803,49.787,44.256
87.324,113.248,49.787,44.256
87.139,113.433,49.787,44.256
86.584,113.988,49.787,44.256
87.509,113.433,49.787,44.256
86.584,114.728,49.787,44.256
86.769,114.173,49.787,44.256
86.954,112.878,49.787,44.256
86.399,113.063,49.787,44.256
85.843,113.988,49.787,44.256
86.399,113.803,49.787,44.256
85.103,114.728,49.787,44.256
86.399,113.803,49.787,44.256
84.733,114.728,49.787,44.256
84.918,114.913,49.787,44.256
85.843,113.618,49.787,44.256
84.548,113.433,49.787,44.256
84.363,113.248,49.787,44.256
84.178,111.953,49.787,44.256
83.623,112.138,49.787,44.256
84.178,112.323,49.787,44.256
83.253,111.768,49.787,44.256
83.068,113.063,49.787,44.256
82.709,111.229,50.889,45.235
82.142,111.797,50.889,45.235
83.466,111.608,50.889,45.235
82.898,112.553,50.889,45.235
82.331,111.986,50.889,45.235
82.520,113.310,50.889,45.235
83.087,111.986,50.889,45.235
82.142,112.932,50.889,45.235
83.087,112.364,50.889,45.235
82.520,114.066,50.889,45.235
83.844,111.986,50.889,45.235
82.520,112.932,50.889,45.235
83.466,111.986,50.889,45.235
82.898,113.310,50.889,45.235
82.331,113.877,50.889,45.235
83.655,112.553,50.889,45.235
82.331,113.499,50.889,45.235
83.276,113.310,50.889,45.235
83.087,114.634,50.889,45.235
83.276,113.688,50.889,45.235
83.844,115.390,50.889,45.235
82.898,115.201,50.889,45.235
83.087,116.147,50.889,45.235
82.721,113.096,52.015,46.235
83.687,113.676,52.015,46.235
83.881,114.642,52.015,46.235
84.074,115.222,52.015,46.235
82.721,114.642,52.015,46.235
83.301,115.222,52.015,46.235
82.721,115.029,52.015,46.235
83.687,114.836,52.015,46.235
82.721,115.802,52.015,46.235
83.301,115.222,52.015,46.235
82.334,114.256,52.015,46.235
82.914,114.836,52.015,46.235
82.721,114.642,52.015,46.235
82.141,114.836,52.015,46.235
81.947,115.802,52.015,46.235
82.914,115.609,52.015,46.235
82.334,115.415,52.015,46.235
81.754,114.836,52.015,46.235
82.334,115.802,52.015,46.235
81.367,115.222,52.015,46.235
81.561,115.029,52.015,46.235
81.367,114.835,52.015,46.235
81.174,115.802,52.015,46.235
80.594,115.995,52.015,46.235
81.947,114.642,52.015,46.235
81.367,116.382,52.015,46.235
80.787,115.802,52.015,46.235
81.367,116.382,52.015,46.235
80.787,114.642,52.015,46.235
80.594,114.449,52.015,46.235
80.401,114.256,52.015,46.235
80.207,114.062,52.015,46.235
80.401,114.642,52.015,46.235
80.207,115.222,52.015,46.235
80.401,113.869,52.015,46.235
79.224,114.761,53.166,47.258
79.026,115.749,53.166,47.258
79.619,114.761,53.166,47.258
80.212,114.169,53.166,47.258
79.224,113.576,53.166,47.258
79.421,113.773,53.166,47.258
79.619,113.181,53.166,47.258
79.816,111.797,53.166,47.258
80.014,112.785,53.166,47.258
79.026,113.378,53.166,47.258
79.224,112.785,53.166,47.258
79.026,114.169,53.166,47.258
79.224,112.785,53.166,47.258
80.212,112.588,53.166,47.258
79.418,111.860,54.342,48.304
78.813,112.466,54.342,48.304
79.418,111.052,54.342,48.304
78.813,111.658,54.342,48.304
79.418,110.648,54.342,48.304
78.813,110.850,54.342,48.304
80.226,112.264,54.342,48.304
80.024,113.274,54.342,48.304
79.418,113.072,54.342,48.304
79.216,112.870,54.342,48.304
80.226,112.264,54.342,48.304
78.997,112.777,55.544,49.373
79.616,112.158,55.544,49.373
78.997,111.952,55.544,49.373
78.168,110.334,56.773,50.465
77.759,109.119,58.029,51.582
77.112,108.904,58.029,51.582
78.190,108.257,58.029,51.582
78.601,110.262,56.792,50.482
78.390,109.629,56.792,50.482
78.179,109.840,56.792,50.482
77.968,108.362,56.792,50.482
77.757,109.840,56.792,50.482
77.123,109.207,56.792,50.482
76.912,110.684,56.792,50.482
76.701,110.051,56.792,50.482
76.490,108.995,56.792,50.482
76.279,109.629,56.792,50.482
76.068,110.262,56.792,50.482
75.435,110.051,56.792,50.482
75.646,108.995,56.792,50.482
74.591,109.629,56.792,50.482
74.802,109.418,56.792,50.482
74.168,109.629,56.792,50.482
73.957,108.995,56.792,50.482
73.324,108.784,56.792,50.482
72.691,108.573,56.792,50.482
72.480,109.629,56.792,50.482
72.269,110.262,56.792,50.482
72.058,109.629,56.792,50.482
72.867,111.184,55.581,49.405
71.834,112.217,55.581,49.405
71.627,111.184,55.581,49.405
71.421,110.564,55.581,49.405
70.388,111.184,55.581,49.405
70.594,111.391,55.581,49.405
70.388,110.771,55.581,49.405
69.355,110.564,55.581,49.405
69.561,110.358,55.581,49.405
68.942,110.151,55.581,49.405
69.148,110.771,55.581,49.405
68.942,110.564,55.581,49.405
68.322,110.358,55.581,49.405
66.876,110.978,55.581,49.405
67.083,110.771,55.581,49.405
66.876,109.738,55.581,49.405
65.843,110.771,55.581,49.405
66.237,111.099,54.395,48.352
65.226,112.110,54.395,48.352
65.221,111.651,53.235,47.320
63.836,112.244,53.235,47.320
64.430,112.442,53.235,47.320
63.662,112.375,52.100,46.311
63.081,111.794,52.100,46.311
63.662,113.149,52.100,46.311
61.920,113.343,52.100,46.311
61.339,114.311,52.100,46.311
61.532,112.956,52.100,46.311
59.790,114.311,52.100,46.311
58.821,114.505,52.100,46.311
58.628,113.536,52.100,46.311
57.272,114.892,52.100,46.311
58.240,113.924,52.100,46.311
57.272,115.279,52.100,46.311
56.304,115.086,52.100,46.311
55.336,114.117,52.100,46.311
54.755,113.536,52.100,46.311
53.400,113.343,52.100,46.311
52.819,115.086,52.100,46.311
51.463,113.730,52.100,46.311
50.495,112.762,52.100,46.311
49.139,114.117,52.100,46.311
49.720,112.762,52.100,46.311
47.590,112.956,52.100,46.311
46.235,113.924,52.100,46.311
46.041,112.956,52.100,46.311
44.686,114.311,52.100,46.311
42.943,114.117,52.100,46.311
42.749,113.149,52.100,46.311
41.007,113.730,52.100,46.311
40.038,113.924,52.100,46.311
39.457,114.892,52.100,46.311
37.715,113.924,52.100,46.311
36.747,114.505,52.100,46.311
35.778,113.536,52.100,46.311
34.036,114.505,52.100,46.311
33.067,115.086,52.100,46.311
32.099,115.279,52.100,46.311
30.744,115.860,52.100,46.311
29.163,114.343,53.253,47.336
27.382,114.541,53.253,47.336
26.788,114.343,53.253,47.336
25.798,113.750,53.253,47.336
24.413,114.343,53.253,47.336
23.423,113.354,53.253,47.336
22.433,112.760,53.253,47.336
20.256,113.750,53.253,47.336
19.663,115.135,53.253,47.336
17.636,113.174,54.431,48.383
16.624,113.376,54.431,48.383
15.208,112.365,54.431,48.383
15.411,114.185,54.431,48.383
12.781,114.388,54.431,48.383
13.388,113.781,54.431,48.383
