70.000,51.000,107.000,87.000
71.144,50.619,107.000,87.000
70.000,50.237,107.000,87.000
68.421,49.670,109.367,88.925
66.806,49.091,111.787,90.892
65.611,47.896,111.787,90.892
64.416,51.482,111.787,90.892
64.017,52.677,111.787,90.892
62.822,50.685,111.787,90.892
61.172,47.613,114.260,92.903
58.640,47.007,116.788,94.959
59.889,45.759,116.788,94.959
58.640,42.845,116.788,94.959
56.916,41.362,119.372,97.060
55.640,40.086,119.372,97.060
56.916,39.660,119.372,97.060
56.959,42.746,116.827,94.990
54.877,42.329,116.827,94.990
57.327,46.152,114.335,92.964
57.367,46.750,111.897,90.982
56.968,46.351,111.897,90.982
56.570,47.548,111.897,90.982
56.968,46.351,111.897,90.982
54.974,47.548,111.897,90.982
56.968,47.149,111.897,90.982
55.772,46.750,111.897,90.982
56.968,46.351,111.897,90.982
53.662,44.931,114.373,92.995
51.623,46.154,114.373,92.995
56.379,46.753,111.934,91.012
53.586,46.354,111.934,91.012
54.783,45.955,111.934,91.012
54.384,45.556,111.934,91.012
53.985,45.157,111.934,91.012
55.182,43.960,111.934,91.012
51.592,45.157,111.934,91.012
53.586,44.758,111.934,91.012
54.783,44.359,111.934,91.012
52.303,44.594,114.410,93.025
56.275,44.407,111.971,91.041
54.622,43.813,114.448,93.056
54.214,44.221,114.448,93.056
56.254,42.182,114.448,93.056
54.722,45.926,112.007,91.071
57.516,45.527,112.007,91.071
58.714,45.128,112.007,91.071
57.061,44.534,114.485,93.086
59.101,44.126,114.485,93.086
59.509,43.718,114.485,93.086
59.101,43.310,114.485,93.086
61.141,42.086,114.485,93.086
57.469,42.494,114.485,93.086
58.693,43.718,114.485,93.086
58.285,43.310,114.485,93.086
57.877,42.086,114.485,93.086
58.285,44.943,114.485,93.086
58.693,45.351,114.485,93.086
59.543,43.051,117.018,95.146
56.624,44.302,117.018,95.146
58.709,43.051,117.018,95.146
60.794,42.634,117.018,95.146
61.640,45.658,114.523,93.117
58.783,45.250,114.523,93.117
58.824,45.849,112.081,91.131
60.821,43.852,112.081,91.131
62.020,45.849,112.081,91.131
60.022,43.852,112.081,91.131
62.020,44.252,112.081,91.131
60.821,45.450,112.081,91.131
61.221,42.654,112.081,91.131
60.022,43.852,112.081,91.131
62.819,41.855,112.081,91.131
61.620,40.656,112.081,91.131
60.422,41.855,112.081,91.131
60.022,39.857,112.081,91.131
62.020,39.458,112.081,91.131
58.424,40.656,112.081,91.131
60.422,41.056,112.081,91.131
59.223,42.254,112.081,91.131
60.803,45.921,109.691,89.188
59.184,41.284,112.117,91.161
60.383,43.282,112.117,91.161
62.381,42.083,112.117,91.161
59.584,44.081,112.117,91.161
60.394,47.749,109.727,89.217
59.221,45.012,109.727,89.217
60.014,50.110,107.387,87.314
60.397,47.430,107.387,87.314
60.779,47.813,107.387,87.314
60.397,48.196,107.387,87.314
60.779,48.579,107.387,87.314
61.162,49.727,107.387,87.314
57.194,45.981,109.762,89.246
59.496,49.572,107.422,87.343
59.113,48.424,107.422,87.343
58.730,47.275,107.422,87.343
59.113,47.658,107.422,87.343
57.964,46.509,107.422,87.343
60.955,50.762,105.131,85.480
59.831,48.888,105.131,85.480
60.955,48.514,105.131,85.480
61.330,49.638,105.131,85.480
63.203,49.263,105.131,85.480
60.580,47.389,105.131,85.480
64.702,48.514,105.131,85.480
66.907,49.786,102.889,83.657
67.273,48.686,102.889,83.657
69.431,50.638,100.695,81.873
69.072,50.280,100.695,81.873
70.867,51.356,100.695,81.873
69.790,51.715,100.695,81.873
70.149,52.074,100.695,81.873
69.790,51.715,100.695,81.873
71.209,53.626,98.548,80.127
72.966,52.572,98.548,80.127
71.912,52.923,98.548,80.127
72.263,53.977,98.548,80.127
71.912,54.329,98.548,80.127
72.966,56.085,98.548,80.127
72.614,56.436,98.548,80.127
75.358,57.629,96.446,78.419
75.702,59.348,96.446,78.419
76.733,58.316,96.446,78.419
76.389,57.973,96.446,78.419
75.679,58.175,98.580,80.154
75.328,58.527,98.580,80.154
74.274,57.472,98.580,80.154
75.735,56.221,100.761,81.927
75.376,58.735,100.761,81.927
76.453,59.094,100.761,81.927
76.094,59.454,100.761,81.927
77.171,59.813,100.761,81.927
76.812,58.017,100.761,81.927
77.890,57.658,100.761,81.927
78.618,58.878,98.612,80.180
81.363,58.039,96.509,78.470
81.707,56.319,96.509,78.470
83.731,58.150,94.451,76.797
84.068,57.140,94.451,76.797
83.058,56.130,94.451,76.797
83.394,55.120,94.451,76.797
86.673,56.263,92.437,75.159
87.002,55.275,92.437,75.159
88.650,54.287,92.437,75.159
87.661,53.298,92.437,75.159
88.650,52.969,92.437,75.159
88.979,51.980,92.437,75.159
89.968,51.651,92.437,75.159
88.603,49.110,94.482,76.822
92.532,51.552,92.467,75.184
90.884,51.882,92.467,75.184
92.532,52.211,92.467,75.184
94.471,52.695,90.495,73.580
96.084,53.018,90.495,73.580
95.761,53.986,90.495,73.580
97.374,54.953,90.495,73.580
95.369,53.135,92.498,75.208
95.039,54.784,92.498,75.208
98.666,55.773,92.498,75.208
99.655,55.443,92.498,75.208
99.325,55.773,92.498,75.208
98.995,56.762,92.498,75.208
99.984,55.773,92.498,75.208
100.974,57.421,92.498,75.208
102.622,55.113,92.498,75.208
102.292,55.443,92.498,75.208
102.622,55.773,92.498,75.208
103.993,54.599,94.544,76.872
104.027,57.042,92.528,75.233
105.676,56.713,92.528,75.233
105.709,59.104,90.555,73.629
107.968,57.490,90.555,73.629
107.000,57.813,90.555,73.629
107.003,55.994,92.558,75.258
107.992,57.644,92.558,75.258
108.322,55.994,92.558,75.258
108.652,55.664,92.558,75.258
110.302,54.015,92.558,75.258
111.291,52.365,92.558,75.258
112.281,52.695,92.558,75.258
114.222,53.815,90.584,73.653
113.555,50.656,92.589,75.282
115.865,49.006,92.589,75.282
116.534,52.035,90.614,73.677
119.679,51.887,88.682,72.106
119.996,50.306,88.682,72.106
120.944,48.726,88.682,72.106
121.892,46.513,88.682,72.106
120.705,52.461,86.791,70.568
124.108,50.296,86.791,70.568
122.561,48.749,86.791,70.568
125.131,45.722,88.711,72.129
122.725,51.672,86.819,70.591
124.891,48.268,86.819,70.591
127.057,44.245,86.819,70.591
126.129,48.268,86.819,70.591
127.676,43.626,86.819,70.591
127.986,47.030,86.819,70.591
128.613,51.064,84.968,69.086
129.522,48.338,84.968,69.086
130.430,51.064,84.968,69.086
131.944,47.127,84.968,69.086
133.204,43.535,86.847,70.614
131.445,49.956,84.995,69.108
134.395,50.401,83.183,67.635
136.711,52.551,81.409,66.192
138.977,55.774,79.673,64.781
138.693,54.354,79.673,64.781
139.545,53.502,79.673,64.781
140.121,58.299,77.974,63.399
141.511,56.353,77.974,63.399
143.456,54.408,77.974,63.399
141.511,56.909,77.974,63.399
140.467,59.996,76.311,62.047
139.445,62.493,74.684,60.724
143.064,62.371,73.091,59.429
141.081,65.264,71.532,58.162
144.547,65.147,70.007,56.922
146.977,66.957,68.514,55.708
147.710,65.736,68.514,55.708
149.617,67.506,67.053,54.520
150.812,66.789,67.053,54.520
151.758,68.523,65.623,53.357
152.459,68.757,65.623,53.357
153.161,68.523,65.623,53.357
154.988,69.317,64.224,52.219
156.335,69.653,62.854,51.106
158.516,70.846,61.514,50.016
159.613,70.188,61.514,50.016
161.748,70.510,60.202,48.949
161.104,71.583,60.202,48.949
161.953,71.898,58.918,47.905
163.262,70.279,60.222,48.965
168.663,73.077,58.937,47.921
167.612,72.446,58.937,47.921
169.083,73.917,58.937,47.921
168.873,74.127,58.937,47.921
171.604,75.177,58.937,47.921
169.862,74.429,60.241,48.981
172.367,75.572,58.957,47.937
172.157,74.942,58.957,47.937
172.787,74.312,58.957,47.937
174.258,73.681,58.957,47.937
173.207,73.051,58.957,47.937
174.678,72.841,58.957,47.937
175.729,72.210,58.957,47.937
175.519,73.261,58.957,47.937
176.570,73.051,58.957,47.937
175.263,71.430,60.261,48.997
177.196,72.504,60.261,48.997
176.307,70.402,61.594,50.081
177.405,70.183,61.594,50.081
178.502,70.402,61.594,50.081
179.600,69.305,61.594,50.081
180.698,68.207,61.594,50.081
178.877,64.692,62.957,51.189
179.999,65.814,62.957,51.189
179.536,64.083,64.350,52.322
180.014,62.791,65.774,53.480
180.248,63.025,65.774,53.480
179.545,63.260,65.774,53.480
180.717,63.963,65.774,53.480
180.952,63.260,65.774,53.480
183.061,63.494,65.774,53.480
182.827,63.260,65.774,53.480
184.658,65.864,64.371,52.339
183.970,65.175,64.371,52.339
186.035,65.864,64.371,52.339
184.609,64.570,65.795,53.497
183.637,64.709,67.251,54.681
185.315,65.907,67.251,54.681
185.555,65.667,67.251,54.681
187.233,68.783,67.251,54.681
186.514,68.544,67.251,54.681
186.754,66.866,67.251,54.681
187.952,66.147,67.251,54.681
186.754,65.907,67.251,54.681
188.911,62.791,67.251,54.681
189.151,62.072,67.251,54.681
190.829,61.353,67.251,54.681
191.068,60.634,67.251,54.681
189.390,62.312,67.251,54.681
192.506,61.592,67.251,54.681
191.787,63.270,67.251,54.681
193.465,64.469,67.251,54.681
192.267,65.188,67.251,54.681
192.027,64.469,67.251,54.681
191.787,65.188,67.251,54.681
191.789,62.345,68.739,55.891
191.544,64.060,68.739,55.891
192.769,61.855,68.739,55.891
193.504,61.120,68.739,55.891
194.474,61.007,67.273,54.699
192.316,60.767,67.273,54.699
193.994,60.528,67.273,54.699
193.275,62.686,67.273,54.699
194.474,62.446,67.273,54.699
192.795,64.124,67.273,54.699
196.517,66.788,65.838,53.532
196.282,66.084,65.838,53.532
196.048,65.380,65.838,53.532
198.160,64.676,65.838,53.532
197.925,64.441,65.838,53.532
199.098,62.798,65.838,53.532
198.864,62.564,65.838,53.532
200.037,62.798,65.838,53.532
199.333,63.972,65.838,53.532
199.098,66.084,65.838,53.532
199.333,65.849,65.838,53.532
199.568,67.961,65.838,53.532
200.272,67.726,65.838,53.532
200.506,68.430,65.838,53.532
201.210,68.665,65.838,53.532
202.591,71.272,64.434,52.391
203.069,68.547,65.860,53.550
202.584,70.147,67.317,54.735
205.384,67.724,65.882,53.567
205.407,67.616,64.477,52.425
205.177,66.008,64.477,52.425
207.858,65.902,63.102,51.307
206.734,66.127,63.102,51.307
207.858,67.252,63.102,51.307
208.533,67.027,63.102,51.307
208.308,67.252,63.102,51.307
210.332,68.826,63.102,51.307
211.007,67.701,63.102,51.307
211.030,69.766,61.756,50.213
212.402,67.612,63.122,51.324
211.727,67.387,63.122,51.324
212.852,69.412,63.122,51.324
212.627,67.837,63.122,51.324
212.402,68.512,63.122,51.324
213.527,68.287,63.122,51.324
211.952,68.512,63.122,51.324
213.077,67.837,63.122,51.324
214.202,68.062,63.122,51.324
213.527,68.287,63.122,51.324
214.850,69.485,61.776,50.229
214.630,69.264,61.776,50.229
216.171,69.925,61.776,50.229
215.951,69.705,61.776,50.229
217.493,69.044,61.776,50.229
217.713,68.824,61.776,50.229
217.493,69.044,61.776,50.229
217.272,66.182,61.776,50.229
217.052,66.402,61.776,50.229
219.034,66.622,61.776,50.229
216.751,65.838,63.143,51.341
217.427,69.664,63.143,51.341
216.751,74.390,63.143,51.341
218.777,75.066,63.143,51.341
219.002,74.390,63.143,51.341
217.877,74.165,63.143,51.341
219.902,72.590,63.143,51.341
220.577,71.465,63.143,51.341
219.902,67.188,63.143,51.341
221.928,60.662,63.143,51.341
222.603,57.736,63.143,51.341
221.028,55.260,63.143,51.341
221.703,56.836,63.143,51.341
223.278,56.610,63.143,51.341
222.153,59.536,63.143,51.341
223.477,62.470,61.797,50.246
224.138,66.214,61.797,50.246
225.009,69.085,60.479,49.174
226.949,70.163,60.479,49.174
227.596,71.241,60.479,49.174
227.380,71.457,60.479,49.174
228.027,71.672,60.479,49.174
228.674,71.888,60.479,49.174
228.280,72.620,59.189,48.126
230.178,71.143,59.189,48.126
229.545,70.510,59.189,48.126
227.647,70.721,59.189,48.126
228.280,70.088,59.189,48.126
229.157,67.586,60.499,49.190
228.941,68.233,60.499,49.190
228.726,68.449,60.499,49.190
228.941,69.095,60.499,49.190
228.294,69.311,60.499,49.190
228.079,68.664,60.499,49.190
227.863,70.174,60.499,49.190
227.648,70.821,60.499,49.190
227.432,71.899,60.499,49.190
227.453,74.709,59.208,48.141
228.509,76.609,59.208,48.141
227.453,75.976,59.208,48.141
228.087,75.765,59.208,48.141
229.564,78.086,59.208,48.141
228.509,79.563,59.208,48.141
227.453,78.930,59.208,48.141
228.931,78.719,59.208,48.141
230.172,77.402,57.946,47.115
229.140,73.891,57.946,47.115
228.933,74.097,57.946,47.115
231.343,73.604,56.710,46.110
229.119,75.019,56.710,46.110
228.282,76.816,57.965,47.130
227.249,77.436,57.965,47.130
225.965,77.986,59.247,48.173
228.288,77.353,59.247,48.173
226.809,77.564,59.247,48.173
225.753,74.396,59.247,48.173
226.387,74.185,59.247,48.173
226.176,72.707,59.247,48.173
227.654,71.228,59.247,48.173
227.675,70.724,57.984,47.146
227.882,70.931,57.984,47.146
227.026,69.337,59.267,48.189
227.660,69.549,59.267,48.189
227.026,70.182,59.267,48.189
227.660,70.816,59.267,48.189
227.223,70.941,60.578,49.255
224.985,69.276,61.918,50.345
226.530,71.703,61.918,50.345
226.552,73.729,60.598,49.271
226.768,70.921,60.598,49.271
225.688,72.001,60.598,49.271
226.138,69.439,61.939,50.361
224.151,67.011,61.939,50.361
224.599,68.186,60.618,49.287
226.111,67.538,60.618,49.287
222.975,64.975,61.959,50.378
224.521,67.405,61.959,50.378
222.231,66.618,63.330,51.492
222.006,67.747,63.330,51.492
223.769,68.513,61.979,50.394
222.664,67.409,61.979,50.394
222.001,65.862,61.979,50.394
222.003,62.784,63.350,51.509
222.681,62.558,63.350,51.509
222.268,67.678,61.999,50.411
222.729,65.974,63.371,51.526
221.325,64.232,64.773,52.666
219.889,62.931,66.206,53.831
219.402,63.070,67.671,55.022
218.403,62.211,69.168,56.240
218.156,60.485,69.168,56.240
215.330,63.698,67.693,55.041
213.028,64.518,66.250,53.867
214.872,68.051,64.837,52.718
214.450,68.836,63.454,51.594
214.909,69.604,62.101,50.494
214.245,69.825,62.101,50.494
214.909,70.047,62.101,50.494
214.245,70.268,62.101,50.494
213.840,70.593,60.777,49.417
213.444,72.582,59.481,48.363
212.808,73.642,59.481,48.363
212.172,73.854,59.481,48.363
211.960,73.218,59.481,48.363
212.172,73.854,59.481,48.363
211.960,72.370,59.481,48.363
212.172,71.734,59.481,48.363
209.974,70.979,60.797,49.433
211.491,72.062,60.797,49.433
210.841,72.279,60.797,49.433
208.457,72.929,60.797,49.433
208.674,71.845,60.797,49.433
207.157,72.496,60.797,49.433
208.241,71.845,60.797,49.433
207.591,72.062,60.797,49.433
209.107,72.279,60.797,49.433
208.457,72.062,60.797,49.433
210.408,71.412,60.797,49.433
208.891,69.462,60.797,49.433
208.674,70.112,60.797,49.433
206.877,68.441,62.142,50.527
207.985,69.105,62.142,50.527
208.649,69.770,62.142,50.527
207.099,70.434,62.142,50.527
207.320,71.099,62.142,50.527
206.656,72.206,62.142,50.527
205.548,72.428,62.142,50.527
206.213,72.649,62.142,50.527
206.877,73.314,62.142,50.527
205.041,69.767,63.517,51.645
207.078,71.805,63.517,51.645
205.041,72.031,63.517,51.645
206.373,73.237,62.162,50.543
205.968,72.708,60.837,49.465
205.751,73.358,60.837,49.465
205.534,72.274,60.837,49.465
206.185,72.057,60.837,49.465
205.968,72.708,60.837,49.465
205.317,72.491,60.837,49.465
206.402,72.708,60.837,49.465
206.185,72.491,60.837,49.465
206.402,72.708,60.837,49.465
206.618,71.624,60.837,49.465
203.021,71.301,62.183,50.560
203.686,71.966,62.183,50.560
203.464,72.631,62.183,50.560
202.356,72.853,62.183,50.560
203.464,73.518,62.183,50.560
202.632,74.698,60.857,49.482
202.849,75.348,60.857,49.482
201.950,72.776,62.203,50.576
200.112,71.986,63.579,51.695
202.605,72.213,63.579,51.695
202.627,72.546,62.223,50.593
201.962,72.767,62.223,50.593
201.740,72.546,62.223,50.593
200.822,72.216,63.600,51.712
202.155,71.238,62.244,50.610
199.856,71.368,63.621,51.729
200.536,71.595,63.621,51.729
200.559,70.617,62.264,50.626
200.337,70.395,62.264,50.626
200.559,68.398,62.264,50.626
198.719,68.068,63.642,51.746
199.399,68.295,63.642,51.746
198.719,68.521,63.642,51.746
200.490,69.292,62.285,50.643
199.824,69.958,62.285,50.643
198.905,69.628,63.663,51.763
201.115,70.399,62.305,50.659
200.004,70.621,62.305,50.659
203.451,71.375,60.976,49.579
204.103,70.288,60.976,49.579
203.451,71.810,60.976,49.579
202.551,68.781,62.326,50.676
203.662,69.891,62.326,50.676
202.281,69.100,63.705,51.797
202.962,68.873,63.705,51.797
200.919,68.646,63.705,51.797
201.146,68.419,63.705,51.797
199.556,70.463,63.705,51.797
200.692,70.690,63.705,51.797
199.556,71.825,63.705,51.797
199.783,71.144,63.705,51.797
202.432,72.790,62.346,50.693
201.321,73.013,62.346,50.693
201.544,73.235,62.346,50.693
200.877,73.902,62.346,50.693
203.898,75.085,61.016,49.612
202.997,72.505,62.366,50.709
202.775,73.172,62.366,50.709
204.331,73.839,62.366,50.709
202.775,74.061,62.366,50.709
204.161,73.731,63.746,51.831
201.805,71.036,65.157,52.978
202.502,72.661,65.157,52.978
201.805,71.500,65.157,52.978
203.431,73.126,65.157,52.978
203.663,73.358,65.157,52.978
203.431,72.197,65.157,52.978
202.469,71.852,66.598,54.150
203.181,71.140,66.598,54.150
204.843,71.852,66.598,54.150
204.131,71.140,66.598,54.150
204.843,70.428,66.598,54.150
205.080,68.766,66.598,54.150
205.792,69.478,66.598,54.150
205.080,68.766,66.598,54.150
206.742,69.953,66.598,54.150
206.979,69.241,66.598,54.150
207.691,69.953,66.598,54.150
208.404,69.241,66.598,54.150
208.641,69.953,66.598,54.150
208.150,67.630,68.072,55.348
207.423,67.873,68.072,55.348
208.150,68.600,68.072,55.348
208.878,67.387,68.072,55.348
210.092,68.115,68.072,55.348
210.334,66.902,68.072,55.348
208.826,66.541,69.578,56.573
209.343,65.144,71.117,57.824
211.117,65.904,71.117,57.824
210.864,66.665,71.117,57.824
211.624,67.425,71.117,57.824
213.905,67.172,71.117,57.824
212.330,65.743,72.691,59.104
214.662,67.038,72.691,59.104
213.051,63.965,74.299,60.411
215.434,65.289,74.299,60.411
214.110,66.084,74.299,60.411
215.964,65.819,74.299,60.411
215.699,65.554,74.299,60.411
216.494,65.289,74.299,60.411
217.288,66.084,74.299,60.411
218.083,64.230,74.299,60.411
217.535,63.837,75.943,61.748
218.606,66.321,74.323,60.431
219.401,66.586,74.323,60.431
218.606,67.911,74.323,60.431
219.931,69.235,74.323,60.431
221.255,70.030,74.323,60.431
221.258,69.087,75.968,61.768
220.136,68.122,77.649,63.135
222.627,67.292,77.649,63.135
223.457,66.462,77.649,63.135
223.181,66.185,77.649,63.135
224.564,66.462,77.649,63.135
225.395,65.632,77.649,63.135
227.332,66.462,77.649,63.135
226.502,67.292,77.649,63.135
227.653,65.732,79.367,64.532
229.067,66.581,79.367,64.532
229.350,66.864,79.367,64.532
230.765,65.449,79.367,64.532
232.179,66.298,79.367,64.532
231.896,66.581,79.367,64.532
233.311,66.298,79.367,64.532
234.159,65.449,79.367,64.532
235.008,65.167,79.367,64.532
235.857,64.884,79.367,64.532
237.837,64.035,79.367,64.532
236.665,63.028,81.123,65.959
239.268,62.738,81.123,65.959
241.526,63.720,79.393,64.553
242.941,63.437,79.393,64.553
244.705,61.255,81.149,65.981
244.708,59.625,82.945,67.441
245.324,57.959,84.780,68.933
244.699,58.137,86.655,70.458
245.626,57.828,86.655,70.458
247.551,58.010,88.573,72.017
247.554,57.541,90.532,73.610
247.231,56.573,90.532,73.610
247.234,55.424,92.535,75.239
246.904,56.413,92.535,75.239
247.894,57.403,92.535,75.239
247.897,55.544,94.583,76.904
246.501,55.043,96.675,78.605
248.913,55.387,96.675,78.605
249.257,57.110,96.675,78.605
250.980,56.076,96.675,78.605
251.325,57.799,96.675,78.605
251.669,57.455,96.675,78.605
251.672,54.083,98.814,80.344
252.025,55.844,98.814,80.344
250.968,54.787,98.814,80.344
255.077,58.020,96.707,78.631
254.732,59.744,96.707,78.631
255.766,59.399,96.707,78.631
255.422,59.744,96.707,78.631
258.114,60.250,94.645,76.954
260.099,61.395,92.626,75.313
260.768,61.880,90.651,73.707
261.091,60.911,90.651,73.707
262.707,61.234,90.651,73.707
262.383,62.203,90.651,73.707
260.768,61.880,90.651,73.707
263.676,62.850,90.651,73.707
261.414,62.526,90.651,73.707
265.184,64.247,88.718,72.135
263.603,63.298,88.718,72.135
265.184,62.349,88.718,72.135
264.235,63.298,88.718,72.135
265.816,62.349,88.718,72.135
262.970,62.666,88.718,72.135
266.659,64.959,86.826,70.597
264.735,64.499,88.747,72.159
263.154,64.815,88.747,72.159
267.266,65.131,88.747,72.159
263.987,64.005,90.711,73.755
264.957,63.682,90.711,73.755
265.927,63.358,90.711,73.755
