73.000,126.000,29.000,23.000
74.328,125.285,29.000,23.000
74.635,124.774,29.000,23.000
75.759,124.672,29.000,23.000
76.270,124.774,29.000,23.000
76.577,124.058,29.000,23.000
77.701,123.752,29.000,23.000
78.416,124.263,29.000,23.000
79.131,123.547,29.000,23.000
79.642,123.445,29.000,23.000
80.153,123.343,29.000,23.000
79.847,123.036,29.000,23.000
81.175,122.730,29.000,23.000
81.686,123.241,29.000,23.000
82.810,121.708,29.000,23.000
83.934,121.197,29.000,23.000
84.650,120.686,29.000,23.000
85.570,120.584,29.000,23.000
85.876,120.686,29.000,23.000
86.591,120.993,29.000,23.000
86.489,120.890,29.000,23.000
87.409,120.993,29.000,23.000
88.124,121.095,29.000,23.000
88.431,120.175,29.000,23.000
88.737,120.277,29.000,23.000
90.066,120.379,29.000,23.000
88.942,120.890,29.000,23.000
90.475,121.401,29.000,23.000
90.577,121.095,29.000,23.000
90.883,120.584,29.000,23.000
91.685,121.716,28.382,22.510
91.785,121.215,28.382,22.510
91.885,121.916,28.382,22.510
91.985,121.816,28.382,22.510
92.885,121.516,28.382,22.510
93.185,121.416,28.382,22.510
93.285,121.316,28.382,22.510
93.785,121.416,28.382,22.510
92.885,121.716,28.382,22.510
93.385,122.616,28.382,22.510
92.485,122.916,28.382,22.510
92.785,123.816,28.382,22.510
93.485,124.116,28.382,22.510
94.186,124.816,28.382,22.510
95.086,125.316,28.382,22.510
95.586,125.016,28.382,22.510
94.286,125.916,28.382,22.510
95.586,125.816,28.382,22.510
96.486,126.116,28.382,22.510
95.386,126.816,28.382,22.510
96.286,126.516,28.382,22.510
96.986,126.616,28.382,22.510
97.486,126.316,28.382,22.510
96.586,125.416,28.382,22.510
97.686,125.716,28.382,22.510
98.586,126.016,28.382,22.510
99.886,126.116,28.382,22.510
98.986,125.816,28.382,22.510
99.686,125.716,28.382,22.510
99.786,125.016,28.382,22.510
100.086,125.516,28.382,22.510
100.586,124.616,28.382,22.510
100.686,125.116,28.382,22.510
100.586,125.216,28.382,22.510
101.086,125.116,28.382,22.510
101.586,124.616,28.382,22.510
100.686,124.516,28.382,22.510
101.586,124.216,28.382,22.510
102.086,124.716,28.382,22.510
102.187,124.016,28.382,22.510
101.886,124.516,28.382,22.510
101.986,123.816,28.382,22.510
102.487,124.316,28.382,22.510
101.386,123.416,28.382,22.510
102.086,123.716,28.382,22.510
102.987,124.216,28.382,22.510
103.487,124.516,28.382,22.510
102.387,123.816,28.382,22.510
103.087,124.116,28.382,22.510
103.787,124.216,28.382,22.510
102.687,124.516,28.382,22.510
103.187,123.616,28.382,22.510
104.487,124.116,28.382,22.510
103.587,124.016,28.382,22.510
103.887,124.516,28.382,22.510
104.092,123.541,29.010,23.008
103.785,123.847,29.010,23.008
104.705,123.949,29.010,23.008
104.603,124.256,29.010,23.008
104.296,123.336,29.010,23.008
104.194,123.438,29.010,23.008
103.887,123.745,29.010,23.008
105.012,123.847,29.010,23.008
104.500,123.745,29.010,23.008
103.861,123.596,29.651,23.517
104.384,123.074,29.651,23.517
104.070,123.388,29.651,23.517
105.011,122.656,29.651,23.517
105.533,122.970,29.651,23.517
104.384,122.865,29.651,23.517
104.488,123.179,29.651,23.517
104.802,123.283,29.651,23.517
105.324,122.552,29.651,23.517
105.942,122.702,29.019,23.015
106.454,123.417,29.019,23.015
105.329,122.906,29.019,23.015
105.636,123.417,29.019,23.015
106.147,122.906,29.019,23.015
106.658,123.213,29.019,23.015
106.761,122.702,29.019,23.015
107.067,123.213,29.019,23.015
105.942,122.293,29.019,23.015
106.658,122.804,29.019,23.015
106.761,122.702,29.019,23.015
107.476,122.395,29.019,23.015
106.761,122.293,29.019,23.015
106.454,122.190,29.019,23.015
106.761,121.884,29.019,23.015
106.863,122.395,29.019,23.015
105.799,121.398,29.661,23.524
105.904,120.875,29.661,23.524
106.008,120.979,29.661,23.524
106.531,120.875,29.661,23.524
105.799,120.979,29.661,23.524
106.113,120.875,29.661,23.524
106.217,120.770,29.661,23.524
105.904,120.457,29.661,23.524
105.799,120.352,29.661,23.524
105.904,119.830,29.661,23.524
105.590,120.979,29.661,23.524
105.067,120.875,29.661,23.524
105.590,121.398,29.661,23.524
105.067,120.875,29.661,23.524
105.590,121.607,29.661,23.524
105.695,121.084,29.661,23.524
105.590,122.025,29.661,23.524
105.277,121.711,29.661,23.524
104.963,121.607,29.661,23.524
106.186,121.757,29.029,23.023
105.879,121.859,29.029,23.023
105.981,121.961,29.029,23.023
106.288,121.654,29.029,23.023
105.572,121.552,29.029,23.023
106.288,121.041,29.029,23.023
105.981,120.734,29.029,23.023
106.288,121.654,29.029,23.023
105.572,121.348,29.029,23.023
105.879,120.836,29.029,23.023
105.368,121.757,29.029,23.023
105.265,121.245,29.029,23.023
106.462,121.787,28.409,22.532
105.561,121.286,28.409,22.532
105.261,120.785,28.409,22.532
106.562,121.486,28.409,22.532
105.661,120.785,28.409,22.532
106.362,121.286,28.409,22.532
105.461,120.785,28.409,22.532
105.962,121.086,28.409,22.532
106.662,121.987,28.409,22.532
105.561,121.486,28.409,22.532
106.062,121.386,28.409,22.532
106.562,121.286,28.409,22.532
105.862,121.386,28.409,22.532
106.763,121.686,28.409,22.532
106.662,121.987,28.409,22.532
106.963,122.287,28.409,22.532
107.362,122.238,27.804,22.051
107.460,122.924,27.804,22.051
108.795,122.876,27.211,21.581
107.741,122.396,27.211,21.581
108.412,122.684,27.211,21.581
107.165,123.355,27.211,21.581
108.220,122.876,27.211,21.581
107.357,122.396,27.211,21.581
108.412,122.684,27.211,21.581
109.275,122.780,27.211,21.581
107.836,121.917,27.211,21.581
109.275,122.013,27.211,21.581
108.220,121.725,27.211,21.581
108.699,121.629,27.211,21.581
108.028,123.067,27.211,21.581
108.508,122.204,27.211,21.581
108.604,122.492,27.211,21.581
109.467,122.971,27.211,21.581
108.987,122.492,27.211,21.581
108.124,123.738,27.211,21.581
108.987,122.876,27.211,21.581
109.850,123.355,27.211,21.581
109.946,123.834,27.211,21.581
108.124,123.355,27.211,21.581
109.179,123.259,27.211,21.581
109.658,122.971,27.211,21.581
109.946,123.067,27.211,21.581
109.275,122.780,27.211,21.581
110.330,122.300,27.211,21.581
109.730,121.763,27.813,22.058
109.044,122.057,27.813,22.058
109.730,121.371,27.813,22.058
109.436,122.057,27.813,22.058
110.514,121.371,27.813,22.058
110.612,121.861,27.813,22.058
109.926,121.371,27.813,22.058
110.127,121.025,28.428,22.546
111.229,121.326,28.428,22.546
110.528,120.625,28.428,22.546
109.826,120.925,28.428,22.546
110.928,121.025,28.428,22.546
110.628,121.526,28.428,22.546
111.529,120.825,28.428,22.546
110.628,121.927,28.428,22.546
110.928,121.426,28.428,22.546
111.830,120.925,28.428,22.546
111.329,122.027,28.428,22.546
110.079,121.050,29.057,23.045
110.796,120.948,29.057,23.045
111.513,122.074,29.057,23.045
111.615,121.972,29.057,23.045
111.308,122.484,29.057,23.045
111.001,121.972,29.057,23.045
111.103,122.688,29.057,23.045
110.796,121.767,29.057,23.045
112.332,122.279,29.057,23.045
111.410,121.153,29.057,23.045
110.693,120.845,29.057,23.045
111.410,121.972,29.057,23.045
111.407,120.973,29.700,23.555
110.319,119.952,30.357,24.076
109.570,119.632,30.357,24.076
109.035,118.883,30.357,24.076
110.640,119.204,30.357,24.076
111.389,118.241,30.357,24.076
110.276,117.864,31.029,24.609
108.912,116.797,31.715,25.153
107.459,116.909,31.715,25.153
108.241,117.468,31.715,25.153
107.012,116.909,31.715,25.153
106.900,117.468,31.715,25.153
104.776,116.462,31.715,25.153
107.347,117.244,31.715,25.153
104.553,116.462,31.715,25.153
104.665,116.127,31.715,25.153
102.988,117.580,31.715,25.153
102.877,117.244,31.715,25.153
102.765,117.356,31.715,25.153
103.100,117.915,31.715,25.153
102.318,118.250,31.715,25.153
103.324,116.797,31.715,25.153
103.882,118.027,31.715,25.153
103.100,116.574,31.715,25.153
102.541,117.356,31.715,25.153
103.324,117.021,31.715,25.153
102.541,116.685,31.715,25.153
103.234,116.987,32.417,25.710
103.120,115.959,32.417,25.710
102.549,115.845,32.417,25.710
103.577,116.187,32.417,25.710
103.462,115.845,32.417,25.710
102.891,115.502,32.417,25.710
102.549,115.388,32.417,25.710
104.034,115.959,32.417,25.710
102.371,116.030,33.134,26.279
103.889,115.446,33.134,26.279
103.772,114.629,33.134,26.279
103.656,114.746,33.134,26.279
103.072,115.096,33.134,26.279
102.584,114.442,33.867,26.860
102.465,114.322,33.867,26.860
102.107,113.726,33.867,26.860
102.123,113.207,33.145,26.287
101.772,114.258,33.145,26.287
100.955,114.141,33.145,26.287
101.305,114.258,33.145,26.287
102.447,114.426,32.438,25.727
102.021,114.590,31.746,25.178
101.686,113.807,31.746,25.178
100.903,114.366,31.746,25.178
101.014,113.136,31.746,25.178
101.126,111.458,31.746,25.178
100.120,112.688,31.746,25.178
99.784,112.576,31.746,25.178
99.448,112.688,31.746,25.178
98.749,112.990,32.449,25.735
99.321,112.647,32.449,25.735
99.336,111.489,31.757,25.186
99.224,113.167,31.757,25.186
99.336,112.831,31.757,25.186
98.776,113.391,31.757,25.186
98.441,113.727,31.757,25.186
98.776,113.167,31.757,25.186
98.791,112.681,31.080,24.649
98.463,112.571,31.080,24.649
97.915,111.804,31.080,24.649
98.463,112.133,31.080,24.649
97.422,111.446,30.417,24.124
98.056,111.600,29.768,23.609
97.322,111.075,29.768,23.609
96.378,112.439,29.768,23.609
96.693,111.914,29.768,23.609
96.378,111.390,29.768,23.609
94.804,110.656,29.768,23.609
95.329,111.390,29.768,23.609
94.175,110.865,29.768,23.609
94.280,111.390,29.768,23.609
93.126,110.446,29.768,23.609
92.811,112.019,29.768,23.609
92.916,112.963,29.768,23.609
92.526,113.923,29.133,23.106
90.781,114.026,29.133,23.106
90.883,115.360,29.133,23.106
89.138,116.900,29.133,23.106
88.625,117.208,29.133,23.106
87.701,118.132,29.133,23.106
86.161,118.029,29.133,23.106
85.732,117.454,29.778,23.617
84.578,118.399,29.778,23.617
83.843,119.133,29.778,23.617
82.479,120.078,29.778,23.617
81.325,119.343,29.778,23.617
79.751,120.078,29.778,23.617
79.856,118.713,29.778,23.617
78.702,119.028,29.778,23.617
77.967,117.454,29.778,23.617
76.813,116.300,29.778,23.617
75.504,116.583,30.437,24.140
73.498,115.760,31.110,24.674
71.853,115.869,31.110,24.674
71.086,115.321,31.110,24.674
68.564,113.896,31.110,24.674
68.236,113.129,31.110,24.674
65.714,112.800,31.110,24.674
64.947,112.690,31.110,24.674
62.644,113.457,31.110,24.674
61.504,112.388,31.799,25.220
59.823,112.052,31.799,25.220
58.143,111.492,31.799,25.220
56.512,111.097,32.502,25.778
56.034,112.832,33.221,26.348
54.043,112.480,33.221,26.348
52.097,114.011,33.956,26.931
50.781,113.891,33.956,26.931
49.225,114.968,33.956,26.931
49.584,114.848,33.956,26.931
46.832,115.925,33.956,26.931
45.091,114.510,34.708,27.527
44.235,114.388,34.708,27.527
42.837,115.035,33.967,26.940
40.598,117.345,34.719,27.536
39.579,115.644,35.487,28.145
36.722,117.538,36.272,28.768
35.571,116.899,36.272,28.768
33.654,118.305,36.272,28.768
31.794,118.385,37.075,29.404
30.880,118.776,37.075,29.404
29.181,119.168,37.075,29.404
-0.475,121.389,37.075,29.404
-3.732,120.929,37.895,30.055
-4.667,119.727,37.895,30.055
-4.533,118.792,37.895,30.055
-6.002,118.391,37.895,30.055
-8.005,119.860,37.895,30.055
-9.474,119.193,37.895,30.055
-8.272,120.127,37.895,30.055
-7.482,119.032,37.087,29.414
-9.228,118.716,36.296,28.786
-11.147,117.821,36.296,28.786
-10.251,115.646,36.296,28.786
-8.131,115.991,37.099,29.423
9.769,115.801,37.920,30.074
7.824,115.330,38.759,30.740
5.776,114.647,38.759,30.740
2.938,112.748,39.616,31.420
5.379,114.294,38.772,30.750
2.256,112.111,39.629,31.430
-1.235,111.413,39.629,31.430
-2.977,112.659,40.506,32.126
-0.482,113.965,39.642,31.440
-2.298,113.825,39.642,31.440
-3.555,112.847,39.642,31.440
-2.856,114.384,39.642,31.440
-2.437,114.803,39.642,31.440
5.805,118.295,39.642,31.440
5.511,120.411,40.519,32.136
5.939,120.269,40.519,32.136
4.940,120.411,40.519,32.136
3.084,121.125,40.519,32.136
5.305,121.055,39.655,31.451
2.650,120.356,39.655,31.451
3.628,119.937,39.655,31.451
4.327,120.636,39.655,31.451
2.729,119.220,38.810,30.780
0.951,119.904,38.810,30.780
1.761,119.837,37.982,30.124
1.521,119.771,37.172,29.481
