6.000,166.000,42.000,26.000
7.994,166.665,42.000,26.000
9.988,166.000,42.000,26.000
11.450,166.665,42.000,26.000
13.710,166.000,42.000,26.000
14.906,167.196,42.000,26.000
16.368,167.595,42.000,26.000
18.362,167.196,42.000,26.000
20.090,168.127,42.000,26.000
21.287,168.260,42.000,26.000
22.749,168.659,42.000,26.000
23.414,168.260,42.000,26.000
25.142,169.456,42.000,26.000
26.604,170.121,42.000,26.000
27.534,169.456,42.000,26.000
28.731,170.387,42.000,26.000
30.459,170.520,42.000,26.000
32.187,169.323,42.000,26.000
33.915,170.520,42.000,26.000
35.111,169.589,42.000,26.000
36.839,169.988,42.000,26.000
37.892,170.941,42.929,26.575
39.386,169.990,42.929,26.575
41.153,169.855,42.929,26.575
42.647,170.534,42.929,26.575
43.327,171.485,42.929,26.575
45.093,171.621,42.929,26.575
46.588,172.028,42.929,26.575
46.995,171.349,42.929,26.575
48.218,172.028,42.929,26.575
49.441,171.621,42.929,26.575
50.664,172.300,42.929,26.575
51.071,171.621,42.929,26.575
52.294,172.300,42.929,26.575
53.245,171.893,42.929,26.575
54.196,172.028,42.929,26.575
55.147,172.164,42.929,26.575
56.098,172.300,42.929,26.575
57.049,172.708,42.929,26.575
58.001,173.115,42.929,26.575
58.680,172.164,42.929,26.575
59.631,172.572,42.929,26.575
60.854,172.164,42.929,26.575
62.077,172.028,42.929,26.575
63.299,171.893,42.929,26.575
64.794,172.028,42.929,26.575
65.202,171.621,42.929,26.575
67.240,172.300,42.929,26.575
68.734,171.621,42.929,26.575
69.685,172.300,42.929,26.575
70.636,171.893,42.929,26.575
71.316,171.213,42.929,26.575
72.392,170.778,43.879,27.163
73.919,171.750,43.879,27.163
74.891,172.167,43.879,27.163
75.863,171.473,43.879,27.163
77.113,171.889,43.879,27.163
78.641,172.584,43.879,27.163
79.164,170.698,44.850,27.764
80.442,171.976,44.850,27.764
81.435,171.550,44.850,27.764
82.145,170.840,44.850,27.764
81.796,170.680,45.842,28.378
81.941,170.535,45.842,28.378
82.667,170.971,45.842,28.378
82.310,171.108,46.856,29.006
82.561,171.557,47.893,29.648
82.106,170.496,47.893,29.648
81.955,171.253,47.893,29.648
81.268,170.454,48.953,30.304
81.732,170.918,48.953,30.304
81.577,172.003,48.953,30.304
82.042,171.538,48.953,30.304
81.887,170.764,48.953,30.304
82.662,171.538,48.953,30.304
83.437,171.693,48.953,30.304
83.377,171.519,50.036,30.975
83.852,172.310,50.036,30.975
82.427,171.835,50.036,30.975
82.586,172.944,50.036,30.975
83.377,173.419,50.036,30.975
84.486,173.577,50.036,30.975
82.427,172.786,50.036,30.975
82.269,171.994,50.036,30.975
83.061,173.102,50.036,30.975
83.329,171.609,51.143,31.660
83.491,173.066,51.143,31.660
82.357,172.581,51.143,31.660
83.814,173.714,51.143,31.660
83.329,173.552,51.143,31.660
83.814,174.037,51.143,31.660
82.681,175.171,51.143,31.660
82.283,173.309,52.274,32.360
81.533,173.809,53.431,33.076
82.379,174.316,53.431,33.076
81.533,172.795,53.431,33.076
82.041,174.316,53.431,33.076
81.533,173.471,53.431,33.076
82.717,173.302,53.431,33.076
83.225,174.147,53.431,33.076
82.458,172.904,54.613,33.808
81.939,172.040,54.613,33.808
81.515,173.997,55.821,34.556
82.398,172.407,55.821,34.556
81.868,172.937,55.821,34.556
81.691,173.114,55.821,34.556
82.575,173.644,55.821,34.556
82.751,172.407,55.821,34.556
83.635,171.877,55.821,34.556
83.934,171.678,57.057,35.321
85.559,173.303,57.057,35.321
85.017,172.401,57.057,35.321
84.948,171.073,58.319,36.102
83.728,169.716,59.609,36.901
85.426,170.659,59.609,36.901
85.992,169.716,59.609,36.901
85.804,171.791,59.609,36.901
85.238,170.093,59.609,36.901
85.804,168.396,59.609,36.901
86.514,169.749,60.928,37.717
86.441,168.331,62.276,38.552
87.426,169.711,62.276,38.552
88.017,169.120,62.276,38.552
88.609,168.134,62.276,38.552
89.988,169.514,62.276,38.552
90.580,169.711,62.276,38.552
92.354,169.120,62.276,38.552
93.096,169.307,63.654,39.405
94.506,169.105,63.654,39.405
94.708,169.710,63.654,39.405
95.312,168.702,63.654,39.405
95.653,168.475,65.062,40.277
97.506,169.093,65.062,40.277
98.948,170.123,65.062,40.277
99.724,169.036,66.502,41.168
100.080,168.363,67.973,42.079
100.444,167.674,69.477,43.010
100.664,167.454,69.477,43.010
101.036,166.750,71.014,43.961
100.950,165.098,72.585,44.934
102.558,165.328,72.585,44.934
103.247,166.476,72.585,44.934
104.589,166.217,74.191,45.928
105.294,166.452,74.191,45.928
106.665,164.726,75.833,46.944
108.566,164.954,77.511,47.983
109.302,163.727,77.511,47.983
108.699,162.433,79.226,49.044
110.955,162.684,79.226,49.044
112.711,164.439,79.226,49.044
114.466,163.687,79.226,49.044
114.215,162.433,79.226,49.044
117.475,162.684,79.226,49.044
116.859,160.840,80.979,50.130
116.602,161.097,80.979,50.130
117.884,158.790,80.979,50.130
118.653,162.634,80.979,50.130
114.808,160.840,80.979,50.130
110.484,158.657,79.252,49.061
99.698,157.403,79.252,49.061
117.819,158.162,81.005,50.146
123.715,162.520,81.005,50.146
118.332,165.340,81.005,50.146
159.969,169.582,79.278,49.077
151.689,163.811,79.278,49.077
145.866,163.528,81.032,50.162
158.842,166.782,79.304,49.093
156.081,163.017,79.304,49.093
146.292,160.256,79.304,49.093
141.509,158.411,81.058,50.179
127.912,155.589,81.058,50.179
116.367,153.793,81.058,50.179
160.750,163.286,81.058,50.179
165.624,162.516,81.058,50.179
164.855,162.259,81.058,50.179
163.159,160.373,82.852,51.289
167.617,159.587,82.852,51.289
165.885,162.012,84.685,52.424
165.617,162.816,84.685,52.424
166.957,160.940,84.685,52.424
164.629,162.863,86.558,53.584
166.547,159.849,86.558,53.584
169.013,162.315,86.558,53.584
168.339,161.438,88.473,54.769
166.489,161.122,90.431,55.981
169.637,160.836,90.431,55.981
173.358,161.695,90.431,55.981
176.812,160.779,92.432,57.220
181.200,161.656,92.432,57.220
184.730,158.292,94.477,58.486
190.412,158.591,94.477,58.486
195.495,160.684,94.477,58.486
202.970,157.993,94.477,58.486
205.661,156.497,94.477,58.486
207.754,159.189,94.477,58.486
212.240,157.694,94.477,58.486
215.529,159.189,94.477,58.486
216.426,157.095,94.477,58.486
213.735,155.600,94.477,58.486
213.000,153.402,96.567,59.780
215.139,154.930,96.567,59.780
216.667,154.014,96.567,59.780
209.638,151.263,96.567,59.780
208.721,148.512,96.567,59.780
199.725,145.631,98.704,61.102
189.883,142.686,100.887,62.454
195.311,147.476,100.887,62.454
182.219,142.686,100.887,62.454
175.514,137.897,100.887,62.454
142.428,126.560,98.736,61.122
140.240,124.373,98.736,61.122
142.799,123.518,96.630,59.819
148.610,125.047,96.630,59.819
153.197,123.518,96.630,59.819
160.843,121.377,96.630,59.819
166.654,116.178,96.630,59.819
174.787,119.641,98.768,61.142
178.225,114.952,98.768,61.142
184.790,117.766,98.768,61.142
190.104,115.578,98.768,61.142
196.471,114.577,100.954,62.495
202.542,117.453,100.954,62.495
207.060,112.452,103.187,63.878
215.225,109.513,103.187,63.878
221.430,110.492,103.187,63.878
226.329,107.553,103.187,63.878
234.493,109.186,103.187,63.878
321.038,142.824,103.187,63.878
320.712,140.538,103.187,63.878
324.957,138.252,103.187,63.878
330.509,139.885,103.187,63.878
334.102,138.905,103.187,63.878
329.911,134.471,105.470,65.291
336.921,134.805,105.470,65.291
341.260,133.136,105.470,65.291
345.600,134.138,105.470,65.291
349.272,133.136,105.470,65.291
352.943,131.467,105.470,65.291
358.618,133.136,105.470,65.291
362.290,130.132,105.470,65.291
365.294,127.127,105.470,65.291
369.634,128.797,105.470,65.291
373.973,129.798,105.470,65.291
379.648,127.461,105.470,65.291
393.964,131.697,103.221,63.899
400.171,128.756,103.221,63.899
412.912,130.390,103.221,63.899
424.347,126.796,103.221,63.899
439.048,125.163,103.221,63.899
457.016,123.529,103.221,63.899
478.904,123.203,103.221,63.899
498.832,124.836,103.221,63.899
