143.000,125.000,30.000,54.000
142.836,125.491,30.000,54.000
143.982,125.982,30.000,54.000
143.818,126.800,30.000,54.000
143.982,126.637,30.000,54.000
144.146,126.800,30.000,54.000
143.655,127.291,30.000,54.000
143.818,127.128,30.000,54.000
143.982,126.964,30.000,54.000
144.146,127.782,30.000,54.000
143.655,127.619,30.000,54.000
143.491,127.782,30.000,54.000
143.327,127.619,30.000,54.000
143.164,126.800,30.000,54.000
142.673,125.982,30.000,54.000
143.164,125.818,30.000,54.000
142.345,124.673,30.000,54.000
141.527,125.164,30.000,54.000
140.709,125.655,30.000,54.000
140.547,126.246,30.664,55.195
141.049,127.417,30.664,55.195
139.494,126.633,31.342,56.416
139.680,126.541,32.036,57.664
139.869,124.634,32.744,58.940
140.405,125.884,32.744,58.940
139.116,126.900,33.469,60.244
138.178,125.665,34.209,61.577
137.993,125.565,34.966,62.939
138.200,123.879,35.740,64.332
137.602,124.988,36.531,65.755
137.818,125.708,37.339,67.210
138.462,126.021,38.165,68.697
137.824,126.341,39.009,70.217
138.462,124.000,39.009,70.217
139.526,124.213,39.009,70.217
138.037,125.277,39.009,70.217
136.501,126.046,39.872,71.770
135.849,127.133,39.872,71.770
133.891,127.786,39.872,71.770
131.933,128.873,39.872,71.770
130.846,129.091,39.872,71.770
130.223,128.808,39.022,70.240
130.010,129.021,39.022,70.240
128.520,127.531,39.022,70.240
126.604,125.189,39.022,70.240
125.965,122.847,39.022,70.240
128.638,124.212,38.190,68.742
130.513,125.254,38.190,68.742
134.736,124.179,37.376,67.276
138.082,125.093,36.579,65.841
140.203,126.372,35.799,64.437
143.133,127.349,35.799,64.437
147.624,125.591,35.799,64.437
149.324,127.596,35.035,63.063
147.302,130.663,34.288,61.718
146.767,130.059,33.557,60.402
144.478,131.232,32.841,59.114
143.224,132.845,32.841,59.114
141.611,134.816,32.841,59.114
138.924,137.503,32.841,59.114
138.386,139.115,32.841,59.114
139.282,140.370,32.841,59.114
140.178,139.832,32.841,59.114
141.074,138.220,32.841,59.114
142.011,136.265,33.568,60.422
141.462,133.884,33.568,60.422
139.814,132.236,33.568,60.422
136.973,132.897,34.310,61.759
135.663,130.090,34.310,61.759
138.584,126.105,35.070,63.125
137.245,122.088,35.070,63.125
140.231,111.663,35.846,64.522
144.095,102.226,36.639,65.949
143.483,93.824,37.449,67.409
140.737,88.203,38.278,68.900
137.497,83.324,39.125,70.424
133.300,79.224,39.990,71.983
157.079,67.225,39.990,71.983
161.224,59.589,39.990,71.983
163.187,57.626,39.990,71.983
159.803,59.319,40.875,73.575
160.044,57.349,41.779,75.203
156.508,58.172,42.704,76.867
157.207,58.405,42.704,76.867
157.440,59.104,42.704,76.867
155.875,61.495,41.793,75.228
157.015,58.987,41.793,75.228
154.963,61.495,41.793,75.228
156.559,58.987,41.793,75.228
154.963,61.039,41.793,75.228
156.103,61.723,41.793,75.228
156.787,59.671,41.793,75.228
158.382,58.987,41.793,75.228
154.963,60.127,41.793,75.228
156.946,61.149,40.902,73.623
157.616,62.265,40.902,73.623
159.178,60.257,40.902,73.623
156.818,62.547,40.030,72.053
158.347,60.582,40.030,72.053
158.130,60.918,40.915,73.648
159.693,59.355,40.915,73.648
157.619,60.161,41.821,75.277
158.813,60.512,42.746,76.943
159.047,57.947,42.746,76.943
155.912,58.789,43.692,78.645
157.104,59.505,43.692,78.645
155.436,61.173,43.692,78.645
156.131,63.620,42.760,76.968
156.812,63.316,41.848,75.326
157.954,63.544,41.848,75.326
159.095,60.577,41.848,75.326
155.801,63.800,40.956,73.720
157.314,64.371,40.082,72.148
156.221,64.152,40.082,72.148
158.545,66.818,39.227,70.609
155.457,68.190,38.391,69.104
131.441,114.750,37.572,67.630
130.063,117.644,36.771,66.188
130.665,121.455,36.771,66.188
130.063,124.063,36.771,66.188
132.969,126.122,35.987,64.776
134.677,127.381,35.219,63.395
136.349,125.279,34.468,62.043
136.898,123.222,33.733,60.720
138.499,123.692,33.014,59.425
136.518,123.152,33.014,59.425
134.177,120.810,33.014,59.425
131.835,118.109,33.014,59.425
133.402,116.833,32.310,58.158
131.816,117.362,32.310,58.158
132.345,117.538,32.310,58.158
131.840,117.309,31.621,56.918
130.287,116.446,31.621,56.918
130.115,116.964,31.621,56.918
129.252,117.481,31.621,56.918
128.366,115.241,32.320,58.177
128.540,113.652,31.631,56.936
130.093,113.134,31.631,56.936
130.611,113.652,31.631,56.936
130.784,114.169,31.631,56.936
129.231,113.307,31.631,56.936
130.093,111.409,31.631,56.936
130.611,109.510,31.631,56.936
131.474,108.993,31.631,56.936
130.647,117.084,30.957,55.722
129.802,118.604,30.957,55.722
129.296,125.190,30.957,55.722
127.026,128.604,31.642,56.955
125.473,130.848,31.642,56.955
122.538,131.711,31.642,56.955
119.258,130.157,31.642,56.955
111.776,128.934,30.967,55.740
108.567,126.400,30.967,55.740
107.722,120.150,30.967,55.740
109.918,114.237,30.967,55.740
126.642,105.960,30.967,55.740
124.784,107.142,30.967,55.740
122.926,109.338,30.967,55.740
124.784,112.548,30.967,55.740
126.905,110.700,30.306,54.552
128.393,109.212,30.306,54.552
130.212,108.385,30.306,54.552
131.700,109.873,30.306,54.552
133.595,108.069,30.977,55.759
129.708,114.660,30.977,55.759
130.553,117.194,30.977,55.759
131.060,119.729,30.977,55.759
127.511,121.926,30.977,55.759
128.045,124.290,31.662,56.992
126.440,126.706,32.363,58.253
124.434,128.443,33.079,59.542
124.253,131.149,33.079,59.542
122.577,132.176,33.811,60.859
121.654,133.098,33.811,60.859
119.175,133.764,34.559,62.206
117.815,135.228,35.323,63.582
118.824,135.524,36.105,64.989
118.629,136.644,36.904,66.427
123.259,136.443,36.904,66.427
125.474,135.436,36.904,66.427
132.794,133.239,37.720,67.897
135.057,130.976,37.720,67.897
137.321,131.593,37.720,67.897
139.996,130.564,37.720,67.897
141.848,128.712,37.720,67.897
144.111,126.860,37.720,67.897
140.492,127.604,38.555,69.399
141.543,128.235,38.555,69.399
142.595,127.604,38.555,69.399
139.019,129.076,38.555,69.399
139.684,128.963,39.408,70.934
139.899,130.468,39.408,70.934
142.694,129.823,39.408,70.934
145.488,128.318,39.408,70.934
146.168,130.879,40.280,72.504
150.343,134.175,40.280,72.504
179.364,125.417,39.421,70.957
188.698,128.039,38.580,69.444
191.855,129.933,38.580,69.444
195.012,131.407,38.580,69.444
196.550,133.040,39.434,70.981
199.777,134.976,39.434,70.981
202.143,134.761,39.434,70.981
203.649,136.267,39.434,70.981
200.311,138.383,40.306,72.551
202.290,135.965,40.306,72.551
205.149,135.305,40.306,72.551
208.334,131.204,39.447,71.004
209.840,122.381,39.447,71.004
210.074,112.442,40.319,72.575
209.019,104.524,39.460,71.027
207.988,95.944,38.618,69.513
206.092,92.363,38.618,69.513
204.617,91.731,38.618,69.513
203.564,100.369,38.618,69.513
202.089,97.630,38.618,69.513
201.457,90.256,38.618,69.513
199.982,88.782,38.618,69.513
199.774,78.177,39.473,71.051
194.390,49.968,39.473,71.051
183.453,47.618,40.346,72.623
180.592,16.144,40.346,72.623
178.171,19.446,40.346,72.623
181.913,17.905,40.346,72.623
183.522,12.763,41.239,74.229
184.178,12.037,40.359,72.646
183.518,15.339,40.359,72.646
183.311,18.873,39.498,71.097
183.958,17.795,39.498,71.097
183.311,17.149,39.498,71.097
184.389,7.021,39.498,71.097
184.604,8.961,39.498,71.097
184.389,11.762,39.498,71.097
184.604,7.668,39.498,71.097
159.825,57.443,39.498,71.097
160.902,57.658,39.498,71.097
158.101,57.873,39.498,71.097
159.609,58.089,39.498,71.097
161.117,57.012,39.498,71.097
158.839,58.393,38.656,69.581
160.737,58.604,38.656,69.581
161.791,58.393,38.656,69.581
159.471,59.447,38.656,69.581
162.213,57.971,38.656,69.581
161.609,60.949,37.832,68.097
160.164,61.155,37.832,68.097
160.370,59.298,37.832,68.097
162.228,59.917,37.832,68.097
162.847,59.298,37.832,68.097
164.292,58.678,37.832,68.097
164.087,57.711,38.669,69.604
163.876,58.766,38.669,69.604
164.898,61.338,37.844,68.119
167.169,59.067,37.844,68.119
169.027,57.209,37.844,68.119
170.060,56.590,37.844,68.119
171.856,57.515,37.037,66.667
176.341,56.862,36.247,65.245
173.375,57.060,36.247,65.245
177.132,55.676,36.247,65.245
173.770,57.456,36.247,65.245
177.527,55.281,36.247,65.245
176.580,56.929,35.474,63.854
174.380,55.219,36.259,65.267
177.347,53.834,36.259,65.267
179.919,53.636,36.259,65.267
178.930,53.834,36.259,65.267
178.336,53.241,36.259,65.267
178.930,52.647,36.259,65.267
178.336,52.450,36.259,65.267
178.138,52.647,36.259,65.267
177.941,52.845,36.259,65.267
177.743,53.043,36.259,65.267
178.336,52.845,36.259,65.267
177.743,53.834,36.259,65.267
177.545,54.428,36.259,65.267
177.347,53.834,36.259,65.267
179.919,53.241,36.259,65.267
178.930,53.043,36.259,65.267
179.127,52.845,36.259,65.267
178.534,53.834,36.259,65.267
178.336,54.428,36.259,65.267
179.721,55.021,36.259,65.267
179.917,56.670,35.486,63.875
179.735,57.538,34.729,62.513
178.409,59.622,34.729,62.513
175.188,62.843,34.729,62.513
160.221,68.337,34.729,62.513
158.137,71.179,34.729,62.513
158.327,73.263,34.729,62.513
159.274,74.210,34.729,62.513
159.842,72.884,34.729,62.513
160.048,73.175,35.498,63.896
160.258,71.062,36.283,65.309
160.456,71.656,36.283,65.309
160.260,71.139,37.086,66.754
160.059,68.931,37.906,68.231
160.266,68.311,37.906,68.231
161.300,68.931,37.906,68.231
161.921,65.829,37.906,68.231
161.716,67.005,38.745,69.741
160.659,64.680,38.745,69.741
161.716,61.932,38.745,69.741
161.504,62.989,38.745,69.741
162.138,59.819,38.745,69.741
162.350,60.876,38.745,69.741
163.407,59.396,38.745,69.741
163.616,61.566,37.919,68.254
164.237,60.531,37.919,68.254
164.030,61.566,37.919,68.254
164.650,61.773,37.919,68.254
165.271,61.566,37.919,68.254
165.077,62.493,37.110,66.798
165.668,62.230,36.319,65.374
165.866,62.031,36.319,65.374
166.064,61.437,36.319,65.374
166.659,63.220,36.319,65.374
164.875,62.230,36.319,65.374
165.074,62.824,36.319,65.374
166.064,61.833,36.319,65.374
166.279,62.138,37.122,66.820
167.292,62.745,37.122,66.820
168.304,61.733,37.122,66.820
168.912,61.935,37.122,66.820
169.924,61.328,37.122,66.820
170.937,62.340,37.122,66.820
172.759,61.328,37.122,66.820
168.912,63.150,37.122,66.820
169.924,61.733,37.122,66.820
170.127,63.555,37.122,66.820
170.734,63.353,37.122,66.820
171.342,61.935,37.122,66.820
170.301,60.986,37.944,68.298
170.922,59.123,37.944,68.298
171.543,57.674,37.944,68.298
171.338,55.415,38.783,69.809
169.811,54.424,39.641,71.354
170.046,52.961,40.518,72.933
168.451,52.842,41.415,74.546
169.581,53.068,41.415,74.546
170.258,52.842,41.415,74.546
170.032,52.616,41.415,74.546
170.258,52.390,41.415,74.546
170.047,52.968,40.531,72.957
171.971,54.385,39.667,71.401
170.889,53.303,39.667,71.401
174.023,53.856,38.821,69.878
170.967,54.805,37.993,68.388
172.832,57.085,37.993,68.388
171.839,56.815,37.183,66.930
174.777,58.897,36.390,65.502
171.799,57.508,36.390,65.502
172.379,61.076,35.614,64.105
174.516,62.436,35.614,64.105
170.588,64.056,34.855,62.738
169.638,64.246,34.855,62.738
168.727,66.198,34.111,61.400
170.346,66.673,33.384,60.091
170.164,65.399,33.384,60.091
171.046,66.215,32.672,58.810
169.161,67.014,31.975,57.555
168.987,66.142,31.975,57.555
168.812,68.060,31.975,57.555
167.591,68.584,31.975,57.555
167.419,67.766,32.683,58.829
168.722,66.560,33.406,60.130
167.029,67.218,34.145,61.461
165.725,68.522,34.145,61.461
167.859,66.876,34.900,62.821
165.479,69.198,34.156,61.481
164.175,70.502,34.156,61.481
162.444,70.015,34.912,62.841
161.860,69.518,35.684,64.232
159.647,70.221,36.474,65.653
154.673,72.409,36.474,65.653
151.290,74.996,36.474,65.653
152.285,74.399,36.474,65.653
153.327,71.815,37.281,67.105
153.969,71.284,38.106,68.590
154.626,68.584,38.949,70.108
155.656,69.127,38.118,68.613
156.280,68.503,38.118,68.613
155.240,69.127,38.118,68.613
155.864,69.750,38.118,68.613
156.072,69.127,38.118,68.613
158.775,69.750,38.118,68.613
155.549,67.050,38.961,70.131
159.308,63.407,39.823,71.682
161.263,60.148,39.823,71.682
157.892,61.384,40.705,73.268
159.054,58.039,41.605,74.889
160.189,59.628,41.605,74.889
161.377,57.151,42.526,76.546
157.778,57.989,43.467,78.240
159.438,58.226,43.467,78.240
156.830,59.412,43.467,78.240
153.747,60.123,43.467,78.240
153.984,60.835,43.467,78.240
154.221,59.175,43.467,78.240
152.087,61.783,43.467,78.240
153.273,60.123,43.467,78.240
154.514,57.536,44.428,79.971
152.262,58.914,45.411,81.740
153.501,60.153,45.411,81.740
155.235,57.923,45.411,81.740
156.436,59.989,44.443,79.997
154.686,60.361,45.426,81.767
155.925,57.140,45.426,81.767
158.082,56.817,44.457,80.023
161.595,56.034,43.509,78.317
158.404,56.892,44.472,80.050
159.617,57.134,44.472,80.050
160.830,54.466,44.472,80.050
156.060,56.349,45.456,81.821
156.803,55.109,45.456,81.821
158.539,53.869,45.456,81.821
153.332,57.589,45.456,81.821
154.572,58.829,45.456,81.821
158.642,55.638,44.487,80.076
162.282,53.454,44.487,80.076
164.466,56.123,44.487,80.076
164.706,53.936,43.538,78.368
169.219,55.599,43.538,78.368
169.932,57.261,43.538,78.368
167.794,53.699,43.538,78.368
166.656,53.848,42.609,76.697
167.334,53.097,41.701,75.061
165.367,53.678,40.811,73.461
166.017,54.247,39.941,71.894
166.670,54.465,39.941,71.894
164.709,55.990,39.941,71.894
167.106,55.336,39.941,71.894
168.196,56.426,39.941,71.894
168.413,56.644,39.941,71.894
169.067,57.297,39.941,71.894
168.849,57.951,39.941,71.894
167.324,58.169,39.941,71.894
166.204,57.147,40.825,73.485
166.872,57.816,40.825,73.485
165.759,57.593,40.825,73.485
166.427,56.479,40.825,73.485
167.095,55.811,40.825,73.485
168.261,52.919,41.728,75.111
167.122,54.967,41.728,75.111
165.074,56.106,41.728,75.111
167.578,54.512,41.728,75.111
166.408,54.862,42.651,76.772
166.660,54.737,43.595,78.471
165.931,54.116,44.560,80.207
163.673,54.489,45.545,81.982
161.364,53.840,46.553,83.796
158.063,56.634,46.553,83.796
153.238,58.919,46.553,83.796
151.968,63.237,46.553,83.796
149.174,66.538,46.553,83.796
145.873,71.363,46.553,83.796
145.111,74.157,46.553,83.796
144.857,72.887,46.553,83.796
143.587,71.109,46.553,83.796
144.349,71.871,46.553,83.796
144.603,74.157,46.553,83.796
144.857,74.411,46.553,83.796
145.111,73.141,46.553,83.796
145.365,73.395,46.553,83.796
144.095,66.538,46.553,83.796
140.794,63.237,46.553,83.796
143.003,61.438,45.560,82.009
144.820,61.820,46.568,83.823
144.058,59.025,46.568,83.823
143.296,58.263,46.568,83.823
145.506,57.443,45.575,82.035
145.260,56.793,46.584,83.851
