205.000,151.000,17.000,50.000
203.594,149.083,17.000,50.000
202.699,148.188,17.000,50.000
201.549,148.316,17.000,50.000
200.398,148.188,17.000,50.000
199.248,147.804,17.000,50.000
197.586,147.165,17.000,50.000
195.413,146.526,17.000,50.000
194.007,145.376,17.000,50.000
192.856,146.270,17.000,50.000
191.195,144.864,17.000,50.000
189.533,143.714,17.000,50.000
187.871,142.563,17.000,50.000
187.999,142.436,17.000,50.000
186.081,142.052,17.000,50.000
183.653,141.157,17.000,50.000
184.036,142.052,17.000,50.000
182.119,140.646,17.000,50.000
181.480,139.751,17.000,50.000
180.585,139.368,17.000,50.000
179.690,138.217,17.000,50.000
178.795,137.067,17.000,50.000
178.156,136.428,17.000,50.000
176.982,137.330,16.637,48.934
176.857,136.204,16.637,48.934
175.231,136.079,16.637,48.934
175.046,137.204,16.283,47.890
173.455,135.368,16.283,47.890
172.843,135.000,16.283,47.890
171.986,134.143,16.283,47.890
169.659,132.307,16.283,47.890
169.047,131.205,16.283,47.890
167.700,129.613,16.283,47.890
168.068,128.511,16.283,47.890
166.231,128.144,16.283,47.890
164.884,127.042,16.283,47.890
164.517,128.389,16.283,47.890
165.129,127.532,16.283,47.890
164.027,126.430,16.283,47.890
162.925,125.573,16.283,47.890
161.824,124.226,16.283,47.890
162.436,123.124,16.283,47.890
161.089,121.777,16.283,47.890
160.477,121.900,16.283,47.890
161.334,120.798,16.283,47.890
160.445,122.607,15.935,46.869
159.607,123.445,15.935,46.869
158.289,124.763,15.935,46.869
156.970,124.164,15.935,46.869
155.652,122.846,15.935,46.869
154.095,123.206,15.935,46.869
153.256,121.648,15.935,46.869
151.459,119.851,15.935,46.869
150.141,118.533,15.935,46.869
149.062,118.413,15.935,46.869
148.463,118.053,15.935,46.869
147.385,119.851,15.935,46.869
146.306,119.012,15.935,46.869
145.228,119.851,15.935,46.869
143.430,119.012,15.935,46.869
141.633,119.611,15.935,46.869
138.638,117.334,15.935,46.869
136.361,115.777,15.935,46.869
136.481,116.376,15.935,46.869
134.923,115.537,15.935,46.869
133.845,116.376,15.935,46.869
131.808,115.537,15.935,46.869
130.729,116.376,15.935,46.869
128.453,114.339,15.935,46.869
126.655,112.781,15.935,46.869
124.618,111.942,15.935,46.869
123.540,111.104,15.935,46.869
122.461,109.067,15.935,46.869
123.061,107.988,15.935,46.869
121.263,109.067,15.935,46.869
120.185,107.749,15.935,46.869
117.669,107.389,15.935,46.869
116.111,106.311,15.935,46.869
114.793,105.232,15.935,46.869
113.714,104.873,15.935,46.869
112.396,104.993,15.935,46.869
111.558,103.914,15.935,46.869
110.240,103.315,15.935,46.869
108.921,102.476,15.935,46.869
107.364,103.794,15.935,46.869
105.566,103.435,15.935,46.869
103.529,102.596,15.935,46.869
101.732,102.476,15.935,46.869
99.935,101.877,15.935,46.869
98.377,100.559,15.935,46.869
97.059,99.241,15.935,46.869
95.981,98.402,15.935,46.869
93.944,99.002,15.935,46.869
92.150,99.617,15.596,45.869
90.860,98.796,15.596,45.869
90.687,100.076,15.263,44.891
87.863,99.338,14.938,43.934
87.048,99.265,14.619,42.997
84.979,98.134,14.307,42.080
83.581,98.887,14.307,42.080
81.971,97.781,14.002,41.183
81.004,98.930,13.704,40.305
80.694,97.797,13.704,40.305
78.943,99.136,13.704,40.305
77.809,98.209,13.704,40.305
76.267,98.142,13.411,39.445
74.952,98.077,13.125,38.604
73.077,96.794,13.125,38.604
71.202,95.511,13.125,38.604
69.129,95.412,13.125,38.604
68.044,95.511,13.125,38.604
66.563,96.004,13.125,38.604
64.515,95.369,12.845,37.781
64.419,95.080,12.845,37.781
62.777,95.949,12.845,37.781
60.586,95.142,12.571,36.975
59.357,93.724,12.571,36.975
57.750,93.629,12.571,36.975
58.034,92.967,12.571,36.975
56.805,93.251,12.571,36.975
