176.000,75.000,47.000,102.000
175.135,78.171,47.000,102.000
174.270,81.918,47.000,102.000
173.406,83.936,47.000,102.000
172.541,85.378,47.000,102.000
171.722,86.343,48.040,104.257
170.249,88.995,48.040,104.257
168.189,88.147,49.103,106.563
164.876,86.039,49.103,106.563
160.896,80.798,50.189,108.921
156.278,73.718,50.189,108.921
152.892,72.179,50.189,108.921
149.506,71.255,50.189,108.921
146.735,71.563,50.189,108.921
142.028,64.929,51.300,111.331
139.826,62.097,51.300,111.331
138.253,59.895,51.300,111.331
136.680,57.692,51.300,111.331
133.174,53.523,52.435,113.794
133.496,54.487,52.435,113.794
131.244,52.879,52.435,113.794
132.209,53.844,52.435,113.794
131.888,57.382,52.435,113.794
131.566,60.919,52.435,113.794
128.672,65.100,52.435,113.794
130.280,70.567,52.435,113.794
131.244,70.246,52.435,113.794
130.280,66.065,52.435,113.794
132.531,59.311,52.435,113.794
131.566,53.201,52.435,113.794
133.817,42.588,52.435,113.794
134.782,39.051,52.435,113.794
137.676,36.799,52.435,113.794
136.712,32.619,52.435,113.794
140.249,31.011,52.435,113.794
141.857,34.548,52.435,113.794
142.822,37.443,52.435,113.794
143.787,39.051,52.435,113.794
142.822,42.588,52.435,113.794
144.430,47.412,52.435,113.794
140.892,51.593,52.435,113.794
141.857,55.774,52.435,113.794
137.676,63.814,52.435,113.794
137.355,69.281,52.435,113.794
136.390,72.819,52.435,113.794
134.782,69.281,52.435,113.794
132.531,65.100,52.435,113.794
129.636,62.206,52.435,113.794
127.385,60.598,52.435,113.794
124.491,60.919,52.435,113.794
120.310,63.171,52.435,113.794
117.416,64.779,52.435,113.794
115.164,67.030,52.435,113.794
116.772,67.995,52.435,113.794
115.808,68.316,52.435,113.794
118.059,66.708,52.435,113.794
119.667,63.814,52.435,113.794
121.275,64.135,52.435,113.794
128.672,63.814,52.435,113.794
130.280,62.849,52.435,113.794
133.817,64.457,52.435,113.794
137.355,65.422,52.435,113.794
143.114,56.489,53.595,116.312
147.637,49.404,54.780,118.885
151.333,47.052,54.780,118.885
153.167,44.692,55.993,121.516
156.258,41.601,55.993,121.516
156.601,40.570,55.993,121.516
156.945,39.540,55.993,121.516
158.662,38.510,55.993,121.516
161.753,38.853,55.993,121.516
164.844,39.197,55.993,121.516
166.561,39.540,55.993,121.516
168.278,37.823,55.993,121.516
172.742,38.167,55.993,121.516
173.192,38.604,57.231,124.204
173.651,39.051,58.498,126.952
173.292,42.997,58.498,126.952
171.529,47.177,59.792,129.761
174.291,49.165,61.115,132.632
171.671,48.087,62.467,135.566
171.377,44.600,63.849,138.566
167.853,38.726,63.849,138.566
170.594,34.418,63.849,138.566
172.552,37.159,63.849,138.566
175.293,38.334,63.849,138.566
174.119,34.810,63.849,138.566
172.944,32.068,63.849,138.566
174.902,31.677,63.849,138.566
172.944,29.719,63.849,138.566
172.552,26.977,63.849,138.566
171.377,29.719,63.849,138.566
171.769,28.544,63.849,138.566
170.594,28.152,63.849,138.566
167.070,26.977,63.849,138.566
169.028,27.369,63.849,138.566
167.070,27.761,63.849,138.566
169.028,28.935,63.849,138.566
167.070,34.026,63.849,138.566
166.678,37.551,63.849,138.566
164.720,41.075,63.849,138.566
165.112,44.600,63.849,138.566
164.720,47.341,63.849,138.566
161.979,43.033,63.849,138.566
160.021,41.075,63.849,138.566
156.496,39.117,63.849,138.566
149.839,31.677,63.849,138.566
144.748,27.369,63.849,138.566
140.440,24.628,63.849,138.566
137.699,23.453,63.849,138.566
134.174,23.845,63.849,138.566
131.433,24.236,63.849,138.566
130.258,25.411,63.849,138.566
129.867,28.152,63.849,138.566
132.608,35.593,63.849,138.566
133.000,42.250,63.849,138.566
134.958,48.908,63.849,138.566
133.783,51.649,63.849,138.566
134.174,43.425,63.849,138.566
133.000,33.635,63.849,138.566
134.958,25.411,63.849,138.566
137.699,18.754,63.849,138.566
141.223,7.397,63.849,138.566
138.482,0.740,63.849,138.566
142.007,-3.568,63.849,138.566
139.265,-1.610,63.849,138.566
140.440,3.481,63.849,138.566
140.049,7.789,63.849,138.566
141.223,12.096,63.849,138.566
137.699,17.970,63.849,138.566
140.440,26.977,63.849,138.566
138.482,33.635,63.849,138.566
139.657,39.509,63.849,138.566
136.916,44.600,63.849,138.566
136.524,52.040,63.849,138.566
133.783,55.565,63.849,138.566
133.391,50.474,63.849,138.566
133.783,48.516,63.849,138.566
132.608,43.425,63.849,138.566
134.566,45.383,63.849,138.566
134.958,44.991,63.849,138.566
136.132,45.383,63.849,138.566
138.090,48.908,63.849,138.566
140.049,48.516,63.849,138.566
143.573,52.040,63.849,138.566
143.965,50.082,63.849,138.566
149.056,50.474,63.849,138.566
151.797,49.299,63.849,138.566
152.188,46.558,63.849,138.566
153.363,46.949,63.849,138.566
156.888,44.208,63.849,138.566
157.279,45.383,63.849,138.566
158.454,47.341,63.849,138.566
159.629,44.600,63.849,138.566
163.392,37.785,65.262,141.632
167.795,37.385,65.262,141.632
172.198,33.782,65.262,141.632
172.598,30.980,65.262,141.632
174.600,26.577,65.262,141.632
176.601,29.379,65.262,141.632
179.403,29.780,65.262,141.632
179.003,26.177,65.262,141.632
181.004,28.179,65.262,141.632
179.036,21.213,66.706,144.765
179.445,23.259,66.706,144.765
181.491,24.486,66.706,144.765
180.329,26.705,68.181,147.968
178.273,28.973,69.690,151.242
178.700,34.529,69.690,151.242
175.712,37.734,71.232,154.588
175.275,39.919,71.232,154.588
174.838,40.356,71.232,154.588
174.401,32.929,71.232,154.588
174.838,28.123,71.232,154.588
176.149,29.433,71.232,154.588
173.964,24.628,71.232,154.588
173.527,25.064,71.232,154.588
175.712,26.375,71.232,154.588
171.780,22.443,71.232,154.588
173.964,24.628,71.232,154.588
170.906,28.560,71.232,154.588
173.091,32.492,71.232,154.588
170.032,25.064,71.232,154.588
172.217,27.249,71.232,154.588
173.527,22.443,71.232,154.588
171.343,22.880,71.232,154.588
173.527,22.443,71.232,154.588
172.217,22.006,71.232,154.588
174.401,25.064,71.232,154.588
171.343,29.870,71.232,154.588
173.527,37.297,71.232,154.588
171.343,40.356,71.232,154.588
170.032,40.793,71.232,154.588
168.722,38.608,71.232,154.588
163.916,34.676,71.232,154.588
159.110,31.618,71.232,154.588
156.052,25.938,71.232,154.588
151.246,20.259,71.232,154.588
144.693,14.579,71.232,154.588
141.634,15.016,71.232,154.588
139.450,16.327,71.232,154.588
136.392,18.511,71.232,154.588
133.361,25.634,69.713,151.292
131.223,31.192,69.713,151.292
131.651,38.461,69.713,151.292
132.079,43.164,69.713,151.292
134.216,46.157,69.713,151.292
136.354,43.164,69.713,151.292
137.637,35.040,69.713,151.292
138.920,25.206,69.713,151.292
142.768,12.807,69.713,151.292
146.616,6.393,69.713,151.292
145.333,-0.021,69.713,151.292
148.326,-5.579,69.713,151.292
146.188,-0.021,69.713,151.292
147.471,3.827,69.713,151.292
147.044,9.386,69.713,151.292
147.471,11.524,69.713,151.292
145.333,17.937,69.713,151.292
143.195,22.641,69.713,151.292
141.913,28.199,69.713,151.292
138.065,33.758,69.713,151.292
134.216,41.882,69.713,151.292
132.079,46.585,69.713,151.292
130.796,47.868,69.713,151.292
