141.000,73.000,27.000,34.000
141.599,72.640,27.000,34.000
141.240,72.281,27.000,34.000
141.360,73.120,27.000,34.000
141.719,72.760,27.000,34.000
142.319,72.401,27.000,34.000
142.199,73.240,27.000,34.000
142.558,72.880,27.000,34.000
143.158,72.281,27.000,34.000
143.278,72.880,27.000,34.000
144.357,72.281,27.000,34.000
144.477,72.880,27.000,34.000
145.076,72.281,27.000,34.000
145.196,72.880,27.000,34.000
145.795,72.041,27.000,34.000
147.114,72.880,27.000,34.000
146.515,72.041,27.000,34.000
148.073,72.880,27.000,34.000
148.672,72.281,27.000,34.000
150.231,73.120,27.000,34.000
152.047,71.873,27.597,34.752
152.904,72.731,27.597,34.752
154.252,72.118,27.597,34.752
154.865,72.731,27.597,34.752
156.703,71.873,27.597,34.752
158.051,72.486,27.597,34.752
159.644,72.853,27.597,34.752
160.256,71.996,27.597,34.752
162.086,72.957,27.009,34.011
163.165,72.357,27.009,34.011
164.964,73.197,27.009,34.011
166.523,72.357,27.009,34.011
167.123,73.197,27.009,34.011
168.682,72.750,26.433,33.286
169.738,73.337,26.433,33.286
170.795,72.750,26.433,33.286
171.851,73.572,26.433,33.286
172.672,72.985,26.433,33.286
173.259,72.398,26.433,33.286
174.550,72.985,26.433,33.286
174.667,71.929,26.433,33.286
174.785,72.281,26.433,33.286
175.606,72.398,26.433,33.286
174.785,72.750,26.433,33.286
175.606,72.867,26.433,33.286
174.785,71.811,26.433,33.286
175.137,72.867,26.433,33.286
174.785,72.046,26.433,33.286
173.729,72.398,26.433,33.286
173.142,72.985,26.433,33.286
171.616,72.163,26.433,33.286
171.029,72.515,26.433,33.286
170.208,72.867,26.433,33.286
168.917,71.811,26.433,33.286
167.156,72.633,26.433,33.286
165.396,72.750,26.433,33.286
163.401,72.633,26.433,33.286
161.406,72.515,26.433,33.286
159.410,72.867,26.433,33.286
157.650,71.811,26.433,33.286
153.542,73.102,26.433,33.286
152.955,72.750,26.433,33.286
151.430,73.572,26.433,33.286
149.200,73.454,26.433,33.286
147.439,73.572,26.433,33.286
145.444,73.689,26.433,33.286
143.919,74.041,26.433,33.286
142.628,72.985,26.433,33.286
141.337,73.337,26.433,33.286
139.576,73.689,26.433,33.286
136.877,73.572,26.433,33.286
136.759,73.454,26.433,33.286
134.764,73.337,26.433,33.286
133.004,73.454,26.433,33.286
131.243,73.806,26.433,33.286
129.718,74.628,26.433,33.286
127.488,74.276,26.433,33.286
125.493,74.158,26.433,33.286
123.732,74.276,26.433,33.286
122.206,74.628,26.433,33.286
120.446,75.215,26.433,33.286
119.390,74.628,26.433,33.286
118.334,75.449,26.433,33.286
117.512,75.097,26.433,33.286
116.925,74.980,26.433,33.286
117.043,75.332,26.433,33.286
116.221,75.919,26.433,33.286
116.104,76.036,26.433,33.286
115.282,76.623,26.433,33.286
115.399,77.445,26.433,33.286
113.639,78.031,26.433,33.286
114.461,76.975,26.433,33.286
113.639,77.797,26.433,33.286
114.461,78.384,26.433,33.286
114.813,77.562,26.433,33.286
115.634,77.445,26.433,33.286
115.986,77.093,26.433,33.286
116.808,76.740,26.433,33.286
116.925,77.327,26.433,33.286
117.981,76.271,26.433,33.286
118.803,75.919,26.433,33.286
118.920,75.332,26.433,33.286
119.507,76.388,26.433,33.286
119.859,76.036,26.433,33.286
120.681,75.684,26.433,33.286
121.268,77.210,26.433,33.286
122.324,76.623,26.433,33.286
121.972,77.679,26.433,33.286
123.497,78.031,26.433,33.286
124.554,77.210,26.433,33.286
126.314,77.797,26.433,33.286
126.666,78.149,26.433,33.286
128.192,77.562,26.433,33.286
129.718,78.384,26.433,33.286
131.009,77.562,26.433,33.286
132.065,78.149,26.433,33.286
133.356,77.327,26.433,33.286
133.708,77.679,26.433,33.286
134.999,77.797,26.433,33.286
136.525,77.914,26.433,33.286
138.285,76.623,26.433,33.286
138.637,77.679,26.433,33.286
139.693,77.797,26.433,33.286
140.984,77.914,26.433,33.286
142.041,76.858,26.433,33.286
143.097,76.975,26.433,33.286
143.918,76.623,26.433,33.286
144.505,77.679,26.433,33.286
144.857,77.327,26.433,33.286
145.914,76.740,26.433,33.286
147.205,77.327,26.433,33.286
147.791,76.740,26.433,33.286
147.909,77.327,26.433,33.286
148.965,76.740,26.433,33.286
149.787,77.562,26.433,33.286
150.608,77.210,26.433,33.286
151.430,77.327,26.433,33.286
152.016,77.914,26.433,33.286
153.542,77.093,26.433,33.286
153.190,77.914,26.433,33.286
155.420,77.562,26.433,33.286
154.598,78.618,26.433,33.286
155.420,78.266,26.433,33.286
155.068,78.618,26.433,33.286
156.359,78.970,26.433,33.286
155.772,78.618,26.433,33.286
156.124,79.909,26.433,33.286
156.711,79.557,26.433,33.286
155.889,80.848,26.433,33.286
156.241,81.904,26.433,33.286
156.359,81.318,26.433,33.286
155.303,82.139,26.433,33.286
155.420,82.257,26.433,33.286
155.772,82.843,26.433,33.286
156.124,83.665,26.433,33.286
156.476,84.017,26.433,33.286
155.655,83.900,26.433,33.286
156.241,84.721,26.433,33.286
157.063,86.012,26.433,33.286
156.476,86.364,26.433,33.286
156.359,87.655,26.433,33.286
156.007,88.477,26.433,33.286
157.063,88.829,26.433,33.286
157.180,89.885,26.433,33.286
157.298,88.359,26.433,33.286
156.007,89.885,26.433,33.286
157.063,88.594,26.433,33.286
157.180,90.120,26.433,33.286
157.298,88.829,26.433,33.286
155.772,90.120,26.433,33.286
156.359,88.359,26.433,33.286
155.303,89.416,26.433,33.286
156.376,88.074,25.869,32.576
155.342,88.648,25.869,32.576
155.457,88.993,25.869,32.576
155.113,87.040,25.869,32.576
154.469,87.275,26.442,33.297
153.647,85.984,26.442,33.297
153.060,84.927,26.442,33.297
153.412,85.045,26.442,33.297
151.651,83.753,26.442,33.297
151.769,84.575,26.442,33.297
150.947,83.519,26.442,33.297
150.360,82.932,26.442,33.297
149.303,81.875,26.442,33.297
148.951,81.053,26.442,33.297
149.773,80.936,26.442,33.297
148.716,80.349,26.442,33.297
148.834,80.231,26.442,33.297
148.951,79.644,26.442,33.297
148.129,79.527,26.442,33.297
148.951,79.175,26.442,33.297
148.129,78.588,26.442,33.297
148.716,79.175,26.442,33.297
147.660,78.353,26.442,33.297
148.247,78.470,26.442,33.297
148.834,78.118,26.442,33.297
147.542,77.766,26.442,33.297
148.129,78.353,26.442,33.297
148.951,77.296,26.442,33.297
147.895,77.179,26.442,33.297
148.951,76.592,26.442,33.297
147.895,77.414,26.442,33.297
149.186,76.357,26.442,33.297
149.538,76.240,26.442,33.297
148.247,76.357,26.442,33.297
149.773,75.770,26.442,33.297
148.482,76.592,26.442,33.297
149.069,76.005,26.442,33.297
148.012,76.122,26.442,33.297
146.955,76.240,26.442,33.297
147.542,76.122,26.442,33.297
145.781,76.240,26.442,33.297
144.725,76.827,26.442,33.297
143.668,77.414,26.442,33.297
142.612,76.827,26.442,33.297
140.851,77.883,26.442,33.297
139.324,76.827,26.442,33.297
136.624,77.649,26.442,33.297
134.159,77.062,26.442,33.297
128.876,77.649,26.442,33.297
128.054,78.001,26.442,33.297
126.058,77.414,26.442,33.297
123.593,78.236,26.442,33.297
120.892,77.883,26.442,33.297
118.427,78.001,26.442,33.297
115.727,78.353,26.442,33.297
113.496,78.940,26.442,33.297
111.500,78.588,26.442,33.297
109.739,79.410,26.442,33.297
107.743,78.118,26.442,33.297
108.330,77.531,26.442,33.297
106.569,78.118,26.442,33.297
105.043,77.062,26.442,33.297
105.395,76.944,26.442,33.297
103.165,77.062,26.442,33.297
103.752,76.709,26.442,33.297
101.756,77.766,26.442,33.297
101.169,77.649,26.442,33.297
101.756,78.236,26.442,33.297
99.995,77.883,26.442,33.297
100.817,77.766,26.442,33.297
99.760,78.588,26.442,33.297
100.347,78.940,26.442,33.297
99.290,78.353,26.442,33.297
99.877,79.410,26.442,33.297
100.464,79.997,26.442,33.297
99.643,79.644,26.442,33.297
100.464,80.936,26.442,33.297
100.817,81.053,26.442,33.297
101.873,82.345,26.442,33.297
102.225,82.932,26.442,33.297
102.813,83.519,26.442,33.297
101.991,84.575,26.442,33.297
102.578,85.162,26.442,33.297
101.051,84.340,26.442,33.297
101.638,85.397,26.442,33.297
99.643,85.514,26.442,33.297
98.586,84.927,26.442,33.297
97.295,84.340,26.442,33.297
95.064,84.693,26.442,33.297
95.651,85.280,26.442,33.297
93.420,84.458,26.442,33.297
91.425,84.810,26.442,33.297
89.429,84.927,26.442,33.297
87.433,83.871,26.442,33.297
85.437,83.284,26.442,33.297
83.441,84.106,26.442,33.297
81.211,83.519,26.442,33.297
79.215,84.106,26.442,33.297
73.932,83.284,26.442,33.297
73.345,83.636,26.442,33.297
70.645,84.458,26.442,33.297
67.944,83.871,26.442,33.297
65.009,83.284,26.442,33.297
62.074,83.871,26.442,33.297
58.670,83.049,26.442,33.297
55.030,82.932,26.442,33.297
52.330,83.284,26.442,33.297
48.221,82.932,26.442,33.297
43.407,83.049,26.442,33.297
42.116,83.166,26.442,33.297
40.590,83.519,26.442,33.297
38.359,83.871,26.442,33.297
35.894,83.049,26.442,33.297
33.898,83.401,26.442,33.297
31.902,83.988,26.442,33.297
29.906,83.401,26.442,33.297
27.910,84.223,26.442,33.297
25.915,83.636,26.442,33.297
23.214,84.693,26.442,33.297
22.393,84.106,26.442,33.297
20.397,83.753,26.442,33.297
18.636,84.575,26.442,33.297
17.344,83.753,26.442,33.297
15.818,84.106,26.442,33.297
14.996,83.049,26.442,33.297
14.409,82.932,26.442,33.297
12.883,82.579,26.442,33.297
13.235,83.636,26.442,33.297
11.944,82.579,26.442,33.297
12.061,83.166,26.442,33.297
11.005,82.110,26.442,33.297
11.592,82.227,26.442,33.297
10.300,81.875,26.442,33.297
10.183,81.992,26.442,33.297
11.239,81.875,26.442,33.297
10.652,81.523,26.442,33.297
10.300,82.345,26.442,33.297
10.183,81.992,26.442,33.297
11.474,81.640,26.442,33.297
10.418,82.227,26.442,33.297
11.005,81.640,26.442,33.297
11.826,82.227,26.442,33.297
11.474,81.640,26.442,33.297
12.061,82.462,26.442,33.297
12.883,82.110,26.442,33.297
13.470,82.227,26.442,33.297
13.822,82.814,26.442,33.297
15.114,83.636,26.442,33.297
17.579,84.223,26.442,33.297
17.931,83.636,26.442,33.297
19.692,84.927,26.442,33.297
21.453,85.045,26.442,33.297
23.449,86.101,26.442,33.297
25.915,87.393,26.442,33.297
30.258,88.919,26.442,33.297
32.959,90.211,26.442,33.297
36.833,92.206,26.442,33.297
39.768,94.437,26.442,33.297
46.460,99.955,26.442,33.297
47.516,99.368,26.442,33.297
49.982,102.068,26.442,33.297
54.326,104.533,26.442,33.297
56.087,107.703,26.442,33.297
60.431,110.404,26.442,33.297
62.192,112.634,26.442,33.297
66.301,115.334,26.442,33.297
67.592,117.565,26.442,33.297
70.057,120.030,26.442,33.297
75.106,123.200,26.442,33.297
75.458,124.022,26.442,33.297
76.749,125.548,26.442,33.297
78.745,127.544,26.442,33.297
80.506,129.305,26.442,33.297
82.267,130.362,26.442,33.297
84.498,131.653,26.442,33.297
85.789,132.945,26.442,33.297
87.550,133.297,26.442,33.297
88.842,134.588,26.442,33.297
91.072,136.584,26.442,33.297
92.129,136.232,26.442,33.297
93.420,136.584,26.442,33.297
94.242,137.406,26.442,33.297
96.003,137.993,26.442,33.297
97.529,137.875,26.442,33.297
98.586,138.228,26.442,33.297
99.877,139.284,26.442,33.297
101.169,140.106,26.442,33.297
102.695,140.693,26.442,33.297
104.691,142.219,26.442,33.297
105.747,141.397,26.442,33.297
106.804,141.984,26.442,33.297
108.095,141.163,26.442,33.297
109.622,140.576,26.442,33.297
110.678,139.989,26.442,33.297
111.265,138.462,26.442,33.297
112.557,137.406,26.442,33.297
111.735,136.114,26.442,33.297
113.026,134.353,26.442,33.297
114.083,132.358,26.442,33.297
114.670,131.771,26.442,33.297
115.257,130.714,26.442,33.297
116.314,129.657,26.442,33.297
115.492,128.836,26.442,33.297
116.783,127.779,26.442,33.297
118.075,126.957,26.442,33.297
119.131,125.431,26.442,33.297
120.188,124.609,26.442,33.297
121.244,124.022,26.442,33.297
122.771,122.261,26.442,33.297
123.123,122.144,26.442,33.297
123.927,121.166,27.027,34.033
124.499,120.416,27.625,34.786
125.339,119.395,28.236,35.556
125.417,118.091,28.860,36.343
126.057,117.707,28.860,36.343
125.673,117.835,28.860,36.343
126.057,116.426,28.860,36.343
126.403,115.625,29.499,37.147
126.534,115.756,29.499,37.147
126.665,115.887,29.499,37.147
126.796,115.494,29.499,37.147
126.403,114.577,29.499,37.147
127.320,113.922,29.499,37.147
127.975,114.053,29.499,37.147
128.891,112.612,29.499,37.147
129.808,113.005,29.499,37.147
130.987,111.564,29.499,37.147
132.428,111.957,29.499,37.147
134.916,109.993,29.499,37.147
136.357,110.910,29.499,37.147
138.060,109.993,29.499,37.147
140.024,108.290,29.499,37.147
142.513,108.159,29.499,37.147
147.359,107.242,29.499,37.147
149.848,106.325,29.499,37.147
155.218,106.718,29.499,37.147
157.706,105.016,29.499,37.147
162.290,103.575,29.499,37.147
166.875,101.348,29.499,37.147
167.791,101.741,29.499,37.147
169.232,99.777,29.499,37.147
171.945,98.279,28.870,36.355
173.868,97.638,28.870,36.355
176.047,97.766,28.870,36.355
178.226,96.869,28.870,36.355
180.149,95.459,28.870,36.355
181.559,95.844,28.870,36.355
182.969,94.690,28.870,36.355
183.866,95.331,28.870,36.355
182.969,94.177,28.870,36.355
184.389,95.183,28.254,35.579
183.118,94.474,27.652,34.821
183.978,94.842,27.652,34.821
182.497,93.675,27.062,34.078
181.280,93.228,26.485,33.351
179.987,94.051,26.485,33.351
179.399,93.228,26.485,33.351
177.635,94.051,26.485,33.351
175.165,93.228,26.485,33.351
175.283,93.580,26.485,33.351
173.049,94.168,26.485,33.351
172.226,93.345,26.485,33.351
171.167,93.933,26.485,33.351
170.109,93.110,26.485,33.351
169.286,93.463,26.485,33.351
168.227,93.345,26.485,33.351
169.286,92.757,26.485,33.351
169.168,93.110,26.485,33.351
170.924,91.765,25.920,32.640
171.499,91.190,25.920,32.640
172.075,90.845,25.920,32.640
173.111,89.809,25.920,32.640
174.607,89.003,25.920,32.640
176.563,88.658,25.920,32.640
178.980,89.003,25.920,32.640
182.778,87.507,25.920,32.640
184.734,86.932,25.920,32.640
188.532,85.896,25.920,32.640
193.251,84.860,25.920,32.640
193.826,85.206,25.920,32.640
196.473,85.321,25.920,32.640
199.120,84.745,25.920,32.640
201.537,83.940,25.920,32.640
205.795,84.515,25.920,32.640
207.982,84.860,25.920,32.640
211.780,84.055,25.920,32.640
213.276,84.630,25.920,32.640
214.772,84.975,25.920,32.640
219.721,83.709,25.920,32.640
220.526,83.825,25.920,32.640
221.792,83.019,25.920,32.640
223.519,82.674,25.920,32.640
225.475,82.328,25.920,32.640
227.662,81.062,25.920,32.640
230.078,79.566,25.920,32.640
231.805,78.531,25.920,32.640
235.833,77.955,25.920,32.640
237.789,76.689,25.920,32.640
242.738,76.114,25.920,32.640
243.313,76.689,25.920,32.640
244.340,75.731,26.494,33.362
245.399,75.143,26.494,33.362
246.693,73.849,26.494,33.362
248.222,72.790,26.494,33.362
249.751,73.614,26.494,33.362
250.104,72.790,26.494,33.362
250.927,73.378,26.494,33.362
250.575,72.790,26.494,33.362
249.986,73.849,26.494,33.362
250.810,72.320,26.494,33.362
249.751,73.614,26.494,33.362
248.692,74.202,26.494,33.362
247.634,73.614,26.494,33.362
246.575,74.672,26.494,33.362
245.281,74.790,26.494,33.362
243.752,75.378,26.494,33.362
242.693,75.261,26.494,33.362
241.399,75.849,26.494,33.362
238.694,76.907,26.494,33.362
238.576,76.084,26.494,33.362
237.047,77.378,26.494,33.362
235.753,78.201,26.494,33.362
234.224,78.554,26.494,33.362
232.930,79.378,26.494,33.362
231.165,79.260,26.494,33.362
229.636,80.083,26.494,33.362
227.872,79.495,26.494,33.362
226.107,81.025,26.494,33.362
223.401,81.142,26.494,33.362
222.108,81.495,26.494,33.362
221.049,82.319,26.494,33.362
219.520,81.730,26.494,33.362
217.520,83.024,26.494,33.362
215.755,81.966,26.494,33.362
214.226,82.083,26.494,33.362
212.932,82.201,26.494,33.362
211.403,82.318,26.494,33.362
209.168,82.436,26.494,33.362
207.168,82.083,26.494,33.362
206.110,82.671,26.494,33.362
204.816,83.260,26.494,33.362
203.522,82.201,26.494,33.362
202.228,82.554,26.494,33.362
203.051,82.671,26.494,33.362
201.757,82.554,26.494,33.362
201.169,82.201,26.494,33.362
201.992,81.377,26.494,33.362
200.934,81.966,26.494,33.362
201.757,80.436,26.494,33.362
200.698,81.495,26.494,33.362
201.757,80.436,26.494,33.362
201.875,80.789,26.494,33.362
202.698,80.672,26.494,33.362
203.051,80.083,26.494,33.362
203.874,79.495,26.494,33.362
204.227,80.083,26.494,33.362
205.286,79.260,26.494,33.362
204.463,79.848,26.494,33.362
206.462,78.554,26.494,33.362
206.580,79.378,26.494,33.362
207.874,78.554,26.494,33.362
208.933,78.672,26.494,33.362
209.991,78.319,26.494,33.362
210.815,77.731,26.494,33.362
211.211,78.653,25.929,32.651
