129.000,80.000,64.000,78.000
120.345,75.812,64.000,78.000
113.924,72.741,64.000,78.000
107.503,67.995,64.000,78.000
101.081,62.690,64.000,78.000
95.218,59.061,64.000,78.000
93.822,57.107,64.000,78.000
92.985,58.503,64.000,78.000
92.706,63.807,64.000,78.000
90.193,70.787,64.000,78.000
87.122,76.650,64.000,78.000
84.051,80.279,64.000,78.000
78.188,81.675,64.000,78.000
72.325,80.838,64.000,78.000
66.462,79.442,64.000,78.000
61.157,75.254,64.000,78.000
60.320,70.508,64.000,78.000
61.157,66.878,64.000,78.000
63.112,66.599,64.000,78.000
67.300,66.320,64.000,78.000
72.604,69.949,64.000,78.000
75.117,73.579,64.000,78.000
75.954,76.650,64.000,78.000
80.701,78.046,64.000,78.000
84.888,79.442,64.000,78.000
89.635,80.279,64.000,78.000
93.822,77.208,64.000,78.000
99.127,72.462,64.000,78.000
103.315,64.365,64.000,78.000
111.970,57.386,64.000,78.000
122.299,52.081,64.000,78.000
128.721,51.802,64.000,78.000
134.584,57.107,64.000,78.000
137.096,59.619,64.000,78.000
139.609,62.690,64.000,78.000
141.563,64.086,64.000,78.000
144.076,65.482,64.000,78.000
143.239,66.320,64.000,78.000
142.401,64.365,64.000,78.000
143.721,62.634,65.416,79.726
143.885,60.271,66.863,81.490
140.422,57.252,68.343,83.293
141.913,56.357,68.343,83.293
138.991,58.220,69.855,85.135
139.296,59.743,69.855,85.135
138.382,60.048,69.855,85.135
136.858,60.962,69.855,85.135
138.382,61.267,69.855,85.135
136.858,61.572,69.855,85.135
140.210,58.829,69.855,85.135
142.343,55.477,69.855,85.135
145.086,51.515,69.855,85.135
150.236,49.192,68.365,83.320
154.710,48.298,68.365,83.320
157.394,53.368,68.365,83.320
156.499,60.823,68.365,83.320
154.412,67.683,68.365,83.320
155.306,72.156,68.365,83.320
154.023,74.482,66.907,81.543
150.517,71.131,65.480,79.804
150.231,65.133,65.480,79.804
154.516,60.277,65.480,79.804
159.344,57.549,64.084,78.102
164.655,60.065,64.084,78.102
165.494,61.462,64.084,78.102
164.291,66.876,62.717,76.437
160.735,69.885,62.717,76.437
154.811,71.491,61.380,74.807
149.529,72.031,60.071,73.211
143.350,72.054,58.790,71.650
135.820,68.121,57.536,70.122
131.051,64.858,57.536,70.122
128.792,59.086,57.536,70.122
133.034,57.172,56.309,68.627
134.819,59.561,55.108,67.163
133.617,62.206,55.108,67.163
134.338,65.331,55.108,67.163
135.059,67.975,55.108,67.163
132.415,67.735,55.108,67.163
129.990,70.073,53.933,65.731
127.872,69.838,53.933,65.731
125.284,67.250,53.933,65.731
128.814,64.191,53.933,65.731
131.872,62.074,53.933,65.731
135.401,60.897,53.933,65.731
145.518,64.897,53.933,65.731
149.988,68.426,53.933,65.731
154.929,68.661,53.933,65.731
163.634,65.603,53.933,65.731
167.163,63.956,53.933,65.731
171.163,61.368,53.933,65.731
173.280,61.133,53.933,65.731
174.927,60.427,53.933,65.731
173.751,57.368,53.933,65.731
176.367,53.760,52.783,64.329
176.708,52.005,51.657,62.958
174.869,52.025,50.556,61.615
176.471,54.170,49.478,60.301
179.703,60.846,48.423,59.015
176.535,67.817,48.423,59.015
172.944,72.675,48.423,59.015
168.508,74.998,48.423,59.015
162.804,74.787,48.423,59.015
157.101,71.619,48.423,59.015
156.045,68.028,48.423,59.015
161.651,61.531,47.390,57.757
164.339,61.324,47.390,57.757
165.372,64.012,47.390,57.757
165.166,67.526,47.390,57.757
167.440,71.454,47.390,57.757
167.646,72.901,47.390,57.757
167.440,72.281,47.390,57.757
169.300,76.622,47.390,57.757
170.747,75.175,47.390,57.757
172.194,78.690,47.390,57.757
173.696,75.121,46.379,56.525
172.435,72.019,45.390,55.319
175.010,70.237,45.390,55.319
177.975,74.834,44.422,54.140
176.767,79.334,43.475,52.985
174.489,82.641,42.548,51.855
172.076,85.425,42.548,51.855
168.178,84.868,42.548,51.855
166.306,84.169,41.641,50.749
164.308,83.260,41.641,50.749
161.583,81.262,41.641,50.749
158.495,79.264,41.641,50.749
154.681,76.903,41.641,50.749
151.956,74.178,41.641,50.749
149.595,70.727,41.641,50.749
147.596,62.916,41.641,50.749
145.598,61.281,41.641,50.749
143.237,64.732,41.641,50.749
144.508,68.184,41.641,50.749
143.600,71.998,41.641,50.749
141.602,75.086,41.641,50.749
139.967,77.811,41.641,50.749
140.512,78.356,41.641,50.749
138.151,78.901,41.641,50.749
141.965,77.266,41.641,50.749
148.323,77.811,41.641,50.749
153.228,76.903,41.641,50.749
161.402,78.901,41.641,50.749
164.853,77.629,41.641,50.749
167.941,75.994,41.641,50.749
171.029,79.083,41.641,50.749
169.758,80.717,41.641,50.749
171.756,79.083,41.641,50.749
174.480,76.721,41.641,50.749
172.482,75.450,41.641,50.749
170.847,76.358,41.641,50.749
167.396,75.086,41.641,50.749
161.402,70.545,41.641,50.749
162.310,69.637,41.641,50.749
159.949,71.272,41.641,50.749
161.583,74.360,41.641,50.749
162.128,77.811,41.641,50.749
160.857,79.446,41.641,50.749
165.398,77.448,41.641,50.749
167.396,79.083,41.641,50.749
169.394,79.991,41.641,50.749
170.303,82.352,41.641,50.749
171.937,81.807,41.641,50.749
170.666,81.989,41.641,50.749
170.121,81.444,41.641,50.749
168.486,82.352,41.641,50.749
166.125,82.897,41.641,50.749
163.037,81.262,41.641,50.749
159.585,80.354,41.641,50.749
157.403,79.670,40.753,49.667
154.025,78.781,40.753,49.667
148.159,78.603,40.753,49.667
145.848,79.492,40.753,49.667
142.470,78.958,40.753,49.667
141.581,79.492,40.753,49.667
139.270,76.825,40.753,49.667
138.737,77.714,40.753,49.667
140.692,74.692,40.753,49.667
142.648,73.803,40.753,49.667
144.248,74.336,40.753,49.667
146.203,72.381,40.753,49.667
148.514,73.270,40.753,49.667
150.114,72.736,40.753,49.667
147.803,73.981,40.753,49.667
144.781,75.225,40.753,49.667
143.181,72.203,40.753,49.667
144.425,70.959,40.753,49.667
145.670,71.847,40.753,49.667
144.070,70.248,40.753,49.667
146.736,68.648,40.753,49.667
146.914,65.625,40.753,49.667
149.225,64.381,40.753,49.667
151.536,63.136,40.753,49.667
152.070,62.248,40.753,49.667
144.781,58.159,40.753,49.667
143.537,57.625,40.753,49.667
143.359,58.159,40.753,49.667
138.914,59.759,40.753,49.667
136.603,61.359,40.753,49.667
133.937,60.825,40.753,49.667
136.248,63.492,40.753,49.667
137.492,61.537,40.753,49.667
143.714,60.292,40.753,49.667
146.381,55.848,40.753,49.667
149.403,53.181,40.753,49.667
155.270,53.714,40.753,49.667
159.359,55.314,40.753,49.667
161.670,56.914,40.753,49.667
165.047,58.159,40.753,49.667
168.101,57.056,41.654,50.766
168.646,52.877,41.654,50.766
169.555,49.424,41.654,50.766
171.917,47.789,41.654,50.766
175.369,47.244,41.654,50.766
173.007,51.423,41.654,50.766
173.189,58.146,41.654,50.766
169.373,61.962,41.654,50.766
161.923,65.051,41.654,50.766
155.200,67.413,41.654,50.766
147.750,68.685,41.654,50.766
140.299,65.960,41.654,50.766
139.391,67.232,41.654,50.766
136.665,64.506,41.654,50.766
135.030,60.690,41.654,50.766
138.119,60.145,41.654,50.766
141.208,62.507,41.654,50.766
143.207,63.779,41.654,50.766
147.023,65.051,41.654,50.766
150.475,67.777,41.654,50.766
152.837,70.502,41.654,50.766
155.958,73.523,42.576,51.889
159.487,75.566,42.576,51.889
163.016,73.151,42.576,51.889
164.665,67.375,43.518,53.037
165.168,63.046,44.481,54.211
164.877,60.634,45.465,55.410
166.226,62.285,46.471,56.636
167.645,64.514,46.471,56.636
166.921,65.360,47.499,57.889
165.321,62.355,48.550,59.170
162.991,59.602,48.550,59.170
161.932,55.578,48.550,59.170
160.873,51.130,48.550,59.170
159.814,47.106,48.550,59.170
155.542,41.398,49.624,60.479
152.727,43.779,49.624,60.479
149.047,47.026,49.624,60.479
144.934,49.840,49.624,60.479
141.466,50.294,50.722,61.817
139.474,51.401,50.722,61.817
141.023,51.179,50.722,61.817
138.589,52.728,50.722,61.817
136.155,52.064,50.722,61.817
133.721,51.401,50.722,61.817
136.598,49.852,50.722,61.817
139.911,50.298,49.640,60.499
142.736,54.491,48.582,59.209
144.220,58.941,48.582,59.209
142.736,63.392,48.582,59.209
143.796,67.419,48.582,59.209
145.703,70.597,48.582,59.209
142.101,69.538,48.582,59.209
144.856,64.240,48.582,59.209
148.035,55.127,48.582,59.209
151.637,49.405,48.582,59.209
154.392,52.160,48.582,59.209
155.876,55.763,48.582,59.209
154.816,61.061,48.582,59.209
153.333,63.392,48.582,59.209
151.849,65.299,48.582,59.209
150.790,66.783,48.582,59.209
150.154,68.690,48.582,59.209
151.637,67.207,48.582,59.209
153.121,66.147,48.582,59.209
154.181,67.207,48.582,59.209
149.306,65.723,48.582,59.209
143.584,67.207,48.582,59.209
140.405,67.419,48.582,59.209
136.379,67.207,48.582,59.209
130.564,66.000,47.546,57.946
126.623,64.962,47.546,57.946
121.853,64.340,47.546,57.946
117.083,64.548,47.546,57.946
119.779,63.096,47.546,57.946
121.646,61.644,47.546,57.946
123.927,56.459,47.546,57.946
127.038,57.081,47.546,57.946
130.149,61.022,47.546,57.946
132.846,66.207,47.546,57.946
136.372,71.392,47.546,57.946
143.216,74.088,47.546,57.946
150.475,70.977,47.546,57.946
154.416,67.037,47.546,57.946
157.942,62.681,47.546,57.946
161.053,59.155,47.546,57.946
163.335,56.044,47.546,57.946
165.201,54.592,47.546,57.946
165.824,55.214,47.546,57.946
164.787,56.666,47.546,57.946
164.164,58.118,47.546,57.946
164.372,60.814,47.546,57.946
160.431,62.266,47.546,57.946
157.320,63.718,47.546,57.946
158.357,63.511,47.546,57.946
155.066,62.729,46.532,56.710
153.239,60.090,46.532,56.710
155.066,58.669,46.532,56.710
153.645,58.060,46.532,56.710
154.254,59.887,46.532,56.710
153.645,60.496,46.532,56.710
154.254,61.917,46.532,56.710
156.487,62.526,46.532,56.710
159.125,63.947,46.532,56.710
159.328,63.744,46.532,56.710
157.907,64.759,46.532,56.710
159.734,66.180,46.532,56.710
157.907,69.225,46.532,56.710
154.686,73.155,45.539,55.501
153.296,78.519,45.539,55.501
155.481,81.499,45.539,55.501
155.282,84.876,45.539,55.501
152.302,87.459,45.539,55.501
148.925,85.671,45.539,55.501
148.727,83.088,45.539,55.501
150.514,81.300,45.539,55.501
147.535,78.718,45.539,55.501
149.743,75.289,44.568,54.318
152.271,74.316,44.568,54.318
154.798,74.511,44.568,54.318
158.492,74.316,44.568,54.318
161.797,76.455,44.568,54.318
164.325,75.872,44.568,54.318
166.464,76.066,44.568,54.318
168.602,75.094,44.568,54.318
170.014,70.988,43.618,53.159
167.921,68.895,43.618,53.159
164.687,67.564,43.618,53.159
161.452,64.709,43.618,53.159
157.837,66.041,43.618,53.159
152.319,68.515,43.618,53.159
147.943,71.750,43.618,53.159
143.566,73.462,43.618,53.159
140.332,75.174,43.618,53.159
135.575,76.126,43.618,53.159
131.198,77.077,43.618,53.159
129.486,76.506,43.618,53.159
126.251,74.413,43.618,53.159
127.203,70.418,43.618,53.159
129.296,68.705,43.618,53.159
131.769,70.418,43.618,53.159
133.101,74.033,43.618,53.159
136.336,78.029,43.618,53.159
141.386,83.547,42.688,52.026
148.482,87.512,41.777,50.916
153.403,87.694,41.777,50.916
157.186,85.602,40.886,49.830
164.142,82.927,40.886,49.830
171.454,80.608,40.886,49.830
174.843,81.500,40.886,49.830
178.232,84.532,40.886,49.830
180.551,88.991,40.886,49.830
180.729,91.310,40.886,49.830
178.410,93.272,40.886,49.830
175.021,92.023,40.886,49.830
171.276,90.061,40.886,49.830
168.601,87.386,40.886,49.830
166.639,86.851,40.886,49.830
163.607,87.029,40.886,49.830
161.645,86.494,40.886,49.830
162.893,85.959,40.886,49.830
160.931,85.781,40.886,49.830
159.326,87.386,40.886,49.830
156.651,88.634,40.886,49.830
153.975,87.743,40.886,49.830
153.440,86.851,40.886,49.830
152.192,87.029,40.886,49.830
150.943,86.851,40.886,49.830
152.192,85.246,40.886,49.830
153.083,83.997,40.886,49.830
154.332,82.392,40.886,49.830
157.007,81.857,40.886,49.830
163.250,83.819,40.886,49.830
167.352,85.781,40.886,49.830
171.098,88.813,40.886,49.830
173.416,91.132,40.886,49.830
175.735,92.380,40.886,49.830
177.697,92.558,40.886,49.830
179.302,91.310,40.886,49.830
180.194,88.634,40.886,49.830
179.659,86.316,40.886,49.830
180.551,85.424,40.886,49.830
180.016,85.246,40.886,49.830
182.334,83.997,40.886,49.830
181.799,79.538,40.886,49.830
185.901,76.506,40.886,49.830
189.647,76.328,40.886,49.830
190.895,79.003,40.886,49.830
191.787,69.907,40.886,49.830
194.819,70.442,40.886,49.830
193.708,71.833,40.014,48.768
191.611,72.857,39.161,47.728
189.732,71.662,39.161,47.728
186.828,69.099,39.161,47.728
183.582,67.562,39.161,47.728
178.286,64.316,39.161,47.728
173.674,63.803,39.161,47.728
172.478,63.291,39.161,47.728
170.449,64.004,40.028,48.784
168.738,64.732,40.913,49.863
169.952,64.736,41.818,50.966
166.486,60.175,41.818,50.966
163.385,55.979,41.818,50.966
161.378,53.973,41.818,50.966
164.480,69.114,41.818,50.966
161.743,68.567,41.818,50.966
166.669,68.020,41.818,50.966
169.770,70.391,41.818,50.966
176.155,74.587,41.818,50.966
179.256,78.418,41.818,50.966
180.533,79.330,41.818,50.966
183.269,78.418,41.818,50.966
184.132,79.179,42.744,52.094
182.826,78.619,42.744,52.094
180.402,77.314,42.744,52.094
177.978,75.636,42.744,52.094
179.657,72.839,42.744,52.094
176.860,73.398,42.744,52.094
173.690,76.195,42.744,52.094
172.758,79.738,42.744,52.094
171.079,82.908,42.744,52.094
169.028,84.586,42.744,52.094
164.740,82.535,42.744,52.094
158.587,80.111,42.744,52.094
156.163,78.433,42.744,52.094
152.620,77.128,42.744,52.094
150.196,75.450,42.744,52.094
148.518,74.890,42.744,52.094
146.094,74.331,42.744,52.094
145.534,75.263,42.744,52.094
146.170,77.436,41.832,50.983
147.447,78.713,41.832,50.983
150.184,78.166,41.832,50.983
154.017,77.254,41.832,50.983
158.944,78.166,41.832,50.983
163.871,77.619,41.832,50.983
168.068,76.706,41.832,50.983
170.805,76.524,41.832,50.983
173.907,75.611,41.832,50.983
176.280,76.159,41.832,50.983
177.922,78.531,41.832,50.983
177.010,82.728,41.832,50.983
176.462,86.560,41.832,50.983
174.820,89.663,41.832,50.983
172.448,91.670,41.832,50.983
171.535,92.217,41.832,50.983
169.163,91.670,41.832,50.983
164.601,89.298,41.832,50.983
163.323,84.370,41.832,50.983
159.856,82.728,41.832,50.983
157.312,82.744,40.940,49.896
152.133,86.494,40.940,49.896
149.454,89.173,40.940,49.896
148.561,88.638,40.940,49.896
146.954,85.959,40.940,49.896
145.346,85.423,40.940,49.896
144.096,85.244,40.940,49.896
141.774,84.351,40.940,49.896
140.167,83.816,40.940,49.896
137.845,82.923,40.940,49.896
135.881,82.387,40.940,49.896
133.202,81.494,40.940,49.896
