83.000,200.000,35.000,131.000
84.564,199.687,35.000,131.000
85.503,197.497,35.000,131.000
88.685,196.373,35.774,133.898
94.121,199.250,35.774,133.898
100.196,198.931,35.774,133.898
104.352,200.529,35.774,133.898
107.230,201.489,35.774,133.898
110.107,200.529,35.774,133.898
111.706,200.210,35.774,133.898
113.944,201.808,35.774,133.898
115.871,198.668,36.566,136.861
119.465,198.995,36.566,136.861
121.753,198.668,36.566,136.861
124.694,200.956,36.566,136.861
128.289,201.283,36.566,136.861
133.191,201.610,36.566,136.861
136.786,201.283,36.566,136.861
141.035,200.956,36.566,136.861
145.283,199.976,36.566,136.861
149.532,201.610,36.566,136.861
153.127,201.937,36.566,136.861
155.414,200.302,36.566,136.861
158.356,201.283,36.566,136.861
161.681,197.395,37.375,139.889
164.687,197.061,37.375,139.889
168.086,193.781,38.202,142.984
171.560,190.428,39.047,146.148
175.399,189.381,39.047,146.148
178.539,187.636,39.047,146.148
178.888,189.381,39.047,146.148
182.029,188.334,39.047,146.148
185.170,187.985,39.047,146.148
187.613,186.938,39.047,146.148
190.754,185.193,39.047,146.148
193.895,185.542,39.047,146.148
198.431,183.798,39.047,146.148
202.968,182.053,39.047,146.148
208.203,183.100,39.047,146.148
215.010,185.667,38.214,143.031
220.133,186.692,38.214,143.031
223.890,185.667,38.214,143.031
229.014,185.325,38.214,143.031
233.454,187.716,38.214,143.031
236.527,189.424,38.214,143.031
241.651,191.132,38.214,143.031
245.126,186.360,39.060,146.195
250.362,188.106,39.060,146.195
254.900,188.455,39.060,146.195
260.137,185.313,39.060,146.195
263.977,182.869,39.060,146.195
267.817,184.615,39.060,146.195
272.355,184.266,39.060,146.195
277.819,185.488,38.227,143.078
282.260,187.196,38.227,143.078
287.385,188.904,38.227,143.078
292.510,191.979,38.227,143.078
297.404,190.751,39.073,146.243
301.944,190.402,39.073,146.243
306.484,190.053,39.073,146.243
310.761,189.522,39.937,149.479
314.688,189.879,39.937,149.479
318.898,191.128,39.085,146.291
323.692,192.352,38.252,143.172
328.383,193.549,37.436,140.118
331.395,194.552,37.436,140.118
335.075,195.556,37.436,140.118
340.094,195.891,37.436,140.118
345.113,197.564,37.436,140.118
350.131,198.567,37.436,140.118
355.150,198.233,37.436,140.118
359.500,197.229,37.436,140.118
362.511,196.895,37.436,140.118
366.192,196.560,37.436,140.118
369.872,196.225,37.436,140.118
372.582,196.411,38.264,143.219
377.028,197.437,38.264,143.219
381.474,199.831,38.264,143.219
386.604,198.121,38.264,143.219
391.733,197.779,38.264,143.219
396.179,196.753,38.264,143.219
395.153,197.779,38.264,143.219
392.075,199.489,38.264,143.219
390.365,202.567,38.264,143.219
393.443,209.065,38.264,143.219
388.998,205.303,38.264,143.219
385.120,203.863,37.448,140.164
380.769,198.843,37.448,140.164
377.088,203.863,37.448,140.164
376.753,210.892,37.448,140.164
381.547,207.605,38.277,143.266
385.311,188.105,38.277,143.266
380.179,191.184,38.277,143.266
376.960,195.020,37.461,140.210
372.608,199.372,37.461,140.210
370.264,201.716,37.461,140.210
367.920,201.381,37.461,140.210
364.237,199.707,37.461,140.210
367.251,202.051,37.461,140.210
366.246,199.037,37.461,140.210
367.251,200.712,37.461,140.210
366.246,196.359,37.461,140.210
367.920,200.712,37.461,140.210
369.594,206.403,37.461,140.210
368.138,208.673,38.290,143.313
368.480,206.278,38.290,143.313
370.191,210.726,38.290,143.313
367.796,207.646,38.290,143.313
370.876,212.095,38.290,143.313
371.218,213.122,38.290,143.313
370.876,210.726,38.290,143.313
371.218,209.700,38.290,143.313
372.569,207.759,39.137,146.483
372.499,204.324,40.003,149.724
370.712,202.537,40.003,149.724
371.483,203.099,39.150,146.531
369.733,202.050,39.150,146.531
368.684,205.899,39.150,146.531
370.433,204.149,39.150,146.531
370.363,207.247,40.016,149.773
373.582,206.174,40.016,149.773
376.085,209.393,40.016,149.773
374.297,208.320,40.016,149.773
378.231,207.247,40.016,149.773
382.612,205.219,40.901,153.087
386.332,201.629,41.806,156.474
391.684,197.960,42.731,159.936
398.940,196.814,42.731,159.936
405.996,193.857,43.676,163.475
413.208,193.263,44.643,167.092
422.385,192.864,44.643,167.092
432.359,192.465,44.643,167.092
438.903,190.203,45.631,170.788
448.283,187.348,45.631,170.788
455.817,185.882,46.640,174.567
464.571,185.465,46.640,174.567
467.947,183.101,47.672,178.430
470.930,183.527,47.672,178.430
473.912,183.953,47.672,178.430
476.895,183.527,47.672,178.430
479.025,184.805,47.672,178.430
482.860,185.232,47.672,178.430
486.694,186.510,47.672,178.430
493.085,187.788,47.672,178.430
497.772,187.362,47.672,178.430
502.459,187.788,47.672,178.430
507.146,185.658,47.672,178.430
512.171,188.792,46.655,174.624
514.256,186.707,46.655,174.624
517.175,191.294,46.655,174.624
519.682,193.558,45.660,170.901
517.416,194.200,44.687,167.256
515.967,200.218,43.734,163.689
512.450,197.482,43.734,163.689
505.805,194.746,43.734,163.689
498.378,194.355,43.734,163.689
491.686,197.984,42.801,160.199
483.663,198.586,41.888,156.782
475.801,197.463,41.888,156.782
470.185,199.335,41.888,156.782
465.219,204.254,40.995,153.439
460.456,205.353,40.995,153.439
455.693,202.788,40.995,153.439
452.395,203.155,40.995,153.439
450.360,202.319,40.121,150.167
451.436,202.677,40.121,150.167
451.077,200.885,40.121,150.167
452.870,198.375,40.121,150.167
451.077,196.582,40.121,150.167
451.436,196.223,40.121,150.167
450.360,197.299,40.121,150.167
449.060,198.554,39.265,146.964
446.603,196.098,39.265,146.964
448.037,196.650,38.428,143.830
446.320,195.620,38.428,143.830
445.289,197.337,38.428,143.830
442.885,195.620,38.428,143.830
443.228,191.842,38.428,143.830
440.137,192.872,38.428,143.830
437.046,193.216,38.428,143.830
430.521,196.307,38.428,143.830
417.126,203.519,38.428,143.830
414.035,196.993,38.428,143.830
410.944,197.337,38.428,143.830
408.540,196.307,38.428,143.830
405.971,200.820,37.608,140.763
404.290,205.189,37.608,140.763
406.959,211.550,36.806,137.761
405.972,207.273,36.806,137.761
408.275,202.997,36.806,137.761
404.656,200.694,36.806,137.761
401.177,196.781,37.621,140.809
396.134,197.117,37.621,140.809
391.090,196.109,37.621,140.809
386.719,195.772,37.621,140.809
383.693,195.436,37.621,140.809
382.012,196.445,37.621,140.809
380.331,198.126,37.621,140.809
377.977,199.135,37.621,140.809
375.623,200.143,37.621,140.809
372.597,200.480,37.621,140.809
370.244,199.471,37.621,140.809
368.562,197.790,37.621,140.809
366.209,198.126,37.621,140.809
364.528,197.117,37.621,140.809
365.536,196.781,37.621,140.809
366.545,195.772,37.621,140.809
368.226,198.126,37.621,140.809
367.217,198.462,37.621,140.809
368.899,199.471,37.621,140.809
364.645,198.262,38.453,143.925
362.239,198.606,38.453,143.925
359.834,196.887,38.453,143.925
358.803,195.169,38.453,143.925
357.084,192.076,38.453,143.925
358.803,189.670,38.453,143.925
356.397,188.639,38.453,143.925
358.115,189.670,38.453,143.925
355.710,190.701,38.453,143.925
353.991,191.045,38.453,143.925
350.211,191.389,38.453,143.925
346.430,191.045,38.453,143.925
343.337,189.327,38.453,143.925
340.244,188.983,38.453,143.925
338.526,188.639,38.453,143.925
337.495,187.608,38.453,143.925
335.776,185.202,38.453,143.925
332.683,182.797,38.453,143.925
330.278,184.515,38.453,143.925
326.497,183.484,38.453,143.925
326.153,185.890,38.453,143.925
323.060,184.859,38.453,143.925
322.029,185.202,38.453,143.925
319.624,183.484,38.453,143.925
322.029,182.453,38.453,143.925
318.936,184.171,38.453,143.925
318.593,182.453,38.453,143.925
318.249,182.109,38.453,143.925
316.531,183.140,38.453,143.925
316.187,183.484,38.453,143.925
313.094,182.453,38.453,143.925
312.063,180.735,38.453,143.925
311.032,179.704,38.453,143.925
307.251,179.360,38.453,143.925
304.158,176.954,38.453,143.925
301.065,177.298,38.453,143.925
295.910,177.642,38.453,143.925
291.442,178.673,38.453,143.925
287.662,180.391,38.453,143.925
283.881,180.047,38.453,143.925
278.039,181.078,38.453,143.925
274.258,179.360,38.453,143.925
