177.000,51.000,21.000,129.000
177.275,49.623,21.000,129.000
177.000,49.898,21.000,129.000
176.725,49.623,21.000,129.000
175.898,49.347,21.000,129.000
175.623,50.174,21.000,129.000
175.347,49.347,21.000,129.000
176.174,49.623,21.000,129.000
175.347,48.245,21.000,129.000
175.072,49.072,21.000,129.000
175.347,48.245,21.000,129.000
175.072,47.970,21.000,129.000
174.796,47.694,21.000,129.000
173.419,46.317,21.000,129.000
174.245,47.143,21.000,129.000
172.868,44.664,21.000,129.000
172.592,44.389,21.000,129.000
172.317,44.664,21.000,129.000
173.143,42.185,21.000,129.000
172.317,42.460,21.000,129.000
172.041,41.083,21.000,129.000
170.380,37.655,21.465,131.854
170.662,38.500,21.465,131.854
169.254,35.966,21.465,131.854
169.535,35.121,21.465,131.854
167.001,32.024,21.465,131.854
166.472,27.936,21.940,134.771
166.759,28.224,21.940,134.771
165.621,22.851,22.425,137.753
164.150,19.615,22.425,137.753
165.621,17.556,22.425,137.753
161.797,18.438,22.425,137.753
160.914,14.614,22.425,137.753
159.443,13.143,22.425,137.753
158.561,8.731,22.425,137.753
158.855,6.083,22.425,137.753
157.384,5.201,22.425,137.753
154.737,2.553,22.425,137.753
153.854,1.671,22.425,137.753
154.148,-0.977,22.425,137.753
152.677,-5.389,22.425,137.753
151.795,-8.037,22.425,137.753
151.183,-9.687,21.947,134.816
152.047,-13.430,21.947,134.816
150.032,-13.718,21.947,134.816
150.320,-17.460,21.947,134.816
150.608,-21.203,21.947,134.816
148.016,-22.067,21.947,134.816
150.032,-25.234,21.947,134.816
148.016,-27.249,21.947,134.816
148.304,-28.688,21.947,134.816
147.151,-29.193,21.479,131.941
149.123,-30.039,21.479,131.941
147.151,-32.011,21.479,131.941
146.869,-32.856,21.479,131.941
146.587,-35.955,21.479,131.941
145.742,-35.110,21.479,131.941
146.786,-37.234,21.021,129.127
145.407,-35.855,21.021,129.127
146.786,-39.991,21.021,129.127
144.856,-38.061,21.021,129.127
145.683,-42.197,21.021,129.127
144.047,-40.555,20.572,126.373
144.006,-41.028,20.134,123.678
143.966,-39.455,19.704,121.041
144.224,-38.162,19.704,121.041
144.185,-39.612,19.284,118.460
142.684,-36.642,18.873,115.933
142.170,-37.554,18.470,113.461
142.896,-36.342,18.470,113.461
142.170,-36.100,18.470,113.461
142.412,-35.373,18.470,113.461
142.170,-36.585,18.470,113.461
141.443,-35.373,18.470,113.461
142.340,-32.996,18.077,111.042
141.847,-31.126,17.691,108.674
141.151,-30.430,17.691,108.674
141.383,-28.341,17.691,108.674
140.223,-26.717,17.691,108.674
140.919,-26.020,17.691,108.674
139.759,-25.324,17.691,108.674
140.455,-23.700,17.691,108.674
139.537,-23.698,18.082,111.078
137.402,-22.038,18.082,111.078
136.690,-19.903,18.082,111.078
135.979,-17.293,18.082,111.078
135.742,-14.684,18.082,111.078
134.081,-12.075,18.082,111.078
135.267,-8.517,18.082,111.078
133.607,-5.433,18.082,111.078
131.472,-2.350,18.082,111.078
129.337,0.734,18.082,111.078
130.997,2.869,18.082,111.078
129.075,4.347,18.483,113.536
130.631,5.355,18.891,116.047
128.401,8.081,18.891,116.047
128.153,11.799,18.891,116.047
127.905,14.029,18.891,116.047
126.666,15.268,18.891,116.047
124.436,19.481,18.891,116.047
123.196,22.702,18.891,116.047
123.940,24.933,18.891,116.047
122.701,26.668,18.891,116.047
120.966,28.402,18.891,116.047
116.753,31.624,18.891,116.047
117.001,33.359,18.891,116.047
117.249,35.093,18.891,116.047
116.010,35.837,18.891,116.047
115.266,39.058,18.891,116.047
114.027,39.306,18.891,116.047
113.284,41.537,18.891,116.047
112.540,42.776,18.891,116.047
111.301,45.006,18.891,116.047
110.062,45.254,18.891,116.047
108.327,45.997,18.891,116.047
108.080,46.741,18.891,116.047
106.345,48.971,18.891,116.047
105.601,49.715,18.891,116.047
104.362,50.458,18.891,116.047
103.619,50.706,18.891,116.047
100.893,51.449,18.891,116.047
101.141,51.697,18.891,116.047
101.388,51.449,18.891,116.047
100.645,52.193,18.891,116.047
98.415,51.449,18.891,116.047
98.167,51.697,18.891,116.047
96.928,51.945,18.891,116.047
96.680,52.193,18.891,116.047
94.945,50.954,18.891,116.047
93.706,51.697,18.891,116.047
91.971,51.945,18.891,116.047
92.889,52.944,18.489,113.573
90.707,52.701,18.489,113.573
90.949,51.973,18.489,113.573
88.766,51.246,18.489,113.573
87.554,50.518,18.489,113.573
88.281,50.276,18.489,113.573
86.584,49.063,18.489,113.573
86.341,49.306,18.489,113.573
84.643,48.093,18.489,113.573
84.401,47.850,18.489,113.573
82.703,47.608,18.489,113.573
82.460,46.395,18.489,113.573
81.248,45.668,18.489,113.573
80.035,45.910,18.489,113.573
79.308,44.212,18.489,113.573
78.095,43.485,18.489,113.573
77.135,40.467,18.898,116.086
77.383,39.227,18.898,116.086
78.127,37.988,18.898,116.086
75.896,36.748,18.898,116.086
74.161,36.996,18.898,116.086
72.921,34.269,18.898,116.086
72.673,33.526,18.898,116.086
72.425,32.286,18.898,116.086
71.186,31.047,18.898,116.086
69.451,29.311,18.898,116.086
69.698,28.072,18.898,116.086
67.467,25.841,18.898,116.086
67.219,25.593,18.898,116.086
65.484,22.866,18.898,116.086
65.236,22.122,18.898,116.086
63.997,18.900,18.898,116.086
63.749,17.660,18.898,116.086
61.518,15.429,18.898,116.086
60.278,13.694,18.898,116.086
59.039,10.967,18.898,116.086
57.304,7.744,18.898,116.086
58.047,7.001,18.898,116.086
55.816,3.282,18.898,116.086
53.585,0.555,18.898,116.086
52.841,-1.676,18.898,116.086
51.106,-4.403,18.898,116.086
50.362,-7.130,18.898,116.086
49.123,-10.848,18.898,116.086
48.379,-15.063,18.898,116.086
46.148,-18.285,18.898,116.086
44.909,-22.004,18.898,116.086
43.669,-25.722,18.898,116.086
42.430,-28.449,18.898,116.086
43.669,-31.672,18.898,116.086
39.951,-35.390,18.898,116.086
37.524,-38.692,18.495,113.610
36.084,-40.989,18.100,111.187
39.171,-24.130,18.100,111.187
37.034,-24.843,18.100,111.187
34.897,-28.879,18.100,111.187
32.285,-26.742,18.100,111.187
33.472,-22.231,18.100,111.187
29.577,-25.185,18.501,113.647
30.790,-25.913,18.501,113.647
27.150,-28.098,18.501,113.647
29.920,-30.395,18.106,111.224
25.531,-33.843,18.507,113.684
15.503,-35.352,18.916,116.200
0.862,-32.623,18.916,116.200
-3.209,-29.017,19.335,118.771
-2.633,-30.068,19.763,121.398
-2.583,-35.983,20.200,124.084
-4.438,-35.188,20.200,124.084
-3.643,-32.273,20.200,124.084
-2.848,-35.718,20.200,124.084
-3.113,-38.103,20.200,124.084
-0.728,-36.248,20.200,124.084
11.726,-7.365,20.200,124.084
15.077,-4.614,20.647,126.830
12.881,-10.794,21.104,129.636
10.637,-20.557,21.570,132.504
10.105,-27.601,22.048,135.436
8.659,-33.096,22.048,135.436
7.791,-38.013,22.048,135.436
10.394,-40.038,22.048,135.436
8.948,-36.856,22.048,135.436
8.905,-40.151,21.578,132.548
8.622,-43.265,21.578,132.548
