139.000,112.000,51.000,36.000
140.194,114.218,51.000,36.000
139.341,116.095,51.000,36.000
139.853,117.631,51.000,36.000
140.365,118.825,51.000,36.000
139.512,119.678,51.000,36.000
139.341,119.849,51.000,36.000
138.829,120.702,51.000,36.000
139.682,120.190,51.000,36.000
139.171,121.043,51.000,36.000
138.317,120.190,51.000,36.000
139.171,121.043,51.000,36.000
137.294,119.849,51.000,36.000
136.782,120.019,51.000,36.000
137.294,119.849,51.000,36.000
136.441,119.337,51.000,36.000
136.953,119.507,51.000,36.000
137.123,117.631,51.000,36.000
135.929,117.460,51.000,36.000
137.464,117.972,51.000,36.000
136.270,116.095,51.000,36.000
136.099,116.266,51.000,36.000
136.270,115.754,51.000,36.000
136.782,114.559,51.000,36.000
137.635,113.706,51.000,36.000
137.123,113.194,51.000,36.000
137.294,113.365,51.000,36.000
137.806,112.853,51.000,36.000
139.000,111.659,51.000,36.000
139.853,111.147,51.000,36.000
140.024,110.976,51.000,36.000
139.512,110.123,51.000,36.000
141.047,110.294,51.000,36.000
140.877,110.123,51.000,36.000
142.412,109.953,51.000,36.000
141.901,109.782,51.000,36.000
143.777,109.270,51.000,36.000
145.996,108.758,51.000,36.000
148.214,107.564,51.000,36.000
150.090,107.393,51.000,36.000
152.991,108.588,51.000,36.000
156.574,107.393,51.000,36.000
159.475,108.929,51.000,36.000
162.375,109.099,51.000,36.000
164.935,110.635,51.000,36.000
167.494,111.147,51.000,36.000
169.371,112.682,51.000,36.000
170.565,113.194,51.000,36.000
172.101,112.682,51.000,36.000
173.636,110.806,51.000,36.000
175.854,109.611,51.000,36.000
178.414,107.734,51.000,36.000
180.632,106.199,51.000,36.000
182.850,105.687,51.000,36.000
185.068,103.810,51.000,36.000
183.874,103.298,51.000,36.000
186.092,102.445,51.000,36.000
185.580,101.933,51.000,36.000
187.798,100.739,51.000,36.000
189.334,101.592,51.000,36.000
188.822,101.763,51.000,36.000
191.040,102.616,51.000,36.000
189.845,102.786,51.000,36.000
192.405,103.981,51.000,36.000
191.210,104.493,51.000,36.000
190.699,105.687,51.000,36.000
188.895,104.404,52.128,36.797
190.116,104.927,52.128,36.797
189.942,105.799,52.128,36.797
189.767,105.276,52.128,36.797
189.244,104.752,52.128,36.797
190.465,105.624,52.128,36.797
188.546,104.752,52.128,36.797
188.023,105.276,52.128,36.797
187.500,104.055,52.128,36.797
186.279,105.276,52.128,36.797
185.756,104.404,52.128,36.797
184.884,104.927,52.128,36.797
184.012,105.101,52.128,36.797
183.140,104.927,52.128,36.797
180.935,102.529,53.282,37.611
180.044,103.421,53.282,37.611
179.152,102.529,53.282,37.611
177.905,102.708,53.282,37.611
176.657,101.103,53.282,37.611
176.479,101.638,53.282,37.611
174.874,102.529,53.282,37.611
173.270,101.638,53.282,37.611
172.379,101.103,53.282,37.611
171.487,100.212,53.282,37.611
170.953,101.460,53.282,37.611
169.705,102.351,53.282,37.611
170.953,102.529,53.282,37.611
169.348,103.421,53.282,37.611
168.814,102.886,53.282,37.611
170.061,103.421,53.282,37.611
168.814,104.669,53.282,37.611
170.418,105.560,53.282,37.611
169.527,105.738,53.282,37.611
169.705,104.490,53.282,37.611
170.240,106.095,53.282,37.611
168.992,104.490,53.282,37.611
168.101,105.025,53.282,37.611
167.209,103.421,53.282,37.611
166.675,103.955,53.282,37.611
166.140,103.421,53.282,37.611
165.248,104.669,53.282,37.611
164.714,105.203,53.282,37.611
164.892,104.669,53.282,37.611
163.644,105.203,53.282,37.611
165.248,105.025,53.282,37.611
164.357,105.560,53.282,37.611
164.535,106.451,53.282,37.611
164.001,105.916,53.282,37.611
163.466,105.025,53.282,37.611
163.644,104.847,53.282,37.611
163.466,103.599,53.282,37.611
163.288,104.134,53.282,37.611
163.109,102.886,53.282,37.611
162.931,101.995,53.282,37.611
162.753,101.460,53.282,37.611
164.357,101.638,53.282,37.611
163.109,100.034,53.282,37.611
162.931,98.073,53.282,37.611
162.396,96.825,53.282,37.611
163.288,95.221,53.282,37.611
162.040,94.330,53.282,37.611
161.862,93.082,53.282,37.611
161.683,91.478,53.282,37.611
163.288,90.943,53.282,37.611
162.396,89.339,53.282,37.611
163.644,88.447,53.282,37.611
163.822,87.912,53.282,37.611
165.070,85.595,53.282,37.611
163.466,86.130,53.282,37.611
165.070,84.169,53.282,37.611
163.822,83.991,53.282,37.611
166.140,82.387,53.282,37.611
164.892,82.208,53.282,37.611
166.337,79.388,54.461,38.443
165.426,78.841,54.461,38.443
166.903,77.093,55.666,39.293
165.599,78.024,55.666,39.293
167.648,76.348,55.666,39.293
166.717,77.279,55.666,39.293
165.785,76.348,55.666,39.293
167.089,75.789,55.666,39.293
166.158,77.093,55.666,39.293
167.461,75.417,55.666,39.293
166.530,76.348,55.666,39.293
167.461,75.044,55.666,39.293
166.158,75.231,55.666,39.293
166.344,74.672,55.666,39.293
166.530,75.231,55.666,39.293
167.461,73.182,55.666,39.293
166.158,74.113,55.666,39.293
167.461,72.810,55.666,39.293
167.275,74.486,55.666,39.293
167.461,73.555,55.666,39.293
168.765,74.486,55.666,39.293
167.834,72.810,55.666,39.293
167.648,74.486,55.666,39.293
168.951,73.555,55.666,39.293
167.648,73.368,55.666,39.293
169.324,73.927,55.666,39.293
168.393,72.251,55.666,39.293
168.206,73.555,55.666,39.293
168.020,73.368,55.666,39.293
167.834,73.182,55.666,39.293
167.648,72.996,55.666,39.293
169.324,72.810,55.666,39.293
168.393,75.231,55.666,39.293
167.461,76.534,55.666,39.293
168.765,76.348,55.666,39.293
167.461,75.417,55.666,39.293
168.765,76.720,55.666,39.293
167.089,78.397,55.666,39.293
166.530,79.700,55.666,39.293
166.881,77.913,56.897,40.163
166.690,79.626,56.897,40.163
166.119,79.055,56.897,40.163
166.477,79.598,58.156,41.051
165.504,80.960,58.156,41.051
164.921,83.100,58.156,41.051
165.690,81.637,59.443,41.960
164.696,84.222,59.443,41.960
164.895,86.012,59.443,41.960
165.491,88.597,59.443,41.960
164.895,89.592,59.443,41.960
166.287,90.984,59.443,41.960
164.895,93.171,59.443,41.960
166.287,93.768,59.443,41.960
165.293,95.558,59.443,41.960
165.889,96.950,59.443,41.960
166.486,98.342,59.443,41.960
165.889,98.143,59.443,41.960
167.281,99.137,59.443,41.960
165.889,99.734,59.443,41.960
167.281,101.126,59.443,41.960
165.889,100.927,59.443,41.960
167.281,102.717,59.443,41.960
166.287,103.314,59.443,41.960
166.486,103.910,59.443,41.960
166.685,105.700,59.443,41.960
166.884,106.694,59.443,41.960
167.480,107.689,59.443,41.960
166.884,109.081,59.443,41.960
167.878,108.882,59.443,41.960
168.077,110.672,59.443,41.960
168.276,111.268,59.443,41.960
168.077,111.865,59.443,41.960
167.878,113.257,59.443,41.960
167.679,113.854,59.443,41.960
167.480,115.643,59.443,41.960
167.281,117.035,59.443,41.960
166.685,117.234,59.443,41.960
167.281,119.024,59.443,41.960
166.287,120.416,59.443,41.960
166.884,122.206,59.443,41.960
167.480,123.598,59.443,41.960
166.884,125.786,59.443,41.960
167.480,127.178,59.443,41.960
166.486,126.581,59.443,41.960
167.480,128.769,59.443,41.960
166.486,128.570,59.443,41.960
167.082,129.962,59.443,41.960
167.679,130.558,59.443,41.960
166.685,129.962,59.443,41.960
166.884,132.149,59.443,41.960
167.082,131.155,59.443,41.960
165.393,131.722,60.758,42.888
166.410,131.113,60.758,42.888
166.206,132.536,60.758,42.888
165.596,131.926,60.758,42.888
166.613,131.722,60.758,42.888
166.003,131.519,60.758,42.888
166.206,133.349,60.758,42.888
166.003,131.926,60.758,42.888
165.393,130.503,60.758,42.888
165.596,129.893,60.758,42.888
165.800,128.470,60.758,42.888
164.783,127.860,60.758,42.888
164.174,125.624,60.758,42.888
165.190,123.389,60.758,42.888
164.580,121.966,60.758,42.888
165.596,119.730,60.758,42.888
164.987,117.494,60.758,42.888
164.377,116.477,60.758,42.888
164.987,115.055,60.758,42.888
164.377,113.225,60.758,42.888
165.800,112.209,60.758,42.888
164.783,111.192,60.758,42.888
165.800,110.583,60.758,42.888
165.190,109.566,60.758,42.888
165.800,109.363,60.758,42.888
165.190,110.379,60.758,42.888
164.580,108.957,60.758,42.888
164.377,107.534,60.758,42.888
163.767,108.550,60.758,42.888
161.531,107.127,60.758,42.888
161.734,106.517,60.758,42.888
159.905,105.907,60.758,42.888
160.108,104.485,60.758,42.888
160.312,103.875,60.758,42.888
160.921,102.045,60.758,42.888
160.718,101.029,60.758,42.888
161.328,100.013,60.758,42.888
162.344,98.996,60.758,42.888
162.547,97.980,60.758,42.888
162.751,96.964,60.758,42.888
162.547,95.541,60.758,42.888
163.564,96.151,60.758,42.888
164.174,94.728,60.758,42.888
164.377,93.711,60.758,42.888
165.393,93.915,60.758,42.888
166.003,94.118,60.758,42.888
166.206,94.728,60.758,42.888
166.816,93.711,60.758,42.888
167.019,93.508,60.758,42.888
167.629,94.118,60.758,42.888
168.239,93.102,60.758,42.888
168.849,93.711,60.758,42.888
169.052,93.102,60.758,42.888
169.255,94.118,60.758,42.888
169.459,93.102,60.758,42.888
169.662,93.711,60.758,42.888
167.832,92.695,60.758,42.888
168.849,93.305,60.758,42.888
169.052,93.915,60.758,42.888
169.255,92.492,60.758,42.888
169.865,93.915,60.758,42.888
168.036,92.898,60.758,42.888
169.052,93.508,60.758,42.888
169.255,94.525,60.758,42.888
168.645,94.728,60.758,42.888
167.629,93.711,60.758,42.888
167.832,94.321,60.758,42.888
167.629,95.338,60.758,42.888
166.613,95.541,60.758,42.888
167.629,96.557,60.758,42.888
166.206,94.728,60.758,42.888
167.223,96.151,60.758,42.888
167.283,95.628,59.462,41.973
168.875,97.035,58.194,41.078
169.459,96.840,58.194,41.078
168.486,95.866,58.194,41.078
169.070,96.451,58.194,41.078
168.097,96.645,58.194,41.078
168.681,94.893,58.194,41.078
169.654,95.866,58.194,41.078
169.849,94.893,58.194,41.078
170.044,95.088,58.194,41.078
169.070,94.893,58.194,41.078
169.654,94.698,58.194,41.078
170.238,94.504,58.194,41.078
169.654,94.309,58.194,41.078
170.238,95.282,58.194,41.078
169.265,94.698,58.194,41.078
169.849,94.504,58.194,41.078
170.433,93.920,58.194,41.078
170.628,94.504,58.194,41.078
170.822,93.530,58.194,41.078
171.796,93.336,58.194,41.078
172.380,94.309,58.194,41.078
172.575,93.725,58.194,41.078
173.548,92.362,58.194,41.078
174.132,92.557,58.194,41.078
173.937,91.583,58.194,41.078
174.132,91.389,58.194,41.078
174.716,92.362,58.194,41.078
175.300,91.778,58.194,41.078
174.716,91.194,58.194,41.078
176.079,92.167,58.194,41.078
175.495,91.973,58.194,41.078
176.468,92.167,58.194,41.078
176.663,92.751,58.194,41.078
177.636,92.557,58.194,41.078
177.831,92.362,58.194,41.078
178.805,93.725,58.194,41.078
178.610,92.751,58.194,41.078
178.805,92.557,58.194,41.078
178.999,92.362,58.194,41.078
178.026,93.336,58.194,41.078
178.610,93.141,58.194,41.078
178.805,93.336,58.194,41.078
178.610,94.309,58.194,41.078
177.636,94.114,58.194,41.078
177.442,94.309,58.194,41.078
176.858,94.893,58.194,41.078
177.831,94.698,58.194,41.078
177.247,95.282,58.194,41.078
177.052,96.256,58.194,41.078
177.247,96.451,58.194,41.078
177.442,96.645,58.194,41.078
177.247,95.672,58.194,41.078
177.831,95.867,58.194,41.078
178.805,96.451,58.194,41.078
178.221,97.424,58.194,41.078
178.415,96.840,58.194,41.078
179.778,95.477,58.194,41.078
181.141,95.672,58.194,41.078
179.778,95.088,58.194,41.078
181.920,95.672,58.194,41.078
180.167,94.698,58.194,41.078
181.920,94.893,58.194,41.078
181.336,95.088,58.194,41.078
182.698,95.282,58.194,41.078
183.283,95.477,58.194,41.078
182.309,94.504,58.194,41.078
184.061,94.309,58.194,41.078
183.477,95.282,58.194,41.078
184.840,94.698,58.194,41.078
185.424,94.114,58.194,41.078
184.840,94.309,58.194,41.078
186.203,94.504,58.194,41.078
185.229,93.920,58.194,41.078
186.592,94.504,58.194,41.078
187.176,94.309,58.194,41.078
186.203,95.672,58.194,41.078
187.566,94.698,58.194,41.078
187.760,95.282,58.194,41.078
188.734,95.866,58.194,41.078
186.272,95.210,59.482,41.987
187.267,95.011,59.482,41.987
187.068,94.812,59.482,41.987
188.461,95.807,59.482,41.987
187.864,96.404,59.482,41.987
188.859,95.807,59.482,41.987
189.058,96.802,59.482,41.987
189.257,96.603,59.482,41.987
189.456,96.802,59.482,41.987
188.859,96.603,59.482,41.987
189.854,97.200,59.482,41.987
189.257,96.205,59.482,41.987
190.650,96.802,59.482,41.987
190.053,97.001,59.482,41.987
191.048,97.996,59.482,41.987
190.849,97.399,59.482,41.987
190.650,96.802,59.482,41.987
190.849,97.399,59.482,41.987
190.650,96.404,59.482,41.987
190.849,97.001,59.482,41.987
191.446,97.996,59.482,41.987
190.849,97.797,59.482,41.987
191.844,97.996,59.482,41.987
191.247,97.797,59.482,41.987
192.242,97.598,59.482,41.987
191.645,97.399,59.482,41.987
191.048,97.200,59.482,41.987
191.645,97.001,59.482,41.987
191.048,97.996,59.482,41.987
192.043,97.797,59.482,41.987
191.446,97.598,59.482,41.987
191.247,97.001,59.482,41.987
192.242,97.996,59.482,41.987
192.043,97.797,59.482,41.987
191.844,97.598,59.482,41.987
191.645,97.399,59.482,41.987
191.446,97.200,59.482,41.987
193.807,98.607,58.213,41.092
192.833,97.243,58.213,41.092
194.196,98.217,58.213,41.092
192.443,98.802,58.213,41.092
193.807,97.049,58.213,41.092
193.612,97.633,58.213,41.092
193.417,97.049,58.213,41.092
194.001,97.633,58.213,41.092
192.638,97.049,58.213,41.092
194.391,98.023,58.213,41.092
193.417,97.828,58.213,41.092
194.780,97.633,58.213,41.092
194.586,97.438,58.213,41.092
195.559,98.412,58.213,41.092
196.144,98.996,58.213,41.092
195.559,98.022,58.213,41.092
196.923,98.607,58.213,41.092
195.170,98.412,58.213,41.092
195.754,98.996,58.213,41.092
195.170,98.022,58.213,41.092
193.807,98.217,58.213,41.092
193.612,97.243,58.213,41.092
192.249,97.828,58.213,41.092
190.496,96.854,58.213,41.092
189.522,97.438,58.213,41.092
188.548,98.022,58.213,41.092
187.964,97.049,58.213,41.092
186.601,97.243,58.213,41.092
186.406,97.828,58.213,41.092
185.432,96.854,58.213,41.092
185.237,97.438,58.213,41.092
184.264,98.022,58.213,41.092
183.679,97.438,58.213,41.092
184.264,98.412,58.213,41.092
182.900,97.438,58.213,41.092
181.927,98.022,58.213,41.092
181.342,97.049,58.213,41.092
182.316,97.633,58.213,41.092
181.342,96.659,58.213,41.092
181.148,97.243,58.213,41.092
180.953,97.828,58.213,41.092
180.369,97.243,58.213,41.092
181.342,98.217,58.213,41.092
180.369,97.243,58.213,41.092
181.342,97.828,58.213,41.092
180.369,97.243,58.213,41.092
181.732,98.217,58.213,41.092
181.537,98.022,58.213,41.092
182.121,98.217,58.213,41.092
181.537,98.412,58.213,41.092
183.290,98.996,58.213,41.092
182.706,98.412,58.213,41.092
184.458,98.996,58.213,41.092
184.264,98.801,58.213,41.092
185.627,98.607,58.213,41.092
186.990,98.801,58.213,41.092
186.406,99.386,58.213,41.092
188.159,99.970,58.213,41.092
187.575,99.386,58.213,41.092
189.327,100.360,58.213,41.092
189.133,100.554,58.213,41.092
190.496,99.191,58.213,41.092
191.859,100.554,58.213,41.092
192.443,99.191,58.213,41.092
193.807,100.554,58.213,41.092
195.170,99.191,58.213,41.092
194.975,100.165,58.213,41.092
196.728,100.360,58.213,41.092
198.481,100.554,58.213,41.092
198.286,98.801,58.213,41.092
200.428,99.775,58.213,41.092
201.402,99.580,58.213,41.092
202.376,98.996,58.213,41.092
204.518,99.970,58.213,41.092
205.492,98.607,58.213,41.092
206.855,99.191,58.213,41.092
207.829,99.775,58.213,41.092
207.634,98.801,58.213,41.092
208.998,99.775,58.213,41.092
208.413,99.970,58.213,41.092
208.219,99.775,58.213,41.092
208.024,99.970,58.213,41.092
207.050,100.554,58.213,41.092
206.076,99.580,58.213,41.092
204.323,100.165,58.213,41.092
202.960,100.749,58.213,41.092
201.207,98.996,58.213,41.092
199.455,99.580,58.213,41.092
197.702,98.217,58.213,41.092
195.949,99.191,58.213,41.092
193.807,98.217,58.213,41.092
192.833,98.412,58.213,41.092
191.470,97.828,58.213,41.092
189.717,96.464,58.213,41.092
189.522,96.659,58.213,41.092
187.769,96.075,58.213,41.092
188.354,96.659,58.213,41.092
186.601,94.906,58.213,41.092
187.575,95.491,58.213,41.092
186.211,94.517,58.213,41.092
186.406,94.712,58.213,41.092
186.601,95.296,58.213,41.092
186.406,95.880,58.213,41.092
185.822,95.296,58.213,41.092
186.406,95.491,58.213,41.092
184.653,94.127,58.213,41.092
185.238,94.712,58.213,41.092
183.874,93.348,58.213,41.092
184.458,93.154,58.213,41.092
182.706,91.401,58.213,41.092
183.679,90.038,58.213,41.092
182.316,87.895,58.213,41.092
181.732,86.142,58.213,41.092
180.482,83.465,59.501,42.001
181.477,83.266,59.501,42.001
180.084,82.271,59.501,42.001
180.871,81.187,60.818,42.930
179.854,80.983,60.818,42.930
181.278,82.407,60.818,42.930
179.040,80.983,60.818,42.930
181.278,81.594,60.818,42.930
179.040,80.169,60.818,42.930
181.278,79.966,60.818,42.930
179.854,80.576,60.818,42.930
181.278,79.152,60.818,42.930
179.447,77.728,60.818,42.930
181.278,79.152,60.818,42.930
179.447,77.321,60.818,42.930
181.278,78.745,60.818,42.930
179.447,77.728,60.818,42.930
181.278,79.152,60.818,42.930
179.447,77.728,60.818,42.930
181.685,79.966,60.818,42.930
180.668,81.390,60.818,42.930
182.092,82.407,60.818,42.930
180.261,83.832,60.818,42.930
181.685,85.256,60.818,42.930
180.668,86.273,60.818,42.930
181.685,88.105,60.818,42.930
180.668,89.936,60.818,42.930
180.464,92.174,60.818,42.930
180.261,93.598,60.818,42.930
179.243,95.836,60.818,42.930
179.040,98.074,60.818,42.930
179.650,99.092,60.818,42.930
178.633,100.923,60.818,42.930
178.430,103.161,60.818,42.930
177.819,104.178,60.818,42.930
178.430,105.603,60.818,42.930
177.005,107.434,60.818,42.930
178.023,109.265,60.818,42.930
176.598,111.503,60.818,42.930
175.581,113.741,60.818,42.930
174.564,116.387,60.818,42.930
174.360,118.625,60.818,42.930
172.936,120.863,60.818,42.930
173.546,123.101,60.818,42.930
171.715,124.525,60.818,42.930
171.512,126.763,60.818,42.930
170.087,128.188,60.818,42.930
170.291,127.984,60.818,42.930
168.460,129.815,60.818,42.930
167.035,129.205,60.818,42.930
166.832,128.188,60.818,42.930
166.221,127.170,60.818,42.930
164.797,126.560,60.818,42.930
165.001,126.356,60.818,42.930
163.983,125.339,60.818,42.930
162.966,124.322,60.818,42.930
162.356,123.711,60.818,42.930
161.338,123.915,60.818,42.930
161.542,122.898,60.818,42.930
162.152,122.287,60.818,42.930
161.135,120.456,60.818,42.930
161.745,120.252,60.818,42.930
163.576,121.270,60.818,42.930
163.780,122.694,60.818,42.930
163.576,123.304,60.818,42.930
163.780,121.880,60.818,42.930
163.169,119.642,60.818,42.930
161.338,116.997,60.818,42.930
159.100,114.759,60.818,42.930
156.455,113.335,60.818,42.930
153.403,112.724,60.818,42.930
151.572,114.148,60.818,42.930
151.775,114.759,60.818,42.930
153.200,116.590,60.818,42.930
153.403,117.607,60.818,42.930
156.048,119.032,60.818,42.930
157.879,120.456,60.818,42.930
158.083,119.845,60.818,42.930
159.507,120.456,60.818,42.930
158.083,118.218,60.818,42.930
159.100,116.387,60.818,42.930
157.269,114.148,60.818,42.930
156.252,111.503,60.818,42.930
154.827,109.672,60.818,42.930
154.217,109.062,60.818,42.930
152.386,107.230,60.818,42.930
151.775,107.027,60.818,42.930
151.979,107.230,60.818,42.930
150.554,105.806,60.818,42.930
149.248,105.120,62.163,43.880
149.456,106.160,62.163,43.880
148.001,106.368,62.163,43.880
147.793,105.328,62.163,43.880
146.753,103.872,62.163,43.880
145.713,102.001,62.163,43.880
145.089,100.545,62.163,43.880
144.881,99.921,62.163,43.880
144.257,98.465,62.163,43.880
146.129,99.505,62.163,43.880
147.169,99.713,62.163,43.880
146.265,98.580,63.539,44.851
146.053,100.068,63.539,44.851
146.265,101.131,63.539,44.851
144.019,99.973,64.944,45.843
144.427,98.339,66.381,46.857
143.317,97.673,66.381,46.857
141.762,95.674,66.381,46.857
141.096,94.120,66.381,46.857
139.097,93.453,66.381,46.857
138.431,92.787,66.381,46.857
139.541,92.565,66.381,46.857
140.652,94.120,66.381,46.857
141.762,95.674,66.381,46.857
141.984,97.673,66.381,46.857
140.874,99.672,66.381,46.857
140.652,100.782,66.381,46.857
142.206,101.004,66.381,46.857
141.096,99.894,66.381,46.857
140.430,100.560,66.381,46.857
140.208,101.670,66.381,46.857
139.097,98.783,66.381,46.857
137.987,96.785,66.381,46.857
137.321,96.562,66.381,46.857
136.654,97.673,66.381,46.857
138.653,97.451,66.381,46.857
140.208,99.449,66.381,46.857
141.318,100.116,66.381,46.857
144.205,100.782,66.381,46.857
146.648,101.448,66.381,46.857
147.314,102.114,66.381,46.857
146.204,102.337,66.381,46.857
145.094,102.559,66.381,46.857
143.539,101.892,66.381,46.857
141.984,99.894,66.381,46.857
139.986,99.672,66.381,46.857
137.543,99.449,66.381,46.857
135.544,101.448,66.381,46.857
133.545,103.447,66.381,46.857
131.991,105.446,66.381,46.857
131.324,107.444,66.381,46.857
133.323,108.111,66.381,46.857
134.434,108.333,66.381,46.857
134.656,108.999,66.381,46.857
133.545,107.889,66.381,46.857
131.991,108.111,66.381,46.857
130.880,107.444,66.381,46.857
133.323,106.778,66.381,46.857
136.210,105.668,66.381,46.857
137.321,105.002,66.381,46.857
138.875,105.668,66.381,46.857
139.754,104.919,67.850,47.894
141.797,104.692,67.850,47.894
144.294,104.011,67.850,47.894
146.791,104.692,67.850,47.894
145.804,102.985,69.351,48.954
145.108,103.217,69.351,48.954
143.020,102.985,69.351,48.954
140.004,102.289,69.351,48.954
136.988,103.913,69.351,48.954
134.436,105.073,69.351,48.954
131.883,107.625,69.351,48.954
132.580,109.713,69.351,48.954
133.276,110.409,69.351,48.954
133.044,111.569,69.351,48.954
131.419,111.337,69.351,48.954
129.795,112.961,69.351,48.954
128.171,113.193,69.351,48.954
127.011,114.353,69.351,48.954
126.315,114.121,69.351,48.954
127.939,114.353,69.351,48.954
128.171,113.657,69.351,48.954
128.867,112.033,69.351,48.954
128.171,111.337,69.351,48.954
127.475,110.177,69.351,48.954
125.851,108.553,69.351,48.954
123.763,106.001,69.351,48.954
119.866,103.293,70.886,50.037
115.835,101.158,70.886,50.037
110.855,99.024,70.886,50.037
105.875,97.838,70.886,50.037
101.369,96.653,70.886,50.037
97.337,94.993,70.886,50.037
95.203,94.755,70.886,50.037
95.440,94.044,70.886,50.037
96.626,93.807,70.886,50.037
96.389,92.621,70.886,50.037
95.677,93.333,70.886,50.037
94.491,94.044,70.886,50.037
92.831,92.858,70.886,50.037
92.120,93.095,70.886,50.037
92.831,93.333,70.886,50.037
94.966,93.095,70.886,50.037
94.728,92.858,70.886,50.037
94.491,93.095,70.886,50.037
93.461,92.788,72.454,51.144
94.188,93.515,72.454,51.144
92.007,92.303,72.454,51.144
90.310,93.515,72.454,51.144
87.644,92.303,72.454,51.144
85.462,93.515,72.454,51.144
81.341,91.334,72.454,51.144
76.251,92.061,72.454,51.144
72.130,90.849,72.454,51.144
70.918,91.576,72.454,51.144
72.615,91.334,72.454,51.144
76.736,93.515,72.454,51.144
84.250,95.212,72.454,51.144
93.219,98.363,72.454,51.144
98.794,100.545,72.454,51.144
102.430,101.757,72.454,51.144
100.371,100.436,74.057,52.275
98.141,101.675,74.057,52.275
93.980,99.297,75.695,53.432
92.207,99.044,75.695,53.432
91.448,97.778,75.695,53.432
93.220,99.044,75.695,53.432
94.993,98.791,75.695,53.432
97.272,100.057,75.695,53.432
100.564,100.310,75.695,53.432
103.857,101.577,75.695,53.432
105.629,102.336,75.695,53.432
109.428,101.070,75.695,53.432
112.720,101.323,75.695,53.432
116.519,102.590,75.695,53.432
121.837,104.362,75.695,53.432
126.142,104.616,75.695,53.432
130.447,105.375,75.695,53.432
132.220,104.616,75.695,53.432
130.953,103.856,75.695,53.432
131.207,103.096,75.695,53.432
131.966,103.349,75.695,53.432
134.246,103.096,75.695,53.432
139.057,101.323,75.695,53.432
145.895,101.577,75.695,53.432
154.758,102.336,75.695,53.432
161.089,103.096,75.695,53.432
166.407,104.362,75.695,53.432
170.712,105.122,75.695,53.432
174.511,105.882,75.695,53.432
179.323,107.148,75.695,53.432
184.134,107.908,75.695,53.432
188.946,108.667,75.695,53.432
193.757,110.440,75.695,53.432
198.062,111.706,75.695,53.432
202.367,111.960,75.695,53.432
206.673,110.693,75.695,53.432
210.471,110.947,75.695,53.432
214.776,109.680,75.695,53.432
218.069,110.440,75.695,53.432
221.867,109.174,75.695,53.432
224.653,108.921,75.695,53.432
225.655,107.016,77.370,54.614
229.020,108.310,77.370,54.614
226.821,106.363,79.082,55.823
229.731,108.215,79.082,55.823
227.484,106.774,80.832,57.058
227.754,106.504,80.832,57.058
225.457,105.031,82.620,58.320
225.181,105.307,82.620,58.320
227.669,105.584,82.620,58.320
226.286,104.202,82.620,58.320
225.457,105.584,82.620,58.320
224.628,105.307,82.620,58.320
221.707,104.949,84.448,59.610
219.729,104.666,84.448,59.610
216.056,105.514,84.448,59.610
211.818,104.101,84.448,59.610
208.145,102.124,84.448,59.610
205.603,100.711,84.448,59.610
204.755,100.428,84.448,59.610
205.603,102.406,84.448,59.610
204.755,104.384,84.448,59.610
202.778,106.361,84.448,59.610
199.105,106.079,84.448,59.610
194.867,104.666,84.448,59.610
189.499,104.949,84.448,59.610
183.566,102.406,84.448,59.610
176.503,101.559,84.448,59.610
171.135,100.711,84.448,59.610
167.462,99.298,84.448,59.610
163.224,100.146,84.448,59.610
160.116,99.298,84.448,59.610
155.879,99.016,84.448,59.610
151.076,98.168,84.448,59.610
146.273,98.451,84.448,59.610
142.035,98.168,84.448,59.610
138.362,97.321,84.448,59.610
135.254,98.168,84.448,59.610
132.712,97.886,84.448,59.610
129.604,97.603,84.448,59.610
126.496,99.016,84.448,59.610
123.388,98.168,84.448,59.610
120.846,99.581,84.448,59.610
119.433,100.428,84.448,59.610
117.455,101.841,84.448,59.610
115.478,102.689,84.448,59.610
114.065,104.666,84.448,59.610
112.653,105.514,84.448,59.610
110.110,104.666,84.448,59.610
108.132,103.254,84.448,59.610
106.155,101.276,84.448,59.610
104.742,101.559,84.448,59.610
102.199,102.971,84.448,59.610
100.787,101.559,84.448,59.610
99.939,102.971,84.448,59.610
100.222,100.428,84.448,59.610
101.634,100.146,84.448,59.610
100.222,98.168,84.448,59.610
103.329,99.016,84.448,59.610
101.917,99.298,84.448,59.610
104.459,102.406,84.448,59.610
103.047,106.079,84.448,59.610
103.894,109.752,84.448,59.610
103.047,112.859,84.448,59.610
102.764,115.402,84.448,59.610
100.787,115.685,84.448,59.610
99.939,114.272,84.448,59.610
101.352,111.164,84.448,59.610
99.939,105.231,84.448,59.610
102.482,99.298,84.448,59.610
101.069,93.930,84.448,59.610
103.047,88.562,84.448,59.610
102.199,84.890,84.448,59.610
105.307,82.912,84.448,59.610
107.285,83.760,84.448,59.610
110.392,86.302,84.448,59.610
112.935,90.540,84.448,59.610
114.348,95.343,84.448,59.610
112.370,101.841,84.448,59.610
111.523,107.774,84.448,59.610
111.240,111.447,84.448,59.610
112.088,113.425,84.448,59.610
108.515,110.713,86.316,60.929
108.804,108.692,86.316,60.929
106.351,104.722,88.226,62.277
105.069,100.665,90.178,63.655
102.506,97.143,92.173,65.064
104.048,93.135,92.173,65.064
103.123,87.892,92.173,65.064
104.665,83.267,92.173,65.064
105.590,79.875,92.173,65.064
106.515,78.950,92.173,65.064
108.674,81.108,92.173,65.064
110.832,84.500,92.173,65.064
112.991,89.743,92.173,65.064
115.149,95.602,92.173,65.064
118.541,99.610,92.173,65.064
120.083,101.152,92.173,65.064
120.392,100.227,92.173,65.064
121.317,97.452,92.173,65.064
121.625,93.443,92.173,65.064
123.167,90.051,92.173,65.064
122.242,86.042,92.173,65.064
122.822,81.163,94.213,66.503
120.145,78.792,96.297,67.975
118.534,77.182,96.297,67.975
118.856,74.926,96.297,67.975
117.245,75.249,96.297,67.975
117.851,71.488,98.428,69.478
116.863,68.525,98.428,69.478
117.192,66.878,98.428,69.478
117.522,66.549,98.428,69.478
117.192,68.854,98.428,69.478
120.815,70.501,98.428,69.478
121.144,74.781,98.428,69.478
120.815,81.038,98.428,69.478
120.485,88.612,98.428,69.478
122.132,95.527,98.428,69.478
122.461,99.149,98.428,69.478
120.156,100.137,98.428,69.478
118.726,97.660,100.606,71.016
117.716,94.631,100.606,71.016
118.349,89.306,102.831,72.587
119.381,85.521,102.831,72.587
119.314,79.365,105.107,74.193
118.516,75.260,107.432,75.834
120.313,71.307,107.432,75.834
119.954,67.353,107.432,75.834
122.470,66.994,107.432,75.834
122.110,69.510,107.432,75.834
123.908,72.026,107.432,75.834
122.110,77.417,107.432,75.834
119.058,86.646,109.809,77.512
116.486,100.974,109.809,77.512
114.649,113.097,109.809,77.512
115.751,119.342,109.809,77.512
113.914,118.975,109.809,77.512
110.794,113.925,112.239,79.227
110.418,107.541,112.239,79.227
108.541,98.905,112.239,79.227
109.247,88.289,114.722,80.980
109.631,80.229,114.722,80.980
110.353,71.767,117.260,82.772
109.176,66.667,117.260,82.772
110.353,65.490,117.260,82.772
110.745,67.452,117.260,82.772
109.568,71.767,117.260,82.772
106.822,79.221,117.260,82.772
102.507,90.597,117.260,82.772
95.919,101.485,119.854,84.603
91.681,109.285,122.506,86.475
91.271,115.433,122.506,86.475
89.221,114.204,122.506,86.475
89.631,111.335,122.506,86.475
89.221,101.908,122.506,86.475
89.631,91.662,122.506,86.475
88.402,81.416,122.506,86.475
87.992,72.809,122.506,86.475
86.762,67.481,122.506,86.475
85.533,66.251,122.506,86.475
81.201,69.972,125.217,88.388
78.512,74.644,127.987,90.344
74.875,84.751,130.819,92.343
73.562,96.568,130.819,92.343
73.124,105.759,130.819,92.343
72.687,109.698,130.819,92.343
71.374,107.509,130.819,92.343
70.936,100.944,130.819,92.343
73.124,90.878,130.819,92.343
72.131,76.689,133.713,94.386
75.263,66.400,133.713,94.386
77.499,57.006,133.713,94.386
75.263,49.401,133.713,94.386
73.026,44.480,133.713,94.386
73.473,45.822,133.713,94.386
73.026,48.059,133.713,94.386
70.789,53.874,133.713,94.386
66.989,60.720,136.672,96.474
63.789,73.066,136.672,96.474
60.854,85.755,139.695,98.609
59.452,96.505,139.695,98.609
58.050,104.450,139.695,98.609
57.582,104.917,139.695,98.609
56.180,100.711,139.695,98.609
55.713,92.766,139.695,98.609
58.050,83.886,139.695,98.609
59.452,73.137,139.695,98.609
59.919,62.388,139.695,98.609
62.256,53.508,139.695,98.609
60.854,47.432,139.695,98.609
62.256,46.030,139.695,98.609
60.854,49.302,139.695,98.609
58.823,54.514,142.786,100.790
57.390,66.457,142.786,100.790
56.913,81.265,142.786,100.790
53.569,94.163,142.786,100.790
53.091,107.061,142.786,100.790
48.042,116.354,145.945,103.020
47.554,121.725,145.945,103.020
42.393,113.999,149.174,105.300
45.887,103.519,149.174,105.300
49.380,92.040,149.174,105.300
52.874,80.562,149.174,105.300
56.367,69.083,149.174,105.300
59.861,59.601,149.174,105.300
60.360,53.113,149.174,105.300
58.192,49.359,152.475,107.629
60.742,54.971,152.475,107.629
56.409,60.660,155.848,110.011
57.974,72.652,155.848,110.011
55.367,84.644,155.848,110.011
50.938,96.951,159.296,112.445
45.305,108.424,162.821,114.932
39.548,113.369,166.423,117.475
32.508,108.026,170.105,120.074
39.906,98.352,170.105,120.074
45.028,82.986,170.105,120.074
51.288,68.759,170.105,120.074
55.272,56.808,170.105,120.074
54.703,44.857,170.105,120.074
54.134,36.320,170.105,120.074
55.841,33.475,170.105,120.074
54.134,36.320,170.105,120.074
54.703,42.580,170.105,120.074
51.857,52.255,170.105,120.074
48.204,63.326,173.869,122.731
45.296,76.705,173.869,122.731
39.148,85.606,177.716,125.446
34.986,90.957,177.716,125.446
33.202,84.417,177.716,125.446
37.364,75.499,177.716,125.446
40.337,64.202,177.716,125.446
43.310,51.717,177.716,125.446
46.282,39.231,177.716,125.446
48.066,27.935,177.716,125.446
47.472,20.205,177.716,125.446
50.444,18.422,177.716,125.446
48.661,21.394,177.716,125.446
48.066,26.745,177.716,125.446
46.282,36.853,177.716,125.446
46.877,49.339,177.716,125.446
46.282,65.391,177.716,125.446
44.499,81.444,177.716,125.446
41.526,95.119,177.716,125.446
34.008,101.750,181.648,128.222
30.107,97.180,185.667,131.059
38.182,87.862,185.667,131.059
42.531,74.818,185.667,131.059
44.394,63.016,185.667,131.059
43.773,52.456,185.667,131.059
44.394,44.381,185.667,131.059
46.257,40.033,185.667,131.059
48.121,40.654,185.667,131.059
47.500,45.003,185.667,131.059
48.121,53.078,185.667,131.059
47.500,64.880,185.667,131.059
46.879,77.924,185.667,131.059
39.025,87.430,189.775,133.959
33.632,86.606,193.973,136.922
32.983,80.766,193.973,136.922
37.525,71.032,193.973,136.922
38.174,60.000,193.973,136.922
41.419,51.563,193.973,136.922
40.770,43.127,193.973,136.922
42.717,38.584,193.973,136.922
46.662,43.172,189.837,134.003
44.756,47.618,189.837,134.003
44.121,57.144,189.837,134.003
42.216,74.292,189.837,134.003
37.770,91.440,189.837,134.003
32.054,98.426,189.837,134.003
30.149,93.980,189.837,134.003
38.405,83.183,189.837,134.003
41.581,71.116,189.837,134.003
46.027,59.049,189.837,134.003
50.472,45.712,189.837,134.003
58.006,36.734,185.789,131.145
58.627,27.411,185.789,131.145
61.735,20.574,185.789,131.145
63.600,23.682,185.789,131.145
64.982,30.472,181.827,128.348
66.807,38.380,181.827,128.348
66.198,46.288,181.827,128.348
66.807,54.196,181.827,128.348
69.848,59.671,181.827,128.348
71.673,57.846,181.827,128.348
73.498,52.371,181.827,128.348
72.890,44.463,181.827,128.348
77.760,37.037,177.949,125.611
81.379,28.621,174.154,122.932
85.457,19.882,174.154,122.932
81.379,14.638,174.154,122.932
90.536,18.757,170.440,120.311
96.201,26.085,166.806,117.745
94.214,36.484,163.248,115.234
95.853,47.954,163.248,115.234
96.399,62.700,163.248,115.234
92.576,74.169,163.248,115.234
92.030,81.269,163.248,115.234
91.484,82.907,163.248,115.234
93.122,77.992,163.248,115.234
96.945,68.708,163.248,115.234
101.861,58.331,163.248,115.234
107.286,48.505,159.767,112.777
112.596,37.858,156.360,110.372
114.767,29.455,153.026,108.018
117.327,22.800,153.026,108.018
113.743,19.216,153.026,108.018
118.351,23.823,153.026,108.018
121.463,32.377,149.762,105.715
118.958,40.894,149.762,105.715
124.469,58.431,149.762,105.715
123.968,68.952,149.762,105.715
125.471,80.476,149.762,105.715
123.968,86.990,149.762,105.715
125.471,88.493,149.762,105.715
123.968,80.977,149.762,105.715
126.473,72.460,149.762,105.715
125.972,61.938,149.762,105.715
130.950,50.026,146.569,103.460
131.440,36.787,146.569,103.460
129.969,27.470,146.569,103.460
134.840,22.429,143.443,101.254
130.521,20.030,143.443,101.254
137.139,24.347,140.384,99.095
133.851,30.453,140.384,99.095
133.381,38.437,140.384,99.095
133.851,49.239,140.384,99.095
137.611,62.518,137.390,96.981
133.475,71.251,137.390,96.981
137.611,80.904,137.390,96.981
134.394,85.041,137.390,96.981
133.015,82.742,137.390,96.981
134.394,76.767,137.390,96.981
131.176,68.953,137.390,96.981
134.394,62.058,137.390,96.981
133.015,54.245,137.390,96.981
137.152,46.431,137.390,96.981
133.015,39.536,137.390,96.981
136.232,34.480,137.390,96.981
133.710,34.185,134.460,94.913
136.859,37.334,134.460,94.913
131.911,41.382,134.460,94.913
137.247,48.898,131.593,92.889
132.404,56.382,131.593,92.889
133.725,63.867,131.593,92.889
132.404,69.590,131.593,92.889
132.844,73.552,131.593,92.889
132.404,73.992,131.593,92.889
130.203,70.030,131.593,92.889
135.425,66.353,128.787,90.908
129.824,60.752,128.787,90.908
135.765,56.322,126.040,88.970
137.515,51.987,123.352,87.072
135.452,47.448,123.352,87.072
141.143,49.569,120.722,85.215
136.700,53.204,120.722,85.215
141.491,60.731,118.148,83.398
137.933,66.660,118.148,83.398
141.491,74.960,118.148,83.398
139.514,84.051,118.148,83.398
142.281,91.562,118.148,83.398
138.724,93.538,118.148,83.398
142.281,89.190,118.148,83.398
139.514,82.470,118.148,83.398
143.072,74.960,118.148,83.398
144.258,69.822,118.148,83.398
148.946,66.520,115.628,81.620
153.535,64.035,113.162,79.879
156.185,61.385,113.162,79.879
160.676,64.061,110.749,78.176
161.499,66.680,108.387,76.509
158.961,69.944,108.387,76.509
162.950,74.658,108.387,76.509
160.412,78.646,108.387,76.509
164.400,84.086,108.387,76.509
161.862,89.525,108.387,76.509
164.400,91.338,108.387,76.509
160.412,85.899,108.387,76.509
159.324,79.009,108.387,76.509
158.961,72.845,108.387,76.509
162.225,68.856,108.387,76.509
165.128,66.526,106.076,74.877
163.180,64.930,103.814,73.280
168.639,68.055,101.600,71.718
168.740,69.802,99.433,70.188
169.738,72.796,99.433,70.188
168.740,76.456,99.433,70.188
171.068,81.445,99.433,70.188
171.808,87.003,97.313,68.691
173.159,90.560,95.238,67.227
170.929,86.418,95.238,67.227
168.699,81.001,95.238,67.227
167.743,76.222,95.238,67.227
167.424,73.354,95.238,67.227
165.831,72.398,95.238,67.227
164.875,70.805,95.238,67.227
162.008,73.036,95.238,67.227
159.140,74.629,95.238,67.227
156.910,74.310,95.238,67.227
155.316,76.541,95.238,67.227
155.635,78.771,95.238,67.227
157.228,81.638,95.238,67.227
162.236,85.733,93.207,65.793
168.940,89.140,91.219,64.390
174.325,92.474,89.274,63.017
179.595,94.585,87.370,61.673
184.564,95.462,87.370,61.673
188.949,96.339,87.370,61.673
192.164,97.216,87.370,61.673
194.795,99.262,87.370,61.673
196.841,100.723,87.370,61.673
197.718,101.016,87.370,61.673
199.179,102.477,87.370,61.673
200.056,103.354,87.370,61.673
201.518,100.723,87.370,61.673
202.731,103.917,85.507,60.358
202.815,102.079,83.683,59.071
200.856,104.038,83.683,59.071
200.576,102.079,83.683,59.071
201.416,104.038,83.683,59.071
199.879,102.779,81.899,57.811
198.376,104.188,80.152,56.578
194.890,103.920,80.152,56.578
191.868,102.714,78.443,55.371
189.922,103.557,76.770,54.191
186.069,100.732,76.770,54.191
182.216,99.962,76.770,54.191
177.337,99.191,76.770,54.191
174.937,97.541,75.133,53.035
171.166,95.781,75.133,53.035
167.899,94.022,75.133,53.035
165.134,91.760,75.133,53.035
162.785,92.083,73.531,51.904
160.487,91.451,71.963,50.797
160.246,90.247,71.963,50.797
157.997,91.485,70.428,49.714
157.761,90.778,70.428,49.714
156.923,91.989,68.926,48.654
156.231,91.759,68.926,48.654
157.188,92.944,67.456,47.616
157.255,94.104,66.018,46.601
157.320,95.240,64.610,45.607
157.104,95.024,64.610,45.607
157.752,95.240,64.610,45.607
157.816,96.351,63.232,44.634
160.325,97.439,61.884,43.683
161.185,99.302,60.564,42.751
161.387,99.099,60.564,42.751
162.806,100.112,60.564,42.751
163.008,100.720,60.564,42.751
165.237,101.328,60.564,42.751
167.061,102.746,60.564,42.751
168.074,103.354,60.564,42.751
169.492,105.177,60.564,42.751
171.316,107.001,60.564,42.751
173.139,108.825,60.564,42.751
174.963,110.648,60.564,42.751
176.786,111.661,60.564,42.751
178.610,113.080,60.564,42.751
180.839,114.903,60.564,42.751
181.447,116.727,60.564,42.751
184.081,118.550,60.564,42.751
185.094,120.374,60.564,42.751
186.107,121.387,60.564,42.751
187.525,122.400,60.564,42.751
189.754,123.818,60.564,42.751
191.172,124.831,60.564,42.751
192.591,125.439,60.564,42.751
194.414,126.858,60.564,42.751
195.427,127.060,60.564,42.751
197.251,127.263,60.564,42.751
198.873,127.523,59.272,41.839
199.071,126.532,59.272,41.839
202.188,125.258,58.008,40.947
203.935,123.511,58.008,40.947
206.611,125.257,56.771,40.074
208.864,123.671,55.561,39.219
211.069,124.268,54.376,38.383
211.978,124.450,54.376,38.383
212.888,122.813,54.376,38.383
213.797,124.086,54.376,38.383
215.955,125.022,53.216,37.564
214.709,125.200,53.216,37.564
216.311,126.090,53.216,37.564
218.080,127.692,52.081,36.763
217.557,127.866,52.081,36.763
218.080,129.085,52.081,36.763
219.300,129.957,52.081,36.763
219.474,128.737,52.081,36.763
220.197,128.289,50.971,35.979
220.368,128.801,50.971,35.979
219.856,126.584,50.971,35.979
221.879,127.461,49.884,35.212
221.044,126.293,49.884,35.212
223.024,125.864,48.820,34.461
223.514,123.740,48.820,34.461
224.657,122.924,48.820,34.461
223.841,120.474,48.820,34.461
224.657,119.657,48.820,34.461
224.494,119.821,48.820,34.461
225.311,118.024,48.820,34.461
225.474,118.841,48.820,34.461
225.637,118.677,48.820,34.461
224.494,119.821,48.820,34.461
226.116,120.031,47.779,33.726
224.358,121.149,47.779,33.726
223.879,120.031,47.779,33.726
224.358,121.789,47.779,33.726
222.920,121.949,47.779,33.726
225.432,123.387,46.760,33.007
226.214,122.605,46.760,33.007
227.309,123.700,46.760,33.007
227.778,123.230,46.760,33.007
227.622,122.448,46.760,33.007
226.214,122.917,46.760,33.007
223.242,123.387,46.760,33.007
220.582,121.979,46.760,33.007
218.236,123.387,46.760,33.007
215.576,121.979,46.760,33.007
212.917,123.387,46.760,33.007
210.258,121.979,46.760,33.007
206.972,122.761,46.760,33.007
204.939,121.979,46.760,33.007
203.779,123.085,45.763,32.303
201.482,122.319,45.763,32.303
200.717,123.085,45.763,32.303
199.339,122.625,45.763,32.303
199.186,122.166,45.763,32.303
198.726,123.238,45.763,32.303
198.267,123.085,45.763,32.303
199.339,123.544,45.763,32.303
199.186,122.166,45.763,32.303
199.645,123.544,45.763,32.303
199.186,122.166,45.763,32.303
200.870,123.544,45.763,32.303
201.023,122.166,45.763,32.303
202.095,122.932,45.763,32.303
202.554,121.554,45.763,32.303
203.319,121.094,45.763,32.303
204.085,122.166,45.763,32.303
204.850,122.932,45.763,32.303
206.228,123.697,45.763,32.303
207.606,125.381,45.763,32.303
208.372,127.372,45.763,32.303
208.219,129.974,45.763,32.303
208.065,132.883,45.763,32.303
207.300,135.180,45.763,32.303
207.453,137.170,45.763,32.303
206.381,138.854,45.763,32.303
206.534,139.620,45.763,32.303
206.688,139.466,45.763,32.303
206.228,139.007,45.763,32.303
207.912,139.773,45.763,32.303
208.984,138.701,45.763,32.303
210.056,139.160,45.763,32.303
211.127,139.926,45.763,32.303
212.505,139.773,45.763,32.303
213.577,139.926,45.763,32.303
214.955,139.466,45.763,32.303
215.721,138.395,45.763,32.303
216.792,138.854,45.763,32.303
217.558,139.926,45.763,32.303
219.242,141.304,45.763,32.303
217.624,143.647,46.775,33.018
218.093,149.124,46.775,33.018
217.937,157.105,46.775,33.018
216.215,171.032,46.775,33.018
