123.000,87.000,132.000,176.000
122.395,85.186,132.000,176.000
124.210,85.790,132.000,176.000
123.605,86.395,132.000,176.000
126.629,84.581,132.000,176.000
128.443,86.395,132.000,176.000
130.257,84.581,132.000,176.000
132.071,87.605,132.000,176.000
135.095,84.581,132.000,176.000
135.700,86.395,132.000,176.000
138.724,83.371,132.000,176.000
139.328,83.976,132.000,176.000
139.933,84.581,132.000,176.000
142.957,81.557,132.000,176.000
143.562,83.371,132.000,176.000
144.166,82.767,132.000,176.000
144.771,84.581,132.000,176.000
146.585,82.767,132.000,176.000
147.190,83.371,132.000,176.000
146.585,82.767,132.000,176.000
145.981,83.371,132.000,176.000
145.376,82.767,132.000,176.000
143.562,83.371,132.000,176.000
141.747,82.767,132.000,176.000
138.724,83.371,132.000,176.000
135.700,81.557,132.000,176.000
132.676,83.371,132.000,176.000
130.862,80.348,132.000,176.000
130.257,83.371,132.000,176.000
127.233,81.557,132.000,176.000
127.838,83.371,132.000,176.000
127.233,81.557,132.000,176.000
126.629,84.581,132.000,176.000
129.652,82.767,132.000,176.000
129.048,85.790,132.000,176.000
130.862,83.976,132.000,176.000
132.676,85.790,132.000,176.000
132.071,85.186,132.000,176.000
132.676,85.790,132.000,176.000
133.281,87.605,132.000,176.000
132.676,87.000,132.000,176.000
134.490,85.186,132.000,176.000
133.886,88.210,132.000,176.000
135.700,85.186,132.000,176.000
133.886,88.210,132.000,176.000
136.909,86.395,132.000,176.000
135.095,89.419,132.000,176.000
135.700,86.395,132.000,176.000
136.305,88.210,132.000,176.000
136.909,86.395,132.000,176.000
138.724,88.210,132.000,176.000
140.538,86.395,132.000,176.000
139.933,87.000,132.000,176.000
142.957,85.186,132.000,176.000
139.614,87.631,134.921,179.894
141.469,83.304,134.921,179.894
142.087,85.158,134.921,179.894
141.469,83.304,134.921,179.894
143.323,83.922,134.921,179.894
142.705,83.304,134.921,179.894
142.087,83.922,134.921,179.894
141.469,83.304,134.921,179.894
139.614,83.922,134.921,179.894
140.232,82.068,134.921,179.894
138.378,85.158,134.921,179.894
137.760,83.304,134.921,179.894
137.142,85.158,134.921,179.894
135.287,83.304,134.921,179.894
134.669,85.158,134.921,179.894
135.287,83.304,134.921,179.894
133.433,86.394,134.921,179.894
135.287,83.304,134.921,179.894
133.433,85.158,134.921,179.894
136.524,82.068,134.921,179.894
134.669,85.158,134.921,179.894
136.524,83.304,134.921,179.894
135.905,85.158,134.921,179.894
136.524,84.540,134.921,179.894
134.669,87.631,134.921,179.894
137.760,83.304,134.921,179.894
137.142,87.631,134.921,179.894
137.760,84.540,134.921,179.894
140.851,88.867,134.921,179.894
141.469,87.013,134.921,179.894
140.851,90.103,134.921,179.894
142.705,88.249,134.921,179.894
142.087,91.340,134.921,179.894
142.705,90.721,134.921,179.894
143.323,91.340,134.921,179.894
143.941,91.958,134.921,179.894
145.796,90.103,134.921,179.894
146.414,91.958,134.921,179.894
145.796,91.340,134.921,179.894
147.650,93.194,134.921,179.894
147.032,92.576,134.921,179.894
148.886,91.958,134.921,179.894
147.032,93.812,134.921,179.894
148.886,90.721,134.921,179.894
147.032,93.812,134.921,179.894
148.886,90.721,134.921,179.894
147.032,92.576,134.921,179.894
147.650,89.485,134.921,179.894
145.796,93.812,134.921,179.894
148.886,88.249,134.921,179.894
148.268,91.340,134.921,179.894
147.650,88.249,134.921,179.894
149.504,88.867,134.921,179.894
148.886,85.776,134.921,179.894
150.741,86.394,134.921,179.894
151.359,87.013,134.921,179.894
153.213,83.922,134.921,179.894
152.595,85.776,134.921,179.894
155.686,82.686,134.921,179.894
157.540,83.304,134.921,179.894
158.158,83.922,134.921,179.894
161.249,80.831,134.921,179.894
164.339,82.686,134.921,179.894
166.194,79.595,134.921,179.894
169.284,78.977,134.921,179.894
172.375,79.595,134.921,179.894
176.702,76.504,134.921,179.894
181.029,78.359,134.921,179.894
185.356,75.268,134.921,179.894
189.683,74.650,134.921,179.894
195.246,71.559,134.921,179.894
199.573,72.177,134.921,179.894
203.900,70.323,134.921,179.894
209.463,68.469,134.921,179.894
213.790,66.614,134.921,179.894
218.117,64.760,134.921,179.894
223.680,62.906,134.921,179.894
228.007,62.287,134.921,179.894
232.334,61.669,134.921,179.894
236.661,61.051,134.921,179.894
240.988,62.906,134.921,179.894
244.078,61.051,134.921,179.894
245.933,62.906,134.921,179.894
249.023,61.051,134.921,179.894
253.350,62.906,134.921,179.894
255.205,64.760,134.921,179.894
259.532,64.142,134.921,179.894
262.622,67.232,134.921,179.894
269.423,67.363,132.043,176.058
272.448,67.968,132.043,176.058
276.682,70.993,132.043,176.058
282.127,69.178,132.043,176.058
286.361,72.203,132.043,176.058
291.806,71.598,132.043,176.058
297.251,74.623,132.043,176.058
302.695,74.018,132.043,176.058
308.140,74.623,132.043,176.058
314.794,75.228,132.043,176.058
323.868,73.413,132.043,176.058
331.733,74.018,132.043,176.058
339.597,70.993,132.043,176.058
346.251,71.598,132.043,176.058
354.116,69.783,132.043,176.058
361.980,71.598,132.043,176.058
369.845,68.573,132.043,176.058
376.499,69.178,132.043,176.058
383.153,68.573,132.043,176.058
387.388,67.968,132.043,176.058
395.210,71.595,129.227,172.303
400.538,68.634,129.227,172.303
404.683,69.226,129.227,172.303
410.011,71.003,129.227,172.303
410.603,69.226,129.227,172.303
414.748,69.819,129.227,172.303
417.708,70.411,129.227,172.303
418.300,71.003,129.227,172.303
421.260,71.595,129.227,172.303
423.036,74.555,129.227,172.303
423.628,75.147,129.227,172.303
426.588,78.107,129.227,172.303
427.181,79.883,129.227,172.303
427.773,80.475,129.227,172.303
428.365,79.883,129.227,172.303
427.773,82.844,129.227,172.303
427.181,82.251,129.227,172.303
425.404,84.028,129.227,172.303
424.812,83.436,129.227,172.303
423.036,84.028,129.227,172.303
418.892,83.436,129.227,172.303
418.300,82.844,129.227,172.303
415.340,84.620,129.227,172.303
413.563,82.844,129.227,172.303
412.971,84.620,129.227,172.303
410.011,81.659,129.227,172.303
409.419,83.436,129.227,172.303
408.827,81.659,129.227,172.303
407.051,83.436,129.227,172.303
404.091,81.659,129.227,172.303
402.314,83.436,129.227,172.303
401.722,82.844,129.227,172.303
398.762,84.620,129.227,172.303
400.538,85.212,129.227,172.303
398.762,85.804,129.227,172.303
399.354,86.396,129.227,172.303
396.394,88.172,129.227,172.303
396.986,89.948,129.227,172.303
394.026,91.724,129.227,172.303
393.434,94.684,129.227,172.303
390.474,97.645,129.227,172.303
387.513,99.421,129.227,172.303
383.369,103.565,129.227,172.303
378.041,108.894,129.227,172.303
375.080,111.854,129.227,172.303
372.120,113.630,129.227,172.303
371.528,111.854,129.227,172.303
366.200,114.814,129.227,172.303
362.055,116.590,129.227,172.303
372.120,138.496,129.227,172.303
372.712,146.193,129.227,172.303
366.200,138.496,129.227,172.303
362.055,140.272,129.227,172.303
359.095,138.496,129.227,172.303
357.319,140.272,129.227,172.303
356.727,142.048,129.227,172.303
358.503,142.640,129.227,172.303
356.727,143.232,129.227,172.303
354.951,145.008,129.227,172.303
354.359,146.785,129.227,172.303
354.951,148.561,129.227,172.303
353.174,149.153,129.227,172.303
354.951,152.113,129.227,172.303
353.174,153.889,129.227,172.303
356.135,155.665,129.227,172.303
356.727,157.441,129.227,172.303
357.319,159.218,129.227,172.303
356.727,162.178,129.227,172.303
358.503,162.770,129.227,172.303
357.911,163.362,129.227,172.303
357.319,165.138,129.227,172.303
359.095,166.914,129.227,172.303
357.319,165.138,129.227,172.303
357.911,166.914,129.227,172.303
357.319,165.138,129.227,172.303
357.911,166.914,129.227,172.303
354.951,166.322,129.227,172.303
356.727,168.098,129.227,172.303
354.951,167.506,129.227,172.303
354.359,166.914,129.227,172.303
353.767,168.690,129.227,172.303
353.174,168.098,129.227,172.303
349.030,168.690,129.227,172.303
349.622,166.914,129.227,172.303
350.214,167.506,129.227,172.303
347.254,164.546,129.227,172.303
347.846,162.770,129.227,172.303
347.254,163.362,129.227,172.303
345.478,160.402,129.227,172.303
346.070,160.994,129.227,172.303
344.294,160.402,129.227,172.303
343.702,157.441,129.227,172.303
341.926,158.033,129.227,172.303
338.965,157.441,129.227,172.303
338.373,155.665,129.227,172.303
335.413,156.257,129.227,172.303
332.453,156.849,129.227,172.303
330.677,155.073,129.227,172.303
327.716,155.665,129.227,172.303
323.572,156.257,129.227,172.303
319.428,156.849,129.227,172.303
316.467,157.441,129.227,172.303
312.323,159.218,129.227,172.303
308.179,162.178,129.227,172.303
305.219,162.770,129.227,172.303
301.074,164.546,129.227,172.303
298.114,166.322,129.227,172.303
295.154,168.098,129.227,172.303
291.009,168.690,129.227,172.303
288.049,169.282,129.227,172.303
283.905,168.690,129.227,172.303
279.760,168.098,129.227,172.303
276.800,168.690,129.227,172.303
272.656,166.914,129.227,172.303
267.327,165.138,129.227,172.303
260.815,164.546,129.227,172.303
256.671,162.770,129.227,172.303
250.158,162.178,129.227,172.303
246.014,161.586,129.227,172.303
241.869,158.625,129.227,172.303
238.909,158.033,129.227,172.303
233.581,155.073,129.227,172.303
231.804,153.297,129.227,172.303
227.660,151.521,129.227,172.303
223.516,147.377,129.227,172.303
220.556,144.416,129.227,172.303
217.595,142.640,129.227,172.303
213.451,139.680,129.227,172.303
211.675,136.720,129.227,172.303
208.715,136.128,129.227,172.303
206.938,134.352,129.227,172.303
205.162,130.207,129.227,172.303
204.570,133.167,129.227,172.303
201.610,127.839,129.227,172.303
199.566,129.004,132.087,176.115
196.540,123.558,132.087,176.115
195.935,126.584,132.087,176.115
194.120,122.348,132.087,176.115
192.304,125.373,132.087,176.115
190.215,122.797,135.009,180.012
187.123,122.179,135.009,180.012
185.267,120.323,135.009,180.012
183.411,122.179,135.009,180.012
181.556,117.849,135.009,180.012
178.463,120.942,135.009,180.012
177.845,117.849,135.009,180.012
174.752,118.467,135.009,180.012
172.896,115.375,135.009,180.012
171.041,114.756,135.009,180.012
170.422,112.901,135.009,180.012
168.567,113.519,135.009,180.012
166.711,110.426,135.009,180.012
164.855,109.808,135.009,180.012
163.000,109.189,135.009,180.012
162.381,106.097,135.009,180.012
161.763,106.715,135.009,180.012
159.907,104.860,135.009,180.012
158.052,105.478,135.009,180.012
156.196,103.623,135.009,180.012
155.577,103.004,135.009,180.012
154.959,101.148,135.009,180.012
155.577,100.530,135.009,180.012
154.959,101.148,135.009,180.012
154.340,98.056,135.009,180.012
154.959,98.674,135.009,180.012
153.103,95.582,135.009,180.012
153.722,94.963,135.009,180.012
151.866,91.870,135.009,180.012
152.485,92.489,135.009,180.012
151.866,89.396,135.009,180.012
151.248,90.015,135.009,180.012
150.629,88.159,135.009,180.012
150.011,90.015,135.009,180.012
149.392,89.396,135.009,180.012
150.011,91.252,135.009,180.012
148.155,91.870,135.009,180.012
150.011,92.489,135.009,180.012
148.155,91.870,135.009,180.012
151.248,93.726,135.009,180.012
151.866,93.107,135.009,180.012
152.485,92.489,135.009,180.012
155.577,93.107,135.009,180.012
156.196,92.489,135.009,180.012
158.052,94.345,135.009,180.012
158.670,92.489,135.009,180.012
159.102,93.706,137.996,183.995
158.470,94.338,137.996,183.995
161.631,97.500,137.996,183.995
163.384,94.808,141.049,188.066
165.322,96.747,141.049,188.066
168.553,96.101,141.049,188.066
167.907,95.454,141.049,188.066
171.138,98.685,141.049,188.066
171.784,98.039,141.049,188.066
173.723,99.978,141.049,188.066
173.077,98.039,141.049,188.066
175.015,99.978,141.049,188.066
171.784,98.039,141.049,188.066
171.138,101.270,141.049,188.066
171.784,99.332,141.049,188.066
171.138,97.393,141.049,188.066
171.784,92.870,141.049,188.066
173.723,92.223,141.049,188.066
175.662,92.870,141.049,188.066
175.015,96.101,141.049,188.066
178.247,94.162,141.049,188.066
176.308,92.223,141.049,188.066
176.954,88.992,141.049,188.066
176.308,92.223,141.049,188.066
175.662,90.285,141.049,188.066
175.015,90.931,141.049,188.066
175.662,90.285,141.049,188.066
175.015,88.346,141.049,188.066
175.662,87.700,141.049,188.066
176.308,87.054,141.049,188.066
176.954,85.115,141.049,188.066
176.308,84.469,141.049,188.066
178.247,87.700,141.049,188.066
180.185,87.054,141.049,188.066
182.124,88.992,141.049,188.066
182.770,87.054,141.049,188.066
183.416,90.285,141.049,188.066
185.355,88.346,141.049,188.066
184.709,91.577,141.049,188.066
185.355,93.516,141.049,188.066
186.001,91.577,141.049,188.066
185.355,94.808,141.049,188.066
187.293,91.577,141.049,188.066
186.647,94.808,141.049,188.066
186.001,94.162,141.049,188.066
187.940,94.808,141.049,188.066
188.586,96.747,141.049,188.066
186.647,94.808,141.049,188.066
188.586,98.039,141.049,188.066
187.940,94.808,141.049,188.066
191.312,101.173,138.041,184.055
189.415,96.746,138.041,184.055
190.047,101.173,138.041,184.055
188.150,96.746,138.041,184.055
188.782,102.438,138.041,184.055
189.415,98.011,138.041,184.055
187.518,101.173,138.041,184.055
189.415,98.011,138.041,184.055
188.782,99.909,138.041,184.055
189.415,100.541,138.041,184.055
188.782,98.644,138.041,184.055
190.680,100.541,138.041,184.055
188.782,97.379,138.041,184.055
190.680,100.541,138.041,184.055
190.047,97.379,138.041,184.055
189.415,99.276,138.041,184.055
190.047,97.379,138.041,184.055
189.415,99.276,138.041,184.055
191.312,97.379,138.041,184.055
190.680,98.011,138.041,184.055
191.312,96.114,138.041,184.055
190.680,98.011,138.041,184.055
192.577,96.114,138.041,184.055
190.680,98.011,138.041,184.055
191.312,96.114,138.041,184.055
190.680,98.011,138.041,184.055
191.312,97.379,138.041,184.055
190.680,98.011,138.041,184.055
191.312,97.379,138.041,184.055
190.680,99.276,138.041,184.055
191.312,98.644,138.041,184.055
190.680,100.541,138.041,184.055
191.312,99.909,138.041,184.055
190.680,103.071,138.041,184.055
192.577,99.909,138.041,184.055
191.945,103.071,138.041,184.055
192.577,101.173,138.041,184.055
191.945,101.806,138.041,184.055
193.842,103.703,138.041,184.055
193.209,100.541,138.041,184.055
191.312,103.703,138.041,184.055
193.209,103.071,138.041,184.055
191.312,101.173,138.041,184.055
191.945,105.600,138.041,184.055
193.842,102.438,138.041,184.055
191.945,104.336,138.041,184.055
192.577,102.438,138.041,184.055
191.945,105.600,138.041,184.055
193.842,103.703,138.041,184.055
191.945,105.600,138.041,184.055
193.842,104.968,138.041,184.055
193.209,105.600,138.041,184.055
192.577,103.703,138.041,184.055
193.209,108.130,138.041,184.055
192.577,104.968,138.041,184.055
193.209,109.395,138.041,184.055
193.842,106.233,138.041,184.055
193.209,109.395,138.041,184.055
193.842,107.498,138.041,184.055
194.474,110.660,138.041,184.055
193.842,108.763,138.041,184.055
193.209,110.660,138.041,184.055
193.842,108.763,138.041,184.055
194.474,110.660,138.041,184.055
193.842,108.763,138.041,184.055
194.474,110.660,138.041,184.055
193.842,108.763,138.041,184.055
195.739,109.395,138.041,184.055
195.107,108.763,138.041,184.055
194.474,109.395,138.041,184.055
195.107,107.498,138.041,184.055
194.474,109.395,138.041,184.055
196.372,106.233,138.041,184.055
195.739,109.395,138.041,184.055
196.372,106.233,138.041,184.055
195.739,109.395,138.041,184.055
197.636,106.233,138.041,184.055
198.269,110.660,138.041,184.055
198.901,107.498,138.041,184.055
200.799,110.660,138.041,184.055
201.431,107.498,138.041,184.055
200.799,110.660,138.041,184.055
201.431,107.498,138.041,184.055
202.063,110.660,138.041,184.055
201.431,107.498,138.041,184.055
204.593,110.660,138.041,184.055
205.226,107.498,138.041,184.055
205.858,110.660,138.041,184.055
209.159,109.574,135.098,180.130
212.253,112.669,135.098,180.130
212.872,110.812,135.098,180.130
215.967,113.907,135.098,180.130
217.824,110.812,135.098,180.130
220.918,113.907,135.098,180.130
224.013,113.288,135.098,180.130
225.870,112.669,135.098,180.130
227.727,114.526,135.098,180.130
230.821,111.431,135.098,180.130
232.678,115.764,135.098,180.130
234.535,111.431,135.098,180.130
236.392,115.764,135.098,180.130
239.487,112.669,135.098,180.130
240.105,115.764,135.098,180.130
241.962,112.669,135.098,180.130
242.581,117.002,135.098,180.130
244.438,112.669,135.098,180.130
246.295,117.002,135.098,180.130
248.152,112.669,135.098,180.130
250.008,117.002,135.098,180.130
251.865,112.669,135.098,180.130
252.484,117.002,135.098,180.130
254.341,112.669,135.098,180.130
256.198,115.764,135.098,180.130
258.055,112.669,135.098,180.130
259.911,114.526,135.098,180.130
260.530,111.431,135.098,180.130
262.387,112.050,135.098,180.130
266.720,108.956,135.098,180.130
266.101,109.574,135.098,180.130
269.196,107.718,135.098,180.130
269.814,109.574,135.098,180.130
272.909,106.480,135.098,180.130
273.528,108.337,135.098,180.130
275.385,105.242,135.098,180.130
278.480,107.099,135.098,180.130
280.336,102.766,135.098,180.130
282.193,105.861,135.098,180.130
285.288,102.766,135.098,180.130
287.145,102.147,135.098,180.130
290.239,100.290,135.098,180.130
293.334,98.434,135.098,180.130
295.191,99.052,135.098,180.130
298.286,95.958,135.098,180.130
300.142,95.339,135.098,180.130
301.999,95.958,135.098,180.130
305.094,92.863,135.098,180.130
306.951,94.720,135.098,180.130
308.808,92.863,135.098,180.130
310.664,93.482,135.098,180.130
311.283,92.863,135.098,180.130
314.378,92.244,135.098,180.130
314.997,91.625,135.098,180.130
314.378,92.244,135.098,180.130
316.235,89.149,135.098,180.130
315.616,91.006,135.098,180.130
313.759,91.625,135.098,180.130
314.378,92.244,135.098,180.130
312.521,94.101,135.098,180.130
309.426,94.720,135.098,180.130
308.808,96.577,135.098,180.130
304.475,99.671,135.098,180.130
301.380,101.528,135.098,180.130
299.523,103.385,135.098,180.130
295.191,104.004,135.098,180.130
290.858,103.385,135.098,180.130
287.764,104.004,135.098,180.130
286.911,102.653,138.087,184.115
283.748,105.817,138.087,184.115
280.585,107.715,138.087,184.115
276.156,110.878,138.087,184.115
270.034,112.123,141.142,188.189
264.215,116.649,141.142,188.189
262.275,119.882,141.142,188.189
257.748,124.409,141.142,188.189
252.833,127.023,144.264,192.353
247.808,132.438,147.456,196.608
246.878,140.777,150.719,200.958
243.061,130.673,154.053,205.405
243.767,138.437,154.053,205.405
241.650,132.085,154.053,205.405
239.532,120.086,154.053,205.405
236.003,105.265,154.053,205.405
232.474,90.443,154.053,205.405
228.945,65.741,154.053,205.405
226.828,56.565,154.053,205.405
221.887,43.155,154.053,205.405
220.129,22.896,150.768,201.024
219.739,15.053,147.553,196.737
216.359,6.265,147.553,196.737
215.683,0.181,147.553,196.737
217.711,-5.903,147.553,196.737
212.979,0.181,147.553,196.737
211.294,-6.191,144.406,192.542
209.310,-1.560,144.406,192.542
207.325,1.748,144.406,192.542
205.340,6.379,144.406,192.542
203.355,8.364,144.406,192.542
201.370,9.025,144.406,192.542
200.997,12.991,141.327,188.436
200.632,16.873,138.313,184.418
198.731,16.239,138.313,184.418
198.097,21.942,138.313,184.418
197.464,20.041,138.313,184.418
195.563,24.477,138.313,184.418
193.661,21.308,138.313,184.418
195.747,28.772,135.364,180.485
193.887,24.431,135.364,180.485
192.026,31.252,135.364,180.485
188.925,28.151,135.364,180.485
187.065,32.493,135.364,180.485
183.964,29.392,135.364,180.485
180.863,34.973,135.364,180.485
177.762,39.314,135.364,180.485
174.662,34.973,135.364,180.485
171.561,41.795,135.364,180.485
170.015,51.490,132.477,176.636
166.981,53.311,132.477,176.636
163.946,58.773,132.477,176.636
163.339,59.380,132.477,176.636
161.518,62.415,132.477,176.636
159.698,65.450,132.477,176.636
159.091,67.270,132.477,176.636
158.484,64.236,132.477,176.636
157.877,67.270,132.477,176.636
157.270,67.877,132.477,176.636
156.663,70.912,132.477,176.636
156.056,73.947,132.477,176.636
154.235,76.981,132.477,176.636
152.414,78.802,132.477,176.636
151.807,81.837,132.477,176.636
151.200,84.872,132.477,176.636
149.380,87.906,132.477,176.636
148.773,90.941,132.477,176.636
146.952,92.762,132.477,176.636
143.597,93.956,135.408,180.544
144.218,92.095,135.408,180.544
147.320,93.956,135.408,180.544
146.699,97.058,135.408,180.544
152.282,93.956,135.408,180.544
155.384,95.817,135.408,180.544
158.486,97.678,135.408,180.544
159.106,100.780,135.408,180.544
163.449,98.919,135.408,180.544
164.069,104.502,135.408,180.544
168.412,106.363,135.408,180.544
169.032,109.465,135.408,180.544
170.893,110.086,135.408,180.544
174.131,107.825,132.520,176.694
171.095,112.075,132.520,176.694
173.093,112.204,129.694,172.926
173.904,107.748,126.928,169.238
175.648,102.514,126.928,169.238
177.562,98.153,124.222,165.629
176.144,100.468,121.573,162.097
174.473,94.341,121.573,162.097
173.916,96.012,121.573,162.097
171.131,93.227,121.573,162.097
170.817,95.492,118.980,158.640
168.091,97.127,118.980,158.640
167.784,94.090,116.443,155.257
167.250,96.758,116.443,155.257
166.717,96.224,116.443,155.257
165.116,98.892,116.443,155.257
165.650,100.492,116.443,155.257
166.183,99.959,116.443,155.257
170.985,103.693,116.443,155.257
173.652,98.892,116.443,155.257
178.453,98.358,116.443,155.257
181.121,98.892,116.443,155.257
186.989,95.157,116.443,155.257
185.388,97.825,116.443,155.257
189.123,101.559,116.443,155.257
183.960,107.037,119.019,158.692
188.868,114.125,119.019,158.692
186.985,116.330,121.652,162.203
192.002,118.002,121.652,162.203
191.444,115.215,121.652,162.203
192.990,111.686,124.344,165.792
190.141,111.116,124.344,165.792
185.811,106.327,127.095,169.460
184.064,104.580,127.095,169.460
182.317,103.998,127.095,169.460
181.515,101.519,129.907,173.209
177.349,105.685,129.907,173.209
180.325,101.519,129.907,173.209
178.539,108.066,129.907,173.209
180.325,103.900,129.907,173.209
183.300,102.114,129.907,173.209
187.467,100.329,129.907,173.209
194.013,96.163,129.907,173.209
200.560,89.616,129.907,173.209
205.915,79.673,132.781,177.042
210.127,85.919,135.719,180.959
214.431,92.304,138.722,184.962
216.194,86.960,141.791,189.055
213.951,92.283,144.928,193.238
218.548,86.701,148.135,197.513
224.656,95.523,148.135,197.513
227.946,89.818,151.412,201.883
230.027,87.737,151.412,201.883
227.946,92.592,151.412,201.883
226.991,85.321,154.762,206.350
224.863,86.030,154.762,206.350
222.736,85.321,154.762,206.350
214.937,84.612,154.762,206.350
200.719,78.651,158.186,210.915
194.197,80.826,158.186,210.915
187.674,78.651,158.186,210.915
181.152,80.826,158.186,210.915
166.620,77.740,161.686,215.582
162.916,87.370,161.686,215.582
169.581,79.606,165.263,220.351
174.881,81.877,165.263,220.351
181.695,79.606,165.263,220.351
177.910,87.934,165.263,220.351
173.725,90.995,168.920,225.227
174.499,93.317,168.920,225.227
175.273,92.543,168.920,225.227
179.142,90.221,168.920,225.227
186.107,87.900,168.920,225.227
193.072,82.482,168.920,225.227
204.853,74.370,172.657,230.210
218.300,81.490,172.657,230.210
227.002,79.117,172.657,230.210
238.754,88.433,168.975,225.300
247.270,81.466,168.975,225.300
252.689,71.402,168.975,225.300
261.206,65.596,165.372,220.496
264.994,73.930,165.372,220.496
267.488,82.854,161.845,215.794
271.358,80.152,158.394,211.192
269.181,86.683,158.394,211.192
267.372,84.039,155.016,206.688
266.662,83.328,155.016,206.688
264.892,84.848,151.710,202.280
264.197,89.713,151.710,202.280
257.942,95.969,151.710,202.280
253.076,99.444,151.710,202.280
252.119,105.138,155.067,206.756
255.671,111.532,155.067,206.756
257.803,112.243,155.067,206.756
257.402,109.654,151.760,202.347
249.754,107.568,151.760,202.347
224.270,110.379,155.118,206.824
220.342,114.727,158.550,211.400
222.522,125.623,158.550,211.400
223.248,130.707,158.550,211.400
228.333,129.981,158.550,211.400
228.840,117.845,162.058,216.077
235.522,111.163,162.058,216.077
242.204,116.360,162.058,216.077
250.371,108.193,162.058,216.077
257.053,104.481,162.058,216.077
268.190,112.648,162.058,216.077
280.812,119.330,162.058,216.077
290.464,128.982,162.058,216.077
298.631,116.360,162.058,216.077
311.252,126.012,162.058,216.077
322.389,137.149,162.058,216.077
329.071,131.952,162.058,216.077
338.723,144.574,162.058,216.077
346.890,142.346,162.058,216.077
353.628,155.385,158.602,211.469
360.221,155.538,155.219,206.959
368.044,163.361,155.219,206.959
373.022,168.339,155.219,206.959
375.362,169.860,151.909,202.546
380.234,176.124,151.909,202.546
383.714,174.036,151.909,202.546
385.802,176.124,151.909,202.546
386.497,175.428,151.909,202.546
389.977,174.732,151.909,202.546
392.065,179.604,151.909,202.546
394.356,182.434,148.670,198.227
396.597,187.830,145.499,193.999
401.264,187.164,145.499,193.999
397.579,182.943,148.719,198.292
399.623,183.624,148.719,198.292
401.667,182.943,148.719,198.292
403.711,187.712,148.719,198.292
400.305,185.668,148.719,198.292
399.623,184.987,148.719,198.292
397.579,184.305,148.719,198.292
394.173,183.624,148.719,198.292
392.128,188.393,148.719,198.292
388.722,187.712,148.719,198.292
392.278,194.423,145.547,194.063
387.610,191.089,145.547,194.063
387.234,195.087,142.443,189.924
383.971,191.824,142.443,189.924
384.623,196.392,142.443,189.924
378.750,193.129,142.443,189.924
383.318,199.002,142.443,189.924
379.176,197.882,139.406,185.874
382.369,199.798,139.406,185.874
380.778,198.702,136.433,181.910
383.808,202.526,139.451,185.935
378.521,200.198,136.477,181.970
382.898,204.575,136.477,181.970
381.022,198.948,136.477,181.970
382.898,203.325,136.477,181.970
383.334,198.068,139.497,185.996
381.417,198.707,139.497,185.996
380.778,200.625,139.497,185.996
378.861,199.985,139.497,185.996
379.307,197.265,142.583,190.111
378.653,195.305,142.583,190.111
373.248,202.999,139.543,186.057
372.609,199.802,139.543,186.057
367.318,203.635,136.567,182.089
360.935,203.767,133.655,178.206
355.868,202.716,130.804,174.406
357.840,210.930,128.015,170.687
354.907,206.824,128.015,170.687
352.315,206.948,125.285,167.047
351.991,209.283,122.613,163.485
352.757,214.816,119.999,159.998
351.387,213.873,117.440,156.586
349.773,210.106,117.440,156.586
351.544,210.220,114.935,153.247
353.277,217.437,112.484,149.979
353.980,217.546,110.085,146.781
354.667,217.653,107.738,143.650
354.174,221.108,107.738,143.650
353.680,220.614,107.738,143.650
353.187,220.121,107.738,143.650
352.693,219.627,107.738,143.650
352.200,219.134,107.738,143.650
351.706,222.589,107.738,143.650
352.200,224.069,107.738,143.650
348.447,219.920,110.121,146.829
350.970,219.415,110.121,146.829
349.456,219.920,110.121,146.829
349.961,219.415,110.121,146.829
348.447,220.929,110.121,146.829
348.952,221.433,110.121,146.829
347.438,221.938,110.121,146.829
347.943,221.433,110.121,146.829
345.420,219.920,110.121,146.829
343.678,217.772,112.558,150.077
341.100,216.225,112.558,150.077
340.584,215.709,112.558,150.077
336.975,213.131,112.558,150.077
333.365,214.678,112.558,150.077
328.724,212.100,112.558,150.077
324.083,209.521,112.558,150.077
319.442,207.974,112.558,150.077
313.186,208.083,110.158,146.877
307.635,210.607,110.158,146.877
301.513,209.741,107.808,143.745
297.067,213.198,107.808,143.745
290.647,210.728,107.808,143.745
285.213,214.186,107.808,143.745
281.756,215.668,107.808,143.745
277.311,214.186,107.808,143.745
275.128,219.051,105.509,140.679
271.744,215.667,105.509,140.679
270.540,217.633,103.259,137.679
268.174,216.214,103.259,137.679
268.647,214.795,103.259,137.679
267.228,216.214,103.259,137.679
267.701,213.849,103.259,137.679
266.282,216.214,103.259,137.679
266.755,212.902,103.259,137.679
265.576,217.562,101.057,134.743
266.965,219.877,101.057,134.743
263.724,213.858,101.057,134.743
263.261,206.914,101.057,134.743
260.020,200.895,101.057,134.743
257.705,202.284,101.057,134.743
256.316,194.413,101.057,134.743
253.075,189.320,101.057,134.743
248.909,187.005,101.057,134.743
246.350,188.877,103.293,137.724
241.144,181.779,103.293,137.724
237.831,183.198,103.293,137.724
233.572,177.046,103.293,137.724
229.975,177.978,105.579,140.771
223.287,167.889,107.914,143.886
220.554,172.965,110.302,147.069
216.006,165.385,110.302,147.069
212.468,167.912,110.302,147.069
210.724,168.907,112.743,150.323
206.075,162.192,112.743,150.323
203.493,166.840,112.743,150.323
201.943,171.489,112.743,150.323
197.294,166.840,112.743,150.323
193.679,164.258,112.743,150.323
187.997,166.840,112.743,150.323
187.286,162.498,115.237,153.649
186.758,163.026,115.237,153.649
193.621,159.330,115.237,153.649
202.596,154.579,115.237,153.649
215.529,152.655,112.779,150.373
213.979,151.105,112.779,150.373
211.395,147.488,112.779,150.373
207.778,144.905,112.779,150.373
204.162,143.355,112.779,150.373
200.545,140.771,112.779,150.373
196.928,135.087,112.779,150.373
193.311,130.437,112.779,150.373
196.928,122.687,112.779,150.373
196.411,118.037,112.779,150.373
196.772,123.342,115.275,153.700
201.524,129.861,117.825,157.100
206.381,132.043,120.432,160.576
222.382,124.870,120.432,160.576
232.865,121.008,120.432,160.576
240.038,127.077,120.432,160.576
246.107,119.904,120.432,160.576
255.651,109.541,123.097,164.129
264.111,88.675,123.097,164.129
263.547,81.343,123.097,164.129
259.599,81.907,123.097,164.129
254.523,84.727,123.097,164.129
250.236,75.305,125.820,167.760
246.201,74.729,125.820,167.760
239.860,78.764,125.820,167.760
233.086,71.525,128.604,171.472
227.783,79.185,128.604,171.472
217.191,93.793,131.449,175.266
205.115,97.477,134.358,179.144
196.604,97.411,137.330,183.107
194.432,102.566,140.369,187.158
204.078,104.495,140.369,187.158
209.866,103.852,140.369,187.158
207.646,105.118,143.474,191.299
202.649,103.684,146.649,195.532
203.321,101.668,146.649,195.532
198.213,94.625,149.893,199.858
205.767,95.312,149.893,199.858
206.454,102.866,149.893,199.858
205.508,98.518,153.210,204.280
210.422,103.431,153.210,204.280
221.107,96.074,156.599,208.799
212.675,95.997,160.064,213.419
210.475,95.264,160.064,213.419
202.409,87.197,160.064,213.419
200.209,80.597,160.064,213.419
198.009,82.797,160.064,213.419
200.209,89.397,160.064,213.419
195.076,93.064,160.064,213.419
200.209,96.730,160.064,213.419
204.036,99.713,156.651,208.868
210.495,98.995,156.651,208.868
215.464,100.407,160.117,213.489
215.976,95.762,163.659,218.212
212.227,104.010,163.659,218.212
215.976,103.260,163.659,218.212
221.224,102.511,163.659,218.212
227.972,106.260,163.659,218.212
226.940,110.847,167.280,223.040
236.903,116.212,167.280,223.040
252.997,113.912,167.280,223.040
272.156,120.810,167.280,223.040
289.452,129.836,163.713,218.284
300.703,127.586,163.713,218.284
325.454,131.336,163.713,218.284
349.323,123.474,167.335,223.114
363.889,124.241,167.335,223.114
376.757,136.226,163.767,218.356
386.458,143.616,160.274,213.699
395.952,150.849,156.856,209.142
402.473,157.928,153.511,204.682
407.500,163.500,150.238,200.317
415.071,162.811,150.238,200.317
418.663,166.938,147.034,196.045
420.684,170.306,147.034,196.045
422.705,176.368,147.034,196.045
423.379,181.084,147.034,196.045
425.399,187.146,147.034,196.045
422.031,194.556,147.034,196.045
422.950,202.490,143.898,191.864
420.972,208.424,143.898,191.864
417.676,215.675,143.898,191.864
413.061,220.290,143.898,191.864
409.765,228.861,143.898,191.864
405.150,236.113,143.898,191.864
397.898,244.683,143.898,191.864
390.646,253.253,143.898,191.864
383.394,261.824,143.898,191.864
378.779,269.076,143.898,191.864
372.846,276.327,143.898,191.864
366.913,283.579,143.898,191.864
360.979,289.513,143.898,191.864
355.046,294.127,143.898,191.864
350.861,301.892,140.830,187.773
348.926,306.409,140.830,187.773
346.990,312.215,140.830,187.773
345.382,319.814,137.826,183.769
346.014,322.972,137.826,183.769
348.092,329.192,134.887,179.850
350.126,332.896,132.011,176.014
352.116,335.356,129.195,172.261
356.347,337.763,126.440,168.587
360.486,337.886,123.744,164.992
365.631,336.913,121.105,161.474
369.515,335.248,121.105,161.474
374.508,332.474,121.105,161.474
378.392,327.481,121.105,161.474
382.276,319.158,121.105,161.474
383.941,311.945,121.105,161.474
386.715,304.732,121.105,161.474
389.489,298.629,121.105,161.474
390.044,291.416,121.105,161.474
392.818,284.203,121.105,161.474
392.263,280.319,121.105,161.474
395.159,277.228,118.522,158.030
395.899,276.296,115.995,154.660
396.624,273.335,113.521,151.362
397.333,273.445,111.100,148.134
398.860,271.918,111.100,148.134
399.554,274.970,108.731,144.975
400.233,273.155,106.412,141.883
400.721,272.667,106.412,141.883
401.208,274.130,106.412,141.883
401.873,272.353,104.143,138.858
404.363,276.133,101.922,135.897
403.199,273.532,99.749,132.999
404.570,276.730,99.749,132.999
405.941,272.618,99.749,132.999
404.570,276.730,99.749,132.999
405.941,271.704,99.749,132.999
405.484,272.161,99.749,132.999
405.226,269.614,97.622,130.162
406.568,266.484,97.622,130.162
406.316,264.854,95.540,127.387
404.127,267.042,95.540,127.387
403.690,263.103,95.540,127.387
403.443,261.508,93.502,124.670
400.444,264.507,93.502,124.670
397.445,259.795,93.502,124.670
394.447,255.939,93.502,124.670
391.448,258.081,93.502,124.670
387.593,254.226,93.502,124.670
383.737,252.084,93.502,124.670
381.018,251.349,91.508,122.011
377.549,253.862,89.557,119.409
375.498,250.990,89.557,119.409
372.625,250.580,89.557,119.409
370.574,247.707,89.557,119.409
369.552,247.794,87.647,116.863
367.544,248.999,87.647,116.863
366.339,245.385,87.647,116.863
365.134,243.377,87.647,116.863
363.930,242.976,87.647,116.863
366.025,242.287,85.778,114.371
366.418,241.894,85.778,114.371
366.811,239.143,85.778,114.371
367.990,238.750,85.778,114.371
368.383,238.357,85.778,114.371
368.776,235.606,85.778,114.371
369.955,233.641,85.778,114.371
371.134,231.676,85.778,114.371
370.741,232.069,85.778,114.371
371.920,229.318,85.778,114.371
372.313,227.353,85.778,114.371
371.920,225.388,85.778,114.371
372.313,223.423,85.778,114.371
371.920,221.458,85.778,114.371
371.527,218.707,85.778,114.371
369.562,216.742,85.778,114.371
368.383,213.991,85.778,114.371
365.632,212.027,85.778,114.371
363.667,210.848,85.778,114.371
362.489,208.883,85.778,114.371
360.524,207.704,85.778,114.371
359.345,207.311,85.778,114.371
358.166,204.560,85.778,114.371
356.987,203.381,85.778,114.371
356.594,202.202,85.778,114.371
355.415,199.451,85.778,114.371
354.236,197.486,85.778,114.371
353.057,195.521,85.778,114.371
352.664,194.342,85.778,114.371
351.485,192.377,85.778,114.371
350.306,191.984,85.778,114.371
348.341,189.233,85.778,114.371
347.162,188.840,85.778,114.371
345.197,186.875,85.778,114.371
343.232,185.696,85.778,114.371
341.267,186.875,85.778,114.371
338.516,183.339,85.778,114.371
335.765,184.517,85.778,114.371
332.229,182.553,85.778,114.371
327.906,183.731,85.778,114.371
325.155,183.339,85.778,114.371
320.832,182.946,85.778,114.371
318.081,181.767,85.778,114.371
316.116,183.731,85.778,114.371
312.579,182.553,85.778,114.371
309.828,183.731,85.778,114.371
307.077,182.553,85.778,114.371
304.326,180.588,85.778,114.371
301.576,180.195,85.778,114.371
298.825,178.230,85.778,114.371
296.074,177.837,85.778,114.371
293.323,175.872,85.778,114.371
289.786,174.693,85.778,114.371
287.035,175.872,85.778,114.371
284.284,173.121,85.778,114.371
279.961,173.514,85.778,114.371
277.210,172.335,85.778,114.371
273.673,175.872,85.778,114.371
270.137,175.479,85.778,114.371
265.814,176.658,85.778,114.371
263.063,175.479,85.778,114.371
260.312,174.300,85.778,114.371
256.775,173.121,85.778,114.371
254.024,171.156,85.778,114.371
251.273,173.121,85.778,114.371
247.736,173.514,85.778,114.371
244.985,173.121,85.778,114.371
243.020,171.156,85.778,114.371
241.055,170.763,85.778,114.371
239.091,171.156,85.778,114.371
237.126,169.191,85.778,114.371
234.375,168.012,85.778,114.371
232.410,167.619,85.778,114.371
230.445,168.012,85.778,114.371
228.480,166.047,85.778,114.371
226.515,164.868,85.778,114.371
225.336,163.689,85.778,114.371
223.371,166.440,85.778,114.371
223.645,163.136,87.676,116.901
224.047,164.341,87.676,116.901
224.449,162.333,87.676,116.901
225.562,163.957,89.616,119.488
226.794,164.367,89.616,119.488
227.205,165.599,89.616,119.488
230.079,161.904,89.616,119.488
233.774,163.957,89.616,119.488
235.006,166.831,89.616,119.488
238.701,165.599,89.616,119.488
240.754,167.652,89.616,119.488
244.449,165.599,89.616,119.488
246.502,166.831,89.616,119.488
249.376,164.778,89.616,119.488
250.607,166.831,89.616,119.488
251.839,163.136,89.616,119.488
251.428,166.010,89.616,119.488
251.839,163.136,89.616,119.488
251.428,165.189,89.616,119.488
252.660,163.136,89.616,119.488
251.428,166.831,89.616,119.488
254.302,162.315,89.616,119.488
251.181,163.975,91.598,122.131
248.244,161.037,91.598,122.131
246.985,157.260,91.598,122.131
243.208,153.483,91.598,122.131
240.270,148.028,91.598,122.131
236.493,143.412,91.598,122.131
234.395,140.474,91.598,122.131
229.779,135.018,91.598,122.131
224.847,131.490,93.625,124.834
220.696,131.445,95.697,127.596
215.544,131.398,97.814,130.419
210.277,133.209,99.978,133.304
