118.000,57.000,82.000,98.000
116.938,55.230,82.000,98.000
118.708,54.168,82.000,98.000
117.646,53.106,82.000,98.000
116.584,53.460,82.000,98.000
117.646,53.814,82.000,98.000
118.000,53.460,82.000,98.000
118.354,53.106,82.000,98.000
119.416,52.752,82.000,98.000
119.062,53.814,82.000,98.000
118.708,52.044,82.000,98.000
119.770,51.690,82.000,98.000
118.708,53.460,82.000,98.000
119.062,50.982,82.000,98.000
117.292,54.168,82.000,98.000
117.646,51.690,82.000,98.000
116.584,52.752,82.000,98.000
116.938,50.982,82.000,98.000
115.876,52.752,82.000,98.000
116.230,50.982,82.000,98.000
114.460,50.628,82.000,98.000
114.814,50.982,82.000,98.000
114.460,51.336,82.000,98.000
112.690,49.566,82.000,98.000
113.752,52.044,82.000,98.000
111.982,50.274,82.000,98.000
113.044,52.752,82.000,98.000
111.274,51.690,82.000,98.000
110.920,53.460,82.000,98.000
111.982,52.398,82.000,98.000
110.920,54.168,82.000,98.000
110.566,51.690,82.000,98.000
109.504,53.460,82.000,98.000
108.443,50.982,82.000,98.000
107.381,52.752,82.000,98.000
106.319,50.982,82.000,98.000
105.257,52.752,82.000,98.000
104.195,50.274,82.000,98.000
103.841,52.044,82.000,98.000
104.903,50.274,82.000,98.000
103.841,52.752,82.000,98.000
104.195,50.982,82.000,98.000
101.717,53.460,82.000,98.000
102.071,50.982,82.000,98.000
100.301,52.752,82.000,98.000
99.947,50.274,82.000,98.000
98.885,51.336,82.000,98.000
97.823,49.566,82.000,98.000
97.469,52.044,82.000,98.000
97.115,50.274,82.000,98.000
97.469,52.044,82.000,98.000
100.655,50.274,82.000,98.000
101.009,50.628,82.000,98.000
101.363,50.274,82.000,98.000
101.717,50.628,82.000,98.000
102.779,51.690,82.000,98.000
103.133,49.920,82.000,98.000
102.071,49.566,82.000,98.000
102.425,48.504,82.000,98.000
103.487,48.150,82.000,98.000
103.133,47.089,82.000,98.000
104.903,50.274,82.000,98.000
108.797,49.920,82.000,98.000
111.982,51.690,82.000,98.000
115.168,49.920,82.000,98.000
116.230,50.274,82.000,98.000
118.708,48.504,82.000,98.000
120.478,48.150,82.000,98.000
120.124,47.089,82.000,98.000
121.186,47.442,82.000,98.000
122.248,47.796,82.000,98.000
124.018,48.150,82.000,98.000
125.080,48.504,82.000,98.000
124.726,50.982,82.000,98.000
124.920,50.265,83.814,100.168
125.282,48.456,83.814,100.168
123.473,47.371,83.814,100.168
124.558,46.286,83.814,100.168
122.749,44.476,83.814,100.168
121.664,43.391,83.814,100.168
120.814,44.808,82.027,98.032
122.030,42.781,80.278,95.942
119.604,44.514,80.278,95.942
122.030,42.088,80.278,95.942
118.911,40.356,80.278,95.942
118.564,42.088,80.278,95.942
119.754,40.773,78.566,93.896
118.737,43.826,78.566,93.896
119.754,46.878,78.566,93.896
120.094,49.252,78.566,93.896
119.076,52.983,78.566,93.896
119.415,51.965,78.566,93.896
118.398,50.948,78.566,93.896
118.737,53.322,78.566,93.896
119.754,52.983,78.566,93.896
119.415,51.965,78.566,93.896
118.398,52.304,78.566,93.896
118.059,52.644,78.566,93.896
119.076,51.626,78.566,93.896
118.059,53.322,78.566,93.896
119.076,52.983,78.566,93.896
118.737,51.965,78.566,93.896
119.754,51.626,78.566,93.896
119.415,50.609,78.566,93.896
119.602,52.033,80.304,95.973
121.335,50.993,80.304,95.973
123.068,51.340,80.304,95.973
122.722,52.380,80.304,95.973
123.068,52.726,80.304,95.973
123.415,51.686,80.304,95.973
121.682,51.340,80.304,95.973
123.415,53.073,80.304,95.973
121.682,52.033,80.304,95.973
123.415,52.380,80.304,95.973
121.682,52.033,80.304,95.973
122.028,51.686,80.304,95.973
122.375,50.646,80.304,95.973
120.642,49.606,80.304,95.973
121.682,49.260,80.304,95.973
119.255,50.993,80.304,95.973
120.988,50.646,80.304,95.973
119.948,49.606,80.304,95.973
118.700,51.782,82.081,98.096
119.763,50.719,82.081,98.096
118.700,50.364,82.081,98.096
119.763,49.301,82.081,98.096
119.409,47.530,82.081,98.096
119.055,45.758,82.081,98.096
117.283,45.404,82.081,98.096
119.055,44.341,82.081,98.096
117.992,46.112,82.081,98.096
119.763,44.341,82.081,98.096
120.297,44.362,80.330,96.005
122.724,46.790,80.330,96.005
120.297,44.362,80.330,96.005
122.724,46.096,80.330,96.005
120.297,44.362,80.330,96.005
122.724,46.790,80.330,96.005
120.297,43.669,80.330,96.005
122.724,44.015,80.330,96.005
120.991,44.362,80.330,96.005
122.724,44.015,80.330,96.005
120.991,43.669,80.330,96.005
122.181,43.021,78.617,93.957
123.200,44.039,78.617,93.957
120.824,42.342,78.617,93.957
122.521,43.360,78.617,93.957
120.145,43.021,78.617,93.957
122.521,43.360,78.617,93.957
120.145,44.379,78.617,93.957
122.521,44.039,78.617,93.957
120.145,45.736,78.617,93.957
122.521,43.360,78.617,93.957
119.466,45.736,78.617,93.957
121.163,43.360,78.617,93.957
120.824,46.415,78.617,93.957
119.806,44.718,78.617,93.957
121.625,43.430,76.941,91.954
119.300,45.755,76.941,91.954
121.625,44.094,76.941,91.954
118.636,44.426,76.941,91.954
120.297,44.759,76.941,91.954
119.965,45.755,76.941,91.954
120.297,44.094,76.941,91.954
119.300,45.091,76.941,91.954
120.961,43.430,76.941,91.954
119.300,45.755,76.941,91.954
120.961,44.094,76.941,91.954
119.300,45.091,76.941,91.954
120.961,43.430,76.941,91.954
118.636,45.755,76.941,91.954
120.297,44.759,76.941,91.954
120.629,46.419,76.941,91.954
120.297,44.759,76.941,91.954
122.718,48.620,75.300,89.993
121.743,45.045,75.300,89.993
123.368,48.620,75.300,89.993
123.043,46.345,75.300,89.993
123.368,49.270,75.300,89.993
124.343,46.345,75.300,89.993
122.718,49.270,75.300,89.993
123.043,46.995,75.300,89.993
121.418,49.270,75.300,89.993
123.043,50.246,75.300,89.993
122.718,51.871,75.300,89.993
123.043,52.196,75.300,89.993
121.418,55.772,75.300,89.993
123.043,53.496,75.300,89.993
121.418,55.772,75.300,89.993
123.043,54.146,75.300,89.993
120.524,56.186,76.966,91.984
121.520,53.860,76.966,91.984
120.524,56.850,76.966,91.984
121.396,54.109,78.669,94.019
119.019,55.128,78.669,94.019
122.075,54.109,78.669,94.019
118.738,52.012,80.409,96.099
120.474,53.748,80.409,96.099
118.738,52.012,80.409,96.099
120.474,54.442,80.409,96.099
119.433,53.401,80.409,96.099
119.780,53.748,80.409,96.099
120.127,52.706,80.409,96.099
119.780,52.359,80.409,96.099
118.738,53.401,80.409,96.099
119.085,52.359,80.409,96.099
117.350,52.706,80.409,96.099
117.003,51.665,80.409,96.099
117.350,52.012,80.409,96.099
116.309,52.359,80.409,96.099
118.044,52.012,80.409,96.099
120.474,51.665,80.409,96.099
120.127,51.318,80.409,96.099
123.251,53.054,80.409,96.099
124.292,52.012,80.409,96.099
126.028,53.054,80.409,96.099
125.681,52.012,80.409,96.099
127.416,51.665,80.409,96.099
125.681,51.318,80.409,96.099
128.110,53.054,80.409,96.099
127.069,52.012,80.409,96.099
127.260,50.589,82.188,98.225
126.905,50.944,82.188,98.225
126.550,50.589,82.188,98.225
126.196,50.234,82.188,98.225
126.550,51.299,82.188,98.225
125.486,50.944,82.188,98.225
125.841,49.879,82.188,98.225
125.486,50.234,82.188,98.225
124.422,50.589,82.188,98.225
125.486,49.525,82.188,98.225
124.422,49.170,82.188,98.225
125.486,50.234,82.188,98.225
124.422,49.879,82.188,98.225
125.486,49.525,82.188,98.225
124.422,48.460,82.188,98.225
123.357,48.105,82.188,98.225
125.131,49.170,82.188,98.225
123.357,48.815,82.188,98.225
123.712,48.460,82.188,98.225
121.938,48.815,82.188,98.225
121.583,49.879,82.188,98.225
121.228,48.815,82.188,98.225
120.164,49.170,82.188,98.225
119.100,48.815,82.188,98.225
118.035,47.751,82.188,98.225
116.971,48.105,82.188,98.225
115.197,49.879,82.188,98.225
114.842,48.105,82.188,98.225
113.068,49.879,82.188,98.225
113.603,49.217,80.436,96.130
112.561,48.870,80.436,96.130
111.519,47.828,80.436,96.130
109.783,48.175,80.436,96.130
110.975,46.857,78.720,94.080
108.597,47.877,78.720,94.080
110.296,46.178,78.720,94.080
105.547,46.900,80.462,96.162
107.978,44.469,80.462,96.162
106.241,44.121,80.462,96.162
109.367,41.690,80.462,96.162
105.547,44.121,80.462,96.162
109.418,41.464,78.746,94.111
107.038,43.164,78.746,94.111
110.098,40.104,78.746,94.111
107.988,44.056,77.067,92.104
110.983,40.397,77.067,92.104
107.988,44.056,77.067,92.104
110.317,42.393,77.067,92.104
109.536,46.902,75.423,90.140
110.512,47.228,75.423,90.140
113.513,46.620,73.815,88.218
111.920,50.125,73.815,88.218
113.513,47.895,73.815,88.218
113.195,50.125,73.815,88.218
114.151,52.356,73.815,88.218
116.381,51.400,73.815,88.218
117.974,51.081,73.815,88.218
120.842,49.488,73.815,88.218
119.886,51.081,73.815,88.218
122.117,52.037,73.815,88.218
120.524,51.081,73.815,88.218
122.117,51.400,73.815,88.218
121.161,52.993,73.815,88.218
122.117,50.762,73.815,88.218
121.798,53.630,73.815,88.218
123.391,52.037,73.815,88.218
122.435,53.630,73.815,88.218
122.754,52.037,73.815,88.218
123.073,52.993,73.815,88.218
124.666,52.037,73.815,88.218
123.710,53.630,73.815,88.218
125.303,54.586,73.815,88.218
124.347,53.630,73.815,88.218
124.029,55.861,73.815,88.218
124.347,54.905,73.815,88.218
121.217,54.259,75.448,90.170
121.542,55.237,75.448,90.170
119.914,54.911,75.448,90.170
116.983,55.888,75.448,90.170
115.354,54.911,75.448,90.170
114.377,55.237,75.448,90.170
114.051,55.562,75.448,90.170
113.074,53.934,75.448,90.170
114.051,55.562,75.448,90.170
113.074,53.934,75.448,90.170
114.703,55.562,75.448,90.170
115.028,53.282,75.448,90.170
113.400,55.562,75.448,90.170
115.028,53.934,75.448,90.170
112.097,56.214,75.448,90.170
111.771,55.237,75.448,90.170
109.247,54.577,77.117,92.165
108.248,54.244,77.117,92.165
107.250,55.243,77.117,92.165
106.251,55.576,77.117,92.165
105.252,55.243,77.117,92.165
104.254,56.907,77.117,92.165
102.589,55.909,77.117,92.165
102.256,58.239,77.117,92.165
99.260,56.574,77.117,92.165
98.261,58.239,77.117,92.165
96.597,58.572,77.117,92.165
95.598,58.239,77.117,92.165
94.599,60.569,77.117,92.165
92.019,57.132,78.824,94.204
90.088,59.267,80.568,96.288
88.115,56.398,82.350,98.419
86.097,54.940,84.172,100.596
85.734,56.757,84.172,100.596
84.426,53.759,86.035,102.822
86.283,54.873,86.035,102.822
85.911,53.759,86.035,102.822
88.511,55.616,86.035,102.822
87.397,54.502,86.035,102.822
88.511,57.102,86.035,102.822
90.502,55.692,84.200,100.629
91.050,55.714,82.404,98.483
89.271,55.358,82.404,98.483
87.990,52.424,84.227,100.662
86.172,51.333,84.227,100.662
84.109,52.105,86.091,102.889
82.771,50.582,87.996,105.166
82.192,49.024,89.943,107.492
83.356,47.859,89.943,107.492
82.968,47.471,89.943,107.492
83.356,46.306,89.943,107.492
81.959,43.909,91.933,109.871
84.737,47.480,91.933,109.871
81.959,44.702,91.933,109.871
83.321,47.021,89.972,107.528
85.263,47.410,89.972,107.528
86.429,47.021,89.972,107.528
87.594,47.410,89.972,107.528
87.982,49.352,89.972,107.528
89.924,47.410,89.972,107.528
91.866,47.798,89.972,107.528
90.701,47.410,89.972,107.528
91.089,47.798,89.972,107.528
89.924,47.410,89.972,107.528
90.509,51.177,88.053,105.235
93.170,48.516,88.053,105.235
95.831,51.177,88.053,105.235
93.170,47.756,88.053,105.235
95.831,47.376,88.053,105.235
99.334,47.399,86.176,102.990
103.480,47.421,84.338,100.794
104.572,44.873,84.338,100.794
106.393,43.780,84.338,100.794
106.239,41.697,82.539,98.645
110.897,39.658,80.779,96.541
110.750,38.335,79.057,94.482
113.238,37.697,77.371,92.467
115.672,39.649,75.721,90.496
116.165,41.559,74.106,88.566
119.730,40.345,72.526,86.677
120.805,39.157,70.979,84.829
117.722,42.129,69.465,83.020
121.064,43.881,67.984,81.249
125.467,45.030,66.534,79.517
130.882,45.601,65.115,77.821
135.099,46.160,63.727,76.161
136.574,48.298,62.368,74.537
138.017,48.833,61.038,72.948
136.173,49.097,61.038,72.948
133.274,48.833,61.038,72.948
128.795,49.097,61.038,72.948
131.223,48.605,59.736,71.392
134.594,52.100,58.462,69.869
131.314,51.848,58.462,69.869
127.023,54.624,58.462,69.869
122.228,55.886,58.462,69.869
111.881,53.614,58.462,69.869
104.058,51.343,58.462,69.869
99.767,48.062,58.462,69.869
98.201,47.104,57.216,68.380
96.472,49.327,57.216,68.380
95.237,47.598,57.216,68.380
95.133,50.946,55.995,66.921
95.963,51.427,54.801,65.494
95.864,52.809,53.633,64.097
94.873,54.162,52.489,62.731
93.740,55.748,52.489,62.731
92.608,55.068,52.489,62.731
90.568,57.108,52.489,62.731
88.982,58.240,52.489,62.731
86.037,58.014,52.489,62.731
83.997,57.787,52.489,62.731
82.411,57.561,52.489,62.731
81.278,58.694,52.489,62.731
80.145,56.654,52.489,62.731
81.731,58.694,52.489,62.731
81.958,58.467,52.489,62.731
80.825,60.053,52.489,62.731
81.052,59.373,52.489,62.731
81.278,60.959,52.489,62.731
81.505,59.827,52.489,62.731
81.731,60.959,52.489,62.731
82.411,61.186,52.489,62.731
82.638,61.413,52.489,62.731
82.864,61.186,52.489,62.731
81.731,60.506,52.489,62.731
81.958,59.827,52.489,62.731
81.731,58.694,52.489,62.731
82.411,58.014,52.489,62.731
83.997,60.053,52.489,62.731
85.130,59.827,52.489,62.731
88.529,60.053,52.489,62.731
92.365,61.377,51.370,61.393
89.925,60.712,51.370,61.393
92.365,62.264,51.370,61.393
90.989,61.423,50.274,60.084
93.376,62.508,50.274,60.084
93.285,62.521,49.202,58.802
95.621,63.583,49.202,58.802
93.285,62.521,49.202,58.802
95.621,63.158,49.202,58.802
93.285,62.096,49.202,58.802
96.061,63.747,48.153,57.548
93.359,62.707,48.153,57.548
95.675,65.525,47.126,56.321
93.438,64.101,47.126,56.321
92.014,65.525,47.126,56.321
90.183,64.915,47.126,56.321
91.607,66.339,47.126,56.321
90.183,65.728,47.126,56.321
89.979,65.525,47.126,56.321
90.183,65.728,47.126,56.321
90.793,66.339,47.126,56.321
90.183,66.542,47.126,56.321
88.759,65.525,47.126,56.321
88.962,66.542,47.126,56.321
86.724,65.932,47.126,56.321
85.300,65.321,47.126,56.321
83.724,63.643,48.168,57.567
81.681,63.222,49.234,58.841
84.019,64.285,49.234,58.841
82.956,63.647,49.234,58.841
83.593,63.434,49.234,58.841
84.231,65.347,49.234,58.841
84.019,64.710,49.234,58.841
85.081,64.922,49.234,58.841
84.869,65.560,49.234,58.841
85.506,67.048,49.234,58.841
85.719,66.835,49.234,58.841
86.356,66.623,49.234,58.841
87.844,66.410,49.234,58.841
86.356,67.473,49.234,58.841
88.694,68.535,49.234,58.841
86.781,67.898,49.234,58.841
87.844,67.260,49.234,58.841
87.207,67.473,49.234,58.841
89.119,68.960,49.234,58.841
87.632,67.473,49.234,58.841
87.419,68.110,49.234,58.841
88.057,68.748,49.234,58.841
89.196,70.400,48.184,57.586
88.572,70.608,48.184,57.586
87.948,71.648,48.184,57.586
89.820,73.104,48.184,57.586
87.948,70.400,48.184,57.586
88.262,72.016,47.157,56.358
88.058,71.405,47.157,56.358
88.669,71.202,47.157,56.358
90.501,73.034,47.157,56.358
89.076,70.795,47.157,56.358
91.300,74.184,48.200,57.605
89.843,72.727,48.200,57.605
92.980,76.624,49.267,58.879
90.640,75.135,49.267,58.879
93.421,78.427,48.216,57.624
91.131,76.554,48.216,57.624
91.043,74.561,47.188,56.395
93.691,78.024,47.188,56.395
92.673,75.783,47.188,56.395
90.840,73.542,47.188,56.395
89.821,71.709,47.188,56.395
90.432,73.950,47.188,56.395
88.192,72.116,47.188,56.395
87.988,73.135,47.188,56.395
86.562,71.301,47.188,56.395
86.358,70.283,47.188,56.395
85.747,68.857,47.188,56.395
87.580,67.838,47.188,56.395
86.154,66.820,47.188,56.395
87.988,67.838,47.188,56.395
86.969,66.820,47.188,56.395
90.025,68.246,47.188,56.395
92.673,68.042,47.188,56.395
96.136,68.246,47.188,56.395
95.525,68.042,47.188,56.395
98.173,67.431,47.188,56.395
97.969,66.820,47.188,56.395
96.136,66.209,47.188,56.395
97.969,66.820,47.188,56.395
99.802,65.801,47.188,56.395
101.228,66.413,47.188,56.395
103.062,65.394,47.188,56.395
104.488,65.190,47.188,56.395
106.728,66.616,47.188,56.395
109.391,66.629,46.181,55.192
107.597,66.429,46.181,55.192
110.189,66.629,46.181,55.192
109.192,67.625,46.181,55.192
110.542,68.463,47.203,56.414
111.077,69.318,48.248,57.662
113.353,71.057,49.315,58.937
116.120,72.122,49.315,58.937
117.562,71.691,50.406,60.241
116.039,69.732,50.406,60.241
118.417,71.549,51.521,61.574
119.462,72.022,52.661,62.937
120.530,72.033,53.826,64.329
121.622,72.527,55.017,65.752
121.260,72.539,56.235,67.207
121.394,71.543,57.479,68.694
120.500,70.526,58.750,70.214
119.061,67.381,60.050,71.767
120.279,69.008,61.379,73.355
118.954,66.623,61.379,73.355
120.279,69.008,61.379,73.355
118.954,67.153,61.379,73.355
119.100,68.816,62.737,74.978
118.288,66.378,62.737,74.978
117.313,66.954,64.125,76.637
114.593,62.947,65.544,78.333
116.574,65.493,65.544,78.333
114.381,66.681,66.994,80.066
115.140,64.296,68.476,81.837
113.462,66.150,69.991,83.648
116.181,64.640,69.991,83.648
115.094,67.162,71.540,85.499
115.904,65.255,73.123,87.390
117.483,66.834,73.123,87.390
115.904,63.993,73.123,87.390
119.377,66.834,73.123,87.390
118.430,65.887,73.123,87.390
120.008,68.728,73.123,87.390
122.849,66.518,73.123,87.390
124.427,68.728,73.123,87.390
125.911,65.468,74.740,89.324
122.362,69.017,74.740,89.324
123.329,71.276,74.740,89.324
121.716,71.599,74.740,89.324
120.103,71.276,74.740,89.324
121.716,74.180,74.740,89.324
119.458,73.212,74.740,89.324
121.716,74.825,74.740,89.324
122.202,77.332,73.147,87.419
125.044,78.911,73.147,87.419
125.360,78.595,73.147,87.419
126.307,80.806,73.147,87.419
129.217,85.086,71.587,85.555
129.527,89.721,71.587,85.555
129.217,88.176,71.587,85.555
127.054,85.395,71.587,85.555
126.127,82.613,71.587,85.555
124.582,81.068,71.587,85.555
123.655,80.141,71.587,85.555
122.728,78.596,71.587,85.555
123.655,77.051,71.587,85.555
121.492,78.596,71.587,85.555
121.801,76.433,71.587,85.555
122.728,75.506,71.587,85.555
124.273,73.961,71.587,85.555
124.582,73.034,71.587,85.555
126.745,71.488,71.587,85.555
124.582,73.034,71.587,85.555
125.509,71.488,71.587,85.555
125.818,69.325,71.587,85.555
129.194,66.135,73.171,87.448
126.091,66.806,74.789,89.382
126.938,64.812,76.444,91.360
125.288,65.142,76.444,91.360
126.938,66.132,76.444,91.360
125.288,65.802,76.444,91.360
125.618,66.792,76.444,91.360
126.608,66.462,76.444,91.360
125.618,67.452,76.444,91.360
127.268,66.462,76.444,91.360
124.298,66.792,76.444,91.360
125.948,66.462,76.444,91.360
122.978,66.792,76.444,91.360
125.288,67.782,76.444,91.360
123.638,68.772,76.444,91.360
125.288,67.782,76.444,91.360
122.978,69.432,76.444,91.360
124.628,66.462,76.444,91.360
124.298,68.112,76.444,91.360
124.628,67.122,76.444,91.360
125.618,67.452,76.444,91.360
123.308,65.802,76.444,91.360
125.618,66.132,76.444,91.360
124.628,65.802,76.444,91.360
126.938,65.472,76.444,91.360
124.628,66.462,76.444,91.360
128.258,64.152,76.444,91.360
131.888,66.462,76.444,91.360
130.238,64.812,76.444,91.360
132.644,68.013,74.814,89.412
129.737,67.690,74.814,89.412
131.352,66.721,74.814,89.412
129.737,68.982,74.814,89.412
131.352,67.367,74.814,89.412
130.383,68.336,74.814,89.412
131.998,66.075,74.814,89.412
129.737,68.982,74.814,89.412
134.582,67.756,73.218,87.505
133.001,69.968,73.218,87.505
135.846,69.020,73.218,87.505
136.794,69.336,73.218,87.505
135.214,69.652,73.218,87.505
135.530,68.704,73.218,87.505
133.317,70.284,73.218,87.505
133.491,66.365,74.838,89.441
131.230,68.627,74.838,89.441
132.845,67.011,74.838,89.441
129.937,68.627,74.838,89.441
131.553,65.719,74.838,89.441
127.353,67.980,74.838,89.441
126.384,65.073,74.838,89.441
122.830,68.627,74.838,89.441
122.507,70.888,74.838,89.441
122.184,68.627,74.838,89.441
121.861,72.826,74.838,89.441
123.476,70.565,74.838,89.441
121.861,74.119,74.838,89.441
123.476,71.211,74.838,89.441
121.215,74.765,74.838,89.441
120.892,73.796,74.838,89.441
122.507,74.765,74.838,89.441
119.599,74.442,74.838,89.441
123.200,78.198,73.242,87.534
120.093,72.309,74.863,89.470
122.355,73.925,74.863,89.470
120.093,72.955,74.863,89.470
123.002,75.218,74.863,89.470
124.521,71.210,76.519,91.450
121.548,74.844,76.519,91.450
125.181,73.192,76.519,91.450
122.208,76.165,76.519,91.450
125.181,73.192,76.519,91.450
122.208,76.165,76.519,91.450
124.521,73.853,76.519,91.450
122.208,76.165,76.519,91.450
123.860,73.192,76.519,91.450
120.887,76.165,76.519,91.450
123.199,73.853,76.519,91.450
121.325,70.442,78.212,93.473
120.987,72.806,78.212,93.473
121.325,70.442,78.212,93.473
120.312,71.455,78.212,93.473
122.000,69.767,78.212,93.473
119.637,68.754,78.212,93.473
121.325,69.767,78.212,93.473
121.662,68.754,78.212,93.473
119.974,71.117,78.212,93.473
121.662,68.079,78.212,93.473
119.299,70.442,78.212,93.473
119.485,67.657,79.943,95.541
119.830,69.382,79.943,95.541
117.871,66.535,81.712,97.655
117.519,67.593,81.712,97.655
119.282,65.830,81.712,97.655
119.133,67.211,79.969,95.573
121.550,63.413,79.969,95.573
119.133,64.449,79.969,95.573
122.315,62.474,78.264,93.535
120.626,64.838,78.264,93.535
122.991,62.474,78.264,93.535
120.626,64.163,78.264,93.535
122.991,65.176,78.264,93.535
119.950,62.136,78.264,93.535
117.585,63.149,78.264,93.535
121.302,61.460,78.264,93.535
118.261,62.474,78.264,93.535
120.626,62.136,78.264,93.535
116.910,62.474,78.264,93.535
119.950,60.109,78.264,93.535
116.910,62.474,78.264,93.535
120.626,60.109,78.264,93.535
117.585,61.798,78.264,93.535
120.626,59.433,78.264,93.535
117.585,61.122,78.264,93.535
120.626,60.784,78.264,93.535
117.585,60.446,78.264,93.535
119.950,59.433,78.264,93.535
116.910,60.446,78.264,93.535
119.950,60.109,78.264,93.535
117.332,60.826,79.995,95.604
119.059,59.100,79.995,95.604
115.666,59.117,81.765,97.719
114.607,59.470,81.765,97.719
117.783,59.117,81.765,97.719
116.019,59.470,81.765,97.719
114.254,59.117,81.765,97.719
117.431,58.058,81.765,97.719
117.078,58.411,81.765,97.719
116.725,58.764,81.765,97.719
114.960,57.705,81.765,97.719
117.431,58.058,81.765,97.719
114.960,59.823,81.765,97.719
115.886,59.841,83.574,99.881
113.361,58.758,83.574,99.881
117.329,59.841,83.574,99.881
114.804,58.758,83.574,99.881
116.608,59.841,83.574,99.881
114.804,58.037,83.574,99.881
116.608,61.284,83.574,99.881
115.525,58.758,83.574,99.881
117.329,62.005,83.574,99.881
116.247,60.201,83.574,99.881
115.165,62.727,83.574,99.881
116.969,60.201,83.574,99.881
115.886,61.284,83.574,99.881
115.526,61.644,83.574,99.881
117.329,62.727,83.574,99.881
116.247,63.088,83.574,99.881
115.165,63.448,83.574,99.881
116.969,64.531,83.574,99.881
115.886,64.170,83.574,99.881
116.969,63.809,83.574,99.881
116.608,62.727,83.574,99.881
117.690,63.088,83.574,99.881
117.329,62.727,83.574,99.881
116.247,63.809,83.574,99.881
116.608,64.891,83.574,99.881
116.969,65.252,83.574,99.881
115.886,64.891,83.574,99.881
116.969,64.531,83.574,99.881
116.608,65.613,83.574,99.881
117.690,63.809,83.574,99.881
117.329,64.891,83.574,99.881
116.969,63.088,83.574,99.881
117.329,64.891,83.574,99.881
118.412,62.366,83.574,99.881
118.772,65.613,83.574,99.881
118.412,61.644,83.574,99.881
120.216,64.891,83.574,99.881
119.855,61.644,83.574,99.881
119.494,64.891,83.574,99.881
121.298,63.088,83.574,99.881
120.216,62.727,83.574,99.881
120.576,64.531,83.574,99.881
120.937,63.448,83.574,99.881
119.133,63.088,83.574,99.881
120.216,65.613,83.574,99.881
118.412,63.088,83.574,99.881
120.216,65.613,83.574,99.881
117.690,63.088,83.574,99.881
119.494,66.335,83.574,99.881
118.646,66.356,81.792,97.751
117.587,68.122,81.792,97.751
120.059,67.062,81.792,97.751
119.910,71.848,80.048,95.667
118.873,69.429,80.048,95.667
119.780,67.296,81.819,97.783
118.721,68.355,81.819,97.783
118.368,68.002,81.819,97.783
120.134,68.355,81.819,97.783
119.074,70.121,81.819,97.783
118.721,68.355,81.819,97.783
118.368,70.828,81.819,97.783
120.134,67.649,81.819,97.783
118.623,72.436,80.074,95.698
120.351,70.016,80.074,95.698
118.623,72.436,80.074,95.698
118.969,70.016,80.074,95.698
117.240,71.745,80.074,95.698
116.895,70.016,80.074,95.698
114.933,67.882,81.846,97.815
114.580,69.648,81.846,97.815
114.226,68.589,81.846,97.815
116.121,71.334,80.100,95.729
115.083,70.297,80.100,95.729
115.429,69.951,80.100,95.729
115.083,71.680,80.100,95.729
115.429,70.643,80.100,95.729
115.083,70.297,80.100,95.729
114.737,69.951,80.100,95.729
116.466,71.680,80.100,95.729
114.737,70.643,80.100,95.729
116.466,70.297,80.100,95.729
114.737,69.951,80.100,95.729
115.775,71.680,80.100,95.729
114.737,70.643,80.100,95.729
115.775,70.297,80.100,95.729
114.046,70.643,80.100,95.729
113.700,70.297,80.100,95.729
114.737,69.951,80.100,95.729
113.009,72.372,80.100,95.729
114.046,70.643,80.100,95.729
