134.000,55.000,60.000,88.000
134.290,55.290,60.000,88.000
135.160,55.580,60.000,88.000
134.290,54.710,60.000,88.000
134.580,55.000,60.000,88.000
134.290,55.290,60.000,88.000
134.580,55.580,60.000,88.000
133.710,54.130,60.000,88.000
134.580,55.580,60.000,88.000
133.710,54.710,60.000,88.000
134.000,55.000,60.000,88.000
134.870,56.450,60.000,88.000
135.740,57.320,60.000,88.000
137.770,57.030,60.000,88.000
138.641,57.320,60.000,88.000
137.770,57.030,60.000,88.000
135.740,56.160,60.000,88.000
130.810,54.710,60.000,88.000
125.299,55.580,60.000,88.000
118.628,54.130,60.000,88.000
113.698,56.160,60.000,88.000
106.447,55.290,60.000,88.000
99.776,56.160,60.000,88.000
93.686,58.190,60.000,88.000
88.755,60.801,60.000,88.000
85.565,64.571,60.000,88.000
83.534,66.021,60.000,88.000
83.824,72.112,60.000,88.000
83.534,76.462,60.000,88.000
84.985,81.973,60.000,88.000
88.755,86.323,60.000,88.000
92.525,86.614,60.000,88.000
94.556,86.323,60.000,88.000
100.646,87.194,60.000,88.000
108.477,89.224,60.000,88.000
116.540,86.144,61.327,89.947
125.730,88.219,61.327,89.947
132.740,86.916,62.684,91.937
136.074,89.038,62.684,91.937
143.043,91.159,62.684,91.937
148.194,93.886,62.684,91.937
153.951,97.219,62.684,91.937
157.890,96.310,62.684,91.937
158.193,94.795,62.684,91.937
159.072,93.463,64.071,93.971
158.142,95.012,64.071,93.971
158.398,91.723,65.489,96.050
158.002,89.675,66.938,98.175
158.325,87.410,66.938,98.175
158.002,86.439,66.938,98.175
158.325,82.233,66.938,98.175
157.354,79.968,66.938,98.175
157.678,78.350,66.938,98.175
159.943,78.027,66.938,98.175
159.619,75.115,66.938,98.175
158.002,74.791,66.938,98.175
154.442,73.173,66.938,98.175
148.294,71.555,66.938,98.175
138.911,67.996,66.938,98.175
131.469,66.378,66.938,98.175
124.027,67.349,66.938,98.175
118.526,67.025,66.938,98.175
107.848,66.055,66.938,98.175
100.406,66.378,66.938,98.175
94.906,67.349,66.938,98.175
97.171,68.320,66.938,98.175
96.325,69.678,65.510,96.082
97.908,69.995,65.510,96.082
102.658,69.678,65.510,96.082
108.042,71.262,65.510,96.082
114.216,68.556,66.960,98.208
119.719,68.880,66.960,98.208
125.869,70.498,66.960,98.208
128.134,68.880,66.960,98.208
132.342,69.851,66.960,98.208
138.492,70.174,66.960,98.208
143.347,69.851,66.960,98.208
147.555,69.527,66.960,98.208
148.526,69.203,66.960,98.208
148.850,70.822,66.960,98.208
149.173,73.735,66.960,98.208
148.202,76.648,66.960,98.208
150.468,81.503,66.960,98.208
150.144,84.416,66.960,98.208
147.879,85.387,66.960,98.208
144.318,87.005,66.960,98.208
137.521,86.034,66.960,98.208
130.724,85.711,66.960,98.208
124.574,87.329,66.960,98.208
118.124,84.564,68.441,100.380
115.147,82.909,68.441,100.380
112.831,73.315,68.441,100.380
111.839,67.029,68.441,100.380
114.816,62.728,68.441,100.380
115.809,65.044,68.441,100.380
120.109,64.713,68.441,100.380
121.764,65.706,68.441,100.380
127.388,64.713,68.441,100.380
133.012,65.044,68.441,100.380
139.960,65.375,68.441,100.380
146.245,64.383,68.441,100.380
151.870,61.405,68.441,100.380
153.524,61.736,68.441,100.380
153.855,64.052,68.441,100.380
156.832,69.676,68.441,100.380
154.516,71.330,68.441,100.380
150.877,69.676,68.441,100.380
146.576,70.669,68.441,100.380
137.644,68.353,68.441,100.380
130.696,68.684,68.441,100.380
124.410,71.661,68.441,100.380
119.448,74.639,68.441,100.380
116.470,78.939,68.441,100.380
115.606,81.604,66.982,98.240
118.520,83.871,66.982,98.240
122.081,85.489,66.982,98.240
126.290,85.166,66.982,98.240
132.442,88.080,66.982,98.240
139.889,89.699,66.982,98.240
144.098,90.022,66.982,98.240
146.365,87.108,66.982,98.240
148.631,82.252,66.982,98.240
148.955,77.395,66.982,98.240
149.926,72.538,66.982,98.240
148.955,67.034,66.982,98.240
149.279,65.415,66.982,98.240
148.955,61.853,66.982,98.240
151.869,60.235,66.982,98.240
152.840,61.206,66.982,98.240
151.869,60.882,66.982,98.240
149.603,60.558,66.982,98.240
146.689,59.587,66.982,98.240
140.537,59.263,66.982,98.240
134.385,58.939,66.982,98.240
125.643,57.321,66.982,98.240
116.901,54.407,66.982,98.240
110.749,51.493,66.982,98.240
102.007,52.464,66.982,98.240
97.150,57.968,66.982,98.240
94.236,62.825,66.982,98.240
96.503,66.386,66.982,98.240
100.064,68.005,66.982,98.240
102.978,68.329,66.982,98.240
109.778,68.005,66.982,98.240
117.225,68.977,66.982,98.240
124.024,69.948,66.982,98.240
131.471,70.919,66.982,98.240
138.270,70.596,66.982,98.240
140.537,69.624,66.982,98.240
143.451,69.300,66.982,98.240
144.422,67.682,66.982,98.240
144.746,64.120,66.982,98.240
147.660,64.444,66.982,98.240
147.336,62.825,66.982,98.240
147.012,63.149,66.982,98.240
144.098,63.472,66.982,98.240
137.946,62.501,66.982,98.240
132.442,61.530,66.982,98.240
122.858,61.641,65.553,96.145
115.570,61.324,65.553,96.145
109.549,59.740,65.553,96.145
100.780,59.238,64.155,94.094
93.647,60.788,64.155,94.094
87.135,64.820,64.155,94.094
83.103,71.953,64.155,94.094
84.002,75.738,65.575,96.176
85.587,81.761,65.575,96.176
89.074,86.515,65.575,96.176
94.597,87.753,67.026,98.304
101.587,85.657,68.509,100.479
109.866,85.326,68.509,100.479
115.495,85.657,68.509,100.479
123.112,86.651,68.509,100.479
130.067,86.320,68.509,100.479
137.683,85.989,68.509,100.479
143.313,84.995,68.509,100.479
146.956,81.352,68.509,100.479
149.274,79.034,68.509,100.479
149.605,77.378,68.509,100.479
149.936,73.736,68.509,100.479
151.592,69.431,68.509,100.479
154.573,63.801,68.509,100.479
158.215,64.132,68.509,100.479
159.871,63.138,68.509,100.479
160.865,63.470,68.509,100.479
157.884,63.138,68.509,100.479
154.241,64.132,68.509,100.479
147.949,62.476,68.509,100.479
140.062,61.313,67.048,98.336
136.716,63.299,65.618,96.239
131.323,62.347,65.618,96.239
125.931,61.396,65.618,96.239
120.211,59.670,64.218,94.187
113.692,60.602,64.218,94.187
110.898,61.533,64.218,94.187
103.758,60.602,64.218,94.187
97.860,60.912,64.218,94.187
92.583,61.222,64.218,94.187
89.168,65.258,64.218,94.187
87.616,70.535,64.218,94.187
87.927,72.087,64.218,94.187
86.995,74.881,64.218,94.187
90.410,78.296,64.218,94.187
95.687,78.606,64.218,94.187
104.069,76.433,64.218,94.187
110.587,73.639,64.218,94.187
115.865,73.329,64.218,94.187
122.384,74.260,64.218,94.187
129.523,73.329,64.218,94.187
135.421,75.502,64.218,94.187
140.699,75.812,64.218,94.187
145.355,78.606,64.218,94.187
147.543,75.954,65.639,96.271
147.860,75.637,65.639,96.271
145.639,72.781,65.639,96.271
145.422,69.832,64.240,94.218
146.974,68.900,64.240,94.218
149.148,69.832,64.240,94.218
148.838,70.763,64.240,94.218
145.422,69.832,64.240,94.218
140.764,69.521,64.240,94.218
133.622,67.969,64.240,94.218
126.480,65.795,64.240,94.218
122.443,67.348,64.240,94.218
117.164,66.416,64.240,94.218
111.885,66.106,64.240,94.218
106.606,65.174,64.240,94.218
103.400,66.478,62.870,92.209
100.665,66.174,62.870,92.209
100.361,67.693,62.870,92.209
99.449,65.566,62.870,92.209
102.853,65.492,64.261,94.249
106.976,64.127,65.682,96.334
111.738,63.175,65.682,96.334
115.866,63.492,65.682,96.334
119.358,62.540,65.682,96.334
123.486,63.492,65.682,96.334
127.613,62.540,65.682,96.334
132.376,62.857,65.682,96.334
138.408,63.810,65.682,96.334
143.806,64.762,65.682,96.334
146.028,65.080,65.682,96.334
148.251,67.302,65.682,96.334
149.203,73.335,65.682,96.334
152.061,81.272,65.682,96.334
151.108,87.305,65.682,96.334
146.981,86.987,65.682,96.334
143.488,85.400,65.682,96.334
136.186,86.987,65.682,96.334
124.339,91.380,64.282,94.280
114.707,91.070,64.282,94.280
109.805,88.415,65.704,96.366
106.946,86.827,65.704,96.366
104.723,82.063,65.704,96.366
104.405,77.299,65.704,96.366
106.629,73.170,65.704,96.366
106.311,70.311,65.704,96.366
104.723,68.088,65.704,96.366
104.405,66.500,65.704,96.366
105.993,63.642,65.704,96.366
107.581,63.324,65.704,96.366
112.346,63.007,65.704,96.366
115.204,61.419,65.704,96.366
120.603,59.831,65.704,96.366
124.097,60.148,65.704,96.366
128.861,58.560,65.704,96.366
132.990,57.607,65.704,96.366
137.754,56.654,65.704,96.366
141.883,58.243,65.704,96.366
144.741,59.195,65.704,96.366
145.694,59.513,65.704,96.366
148.552,58.560,65.704,96.366
150.776,57.607,65.704,96.366
151.093,56.019,65.704,96.366
151.411,56.972,65.704,96.366
152.999,57.290,65.704,96.366
153.952,58.243,65.704,96.366
152.999,56.019,65.704,96.366
150.776,54.431,65.704,96.366
146.011,55.384,65.704,96.366
140.612,54.431,65.704,96.366
137.119,55.384,65.704,96.366
130.449,54.431,65.704,96.366
123.779,53.478,65.704,96.366
115.839,55.066,65.704,96.366
109.805,57.290,65.704,96.366
102.852,58.011,64.303,94.311
100.242,57.519,62.931,92.299
96.896,56.606,62.931,92.299
94.158,55.694,62.931,92.299
92.637,56.606,62.931,92.299
91.256,56.124,61.589,90.331
92.744,57.613,61.589,90.331
91.851,57.315,61.589,90.331
93.340,59.399,61.589,90.331
97.210,57.911,61.589,90.331
104.057,58.208,61.589,90.331
113.882,57.911,61.589,90.331
123.111,57.017,61.589,90.331
126.982,56.124,61.589,90.331
133.829,55.827,61.589,90.331
141.272,56.720,61.589,90.331
147.524,57.613,61.589,90.331
150.799,62.079,61.589,90.331
152.883,72.499,61.589,90.331
154.967,78.155,61.589,90.331
157.051,91.552,61.589,90.331
152.585,101.377,61.589,90.331
148.715,104.652,61.589,90.331
139.902,108.771,60.276,88.405
134.085,111.118,58.991,86.520
120.148,113.965,57.733,84.675
109.735,114.599,56.501,82.869
100.071,115.219,55.297,81.102
92.319,113.348,55.297,81.102
88.529,106.226,54.117,79.372
87.221,100.209,54.117,79.372
88.529,90.007,54.117,79.372
88.267,84.514,54.117,79.372
91.740,79.564,55.315,81.128
96.953,74.506,56.539,82.923
103.239,73.139,56.539,82.923
109.135,70.237,57.789,84.758
117.795,71.634,57.789,84.758
129.618,69.247,59.068,86.633
137.327,70.104,59.068,86.633
147.321,70.389,59.068,86.633
153.888,68.961,59.068,86.633
155.308,68.299,60.375,88.550
156.184,70.342,60.375,88.550
156.475,77.055,60.375,88.550
157.351,84.934,60.375,88.550
154.141,89.896,60.375,88.550
149.763,92.522,60.375,88.550
144.553,92.451,61.711,90.509
133.516,92.153,61.711,90.509
125.462,93.644,61.711,90.509
116.057,95.472,60.395,88.579
111.678,95.180,60.395,88.579
109.789,94.718,59.107,86.690
106.646,88.718,59.107,86.690
107.504,82.718,59.107,86.690
107.789,79.003,59.107,86.690
109.789,75.861,59.107,86.690
112.932,73.289,59.107,86.690
116.646,71.289,59.107,86.690
123.996,68.255,60.415,88.608
131.297,67.379,60.415,88.608
139.182,68.255,60.415,88.608
147.067,67.379,60.415,88.608
151.447,67.087,60.415,88.608
152.908,69.131,60.415,88.608
154.952,73.512,60.415,88.608
153.492,78.476,60.415,88.608
147.943,81.105,60.415,88.608
141.518,80.427,61.751,90.568
134.055,81.920,61.751,90.568
127.787,81.024,61.751,90.568
116.743,77.741,61.751,90.568
108.683,78.039,61.751,90.568
103.012,77.144,61.751,90.568
98.534,75.651,61.751,90.568
94.445,74.340,63.117,92.572
92.309,74.645,63.117,92.572
93.834,77.391,63.117,92.572
94.750,80.747,63.117,92.572
96.885,81.662,63.117,92.572
101.462,81.357,63.117,92.572
104.818,80.442,63.117,92.572
111.835,81.357,63.117,92.572
121.904,81.052,63.117,92.572
128.921,80.747,63.117,92.572
135.328,81.052,63.117,92.572
143.566,81.967,63.117,92.572
145.702,80.442,63.117,92.572
147.852,77.202,64.514,94.620
148.788,73.772,64.514,94.620
149.723,70.341,64.514,94.620
151.283,68.782,64.514,94.620
148.304,69.353,65.941,96.714
146.073,67.759,65.941,96.714
140.654,64.890,65.941,96.714
134.598,62.659,65.941,96.714
128.542,62.340,65.941,96.714
120.573,61.384,65.941,96.714
111.329,62.340,65.941,96.714
107.823,63.934,65.941,96.714
99.216,62.340,65.941,96.714
89.781,64.293,64.535,94.651
86.973,65.229,64.535,94.651
85.414,67.413,64.535,94.651
84.478,70.221,64.535,94.651
86.661,71.780,64.535,94.651
90.093,73.964,64.535,94.651
96.644,76.148,64.535,94.651
105.450,79.262,63.159,92.633
114.304,80.788,63.159,92.633
120.715,79.872,63.159,92.633
130.790,78.956,63.159,92.633
140.544,78.248,64.556,94.682
148.346,79.185,64.556,94.682
153.027,78.248,64.556,94.682
156.521,78.172,65.985,96.777
157.478,79.767,65.985,96.777
157.159,78.172,65.985,96.777
155.565,75.939,65.985,96.777
152.886,74.819,64.577,94.713
148.828,71.386,64.577,94.713
142.897,66.703,64.577,94.713
136.966,64.518,64.577,94.713
129.787,61.709,64.577,94.713
123.231,60.772,64.577,94.713
116.052,60.460,64.577,94.713
108.015,61.771,63.200,92.694
100.988,59.021,63.200,92.694
97.628,59.327,63.200,92.694
94.267,58.410,63.200,92.694
92.740,62.382,63.200,92.694
93.656,65.742,63.200,92.694
97.628,70.325,63.200,92.694
101.683,70.884,64.599,94.745
105.742,71.197,64.599,94.745
111.675,73.382,64.599,94.745
120.106,74.319,64.599,94.745
129.162,74.007,64.599,94.745
136.344,73.070,64.599,94.745
142.277,74.631,64.599,94.745
151.957,73.070,64.599,94.745
157.265,74.631,64.599,94.745
159.451,73.070,64.599,94.745
160.388,74.631,64.599,94.745
161.325,71.197,64.599,94.745
162.886,68.386,64.599,94.745
161.949,66.825,64.599,94.745
162.886,64.015,64.599,94.745
161.949,62.453,64.599,94.745
157.890,60.892,64.599,94.745
155.080,58.082,64.599,94.745
154.865,58.189,63.221,92.724
157.005,59.106,63.221,92.724
155.477,60.634,63.221,92.724
155.782,59.106,63.221,92.724
151.809,56.355,63.221,92.724
152.115,54.216,63.221,92.724
151.198,55.744,63.221,92.724
152.115,56.661,63.221,92.724
151.198,55.133,63.221,92.724
151.504,56.661,63.221,92.724
149.365,55.133,63.221,92.724
150.281,54.216,63.221,92.724
151.809,51.466,63.221,92.724
153.949,52.382,63.221,92.724
154.254,51.466,63.221,92.724
155.774,52.025,64.620,94.776
157.336,51.088,64.620,94.776
158.898,51.400,64.620,94.776
157.336,51.713,64.620,94.776
153.275,50.776,64.620,94.776
150.464,51.088,64.620,94.776
150.777,52.025,64.620,94.776
150.464,52.962,64.620,94.776
150.852,52.467,63.242,92.754
151.769,53.996,63.242,92.754
151.464,54.302,63.242,92.754
150.546,52.773,63.242,92.754
151.464,54.302,63.242,92.754
150.546,52.162,63.242,92.754
151.464,53.690,63.242,92.754
149.935,52.773,63.242,92.754
150.852,52.467,63.242,92.754
154.215,51.550,63.242,92.754
155.132,51.245,63.242,92.754
156.049,50.939,63.242,92.754
156.966,52.467,63.242,92.754
157.272,52.162,63.242,92.754
157.578,51.856,63.242,92.754
