310.000,102.000,39.000,50.000
307.727,101.475,39.000,50.000
306.853,100.601,39.000,50.000
305.628,98.328,39.000,50.000
304.055,98.503,39.000,50.000
302.617,96.845,38.168,48.934
301.539,97.202,37.354,47.890
300.367,95.024,37.354,47.890
298.524,94.187,37.354,47.890
297.352,92.680,37.354,47.890
296.180,91.842,37.354,47.890
296.347,91.340,37.354,47.890
294.840,90.167,37.354,47.890
294.337,89.330,37.354,47.890
292.495,88.158,37.354,47.890
291.992,86.985,37.354,47.890
292.160,87.823,37.354,47.890
290.988,86.315,37.354,47.890
290.256,85.373,36.558,46.869
289.436,85.865,36.558,46.869
288.289,84.390,36.558,46.869
287.797,84.553,36.558,46.869
285.994,85.045,36.558,46.869
285.502,84.226,36.558,46.869
284.355,84.717,36.558,46.869
283.536,83.570,36.558,46.869
282.060,83.406,36.558,46.869
279.929,84.553,36.558,46.869
278.454,84.390,36.558,46.869
276.979,83.898,36.558,46.869
275.176,82.750,36.558,46.869
273.045,82.259,36.558,46.869
270.914,83.078,36.558,46.869
269.439,82.586,36.558,46.869
267.964,81.767,36.558,46.869
265.833,82.586,36.558,46.869
264.358,81.439,36.558,46.869
263.210,83.242,36.558,46.869
261.407,83.078,36.558,46.869
260.588,83.898,36.558,46.869
259.113,84.062,36.558,46.869
256.982,85.209,36.558,46.869
255.834,85.045,36.558,46.869
253.703,85.865,36.558,46.869
253.867,85.701,36.558,46.869
251.409,86.848,36.558,46.869
250.261,86.029,36.558,46.869
249.770,86.193,36.558,46.869
248.622,86.356,36.558,46.869
250.097,86.848,36.558,46.869
249.278,85.045,36.558,46.869
250.753,84.553,36.558,46.869
250.589,83.078,36.558,46.869
253.704,80.620,36.558,46.869
255.507,78.817,36.558,46.869
257.965,76.358,36.558,46.869
259.768,74.227,36.558,46.869
262.227,70.785,36.558,46.869
266.653,67.015,36.558,46.869
270.095,65.212,36.558,46.869
272.553,63.081,36.558,46.869
275.340,60.950,36.558,46.869
280.093,58.491,36.558,46.869
283.535,56.033,36.558,46.869
286.322,54.558,36.558,46.869
289.108,53.410,36.558,46.869
290.912,51.935,36.558,46.869
293.698,50.460,36.558,46.869
297.140,49.312,36.558,46.869
299.271,49.148,36.558,46.869
301.730,47.345,36.558,46.869
304.188,46.198,36.558,46.869
306.647,44.723,36.558,46.869
309.434,42.920,36.558,46.869
312.548,41.772,36.558,46.869
314.679,41.609,36.558,46.869
316.482,39.805,36.558,46.869
317.957,38.658,36.558,46.869
316.482,37.183,36.558,46.869
318.613,35.708,36.558,46.869
320.088,34.560,36.558,46.869
321.235,34.724,36.558,46.869
322.055,32.921,36.558,46.869
321.235,30.135,36.558,46.869
322.383,28.987,36.558,46.869
321.563,29.479,36.558,46.869
321.399,28.659,36.558,46.869
320.252,27.184,36.558,46.869
319.760,28.332,36.558,46.869
318.940,28.823,36.558,46.869
318.777,28.659,36.558,46.869
317.957,29.151,36.558,46.869
318.121,29.971,36.558,46.869
316.974,29.479,36.558,46.869
315.826,31.282,36.558,46.869
314.679,31.774,36.558,46.869
313.859,31.282,36.558,46.869
312.511,33.836,35.778,45.869
311.810,35.716,35.015,44.891
311.124,37.557,34.268,43.934
311.278,39.554,34.268,43.934
310.015,40.467,33.538,42.997
311.368,41.820,33.538,42.997
310.131,44.163,32.822,42.080
317.637,42.544,32.822,42.080
316.901,41.808,32.822,42.080
314.247,42.717,33.549,43.011
317.105,42.567,33.549,43.011
329.063,21.023,34.291,43.963
325.653,18.462,35.050,44.935
319.210,17.048,35.050,44.935
315.072,16.714,35.825,45.930
308.808,16.232,35.825,45.930
305.911,14.891,36.618,46.946
349.748,23.921,36.618,46.946
349.980,23.947,35.837,45.945
347.420,25.521,35.073,44.965
345.520,24.939,34.325,44.006
339.826,27.863,34.325,44.006
337.967,29.371,33.593,43.068
326.068,38.558,33.593,43.068
327.423,41.119,33.593,43.068
328.779,42.776,33.593,43.068
330.439,45.581,34.336,44.020
331.824,47.274,34.336,44.020
333.518,48.352,34.336,44.020
333.056,49.430,34.336,44.020
331.978,49.584,34.336,44.020
333.056,48.506,34.336,44.020
331.670,49.891,34.336,44.020
332.748,50.353,34.336,44.020
331.362,51.123,34.336,44.020
329.977,51.893,34.336,44.020
328.591,52.663,34.336,44.020
326.590,53.432,34.336,44.020
326.050,53.744,35.096,44.994
324.193,53.736,35.872,45.990
323.295,52.393,36.666,47.007
320.673,53.067,37.477,48.047
318.689,51.315,38.306,49.111
316.305,49.881,39.154,50.197
315.326,50.236,40.020,51.308
316.558,50.227,40.905,52.443
309.826,49.076,41.810,53.603
305.669,47.511,42.736,54.789
252.117,11.717,43.681,56.001
244.088,12.126,42.750,54.807
242.142,11.786,41.838,53.638
239.329,12.724,41.838,53.638
238.147,12.031,40.946,52.494
234.292,13.316,40.946,52.494
232.640,12.398,40.946,52.494
230.253,14.050,40.946,52.494
228.968,12.398,40.946,52.494
225.480,14.417,40.946,52.494
223.828,15.335,40.946,52.494
221.441,14.417,40.946,52.494
218.320,15.702,40.946,52.494
215.934,17.355,40.946,52.494
213.547,16.804,40.946,52.494
211.527,17.355,40.946,52.494
209.310,18.799,40.073,51.375
207.333,20.057,40.073,51.375
206.076,21.315,40.073,51.375
204.459,21.135,40.073,51.375
203.201,23.111,40.073,51.375
201.225,25.447,40.073,51.375
199.608,25.986,40.073,51.375
198.350,27.962,40.073,51.375
196.733,29.220,40.073,51.375
195.475,31.915,40.073,51.375
193.354,33.397,40.959,52.512
192.803,34.683,40.959,52.512
192.709,36.128,40.086,51.392
193.248,37.386,40.086,51.392
192.350,37.925,40.086,51.392
191.810,39.902,40.086,51.392
192.709,40.082,40.086,51.392
191.810,42.059,40.086,51.392
192.350,44.036,40.086,51.392
192.170,45.653,40.086,51.392
193.068,47.271,40.086,51.392
193.608,48.889,40.086,51.392
192.978,49.252,40.973,52.529
195.002,50.005,41.879,53.691
195.190,51.320,41.879,53.691
196.880,53.761,41.879,53.691
198.560,52.582,42.806,54.879
198.368,55.845,42.806,54.879
200.881,55.039,43.753,56.093
198.158,56.657,44.721,57.334
196.207,55.399,45.710,58.603
192.937,52.412,46.722,59.899
191.052,48.013,46.722,59.899
189.586,44.032,46.722,59.899
184.767,40.890,46.722,59.899
182.463,41.100,46.722,59.899
180.578,40.471,46.722,59.899
178.273,42.775,46.722,59.899
175.131,41.728,46.722,59.899
174.620,44.184,45.725,58.622
173.724,47.378,44.750,57.372
175.168,45.476,43.796,56.148
172.443,48.318,44.765,57.391
173.446,46.511,44.765,57.391
170.837,49.522,44.765,57.391
168.629,51.730,44.765,57.391
166.676,50.470,45.755,58.660
166.809,48.331,46.767,59.958
163.663,50.638,46.767,59.958
163.034,49.170,46.767,59.958
159.254,50.465,47.802,61.285
156.468,48.536,47.802,61.285
154.967,48.322,47.802,61.285
151.752,49.822,47.802,61.285
149.222,47.587,48.860,62.641
146.636,48.485,49.941,64.027
144.621,49.157,49.941,64.027
141.710,48.485,49.941,64.027
139.868,49.384,48.876,62.661
138.334,48.726,48.876,62.661
135.047,49.384,48.876,62.661
133.075,48.726,48.876,62.661
130.664,50.260,48.876,62.661
128.692,49.165,48.876,62.661
125.405,50.699,48.876,62.661
122.556,50.480,48.876,62.661
119.707,49.384,48.876,62.661
115.544,49.603,48.876,62.661
112.257,51.137,48.876,62.661
109.408,50.918,48.876,62.661
106.559,50.699,48.876,62.661
101.957,49.603,48.876,62.661
98.231,51.575,48.876,62.661
94.944,49.603,48.876,62.661
88.720,50.956,49.957,64.048
85.360,48.044,49.957,64.048
82.896,50.508,49.957,64.048
79.787,47.243,51.063,65.465
74.979,47.472,51.063,65.465
71.545,48.617,51.063,65.465
67.892,46.705,52.192,66.913
63.673,48.150,53.347,68.394
58.650,49.346,53.347,68.394
53.841,47.845,54.527,69.907
50.174,49.556,54.527,69.907
45.040,48.823,54.527,69.907
41.373,47.600,54.527,69.907
38.194,49.312,54.527,69.907
33.060,47.111,54.527,69.907
28.904,48.334,54.527,69.907
25.237,47.600,54.527,69.907
21.081,46.867,54.527,69.907
17.902,47.111,54.527,69.907
14.235,45.400,54.527,69.907
11.546,46.133,54.527,69.907
8.368,44.911,54.527,69.907
6.357,45.421,53.365,68.416
2.289,44.703,53.365,68.416
-1.528,45.684,54.545,69.930
-4.707,43.483,54.545,69.930
-7.087,41.948,55.752,71.477
-10.837,39.698,55.752,71.477
47.937,1.302,56.986,73.058
44.615,-0.486,56.986,73.058
42.316,-0.231,56.986,73.058
38.770,1.347,58.246,74.675
36.419,-1.526,58.246,74.675
33.546,0.302,58.246,74.675
30.674,-2.048,58.246,74.675
28.675,-0.978,59.535,76.327
26.806,-2.312,59.535,76.327
26.424,-2.880,60.852,78.016
25.606,-4.244,60.852,78.016
25.333,-6.154,60.852,78.016
23.969,-5.335,60.852,78.016
24.787,-7.245,60.852,78.016
24.515,-6.972,60.852,78.016
25.333,-6.154,60.852,78.016
22.332,-8.064,60.852,78.016
23.150,-8.882,60.852,78.016
23.969,-9.155,60.852,78.016
25.333,-8.882,60.852,78.016
26.641,-10.595,62.199,79.742
27.478,-9.758,62.199,79.742
29.988,-11.152,62.199,79.742
31.325,-11.166,63.575,81.506
29.735,-11.772,64.981,83.310
29.318,-11.787,66.419,85.153
29.510,-11.802,67.889,87.037
27.180,-12.449,69.391,88.962
29.358,-15.249,69.391,88.962
26.558,-14.938,69.391,88.962
28.114,-14.005,69.391,88.962
28.425,-13.071,69.391,88.962
27.491,-12.138,69.391,88.962
27.802,-11.827,69.391,88.962
27.043,32.604,67.911,87.065
27.347,31.690,67.911,87.065
24.843,32.325,66.463,85.209
23.799,30.455,67.933,87.094
22.276,28.323,67.933,87.094
23.294,28.958,66.484,85.237
21.207,27.468,66.484,85.237
20.313,25.977,66.484,85.237
15.557,22.869,67.955,87.122
9.431,19.693,69.459,89.050
6.628,15.644,69.459,89.050
1.957,10.350,69.459,89.050
3.450,14.211,70.996,91.020
8.862,17.713,70.996,91.020
4.724,12.301,70.996,91.020
6.315,8.800,70.996,91.020
8.543,6.572,70.996,91.020
10.135,10.710,70.996,91.020
12.363,7.208,70.996,91.020
15.865,4.343,70.996,91.020
16.929,7.462,69.482,89.079
17.970,5.108,68.000,87.180
19.576,6.332,66.550,85.320
18.681,6.034,66.550,85.320
20.173,5.138,66.550,85.320
21.665,7.824,66.550,85.320
23.237,6.145,65.131,83.501
25.244,10.372,66.572,85.348
32.249,9.118,68.045,87.237
36.215,8.203,68.045,87.237
37.678,8.187,69.550,89.167
37.366,7.876,69.550,89.167
41.450,6.566,71.089,91.140
45.624,5.227,72.662,93.156
45.950,5.553,72.662,93.156
46.927,7.833,72.662,93.156
47.904,9.462,72.662,93.156
48.230,11.743,72.662,93.156
49.859,15.326,72.662,93.156
50.069,14.634,74.269,95.217
50.975,13.235,75.913,97.324
51.195,8.274,77.592,99.477
53.699,13.023,75.937,97.356
53.524,11.764,74.318,95.280
49.859,-5.230,74.318,95.280
51.615,-8.389,72.733,93.248
55.202,-14.586,72.733,93.248
50.962,-11.651,72.733,93.248
50.795,-9.713,71.182,91.259
53.667,-11.309,71.182,91.259
50.795,-10.990,71.182,91.259
55.582,-12.586,71.182,91.259
50.157,-10.990,71.182,91.259
54.306,-13.224,71.182,91.259
50.157,-9.713,71.182,91.259
53.029,-11.309,71.182,91.259
49.261,-10.001,72.757,93.278
51.545,-10.979,72.757,93.278
48.609,-10.001,72.757,93.278
45.021,-9.022,72.757,93.278
45.347,-6.739,72.757,93.278
42.411,-7.065,72.757,93.278
44.042,-6.739,72.757,93.278
40.454,-7.717,72.757,93.278
41.432,-5.434,72.757,93.278
