245.000,64.000,12.000,13.000
245.541,64.443,12.000,13.000
245.000,63.803,12.000,13.000
245.640,64.148,12.000,13.000
245.689,63.410,12.000,13.000
246.033,63.656,12.000,13.000
246.279,63.803,12.000,13.000
246.525,64.049,12.000,13.000
245.886,63.213,12.000,13.000
246.427,63.360,12.000,13.000
246.968,63.508,12.000,13.000
246.427,63.557,12.000,13.000
247.067,63.705,12.000,13.000
246.821,63.852,12.000,13.000
246.870,64.098,12.000,13.000
247.017,63.459,12.000,13.000
247.067,63.705,12.000,13.000
246.821,64.049,12.000,13.000
246.378,63.410,12.000,13.000
246.821,63.656,12.000,13.000
246.082,64.000,12.000,13.000
246.230,63.360,12.000,13.000
246.082,63.705,12.000,13.000
245.738,64.246,12.000,13.000
244.902,63.902,12.000,13.000
244.360,64.640,12.000,13.000
244.114,64.295,12.000,13.000
243.278,63.951,12.000,13.000
242.540,64.590,12.000,13.000
241.211,64.344,12.000,13.000
240.670,64.098,12.000,13.000
239.440,63.951,12.000,13.000
238.899,64.886,12.000,13.000
237.177,65.132,12.000,13.000
236.242,64.590,12.000,13.000
235.110,65.328,12.000,13.000
233.388,65.082,12.000,13.000
232.355,64.935,12.000,13.000
230.338,65.673,12.000,13.000
228.812,65.525,12.000,13.000
226.598,65.279,12.000,13.000
224.482,64.935,12.000,13.000
223.548,65.476,12.000,13.000
220.841,64.640,12.000,13.000
218.923,64.197,12.000,13.000
217.299,63.459,12.000,13.000
216.069,63.311,12.000,13.000
213.953,62.770,12.000,13.000
211.936,62.918,12.000,13.000
210.115,62.868,12.000,13.000
208.688,62.622,12.000,13.000
206.474,62.278,12.000,13.000
205.539,62.130,12.000,13.000
202.932,62.180,12.000,13.000
201.505,62.426,12.000,13.000
199.389,62.967,12.000,13.000
198.553,63.606,12.000,13.000
196.043,63.459,12.000,13.000
194.715,63.311,12.000,13.000
192.501,63.065,12.000,13.000
190.483,62.622,12.000,13.000
189.745,62.967,12.000,13.000
187.433,63.114,12.000,13.000
186.400,62.081,12.000,13.000
184.677,61.737,12.000,13.000
182.267,62.081,12.000,13.000
181.135,61.343,12.000,13.000
179.118,61.195,12.000,13.000
177.395,60.949,12.000,13.000
175.578,61.673,12.266,13.288
173.303,61.057,12.537,13.582
170.887,61.108,12.537,13.582
169.808,61.571,12.537,13.582
167.700,62.239,12.537,13.582
165.593,62.085,12.537,13.582
163.691,62.136,12.537,13.582
162.097,62.393,12.537,13.582
160.812,62.548,12.537,13.582
159.233,62.664,12.814,13.882
156.869,61.771,12.814,13.882
155.766,61.508,12.814,13.882
154.242,61.771,12.814,13.882
152.613,60.667,12.814,13.882
151.720,60.089,12.814,13.882
150.932,59.932,12.814,13.882
150.459,59.669,12.814,13.882
149.671,59.406,12.814,13.882
149.513,60.195,12.814,13.882
149.251,60.142,12.814,13.882
148.883,60.405,12.814,13.882
149.461,61.088,12.814,13.882
149.198,60.825,12.814,13.882
149.356,61.088,12.814,13.882
149.934,61.456,12.814,13.882
150.609,61.902,13.098,14.189
150.297,61.800,13.388,14.503
151.121,61.197,13.388,14.503
150.916,61.663,13.684,14.824
151.521,60.625,13.987,15.152
151.005,61.027,13.987,15.152
151.862,60.443,14.296,15.487
151.451,60.267,14.296,15.487
151.276,59.974,14.296,15.487
152.272,59.446,14.296,15.487
152.565,60.091,14.296,15.487
152.038,59.563,14.296,15.487
152.565,60.325,14.296,15.487
152.155,59.915,14.296,15.487
152.800,59.739,14.296,15.487
152.507,60.736,14.296,15.487
152.565,61.381,14.296,15.487
152.858,61.087,14.296,15.487
153.386,61.615,14.296,15.487
153.210,62.494,14.296,15.487
154.089,63.139,14.296,15.487
154.382,63.667,14.296,15.487
153.855,64.546,14.296,15.487
154.609,64.314,14.612,15.830
155.388,64.613,14.612,15.830
155.807,64.913,14.612,15.830
155.388,65.093,14.612,15.830
156.158,63.985,14.936,16.180
155.930,63.107,15.266,16.538
154.917,63.768,15.604,16.904
154.545,63.117,15.949,17.278
154.741,62.790,15.949,17.278
154.545,62.071,15.949,17.278
153.956,61.613,15.949,17.278
154.414,60.763,15.949,17.278
153.433,60.305,15.949,17.278
152.714,60.501,15.949,17.278
152.125,59.389,15.949,17.278
150.883,59.062,15.949,17.278
151.210,59.782,15.949,17.278
150.098,59.193,15.949,17.278
148.904,59.613,16.302,17.660
147.822,58.932,16.663,18.051
148.027,59.137,16.663,18.051
147.549,59.752,16.663,18.051
146.661,59.273,16.663,18.051
146.865,60.162,16.663,18.051
146.524,59.820,16.663,18.051
146.046,59.205,16.663,18.051
146.661,59.137,16.663,18.051
146.046,58.659,16.663,18.051
146.251,57.634,16.663,18.051
144.953,56.746,16.663,18.051
144.611,56.131,16.663,18.051
143.586,56.062,16.663,18.051
142.698,55.721,16.663,18.051
141.673,55.379,16.663,18.051
140.648,56.267,16.663,18.051
139.623,56.472,16.663,18.051
138.462,56.814,16.663,18.051
136.891,56.472,16.663,18.051
135.456,57.224,16.663,18.051
132.791,57.019,16.663,18.051
131.220,57.224,16.663,18.051
128.556,57.155,16.663,18.051
127.258,57.360,16.663,18.051
125.140,57.702,16.663,18.051
124.115,56.951,16.663,18.051
122.680,57.155,16.663,18.051
120.562,57.087,16.663,18.051
118.991,56.609,16.663,18.051
117.829,55.311,16.663,18.051
116.395,55.106,16.663,18.051
114.823,54.354,16.663,18.051
113.662,53.739,16.663,18.051
112.227,52.578,16.663,18.051
109.973,51.963,16.663,18.051
109.221,52.168,16.663,18.051
107.240,52.373,16.663,18.051
105.942,52.715,16.663,18.051
105.190,52.100,16.663,18.051
103.755,52.715,16.663,18.051
103.140,52.236,16.663,18.051
102.799,52.851,16.663,18.051
101.911,52.510,16.663,18.051
101.296,52.441,16.663,18.051
100.271,53.603,16.663,18.051
99.656,52.715,16.663,18.051
99.998,52.783,16.663,18.051
99.656,52.578,16.663,18.051
98.905,51.963,16.663,18.051
98.508,51.693,17.031,18.450
97.321,51.902,17.031,18.450
96.335,51.191,17.408,18.859
95.476,50.316,17.793,19.276
94.295,51.238,18.187,19.702
93.624,50.716,18.187,19.702
92.058,50.343,18.187,19.702
91.089,51.462,18.187,19.702
89.263,50.702,18.589,20.138
88.029,51.665,19.001,20.584
86.705,52.055,19.001,20.584
84.757,52.133,19.001,20.584
83.121,52.834,19.001,20.584
81.797,52.600,19.001,20.584
79.693,53.925,19.001,20.584
78.109,53.131,19.421,21.039
76.596,53.052,19.421,21.039
74.977,51.910,19.851,21.505
73.321,50.912,20.290,21.981
72.573,50.663,20.290,21.981
71.571,49.125,20.739,22.467
71.997,48.530,20.739,22.467
71.326,47.663,21.198,22.964
71.587,47.403,21.198,22.964
70.805,48.359,21.198,22.964
71.761,47.924,21.198,22.964
72.369,47.490,21.198,22.964
73.673,48.793,21.198,22.964
73.934,48.011,21.198,22.964
75.237,48.619,21.198,22.964
76.715,48.185,21.198,22.964
77.497,48.793,21.198,22.964
78.615,48.088,21.667,23.472
79.770,47.644,21.667,23.472
81.103,46.845,21.667,23.472
82.258,46.756,21.667,23.472
81.813,46.134,21.667,23.472
82.968,46.578,21.667,23.472
83.768,45.956,21.667,23.472
83.679,46.578,21.667,23.472
84.301,45.956,21.667,23.472
84.390,46.756,21.667,23.472
85.348,46.588,22.146,23.991
86.139,45.475,22.636,24.522
86.047,46.867,22.636,24.522
86.696,46.218,22.636,24.522
86.927,47.391,23.137,25.065
87.360,46.424,23.649,25.619
86.488,47.103,23.649,25.619
86.973,47.782,23.649,25.619
87.415,46.593,24.172,26.186
87.316,46.296,24.172,26.186
88.010,45.404,24.172,26.186
87.911,45.701,24.172,26.186
89.186,45.103,24.707,26.766
89.084,44.394,24.707,26.766
89.793,44.090,24.707,26.766
89.692,43.381,24.707,26.766
89.996,43.280,24.707,26.766
90.908,42.570,24.707,26.766
91.212,42.266,24.707,26.766
91.718,41.355,24.707,26.766
91.617,41.051,24.707,26.766
93.136,40.544,24.707,26.766
93.440,41.253,24.707,26.766
94.960,40.747,24.707,26.766
95.212,40.346,25.253,27.358
96.558,41.485,25.253,27.358
98.526,42.210,25.253,27.358
100.493,42.520,25.253,27.358
102.469,43.399,25.812,27.963
104.929,44.078,26.383,28.582
106.994,44.548,26.967,29.214
109.758,43.995,26.967,29.214
112.744,45.432,26.967,29.214
116.171,44.879,26.967,29.214
119.820,46.096,26.967,29.214
122.619,45.658,27.563,29.860
125.897,44.640,27.563,29.860
128.054,43.020,28.173,30.521
130.942,42.443,28.173,30.521
133.137,41.172,28.173,30.521
135.332,41.519,28.173,30.521
137.296,40.017,28.173,30.521
138.797,39.670,28.173,30.521
140.068,38.862,28.173,30.521
141.570,38.515,28.173,30.521
142.378,37.707,28.173,30.521
144.342,38.284,28.173,30.521
146.306,37.476,28.173,30.521
148.270,38.515,28.173,30.521
150.233,39.093,28.173,30.521
152.659,40.132,28.173,30.521
155.085,41.172,28.173,30.521
158.897,41.981,28.173,30.521
161.342,42.242,28.797,31.196
165.475,41.416,28.797,31.196
168.954,42.663,29.434,31.887
171.758,43.688,30.085,32.592
176.816,44.551,30.085,32.592
181.380,44.428,30.085,32.592
186.191,45.291,30.085,32.592
190.755,44.428,30.085,32.592
193.839,45.538,30.085,32.592
198.650,44.428,30.085,32.592
201.487,43.811,30.085,32.592
204.571,44.181,30.085,32.592
207.901,43.564,30.085,32.592
211.232,42.701,30.085,32.592
214.316,42.084,30.085,32.592
217.153,42.948,30.085,32.592
219.743,42.084,30.085,32.592
222.087,43.194,30.085,32.592
224.924,42.824,30.085,32.592
227.515,43.688,30.085,32.592
230.352,43.318,30.085,32.592
233.219,44.365,30.751,33.313
236.623,43.735,30.751,33.313
240.027,45.374,30.751,33.313
242.675,45.500,30.751,33.313
245.071,46.634,30.751,33.313
248.475,46.004,30.751,33.313
251.627,47.139,30.751,33.313
254.023,46.256,30.751,33.313
256.923,46.634,30.751,33.313
259.318,45.248,30.751,33.313
261.966,45.626,30.751,33.313
264.362,44.239,30.751,33.313
266.998,44.229,30.095,32.603
269.341,45.172,29.453,31.907
271.636,44.568,29.453,31.907
274.413,45.655,29.453,31.907
276.708,46.259,29.453,31.907
279.485,46.138,29.453,31.907
282.263,46.742,29.453,31.907
285.765,47.829,29.453,31.907
287.577,47.708,29.453,31.907
288.905,47.346,29.453,31.907
290.233,46.259,29.453,31.907
291.562,45.172,29.453,31.907
291.924,44.326,29.453,31.907
293.253,43.723,29.453,31.907
294.581,43.843,29.453,31.907
294.460,42.998,29.453,31.907
295.306,42.153,29.453,31.907
295.426,40.583,29.453,31.907
296.272,39.737,29.453,31.907
297.600,38.651,29.453,31.907
297.238,37.322,29.453,31.907
298.808,35.994,29.453,31.907
299.411,36.356,29.453,31.907
300.015,35.511,29.453,31.907
301.585,36.598,29.453,31.907
302.914,37.684,29.453,31.907
304.967,39.496,29.453,31.907
307.020,40.824,29.453,31.907
308.824,41.599,30.105,32.613
311.416,42.710,30.105,32.613
314.255,43.327,30.105,32.613
316.847,41.969,30.105,32.613
318.946,42.340,30.105,32.613
321.291,40.488,30.105,32.613
323.636,38.883,30.105,32.613
324.968,37.370,30.771,33.335
325.599,35.982,30.771,33.335
326.734,35.856,30.771,33.335
325.346,34.216,30.771,33.335
326.230,33.837,30.771,33.335
324.449,32.029,31.452,34.073
324.235,31.786,32.147,34.826
322.375,30.716,32.859,35.597
321.033,31.301,33.586,36.385
319.794,32.541,33.586,36.385
318.279,32.403,33.586,36.385
316.050,33.000,34.329,37.190
313.188,34.195,35.088,38.012
308.770,34.820,35.865,38.853
304.864,35.458,36.658,39.713
301.495,35.486,37.469,40.592
298.371,36.472,38.298,41.490
295.073,36.001,38.298,41.490
292.404,35.844,38.298,41.490
289.420,35.059,38.298,41.490
286.553,33.459,39.146,42.408
284.621,31.824,40.012,43.346
281.966,30.834,40.897,44.305
279.600,29.126,41.802,45.285
276.825,28.092,42.727,46.287
274.198,27.566,42.727,46.287
271.570,29.143,42.727,46.287
268.942,28.617,42.727,46.287
265.964,29.844,42.727,46.287
262.635,30.369,42.727,46.287
259.072,28.585,43.672,47.311
256.028,29.122,43.672,47.311
253.342,28.943,43.672,47.311
250.298,28.406,43.672,47.311
247.028,26.582,44.638,48.358
245.015,27.863,44.638,48.358
242.433,25.619,45.626,49.428
239.626,25.432,45.626,49.428
237.194,24.871,45.626,49.428
234.762,26.180,45.626,49.428
232.705,26.742,45.626,49.428
230.273,26.929,45.626,49.428
227.245,26.964,46.635,50.522
225.141,28.303,46.635,50.522
224.427,28.339,47.667,51.639
221.264,27.971,48.722,52.782
222.175,28.008,49.800,53.950
219.929,26.579,49.800,53.950
221.359,26.375,49.800,53.950
221.867,25.990,50.902,55.143
220.406,24.112,50.902,55.143
221.792,22.852,52.028,56.363
220.725,21.359,52.028,56.363
221.792,19.865,52.028,56.363
220.725,18.372,52.028,56.363
221.792,16.452,52.028,56.363
221.152,14.532,52.028,56.363
222.645,12.612,52.028,56.363
222.005,10.692,52.028,56.363
223.925,9.626,52.028,56.363
223.712,8.559,52.028,56.363
223.498,7.919,52.028,56.363
222.432,8.559,52.028,56.363
221.365,7.492,52.028,56.363
219.445,8.986,52.028,56.363
216.672,10.479,52.028,56.363
212.619,10.266,52.028,56.363
208.139,12.612,52.028,56.363
203.659,13.252,52.028,56.363
196.619,15.599,52.028,56.363
190.006,17.092,52.028,56.363
182.113,19.012,52.028,56.363
172.940,20.505,52.028,56.363
162.487,21.999,52.028,56.363
151.608,24.345,52.028,56.363
140.301,25.412,52.028,56.363
128.568,26.905,52.028,56.363
116.169,27.300,50.918,55.161
106.357,27.092,50.918,55.161
96.544,26.465,50.918,55.161
86.314,25.004,50.918,55.161
78.590,25.213,50.918,55.161
70.447,24.169,50.918,55.161
66.063,23.960,50.918,55.161
60.009,22.916,50.918,55.161
55.624,22.707,50.918,55.161
51.240,22.916,50.918,55.161
48.108,23.543,50.918,55.161
45.394,22.499,50.918,55.161
43.098,23.543,50.918,55.161
41.219,22.499,50.918,55.161
39.757,22.290,50.918,55.161
38.296,22.499,50.918,55.161
38.505,20.202,50.918,55.161
37.878,19.576,50.918,55.161
36.417,17.279,50.918,55.161
37.461,16.235,50.918,55.161
35.999,14.356,50.918,55.161
35.373,12.895,50.918,55.161
35.164,11.016,50.918,55.161
34.120,9.555,50.918,55.161
32.659,7.676,50.918,55.161
31.197,6.632,50.918,55.161
30.154,5.588,50.918,55.161
28.275,4.961,50.918,55.161
26.396,6.005,50.918,55.161
24.099,6.214,50.918,55.161
20.967,7.258,50.918,55.161
17.001,7.049,50.918,55.161
12.616,6.423,50.918,55.161
7.397,4.961,50.918,55.161
3.013,4.753,50.918,55.161
