253.000,66.000,23.000,28.000
251.897,67.304,23.000,28.000
249.791,68.407,23.000,28.000
246.482,69.108,23.000,28.000
242.772,69.610,23.000,28.000
240.265,69.108,23.000,28.000
238.160,69.810,23.000,28.000
236.455,69.309,23.000,28.000
234.951,69.810,23.000,28.000
233.647,68.507,23.000,28.000
232.344,67.404,23.000,28.000
232.244,67.705,23.000,28.000
231.742,66.000,23.000,28.000
232.043,65.298,23.000,28.000
230.338,65.799,23.000,28.000
230.874,66.195,22.510,27.403
230.775,65.704,22.510,27.403
231.070,65.998,22.510,27.403
231.560,64.919,22.510,27.403
231.070,65.017,22.510,27.403
231.364,64.919,22.510,27.403
230.088,64.428,22.510,27.403
230.972,64.723,22.510,27.403
230.088,64.036,22.510,27.403
229.402,62.171,22.510,27.403
227.537,60.895,22.510,27.403
226.065,59.816,22.510,27.403
224.789,58.933,22.510,27.403
222.925,58.246,22.510,27.403
221.256,57.951,22.510,27.403
218.999,57.461,22.510,27.403
217.723,58.736,22.510,27.403
215.270,59.031,22.510,27.403
212.228,58.540,22.510,27.403
211.737,59.816,22.510,27.403
210.165,59.411,23.008,28.009
208.660,60.514,23.008,28.009
207.261,59.892,23.517,28.629
205.618,60.533,24.037,29.262
203.939,59.883,24.569,29.910
201.778,60.108,25.112,30.571
200.354,59.122,25.112,30.571
197.836,58.137,25.112,30.571
195.975,57.809,25.112,30.571
193.895,56.385,25.112,30.571
194.442,54.962,25.112,30.571
193.457,53.977,25.112,30.571
193.128,52.553,25.112,30.571
191.924,50.692,25.112,30.571
191.596,49.488,25.112,30.571
191.267,48.941,25.112,30.571
191.815,49.488,25.112,30.571
191.924,48.503,25.112,30.571
191.596,49.488,25.112,30.571
190.829,50.254,25.112,30.571
192.253,51.021,25.112,30.571
191.486,52.444,25.112,30.571
192.685,52.674,25.668,31.248
192.349,53.905,25.668,31.248
193.343,52.979,26.236,31.939
193.914,54.694,26.236,31.939
192.885,54.122,26.236,31.939
194.375,54.600,26.816,32.646
193.472,52.904,27.410,33.368
195.025,52.068,27.410,33.368
193.950,50.992,27.410,33.368
193.027,49.507,28.016,34.106
192.416,48.897,28.016,34.106
191.726,48.900,28.636,34.861
190.852,47.027,28.636,34.861
189.110,47.548,29.269,35.632
186.006,45.697,29.917,36.421
184.572,46.871,29.917,36.421
182.093,45.437,29.917,36.421
179.876,46.871,29.917,36.421
178.057,47.416,30.579,37.227
175.920,46.865,31.255,38.050
173.454,46.869,31.947,38.892
172.089,45.427,32.654,39.753
170.398,44.544,33.376,40.632
168.216,43.525,33.376,40.632
164.978,41.415,34.115,41.531
162.286,38.950,34.870,42.450
161.112,38.323,35.641,43.389
158.781,37.856,35.641,43.389
156.450,37.390,35.641,43.389
154.430,38.478,35.641,43.389
151.478,39.255,35.641,43.389
145.107,40.343,35.641,43.389
139.047,41.741,35.641,43.389
134.541,44.693,35.641,43.389
130.117,46.954,36.430,44.349
124.935,48.605,37.236,45.330
117.955,50.630,38.059,46.333
113.230,52.011,38.902,47.358
106.955,53.538,38.902,47.358
100.340,55.064,38.902,47.358
95.083,56.591,38.902,47.358
89.147,56.760,38.902,47.358
83.550,57.269,38.902,47.358
78.971,58.795,38.902,47.358
76.280,57.502,38.072,46.348
75.246,56.876,37.260,45.360
72.159,58.988,37.260,45.360
63.875,61.100,37.260,45.360
62.738,61.587,37.260,45.360
64.200,64.024,37.260,45.360
64.037,66.136,37.260,45.360
66.474,67.598,37.260,45.360
70.210,70.684,37.260,45.360
71.997,73.770,37.260,45.360
72.159,76.207,37.260,45.360
73.946,77.994,37.260,45.360
74.109,79.456,37.260,45.360
76.545,80.918,37.260,45.360
77.683,78.806,37.260,45.360
79.794,80.593,37.260,45.360
82.556,79.456,37.260,45.360
86.292,78.644,37.260,45.360
99.194,78.311,38.084,46.364
103.013,76.484,38.084,46.364
108.160,77.978,38.084,46.364
110.983,75.820,38.084,46.364
114.137,77.978,38.084,46.364
116.960,79.141,38.084,46.364
115.466,77.978,38.084,46.364
118.620,79.473,38.084,46.364
121.427,81.407,37.272,45.375
124.174,83.614,36.477,44.407
126.862,85.774,35.700,43.460
125.659,81.902,36.489,44.422
129.269,85.902,35.711,43.475
123.866,82.998,36.501,44.436
122.307,79.700,37.309,45.420
106.556,81.282,36.513,44.451
99.075,83.988,36.513,44.451
98.597,87.649,36.513,44.451
99.711,89.082,36.513,44.451
98.279,90.515,36.513,44.451
95.573,92.584,36.513,44.451
91.370,98.864,37.321,45.434
83.723,108.138,37.321,45.434
80.440,116.245,38.147,46.440
119.876,161.801,38.991,47.467
124.806,159.931,38.991,47.467
128.715,161.121,38.991,47.467
132.285,161.631,38.991,47.467
134.835,161.121,38.991,47.467
137.385,161.971,38.991,47.467
139.595,163.841,38.991,47.467
143.779,162.217,38.159,46.455
151.081,158.383,37.346,45.464
154.500,155.615,37.346,45.464
155.945,151.902,38.172,46.470
158.113,149.144,39.016,47.498
154.881,153.736,39.016,47.498
151.449,153.034,39.880,48.549
150.106,151.595,40.762,49.623
148.364,151.968,41.664,50.721
146.003,151.060,41.664,50.721
143.278,152.332,41.664,50.721
145.267,149.698,42.586,51.843
145.453,150.997,42.586,51.843
144.153,152.668,42.586,51.843
148.498,149.205,43.528,52.991
152.483,149.775,43.528,52.991
154.950,150.344,43.528,52.991
154.381,149.395,43.528,52.991
156.468,149.585,43.528,52.991
156.383,149.235,42.600,51.860
157.375,149.251,41.691,50.755
126.294,175.607,41.691,50.755
130.417,177.024,40.802,49.672
133.797,174.711,40.802,49.672
137.532,175.245,40.802,49.672
146.249,178.625,40.802,49.672
151.656,182.412,39.932,48.613
153.928,185.783,39.080,47.576
155.461,185.272,39.080,47.576
158.670,187.585,38.247,46.562
165.506,190.087,38.247,46.562
173.146,192.030,37.431,45.569
180.163,190.235,37.431,45.569
184.809,191.821,36.633,44.597
188.483,191.662,36.633,44.597
193.953,194.446,35.852,43.646
200.049,198.979,35.852,43.646
202.390,202.608,35.087,42.715
205.908,202.149,35.087,42.715
213.404,200.161,35.087,42.715
219.823,198.405,34.339,41.804
224.662,197.263,33.607,40.913
226.860,195.944,33.607,40.913
229.351,194.919,33.607,40.913
232.957,194.649,32.890,40.040
235.682,193.358,32.890,40.040
237.833,193.789,32.890,40.040
239.983,193.645,32.890,40.040
242.421,194.649,32.890,40.040
244.285,196.226,32.890,40.040
245.558,198.312,33.618,40.926
247.170,200.804,33.618,40.926
249.368,201.830,33.618,40.926
251.860,203.735,33.618,40.926
254.352,203.882,33.618,40.926
257.394,205.307,32.901,40.053
255.529,205.450,32.901,40.053
257.677,205.463,32.199,39.199
259.780,206.828,31.513,38.363
263.161,206.310,30.841,37.545
261.951,206.713,30.841,37.545
263.968,207.117,30.841,37.545
266.241,207.906,30.183,36.745
267.451,208.171,29.539,35.961
267.145,206.941,28.909,35.194
267.775,208.327,28.909,35.194
267.901,209.209,28.909,35.194
266.630,208.734,28.293,34.444
247.761,197.987,28.919,35.206
248.880,199.560,29.559,35.985
250.024,197.958,30.213,36.781
251.472,200.724,30.213,36.781
252.131,202.964,30.213,36.781
252.526,203.886,30.213,36.781
258.342,202.249,30.881,37.594
264.400,205.345,30.881,37.594
269.381,207.096,30.881,37.594
267.505,206.069,30.223,36.793
264.474,207.255,30.223,36.793
261.444,204.752,30.223,36.793
258.150,203.302,30.223,36.793
255.383,201.062,30.223,36.793
252.089,199.876,30.223,36.793
246.423,198.163,30.223,36.793
241.538,197.413,29.578,36.008
238.498,198.418,28.947,35.240
235.090,198.040,28.947,35.240
231.178,199.933,28.947,35.240
228.528,199.049,28.947,35.240
222.146,198.330,28.330,34.489
219.059,200.430,28.330,34.489
197.691,181.780,28.330,34.489
191.639,181.162,28.330,34.489
188.057,179.804,28.330,34.489
204.193,192.909,27.726,33.753
204.139,191.988,27.135,33.033
205.454,190.173,26.556,32.329
207.188,188.844,25.990,31.640
209.759,187.107,25.435,30.965
213.557,185.406,24.893,30.305
216.019,183.742,24.362,29.658
220.374,180.874,24.362,29.658
204.761,202.435,24.362,29.658
207.246,202.217,24.901,30.314
185.642,173.231,24.901,30.314
188.356,173.991,24.901,30.314
191.287,173.665,24.901,30.314
195.304,175.511,24.901,30.314
198.235,175.402,24.901,30.314
203.837,176.039,24.370,29.668
209.320,177.073,23.850,29.035
214.342,175.565,24.378,29.678
219.622,176.598,23.858,29.045
241.153,192.929,23.858,29.045
239.385,178.055,23.858,29.045
243.649,171.918,23.858,29.045
249.578,169.941,23.858,29.045
256.755,168.173,23.858,29.045
262.060,163.284,23.858,29.045
269.861,158.396,23.858,29.045
274.958,155.795,23.858,29.045
280.470,152.987,23.858,29.045
285.983,149.138,23.858,29.045
289.416,147.370,23.858,29.045
292.640,146.226,23.858,29.045
294.616,145.082,23.858,29.045
296.385,144.146,23.858,29.045
297.737,143.002,23.858,29.045
296.801,141.441,23.858,29.045
297.321,140.297,23.858,29.045
298.257,139.153,23.858,29.045
298.153,137.385,23.858,29.045
298.257,135.825,23.858,29.045
298.569,134.680,23.858,29.045
297.981,132.956,24.386,29.687
296.498,131.194,24.926,30.344
295.208,129.167,25.477,31.016
293.428,127.556,26.041,31.702
292.315,127.323,26.617,32.403
291.178,127.808,27.206,33.120
290.262,125.349,27.808,33.853
287.958,125.955,27.808,33.853
285.009,125.455,28.423,34.602
283.151,126.818,28.423,34.602
272.680,92.109,29.052,35.368
271.287,91.476,29.052,35.368
270.653,91.096,29.052,35.368
269.260,92.489,29.052,35.368
270.913,91.279,28.432,34.613
272.028,89.916,28.432,34.613
273.144,91.031,28.432,34.613
274.259,90.164,28.432,34.613
275.623,91.279,28.432,34.613
276.986,89.916,28.432,34.613
278.350,90.783,28.432,34.613
277.978,90.164,28.432,34.613
279.837,89.792,28.432,34.613
280.209,88.924,28.432,34.613
282.069,88.056,28.432,34.613
282.936,88.428,28.432,34.613
284.300,86.569,28.432,34.613
285.439,84.907,27.826,33.875
286.788,84.450,27.233,33.153
286.670,84.806,27.233,33.153
286.314,84.924,27.233,33.153
286.907,85.281,27.233,33.153
285.839,85.399,27.233,33.153
285.245,85.043,27.233,33.153
284.889,84.212,27.233,33.153
283.820,84.331,27.233,33.153
282.752,83.975,27.233,33.153
281.446,83.144,27.233,33.153
280.140,83.025,27.233,33.153
279.309,82.431,27.233,33.153
278.240,81.600,27.233,33.153
276.459,81.956,27.233,33.153
