57.000,21.000,31.000,45.000
57.447,20.851,31.000,45.000
58.192,20.702,31.000,45.000
59.533,20.255,31.000,45.000
62.065,18.616,31.000,45.000
64.895,17.872,31.000,45.000
67.726,16.531,31.000,45.000
71.152,16.382,31.000,45.000
73.983,17.425,31.000,45.000
77.707,17.574,31.000,45.000
79.941,18.319,31.000,45.000
81.580,18.765,31.000,45.000
80.835,20.106,31.000,45.000
78.303,19.957,31.000,45.000
71.301,21.000,31.000,45.000
64.300,19.659,31.000,45.000
57.894,18.616,31.000,45.000
54.765,17.574,31.000,45.000
48.956,17.127,31.000,45.000
42.252,17.276,31.000,45.000
36.740,19.212,31.000,45.000
30.930,20.255,31.000,45.000
26.014,19.212,31.000,45.000
22.588,18.765,31.000,45.000
19.757,20.106,31.000,45.000
18.417,21.149,31.000,45.000
20.327,20.337,30.339,44.040
21.056,19.899,30.339,44.040
20.618,20.337,30.339,44.040
20.472,19.608,30.339,44.040
18.869,20.920,30.339,44.040
17.646,21.811,29.692,43.101
18.926,23.508,29.059,42.182
20.741,22.531,29.059,42.182
22.277,23.229,29.059,42.182
23.255,25.044,29.059,42.182
24.776,24.013,28.439,41.283
27.099,25.243,28.439,41.283
30.242,26.473,28.439,41.283
34.479,26.610,28.439,41.283
38.442,28.660,28.439,41.283
42.132,30.437,28.439,41.283
44.729,31.667,28.439,41.283
47.325,33.443,28.439,41.283
48.009,34.673,28.439,41.283
47.269,36.627,29.068,42.196
49.085,35.929,29.068,42.196
50.342,35.789,29.068,42.196
51.035,32.568,29.711,43.129
51.177,27.286,29.711,43.129
53.034,20.861,29.711,43.129
53.176,19.290,29.711,43.129
54.747,16.577,29.711,43.129
54.890,14.721,29.711,43.129
56.175,14.864,29.711,43.129
57.745,16.720,29.711,43.129
59.301,19.795,29.078,42.210
61.092,22.804,28.458,41.310
62.582,24.430,27.851,40.429
63.008,23.443,27.257,39.566
65.192,24.243,26.676,38.723
67.083,24.285,26.107,37.897
68.691,24.810,25.550,37.089
70.502,24.141,25.005,36.298
71.811,25.339,24.472,35.524
71.279,25.151,23.950,34.766
69.426,24.523,23.439,34.025
66.528,25.646,22.939,33.299
63.331,27.079,22.939,33.299
61.132,26.690,22.450,32.589
61.059,27.973,21.972,31.894
61.376,28.501,21.972,31.894
62.326,29.452,21.972,31.894
63.680,29.283,21.503,31.214
64.197,29.799,21.503,31.214
65.540,28.869,21.503,31.214
64.610,29.386,21.503,31.214
64.093,30.109,21.503,31.214
63.577,29.386,21.503,31.214
61.820,29.696,21.503,31.214
60.270,28.559,21.503,31.214
58.100,29.076,21.503,31.214
56.550,29.593,21.503,31.214
54.173,29.283,21.503,31.214
52.417,30.419,21.503,31.214
50.356,29.753,21.979,31.905
50.223,30.824,22.465,32.611
48.518,29.455,22.962,33.332
46.642,27.800,22.962,33.332
44.900,28.691,23.470,34.069
43.885,27.450,23.470,34.069
44.900,25.984,23.470,34.069
45.464,24.743,23.470,34.069
46.028,26.209,23.470,34.069
48.397,26.322,23.470,34.069
48.058,25.533,23.470,34.069
49.073,24.969,23.470,34.069
48.509,23.728,23.470,34.069
47.564,24.635,22.970,33.343
48.116,24.966,22.970,33.343
50.213,25.960,22.970,33.343
52.692,25.358,22.480,32.632
55.825,24.601,22.480,32.632
57.877,24.061,22.480,32.632
60.362,24.817,22.480,32.632
62.630,24.061,22.480,32.632
67.060,24.169,22.480,32.632
70.958,25.265,22.977,33.354
69.081,26.480,22.977,33.354
66.650,27.829,23.485,34.092
71.503,29.522,23.485,34.092
69.487,30.199,24.005,34.846
68.144,28.497,24.536,35.617
64.814,28.714,25.079,36.405
62.524,29.317,25.079,36.405
60.621,27.289,25.634,37.211
62.469,26.919,25.634,37.211
62.313,26.635,26.201,38.034
63.950,25.502,26.201,38.034
64.580,25.125,26.201,38.034
64.958,26.006,26.201,38.034
66.091,24.873,26.201,38.034
61.180,25.502,26.201,38.034
57.781,23.614,26.201,38.034
55.640,22.732,26.201,38.034
54.507,21.851,26.201,38.034
53.374,20.970,26.201,38.034
53.248,19.585,26.201,38.034
54.129,18.200,26.201,38.034
54.003,23.110,26.201,38.034
54.129,27.265,26.201,38.034
53.970,29.065,26.781,38.875
55.128,30.995,26.781,38.875
55.772,32.411,26.781,38.875
56.673,34.341,26.781,38.875
58.346,35.757,26.781,38.875
61.048,35.114,26.781,38.875
62.464,36.529,26.781,38.875
63.880,38.202,26.781,38.875
63.494,39.103,26.781,38.875
63.365,38.717,26.781,38.875
58.861,39.103,26.781,38.875
56.415,40.776,26.781,38.875
55.000,37.559,26.781,38.875
54.099,34.341,26.781,38.875
55.257,31.124,26.781,38.875
57.651,29.678,26.210,38.046
59.023,29.477,25.651,37.235
59.640,30.833,25.651,37.235
59.557,31.824,25.104,36.441
58.545,27.212,24.568,35.664
57.783,24.065,24.044,34.903
57.260,23.880,23.532,34.159
57.184,25.443,23.030,33.430
58.180,24.669,23.030,33.430
58.512,25.443,23.030,33.430
57.798,24.840,22.539,32.718
57.689,26.248,22.539,32.718
56.498,25.706,22.539,32.718
55.590,26.786,22.058,32.020
54.497,26.412,21.588,31.337
53.771,27.553,21.588,31.337
52.701,27.188,21.127,30.669
51.787,26.680,21.127,30.669
50.670,27.391,21.127,30.669
49.554,26.680,21.127,30.669
48.234,27.391,21.127,30.669
46.914,26.274,21.127,30.669
46.609,26.375,21.127,30.669
44.883,26.274,21.127,30.669
43.563,25.969,21.127,30.669
42.244,26.883,21.127,30.669
42.345,26.172,21.127,30.669
45.696,25.055,21.127,30.669
48.234,26.375,21.127,30.669
49.351,25.259,21.127,30.669
49.046,24.751,21.127,30.669
49.351,25.665,21.127,30.669
49.249,25.360,21.127,30.669
49.147,25.665,21.127,30.669
49.046,26.375,21.127,30.669
49.554,25.259,21.127,30.669
50.061,24.142,21.127,30.669
51.178,24.852,21.127,30.669
52.904,23.126,21.127,30.669
56.254,23.025,21.127,30.669
57.777,24.954,21.127,30.669
59.909,24.649,21.127,30.669
61.256,24.837,21.595,31.347
62.632,22.875,22.073,32.041
63.378,21.310,22.561,32.750
64.354,21.418,22.561,32.750
63.317,21.844,23.060,33.474
62.098,21.068,23.060,33.474
60.657,20.514,23.060,33.474
57.988,19.339,23.570,34.215
55.259,23.308,24.092,34.972
52.828,22.729,24.092,34.972
50.397,23.771,24.092,34.972
49.355,22.498,24.092,34.972
48.313,22.150,24.092,34.972
47.271,23.655,24.092,34.972
46.692,22.845,24.092,34.972
45.419,22.266,24.092,34.972
44.792,22.960,24.625,35.746
42.923,23.179,25.170,36.537
38.253,23.653,25.727,37.345
40.354,23.035,25.727,37.345
45.670,22.664,25.727,37.345
47.823,21.866,26.296,38.171
47.444,21.234,26.296,38.171
46.306,20.350,26.296,38.171
45.422,20.982,26.296,38.171
45.296,22.624,26.296,38.171
45.675,24.772,26.296,38.171
47.317,25.910,26.296,38.171
48.960,26.794,26.296,38.171
49.845,26.162,26.296,38.171
52.498,24.267,26.296,38.171
54.141,22.877,26.296,38.171
57.047,23.762,26.296,38.171
58.943,22.372,26.296,38.171
60.080,20.982,26.296,38.171
61.217,20.350,26.296,38.171
61.344,19.465,26.296,38.171
61.976,18.833,26.296,38.171
62.602,19.329,26.878,39.016
64.023,17.908,26.878,39.016
63.056,18.950,27.472,39.879
64.772,19.875,27.472,39.879
62.528,19.479,27.472,39.879
61.265,20.818,28.080,40.761
64.369,20.683,28.080,40.761
67.202,21.358,28.080,40.761
64.639,21.493,28.080,40.761
59.646,21.358,28.080,40.761
55.463,22.302,28.080,40.761
56.137,21.088,28.080,40.761
57.352,19.064,28.080,40.761
59.646,15.960,28.080,40.761
62.210,11.507,28.080,40.761
64.504,9.213,28.080,40.761
66.528,8.269,28.080,40.761
65.313,9.483,28.080,40.761
64.369,10.698,28.080,40.761
62.884,11.912,28.080,40.761
61.940,13.396,28.080,40.761
60.028,14.221,27.481,39.892
56.991,13.561,27.481,39.892
53.953,14.485,27.481,39.892
51.828,14.783,26.895,39.041
53.485,17.068,26.322,38.209
54.623,18.966,26.322,38.209
55.026,20.958,25.760,37.394
56.136,20.760,25.211,36.597
57.456,20.333,24.673,35.816
59.433,19.915,24.147,35.052
60.013,20.959,24.147,35.052
61.754,21.075,24.147,35.052
63.030,19.567,24.147,35.052
64.307,19.451,24.147,35.052
64.887,18.406,24.147,35.052
62.572,17.326,23.632,34.305
63.140,17.894,23.632,34.305
64.843,19.143,23.632,34.305
67.228,21.528,23.632,34.305
69.998,23.973,23.128,33.573
68.997,24.974,23.128,33.573
66.886,24.418,23.128,33.573
62.329,23.862,23.128,33.573
59.995,24.196,23.128,33.573
57.661,24.529,23.128,33.573
55.994,23.529,23.128,33.573
55.216,24.085,23.128,33.573
53.993,24.863,23.128,33.573
53.215,23.862,23.128,33.573
52.882,24.418,23.128,33.573
53.660,22.973,23.128,33.573
54.438,23.529,23.128,33.573
56.327,21.862,23.128,33.573
58.439,22.417,23.128,33.573
59.217,20.750,23.128,33.573
60.662,21.528,23.128,33.573
61.662,25.418,23.128,33.573
62.662,29.308,23.128,33.573
63.885,28.308,23.128,33.573
65.107,29.308,23.128,33.573
66.774,28.530,23.128,33.573
67.997,28.419,23.128,33.573
66.108,28.753,23.128,33.573
64.885,29.308,23.128,33.573
66.774,27.863,23.128,33.573
68.441,28.864,23.128,33.573
67.219,28.530,23.128,33.573
68.664,28.641,23.128,33.573
66.774,28.086,23.128,33.573
64.663,28.641,23.128,33.573
62.773,28.753,23.128,33.573
61.106,29.308,23.128,33.573
62.551,29.197,23.128,33.573
62.884,30.642,23.128,33.573
64.107,30.086,23.128,33.573
63.996,31.309,23.128,33.573
64.774,30.309,23.128,33.573
63.774,31.976,23.128,33.573
61.440,32.754,23.128,33.573
59.106,32.865,23.128,33.573
58.105,34.532,23.128,33.573
59.328,32.643,23.128,33.573
59.884,30.975,23.128,33.573
60.439,32.420,23.128,33.573
58.772,29.419,23.128,33.573
59.995,25.085,23.128,33.573
58.994,24.085,23.128,33.573
57.550,22.417,23.128,33.573
55.660,19.194,23.128,33.573
53.326,17.972,23.128,33.573
51.437,18.305,23.128,33.573
49.103,19.528,23.128,33.573
47.213,23.418,23.128,33.573
44.657,23.973,23.128,33.573
40.545,24.974,23.128,33.573
38.211,26.419,23.128,33.573
37.210,25.863,23.128,33.573
38.433,27.975,23.128,33.573
40.100,29.864,23.128,33.573
41.767,30.864,23.128,33.573
43.212,31.420,23.128,33.573
44.435,30.864,23.128,33.573
44.768,31.865,23.128,33.573
44.212,31.309,23.128,33.573
45.435,30.531,23.128,33.573
49.547,27.308,23.128,33.573
51.659,25.196,23.128,33.573
55.771,25.752,23.128,33.573
58.994,24.529,23.128,33.573
60.884,25.085,23.128,33.573
62.106,25.418,23.128,33.573
63.329,23.973,23.128,33.573
63.218,24.307,23.128,33.573
62.884,22.640,23.128,33.573
62.329,22.529,23.128,33.573
61.773,21.973,23.128,33.573
59.884,21.195,23.128,33.573
54.882,19.528,23.128,33.573
50.992,18.083,23.128,33.573
46.435,18.639,23.128,33.573
41.656,17.638,23.128,33.573
35.766,19.528,23.128,33.573
31.431,19.194,23.128,33.573
29.676,19.399,23.640,34.316
31.153,17.923,23.640,34.316
32.424,18.604,24.163,35.075
33.963,19.541,24.698,35.851
35.291,20.991,25.244,36.645
34.199,19.899,25.244,36.645
34.078,20.021,25.244,36.645
35.435,20.496,25.803,37.455
37.079,18.667,26.373,38.284
38.759,18.901,26.957,39.131
39.940,18.065,27.553,39.997
41.131,16.608,27.553,39.997
40.469,16.211,27.553,39.997
39.013,15.019,27.553,39.997
40.734,15.417,27.553,39.997
42.720,17.138,27.553,39.997
42.853,19.654,27.553,39.997
42.985,22.434,27.553,39.997
43.382,23.626,27.553,39.997
44.044,24.818,27.553,39.997
45.766,25.480,27.553,39.997
47.222,25.877,27.553,39.997
49.473,26.804,27.553,39.997
51.194,27.201,27.553,39.997
53.445,26.274,27.553,39.997
54.107,26.671,27.553,39.997
56.358,25.744,27.553,39.997
57.815,25.082,27.553,39.997
60.066,23.891,27.553,39.997
63.111,23.758,27.553,39.997
65.142,21.805,28.163,40.882
68.525,19.504,28.163,40.882
67.578,16.662,28.163,40.882
65.006,8.948,28.163,40.882
61.623,2.858,28.163,40.882
59.593,0.016,28.163,40.882
57.175,1.108,28.786,41.786
55.653,7.056,28.786,41.786
53.855,20.474,28.786,41.786
53.440,32.509,28.786,41.786
53.578,38.457,28.786,41.786
53.717,39.702,28.786,41.786
53.025,39.564,28.786,41.786
53.993,37.766,28.786,41.786
54.962,34.861,28.786,41.786
55.653,32.509,28.786,41.786
54.685,28.774,28.786,41.786
54.270,26.976,28.786,41.786
53.855,25.731,28.786,41.786
52.333,25.592,28.786,41.786
51.088,25.177,28.786,41.786
50.673,24.762,28.786,41.786
49.982,26.007,28.786,41.786
50.120,26.699,28.786,41.786
49.982,26.007,28.786,41.786
49.567,27.252,28.786,41.786
50.535,26.284,28.786,41.786
50.120,26.976,28.786,41.786
49.428,27.944,28.786,41.786
49.602,26.923,28.172,40.895
49.196,28.141,28.172,40.895
49.366,27.664,27.571,40.023
48.438,28.592,27.571,40.023
48.836,27.664,27.571,40.023
48.703,28.592,27.571,40.023
49.380,27.614,26.983,39.170
48.473,28.781,26.983,39.170
48.862,28.910,26.983,39.170
48.991,28.521,26.983,39.170
48.343,28.132,26.983,39.170
48.473,26.706,26.983,39.170
49.121,27.873,26.983,39.170
50.034,27.416,26.408,38.334
49.399,27.543,26.408,38.334
50.541,27.923,26.408,38.334
50.668,26.527,26.408,38.334
51.557,27.923,26.408,38.334
52.699,26.527,26.408,38.334
53.587,27.669,26.408,38.334
52.373,27.377,26.992,39.182
51.940,28.155,27.590,40.049
50.397,28.675,28.200,40.935
49.663,28.925,28.824,41.841
47.763,30.043,29.462,42.767
45.528,31.185,30.113,43.713
42.342,37.158,30.780,44.680
43.690,40.500,31.461,45.669
44.748,44.279,31.461,45.669
46.753,47.068,32.157,46.679
48.138,50.694,31.471,45.684
50.660,53.950,30.800,44.710
48.144,23.609,30.800,44.710
48.588,24.941,30.800,44.710
48.736,25.089,30.800,44.710
47.404,24.941,30.800,44.710
48.440,24.201,30.800,44.710
47.700,25.533,30.800,44.710
47.552,25.089,30.800,44.710
48.884,24.349,30.800,44.710
47.848,25.089,30.800,44.710
49.461,23.996,30.143,43.756
48.447,22.982,30.143,43.756
49.461,22.548,30.143,43.756
50.480,23.154,29.500,42.823
51.472,24.430,29.500,42.823
51.047,25.989,29.500,42.823
49.985,27.133,30.153,43.770
47.998,28.603,30.820,44.739
45.660,29.491,31.502,45.729
48.233,26.918,31.502,45.729
50.504,25.253,31.502,45.729
50.353,25.101,31.502,45.729
51.109,24.042,31.502,45.729
51.261,24.193,31.502,45.729
51.412,23.739,31.502,45.729
52.769,24.080,30.830,44.754
52.029,23.636,30.830,44.754
52.769,23.488,30.830,44.754
52.029,24.821,30.830,44.754
52.473,24.969,30.830,44.754
53.214,25.414,30.830,44.754
53.066,25.858,30.830,44.754
53.214,25.118,30.830,44.754
53.362,25.562,30.830,44.754
53.510,26.006,30.830,44.754
53.955,25.266,30.830,44.754
52.918,25.710,30.830,44.754
52.769,24.377,30.830,44.754
52.325,25.710,30.830,44.754
53.362,24.377,30.830,44.754
52.621,26.006,30.830,44.754
51.584,24.969,30.830,44.754
52.621,25.118,30.830,44.754
51.288,25.562,30.830,44.754
52.325,25.710,30.830,44.754
51.881,24.673,30.830,44.754
51.436,24.821,30.830,44.754
52.177,24.673,30.830,44.754
51.436,24.821,30.830,44.754
51.881,24.969,30.830,44.754
51.140,25.414,30.830,44.754
52.177,25.266,30.830,44.754
51.732,25.710,30.830,44.754
51.881,24.673,30.830,44.754
52.325,24.525,30.830,44.754
53.066,25.562,30.830,44.754
52.918,25.414,30.830,44.754
52.769,25.562,30.830,44.754
53.214,25.414,30.830,44.754
53.955,25.562,30.830,44.754
