167.000,69.000,24.000,127.000
166.721,69.279,24.000,127.000
168.118,70.118,24.000,127.000
168.397,68.162,24.000,127.000
169.794,71.235,24.000,127.000
171.191,71.515,24.000,127.000
172.030,70.677,24.000,127.000
172.309,72.632,24.000,127.000
172.913,73.257,24.531,129.810
173.770,70.115,24.531,129.810
174.627,72.686,24.531,129.810
175.244,72.139,25.074,132.682
175.536,70.679,25.074,132.682
175.562,70.725,25.629,135.618
177.054,73.411,25.629,135.618
177.352,70.129,25.629,135.618
177.651,72.217,25.629,135.618
177.352,70.725,25.629,135.618
176.457,73.411,25.629,135.618
175.562,73.113,25.629,135.618
175.860,69.830,25.629,135.618
172.578,74.903,25.629,135.618
175.081,73.712,26.196,138.618
172.946,75.237,26.196,138.618
174.471,73.102,26.196,138.618
176.606,72.187,26.196,138.618
179.164,69.072,26.775,141.685
178.852,66.266,26.775,141.685
179.787,65.331,26.775,141.685
180.722,62.525,26.775,141.685
181.657,60.343,26.775,141.685
182.593,56.914,26.775,141.685
182.281,56.602,26.775,141.685
181.969,58.161,26.775,141.685
182.281,57.226,26.775,141.685
181.969,58.785,26.775,141.685
182.281,58.473,26.775,141.685
182.593,60.031,26.775,141.685
182.904,57.226,26.775,141.685
185.086,60.031,26.775,141.685
185.398,59.720,26.775,141.685
185.086,60.655,26.775,141.685
187.269,60.967,26.775,141.685
185.710,58.161,26.775,141.685
187.892,60.967,26.775,141.685
189.451,62.525,26.775,141.685
188.515,63.460,26.775,141.685
189.451,59.408,26.775,141.685
189.139,60.343,26.775,141.685
190.074,57.538,26.775,141.685
191.633,59.096,26.775,141.685
190.698,55.044,26.775,141.685
192.256,57.849,26.775,141.685
191.321,58.161,26.775,141.685
191.633,59.096,26.775,141.685
191.945,57.538,26.775,141.685
192.880,60.343,26.775,141.685
192.568,63.149,26.775,141.685
192.256,61.590,26.775,141.685
190.698,64.396,26.775,141.685
192.880,65.954,26.775,141.685
190.698,66.266,26.775,141.685
190.386,68.448,26.775,141.685
187.580,70.630,26.775,141.685
188.515,70.319,26.775,141.685
186.333,71.254,26.775,141.685
183.528,72.812,26.775,141.685
183.216,71.254,26.775,141.685
181.657,72.812,26.775,141.685
181.685,68.981,27.368,144.820
180.091,71.849,27.368,144.820
179.458,69.255,27.973,148.024
179.132,70.883,27.973,148.024
178.155,69.906,27.973,148.024
178.481,71.535,27.973,148.024
179.458,69.255,27.973,148.024
179.132,69.581,27.973,148.024
179.458,69.255,27.973,148.024
181.738,70.232,27.973,148.024
182.715,69.906,27.973,148.024
185.646,73.489,27.973,148.024
183.366,71.860,27.973,148.024
184.995,69.581,27.973,148.024
182.715,67.301,27.973,148.024
184.343,65.673,27.973,148.024
185.048,60.994,28.592,151.299
186.046,57.998,28.592,151.299
185.048,55.668,28.592,151.299
184.049,57.998,28.592,151.299
185.048,54.336,28.592,151.299
186.046,51.340,28.592,151.299
183.716,53.671,28.592,151.299
184.715,52.672,28.592,151.299
185.048,53.671,28.592,151.299
186.712,56.667,28.592,151.299
185.048,51.673,28.592,151.299
187.378,55.335,28.592,151.299
186.379,56.334,28.592,151.299
187.378,51.340,28.592,151.299
187.045,54.336,28.592,151.299
187.378,55.335,28.592,151.299
186.379,52.339,28.592,151.299
186.046,52.672,28.592,151.299
185.048,54.336,28.592,151.299
186.046,56.667,28.592,151.299
187.045,52.339,28.592,151.299
186.712,53.338,28.592,151.299
187.045,54.336,28.592,151.299
187.378,52.006,28.592,151.299
185.048,53.671,28.592,151.299
184.715,49.343,28.592,151.299
183.716,51.673,28.592,151.299
184.715,54.003,28.592,151.299
183.716,51.673,28.592,151.299
184.715,54.003,28.592,151.299
183.716,51.008,28.592,151.299
184.715,53.338,28.592,151.299
184.382,53.005,28.592,151.299
184.715,51.340,28.592,151.299
185.713,53.005,28.592,151.299
184.715,50.009,28.592,151.299
185.713,53.005,28.592,151.299
185.380,52.006,28.592,151.299
185.048,53.005,28.592,151.299
185.380,54.003,28.592,151.299
185.048,52.339,28.592,151.299
185.380,54.003,28.592,151.299
185.048,50.342,28.592,151.299
186.046,53.338,28.592,151.299
185.713,51.008,28.592,151.299
186.046,53.338,28.592,151.299
185.048,54.336,28.592,151.299
182.717,54.669,28.592,151.299
183.716,57.665,28.592,151.299
184.715,55.335,28.592,151.299
185.713,52.339,28.592,151.299
186.712,53.338,28.592,151.299
187.711,52.339,28.592,151.299
188.044,53.338,28.592,151.299
189.042,54.336,28.592,151.299
190.041,56.001,28.592,151.299
191.040,51.673,28.592,151.299
193.370,54.669,28.592,151.299
194.368,58.331,28.592,151.299
196.033,54.669,28.592,151.299
195.034,58.331,28.592,151.299
196.033,61.327,28.592,151.299
195.034,56.999,28.592,151.299
192.704,59.330,28.592,151.299
192.371,62.991,28.592,151.299
192.704,60.661,28.592,151.299
195.034,64.323,28.592,151.299
194.701,63.990,28.592,151.299
195.034,64.323,28.592,151.299
196.033,64.656,28.592,151.299
196.366,63.657,28.592,151.299
194.701,63.990,28.592,151.299
196.366,60.994,28.592,151.299
197.364,63.990,28.592,151.299
197.697,60.994,28.592,151.299
200.027,63.324,28.592,151.299
200.360,61.660,28.592,151.299
202.025,64.656,28.592,151.299
201.026,64.989,28.592,151.299
201.359,65.322,28.592,151.299
198.363,66.986,28.592,151.299
198.030,64.656,28.592,151.299
196.366,68.317,28.592,151.299
193.370,66.653,28.592,151.299
195.700,68.983,28.592,151.299
196.699,67.319,28.592,151.299
200.360,68.317,28.592,151.299
206.019,67.319,28.592,151.299
205.686,66.320,28.592,151.299
206.406,64.992,29.225,154.646
206.066,66.013,29.225,154.646
207.767,65.672,29.225,154.646
210.149,66.013,29.225,154.646
212.531,65.672,29.225,154.646
213.551,67.374,29.225,154.646
214.993,63.192,29.871,158.068
217.428,64.235,29.871,158.068
217.080,61.801,29.871,158.068
218.123,63.539,29.871,158.068
219.166,62.496,29.871,158.068
220.905,61.453,29.871,158.068
221.949,61.105,29.871,158.068
222.992,61.453,29.871,158.068
223.340,62.496,29.871,158.068
221.927,58.943,30.532,161.565
223.704,62.143,30.532,161.565
224.060,64.631,30.532,161.565
222.282,62.143,30.532,161.565
224.771,65.342,30.532,161.565
220.150,62.143,30.532,161.565
223.131,62.937,31.208,165.140
219.134,61.120,31.208,165.140
220.224,63.664,31.208,165.140
216.954,61.120,31.208,165.140
217.318,62.937,31.208,165.140
214.774,60.394,31.208,165.140
214.411,61.484,31.208,165.140
211.141,58.940,31.208,165.140
210.778,58.577,31.208,165.140
208.234,57.487,31.208,165.140
208.598,57.850,31.208,165.140
205.328,58.214,31.208,165.140
206.418,57.124,31.208,165.140
202.421,57.487,31.208,165.140
202.058,57.124,31.208,165.140
201.694,57.487,31.208,165.140
199.151,56.397,31.208,165.140
198.061,57.487,31.208,165.140
196.971,56.397,31.208,165.140
195.881,58.214,31.208,165.140
194.064,57.124,31.208,165.140
195.154,57.487,31.208,165.140
193.337,55.670,31.208,165.140
193.701,57.487,31.208,165.140
191.884,55.670,31.208,165.140
191.521,56.034,31.208,165.140
189.704,56.397,31.208,165.140
189.341,56.760,31.208,165.140
189.704,55.670,31.208,165.140
187.161,55.307,31.208,165.140
186.797,56.397,31.208,165.140
185.707,55.307,31.208,165.140
184.617,56.397,31.208,165.140
184.981,56.034,31.208,165.140
183.891,55.670,31.208,165.140
184.254,55.307,31.208,165.140
183.891,56.397,31.208,165.140
184.254,56.034,31.208,165.140
184.617,55.670,31.208,165.140
184.254,56.034,31.208,165.140
185.344,57.124,31.208,165.140
185.707,56.034,31.208,165.140
186.071,56.397,31.208,165.140
187.161,56.034,31.208,165.140
188.251,54.944,31.208,165.140
189.341,54.580,31.208,165.140
190.431,54.944,31.208,165.140
191.521,55.307,31.208,165.140
192.611,56.397,31.208,165.140
192.974,56.034,31.208,165.140
194.064,55.670,31.208,165.140
195.154,56.034,31.208,165.140
196.244,55.670,31.208,165.140
197.334,55.307,31.208,165.140
197.698,54.217,31.208,165.140
198.788,55.307,31.208,165.140
199.151,54.944,31.208,165.140
199.514,54.580,31.208,165.140
199.151,52.764,31.208,165.140
200.968,53.127,31.208,165.140
202.058,52.037,31.208,165.140
202.421,53.854,31.208,165.140
201.331,52.764,31.208,165.140
202.421,53.127,31.208,165.140
201.331,53.490,31.208,165.140
202.421,53.127,31.208,165.140
201.331,54.944,31.208,165.140
202.421,52.400,31.208,165.140
202.058,53.490,31.208,165.140
202.421,52.400,31.208,165.140
201.331,54.217,31.208,165.140
202.421,52.400,31.208,165.140
200.604,51.310,31.208,165.140
200.968,50.947,31.208,165.140
200.245,47.989,31.898,168.794
199.131,48.360,31.898,168.794
198.760,49.475,31.898,168.794
198.389,50.589,31.898,168.794
198.017,50.217,31.898,168.794
198.389,50.589,31.898,168.794
197.274,50.217,31.898,168.794
196.903,49.103,31.898,168.794
197.274,49.475,31.898,168.794
196.903,51.331,31.898,168.794
197.274,50.960,31.898,168.794
196.160,49.846,31.898,168.794
196.532,48.732,31.898,168.794
196.160,48.360,31.898,168.794
196.532,50.217,31.898,168.794
196.160,49.103,31.898,168.794
195.789,50.217,31.898,168.794
196.160,49.846,31.898,168.794
195.046,50.217,31.898,168.794
196.160,49.846,31.898,168.794
195.789,48.732,31.898,168.794
196.903,49.103,31.898,168.794
197.274,48.732,31.898,168.794
196.903,49.846,31.898,168.794
197.274,49.475,31.898,168.794
197.646,50.589,31.898,168.794
198.760,50.960,31.898,168.794
199.131,49.846,31.898,168.794
199.503,49.475,31.898,168.794
200.617,51.331,31.898,168.794
201.731,50.960,31.898,168.794
202.845,51.331,31.898,168.794
203.959,51.703,31.898,168.794
204.331,51.331,31.898,168.794
204.702,50.960,31.898,168.794
205.816,52.074,31.898,168.794
206.187,52.446,31.898,168.794
206.559,53.560,31.898,168.794
206.930,53.931,31.898,168.794
207.301,53.560,31.898,168.794
205.445,54.674,31.898,168.794
206.859,54.684,31.218,165.194
207.222,54.320,31.218,165.194
208.312,55.411,31.218,165.194
209.403,53.594,31.218,165.194
209.766,54.684,31.218,165.194
210.857,55.047,31.218,165.194
212.674,55.411,31.218,165.194
213.764,55.774,31.218,165.194
215.581,56.138,31.218,165.194
217.399,57.228,31.218,165.194
218.489,56.138,31.218,165.194
220.306,54.320,31.218,165.194
220.670,53.230,31.218,165.194
218.853,54.320,31.218,165.194
219.536,54.330,30.552,161.671
221.314,54.686,30.552,161.671
224.516,55.753,30.552,161.671
227.006,54.686,30.552,161.671
227.361,55.042,30.552,161.671
227.717,56.109,30.552,161.671
228.784,55.753,30.552,161.671
228.767,56.448,29.901,158.223
229.115,57.493,29.901,158.223
230.159,57.145,29.901,158.223
231.204,57.493,29.901,158.223
231.552,58.537,29.901,158.223
232.596,58.189,29.901,158.223
232.944,58.537,29.901,158.223
231.900,58.885,29.901,158.223
232.944,60.626,29.901,158.223
233.989,60.974,29.901,158.223
235.729,61.322,29.901,158.223
237.470,60.278,29.901,158.223
239.211,59.233,29.901,158.223
240.951,61.670,29.901,158.223
242.692,64.107,29.901,158.223
244.432,66.544,29.901,158.223
245.477,62.714,29.901,158.223
247.217,65.848,29.901,158.223
247.565,66.892,29.901,158.223
249.306,67.240,29.901,158.223
250.350,68.284,29.901,158.223
247.217,65.151,29.901,158.223
250.350,70.373,29.901,158.223
251.395,70.025,29.901,158.223
246.869,66.892,29.901,158.223
246.521,65.848,29.901,158.223
246.173,66.892,29.901,158.223
243.040,64.455,29.901,158.223
241.299,66.196,29.901,158.223
239.559,63.759,29.901,158.223
237.818,64.803,29.901,158.223
234.685,62.366,29.901,158.223
231.552,61.322,29.901,158.223
228.419,60.278,29.901,158.223
225.982,60.626,29.901,158.223
224.241,60.278,29.901,158.223
220.412,59.233,29.901,158.223
218.671,58.885,29.901,158.223
216.235,59.930,29.901,158.223
213.798,58.189,29.901,158.223
212.753,59.233,29.901,158.223
210.317,58.885,29.901,158.223
207.880,59.233,29.901,158.223
206.835,58.189,29.901,158.223
205.095,57.841,29.901,158.223
202.658,59.581,29.901,158.223
201.614,59.233,29.901,158.223
199.873,58.885,29.901,158.223
198.829,59.930,29.901,158.223
197.784,59.581,29.901,158.223
197.436,61.322,29.901,158.223
194.999,63.063,29.901,158.223
194.651,62.715,29.901,158.223
190.126,63.759,29.901,158.223
190.474,64.107,29.901,158.223
186.645,62.366,29.901,158.223
186.296,63.411,29.901,158.223
182.467,62.366,29.901,158.223
180.727,59.930,29.901,158.223
178.290,56.796,29.901,158.223
174.460,59.233,29.901,158.223
172.024,58.189,29.901,158.223
171.675,59.233,29.901,158.223
170.631,59.581,29.901,158.223
170.979,58.537,29.901,158.223
171.327,57.493,29.901,158.223
171.311,60.186,29.263,154.849
170.970,61.890,29.263,154.849
171.311,64.956,29.263,154.849
170.970,64.615,29.263,154.849
169.948,64.956,29.263,154.849
171.651,64.615,29.263,154.849
173.355,64.275,29.263,154.849
174.377,64.615,29.263,154.849
175.399,64.956,29.263,154.849
176.421,65.978,29.263,154.849
174.718,64.956,29.263,154.849
175.058,64.615,29.263,154.849
171.992,63.593,29.263,154.849
174.377,65.297,29.263,154.849
175.399,64.275,29.263,154.849
176.421,64.615,29.263,154.849
176.762,63.593,29.263,154.849
177.784,63.253,29.263,154.849
177.443,62.912,29.263,154.849
176.421,61.890,29.263,154.849
176.762,62.231,29.263,154.849
177.784,61.209,29.263,154.849
177.443,61.549,29.263,154.849
177.784,62.571,29.263,154.849
177.443,61.549,29.263,154.849
177.784,61.890,29.263,154.849
178.125,61.549,29.263,154.849
177.784,61.209,29.263,154.849
178.806,59.505,29.263,154.849
179.147,59.164,29.263,154.849
178.806,58.142,29.263,154.849
179.828,57.802,29.263,154.849
181.531,58.824,29.263,154.849
181.872,58.483,29.263,154.849
181.531,58.142,29.263,154.849
183.235,58.483,29.263,154.849
182.894,58.142,29.263,154.849
183.916,57.802,29.263,154.849
185.620,58.824,29.263,154.849
186.642,58.483,29.263,154.849
187.664,58.824,29.263,154.849
188.005,58.483,29.263,154.849
186.983,60.186,29.263,154.849
186.642,59.164,29.263,154.849
186.983,59.505,29.263,154.849
186.642,59.846,29.263,154.849
186.983,59.505,29.263,154.849
186.642,59.846,29.263,154.849
187.664,60.868,29.263,154.849
188.005,60.527,29.263,154.849
188.345,60.186,29.263,154.849
188.686,59.846,29.263,154.849
189.708,60.868,29.263,154.849
189.367,59.846,29.263,154.849
189.708,60.868,29.263,154.849
190.730,59.846,29.263,154.849
191.071,60.868,29.263,154.849
191.412,60.527,29.263,154.849
192.434,60.868,29.263,154.849
193.456,60.527,29.263,154.849
194.478,60.186,29.263,154.849
195.500,59.164,29.263,154.849
195.841,58.824,29.263,154.849
197.544,59.846,29.263,154.849
197.885,59.505,29.263,154.849
198.225,60.527,29.263,154.849
199.248,60.186,29.263,154.849
200.270,59.846,29.263,154.849
200.610,60.868,29.263,154.849
201.632,60.527,29.263,154.849
201.973,60.186,29.263,154.849
202.314,59.846,29.263,154.849
203.336,60.868,29.263,154.849
203.677,61.208,29.263,154.849
204.699,60.186,29.263,154.849
205.721,59.846,29.263,154.849
206.061,61.549,29.263,154.849
205.721,59.846,29.263,154.849
207.424,61.549,29.263,154.849
207.084,59.846,29.263,154.849
207.424,61.549,29.263,154.849
208.446,60.527,29.263,154.849
208.787,60.186,29.263,154.849
209.809,60.527,29.263,154.849
210.150,60.868,29.263,154.849
209.809,60.527,29.263,154.849
210.831,60.868,29.263,154.849
211.172,61.208,29.263,154.849
210.150,59.505,29.263,154.849
210.490,60.527,29.263,154.849
210.831,60.186,29.263,154.849
210.490,58.483,29.263,154.849
209.468,60.186,29.263,154.849
208.446,59.164,29.263,154.849
207.424,59.505,29.263,154.849
205.721,59.846,29.263,154.849
206.061,58.824,29.263,154.849
205.039,58.483,29.263,154.849
208.106,57.461,29.263,154.849
210.491,57.120,29.263,154.849
211.513,56.098,29.263,154.849
211.853,55.076,29.263,154.849
211.513,54.054,29.263,154.849
211.853,57.120,29.263,154.849
212.194,54.735,29.263,154.849
211.172,55.757,29.263,154.849
211.513,55.417,29.263,154.849
211.853,57.802,29.263,154.849
212.875,57.461,29.263,154.849
212.535,56.439,29.263,154.849
213.557,58.824,29.263,154.849
213.897,57.802,29.263,154.849
212.875,58.824,29.263,154.849
213.216,57.802,29.263,154.849
213.557,57.461,29.263,154.849
213.897,57.120,29.263,154.849
212.194,56.098,29.263,154.849
213.216,55.757,29.263,154.849
213.557,58.142,29.263,154.849
214.579,56.439,29.263,154.849
214.920,58.824,29.263,154.849
213.897,57.802,29.263,154.849
214.238,58.142,29.263,154.849
214.579,57.120,29.263,154.849
215.601,58.142,29.263,154.849
215.260,57.120,29.263,154.849
214.238,56.779,29.263,154.849
213.897,56.439,29.263,154.849
212.194,56.098,29.263,154.849
212.834,57.421,28.639,151.547
211.167,59.088,28.639,151.547
210.167,57.421,28.639,151.547
210.500,58.421,28.639,151.547
210.167,57.421,28.639,151.547
211.167,58.421,28.639,151.547
211.501,56.754,28.639,151.547
210.500,56.420,28.639,151.547
211.501,58.755,28.639,151.547
211.167,56.420,28.639,151.547
212.168,58.755,28.639,151.547
211.834,57.087,28.639,151.547
210.834,58.088,28.639,151.547
211.167,56.421,28.639,151.547
212.168,58.755,28.639,151.547
211.167,56.421,28.639,151.547
211.501,58.755,28.639,151.547
209.167,56.421,28.639,151.547
210.167,58.755,28.639,151.547
209.167,57.087,28.639,151.547
209.500,58.755,28.639,151.547
207.833,57.754,28.639,151.547
208.833,58.755,28.639,151.547
207.166,58.421,28.639,151.547
208.833,60.088,28.639,151.547
206.499,58.421,28.639,151.547
207.500,60.088,28.639,151.547
206.499,59.088,28.639,151.547
208.604,57.066,29.272,154.900
206.900,56.043,29.272,154.900
208.604,57.747,29.272,154.900
208.945,55.361,29.272,154.900
209.286,55.702,29.272,154.900
210.308,53.998,29.272,154.900
211.330,57.747,29.272,154.900
211.671,54.680,29.272,154.900
211.330,52.294,29.272,154.900
210.308,55.361,29.272,154.900
209.967,52.976,29.272,154.900
209.626,56.043,29.272,154.900
210.649,52.976,29.272,154.900
210.308,56.043,29.272,154.900
210.649,54.339,29.272,154.900
210.990,53.998,29.272,154.900
210.649,57.747,29.272,154.900
212.353,56.725,29.272,154.900
212.694,56.384,29.272,154.900
213.716,58.088,29.272,154.900
213.375,56.384,29.272,154.900
213.034,58.088,29.272,154.900
212.012,56.384,29.272,154.900
213.034,59.451,29.272,154.900
212.694,57.747,29.272,154.900
213.716,58.770,29.272,154.900
213.375,57.747,29.272,154.900
213.034,57.406,29.272,154.900
212.012,57.065,29.272,154.900
211.671,56.725,29.272,154.900
212.694,58.429,29.272,154.900
213.034,57.406,29.272,154.900
209.967,55.702,29.272,154.900
211.671,58.088,29.272,154.900
210.649,55.021,29.272,154.900
211.671,58.088,29.272,154.900
212.012,56.384,29.272,154.900
210.308,56.725,29.272,154.900
210.649,58.429,29.272,154.900
210.990,56.043,29.272,154.900
209.286,55.702,29.272,154.900
210.308,57.406,29.272,154.900
210.649,55.021,29.272,154.900
209.626,56.043,29.272,154.900
209.967,55.021,29.272,154.900
208.263,56.725,29.272,154.900
209.286,55.021,29.272,154.900
210.308,57.406,29.272,154.900
209.967,55.021,29.272,154.900
210.308,57.406,29.272,154.900
210.649,55.021,29.272,154.900
210.990,57.406,29.272,154.900
209.967,55.021,29.272,154.900
210.990,57.406,29.272,154.900
210.649,55.021,29.272,154.900
210.990,57.406,29.272,154.900
211.330,55.702,29.272,154.900
211.971,57.682,28.648,151.597
211.637,58.683,28.648,151.597
211.304,57.682,28.648,151.597
210.970,58.683,28.648,151.597
211.304,58.349,28.648,151.597
209.636,57.349,28.648,151.597
210.637,59.684,28.648,151.597
208.969,58.016,28.648,151.597
209.303,57.682,28.648,151.597
208.302,58.683,28.648,151.597
208.636,58.349,28.648,151.597
209.636,59.350,28.648,151.597
207.969,57.682,28.648,151.597
209.636,58.683,28.648,151.597
209.970,60.351,28.648,151.597
209.636,59.350,28.648,151.597
208.636,61.685,28.648,151.597
207.635,60.684,28.648,151.597
206.634,61.685,28.648,151.597
206.301,63.353,28.648,151.597
205.967,63.686,28.648,151.597
206.301,64.687,28.648,151.597
204.633,63.686,28.648,151.597
206.301,65.354,28.648,151.597
203.966,63.019,28.648,151.597
206.968,64.687,28.648,151.597
205.300,64.353,28.648,151.597
206.301,65.354,28.648,151.597
204.633,63.686,28.648,151.597
206.968,66.021,28.648,151.597
205.967,63.686,28.648,151.597
206.968,65.354,28.648,151.597
205.300,63.019,28.648,151.597
206.301,64.020,28.648,151.597
205.300,61.685,28.648,151.597
206.968,63.353,28.648,151.597
207.969,61.018,28.648,151.597
208.302,62.018,28.648,151.597
207.969,61.685,28.648,151.597
208.969,62.685,28.648,151.597
207.301,61.685,28.648,151.597
208.302,60.684,28.648,151.597
205.967,59.684,28.648,151.597
208.302,58.683,28.648,151.597
205.967,57.682,28.648,151.597
208.302,58.016,28.648,151.597
206.634,56.348,28.648,151.597
208.969,57.349,28.648,151.597
207.969,57.015,28.648,151.597
206.301,60.017,28.648,151.597
203.299,59.017,28.648,151.597
201.631,62.685,28.648,151.597
200.631,63.019,28.648,151.597
200.297,62.018,28.648,151.597
198.629,63.019,28.648,151.597
198.963,63.353,28.648,151.597
198.629,63.686,28.648,151.597
196.962,64.687,28.648,151.597
195.961,63.019,28.648,151.597
192.959,64.020,28.648,151.597
191.292,63.019,28.648,151.597
187.623,64.020,28.648,151.597
186.622,64.353,28.648,151.597
183.620,65.354,28.648,151.597
180.618,65.687,28.648,151.597
178.951,67.355,28.648,151.597
177.950,67.021,28.648,151.597
174.281,67.355,28.648,151.597
171.279,65.020,28.648,151.597
168.945,66.021,28.648,151.597
169.945,65.687,28.648,151.597
166.943,67.355,28.648,151.597
168.611,67.689,28.648,151.597
170.279,67.355,28.648,151.597
165.276,69.023,28.648,151.597
168.277,66.021,28.648,151.597
164.608,66.354,28.648,151.597
166.276,65.354,28.648,151.597
165.943,64.353,28.648,151.597
170.279,63.353,28.648,151.597
172.613,63.019,28.648,151.597
174.281,60.684,28.648,151.597
174.615,60.351,28.648,151.597
176.282,58.683,28.648,151.597
177.283,59.017,28.648,151.597
176.949,57.349,28.648,151.597
177.950,59.017,28.648,151.597
178.951,58.016,28.648,151.597
179.284,59.684,28.648,151.597
178.951,59.350,28.648,151.597
179.951,59.017,28.648,151.597
180.952,58.683,28.648,151.597
181.285,61.685,28.648,151.597
181.619,60.017,28.648,151.597
182.620,59.684,28.648,151.597
184.287,62.018,28.648,151.597
185.288,59.684,28.648,151.597
186.288,61.351,28.648,151.597
187.956,59.684,28.648,151.597
190.291,61.351,28.648,151.597
191.292,59.017,28.648,151.597
193.626,60.017,28.648,151.597
195.294,59.684,28.648,151.597
194.960,60.017,28.648,151.597
195.294,59.017,28.648,151.597
194.960,59.350,28.648,151.597
196.628,61.018,28.648,151.597
197.629,59.350,28.648,151.597
197.962,61.018,28.648,151.597
198.963,59.350,28.648,151.597
199.964,61.685,28.648,151.597
200.964,60.017,28.648,151.597
201.298,59.017,28.648,151.597
201.631,60.017,28.648,151.597
201.965,57.682,28.648,151.597
203.632,59.350,28.648,151.597
203.966,59.684,28.648,151.597
204.967,62.018,28.648,151.597
208.636,63.686,28.648,151.597
206.968,65.354,28.648,151.597
207.968,66.354,28.648,151.597
204.967,65.354,28.648,151.597
205.300,65.020,28.648,151.597
202.965,66.021,28.648,151.597
203.966,65.687,28.648,151.597
204.300,67.355,28.648,151.597
203.299,68.356,28.648,151.597
202.965,68.022,28.648,151.597
203.966,69.023,28.648,151.597
204.300,68.689,28.648,151.597
203.966,70.357,28.648,151.597
204.967,69.356,28.648,151.597
205.967,69.690,28.648,151.597
206.301,69.356,28.648,151.597
205.967,68.356,28.648,151.597
207.635,71.357,28.648,151.597
207.301,70.357,28.648,151.597
206.968,70.023,28.648,151.597
207.968,70.357,28.648,151.597
208.302,70.690,28.648,151.597
206.634,71.024,28.648,151.597
207.635,71.357,28.648,151.597
205.967,71.691,28.648,151.597
207.635,72.025,28.648,151.597
206.634,71.024,28.648,151.597
206.968,71.357,28.648,151.597
206.634,72.358,28.648,151.597
206.301,72.025,28.648,151.597
205.967,73.025,28.648,151.597
206.301,71.357,28.648,151.597
205.300,74.359,28.648,151.597
205.329,70.260,29.282,154.951
204.652,68.192,29.930,158.379
204.303,68.541,29.930,158.379
203.258,68.192,29.930,158.379
202.909,67.844,29.930,158.379
