264.000,311.000,37.000,69.000
266.269,308.731,37.000,69.000
266.063,307.287,37.000,69.000
266.269,303.781,37.000,69.000
266.888,299.449,37.000,69.000
267.919,296.355,37.000,69.000
268.512,296.892,36.211,67.529
269.118,294.671,36.211,67.529
268.916,294.873,36.211,67.529
269.522,293.056,36.211,67.529
266.494,294.469,36.211,67.529
264.677,295.479,36.211,67.529
263.668,296.488,36.211,67.529
263.062,294.267,36.211,67.529
264.071,292.854,36.211,67.529
262.658,293.056,36.211,67.529
260.438,293.258,36.211,67.529
257.410,291.441,36.211,67.529
255.189,290.836,36.211,67.529
255.795,290.634,36.211,67.529
251.555,291.239,36.211,67.529
250.950,287.807,36.211,67.529
249.133,286.394,36.211,67.529
249.335,284.981,36.211,67.529
247.970,283.172,35.439,66.088
246.634,282.924,34.683,64.679
246.054,281.958,34.683,64.679
246.610,284.697,33.943,63.300
244.907,286.400,33.943,63.300
242.447,294.537,33.943,63.300
243.721,299.407,33.220,61.950
243.539,300.960,32.511,60.629
246.258,298.967,32.511,60.629
248.977,296.973,32.511,60.629
257.495,298.967,32.511,60.629
267.799,302.233,31.818,59.336
274.807,300.643,31.139,58.071
281.577,300.123,31.139,58.071
288.000,301.338,31.139,58.071
296.506,299.776,31.139,58.071
303.277,302.379,31.139,58.071
310.394,303.942,31.139,58.071
318.553,305.157,31.139,58.071
326.018,303.942,31.139,58.071
333.483,306.546,31.139,58.071
340.947,308.455,31.139,58.071
349.813,310.581,30.475,56.832
358.489,312.988,29.825,55.620
367.302,313.487,29.825,55.620
375.449,315.981,29.825,55.620
383.264,315.149,29.825,55.620
394.072,316.313,29.825,55.620
404.214,318.142,29.825,55.620
413.359,316.978,29.825,55.620
423.169,318.475,29.825,55.620
431.982,319.639,29.825,55.620
441.127,319.805,29.825,55.620
450.937,321.301,29.825,55.620
457.754,322.798,29.825,55.620
461.117,323.872,29.189,54.434
459.978,315.573,29.189,54.434
463.070,309.226,29.189,54.434
462.582,309.714,29.189,54.434
464.372,308.250,29.189,54.434
462.529,309.167,29.835,55.638
464.026,309.666,29.835,55.638
462.488,310.604,30.495,56.869
461.298,311.794,30.495,56.869
463.848,310.604,30.495,56.869
461.715,312.357,29.845,55.657
461.549,311.193,29.845,55.657
464.045,309.030,29.845,55.657
462.215,310.194,29.845,55.657
462.048,311.692,29.845,55.657
460.855,307.796,30.505,56.888
462.726,308.987,30.505,56.888
461.195,310.857,30.505,56.888
463.066,307.966,30.505,56.888
461.260,309.720,29.855,55.675
463.022,312.078,29.218,54.488
461.231,313.219,29.218,54.488
460.742,315.010,29.218,54.488
462.859,316.151,29.218,54.488
461.719,317.942,29.218,54.488
460.932,320.250,28.595,53.326
462.620,321.587,27.985,52.189
461.839,322.991,27.985,52.189
463.244,321.587,27.985,52.189
462.189,323.196,27.388,51.076
462.333,323.005,26.804,49.986
463.916,324.546,26.233,48.920
463.184,322.938,26.233,48.920
463.956,321.941,26.813,50.003
463.194,323.094,27.406,51.109
461.782,323.321,28.013,52.240
462.606,321.609,28.632,53.396
462.446,323.684,28.632,53.396
464.202,325.121,28.632,53.396
462.507,327.075,28.022,52.257
462.035,327.307,28.642,53.413
439.521,295.532,28.642,53.413
442.683,294.444,29.276,54.595
445.131,296.566,29.276,54.595
447.906,298.035,29.276,54.595
449.106,299.632,29.923,55.803
451.274,299.131,29.923,55.803
453.109,301.967,29.923,55.803
454.277,303.802,29.923,55.803
456.112,305.304,29.923,55.803
453.185,307.282,30.585,57.037
449.839,314.612,31.262,58.299
447.922,317.226,31.262,58.299
449.204,319.294,31.954,59.589
451.253,317.341,32.661,60.908
452.970,318.745,33.383,62.255
452.411,319.675,33.383,62.255
454.023,321.595,32.671,60.928
455.951,321.367,31.975,59.628
457.495,323.205,31.293,58.357
456.988,323.659,30.625,57.112
416.439,275.732,31.303,58.376
416.636,273.095,31.996,59.668
417.885,272.560,31.996,59.668
420.917,271.311,31.996,59.668
422.166,273.987,31.996,59.668
423.477,271.661,32.704,60.988
425.196,269.284,33.427,62.337
428.500,266.468,34.167,63.716
429.833,270.087,34.167,63.716
432.309,272.563,34.167,63.716
435.291,270.080,34.923,65.126
435.914,265.925,35.695,66.567
391.131,231.123,36.485,68.040
392.204,230.159,37.292,69.545
394.164,231.331,38.117,71.084
396.168,233.411,38.961,72.656
397.688,231.891,38.961,72.656
401.381,231.673,38.961,72.656
403.336,234.063,38.961,72.656
405.725,234.714,38.961,72.656
408.548,233.194,38.961,72.656
409.634,232.977,38.961,72.656
410.720,235.366,38.961,72.656
412.675,236.017,38.961,72.656
413.761,235.366,38.961,72.656
415.282,236.452,38.961,72.656
416.368,235.366,38.961,72.656
417.454,234.714,38.961,72.656
418.974,235.800,38.961,72.656
420.494,235.149,38.961,72.656
421.146,236.669,38.961,72.656
422.232,236.452,38.961,72.656
424.621,234.931,38.961,72.656
427.010,235.149,38.961,72.656
429.834,236.669,38.961,72.656
430.486,235.149,38.961,72.656
432.006,236.669,38.961,72.656
434.830,235.583,38.961,72.656
436.350,236.235,38.961,72.656
438.739,235.583,38.961,72.656
441.563,237.103,38.961,72.656
445.255,237.755,38.961,72.656
447.303,236.275,39.823,74.264
448.475,234.763,40.704,75.907
450.517,233.174,40.704,75.907
453.013,235.217,40.704,75.907
451.879,235.897,40.704,75.907
452.969,232.114,39.836,74.288
454.968,229.671,39.836,74.288
417.933,191.291,38.986,72.704
421.491,193.114,38.155,71.154
423.406,192.476,38.155,71.154
426.171,191.838,38.155,71.154
429.361,190.774,38.155,71.154
431.701,191.412,38.155,71.154
434.466,193.752,38.155,71.154
436.381,193.114,38.155,71.154
438.721,195.028,38.155,71.154
440.635,195.666,38.155,71.154
442.549,196.730,38.155,71.154
445.315,197.368,38.155,71.154
446.803,198.857,38.155,71.154
447.016,200.771,38.155,71.154
446.803,202.260,38.155,71.154
450.696,205.684,37.341,69.636
449.689,209.035,36.545,68.151
450.708,210.054,36.545,68.151
450.515,209.089,37.353,69.659
451.182,209.830,38.180,71.200
452.306,211.913,39.025,72.776
391.608,229.843,39.888,74.386
389.606,230.065,39.888,74.386
393.247,231.501,39.037,72.799
396.076,232.154,39.037,72.799
394.117,232.807,39.037,72.799
398.099,232.535,38.205,71.247
400.442,234.025,38.205,71.247
402.008,235.668,39.050,72.823
403.532,236.321,39.050,72.823
403.315,233.926,39.050,72.823
406.145,236.756,39.050,72.823
408.539,237.845,39.050,72.823
407.015,235.450,39.050,72.823
404.099,238.033,39.914,74.435
407.437,235.585,39.914,74.435
409.884,237.143,39.914,74.435
412.332,237.810,39.914,74.435
415.975,239.676,39.063,72.847
418.806,240.765,39.063,72.847
421.637,241.418,39.063,72.847
424.903,242.507,39.063,72.847
427.408,242.379,39.927,74.459
425.850,239.040,39.927,74.459
428.744,240.153,39.927,74.459
431.959,241.591,39.076,72.871
435.226,240.502,39.076,72.871
437.732,240.826,39.940,74.483
440.627,241.494,39.940,74.483
442.631,243.052,39.940,74.483
440.627,241.048,39.940,74.483
442.186,241.716,39.940,74.483
438.846,241.939,39.940,74.483
440.404,242.162,39.940,74.483
441.072,241.048,39.940,74.483
442.248,241.379,40.824,76.131
441.560,239.356,41.727,77.816
444.119,235.867,41.727,77.816
449.469,297.978,41.727,77.816
451.098,299.141,41.727,77.816
448.946,301.418,42.651,79.537
449.172,299.745,41.741,77.841
447.543,301.839,41.741,77.841
445.914,297.418,41.741,77.841
444.341,301.612,40.851,76.181
442.291,300.018,40.851,76.181
441.152,302.523,40.851,76.181
443.563,302.677,39.980,74.557
442.449,302.008,39.980,74.557
444.009,300.894,39.980,74.557
444.221,302.763,39.127,72.967
445.748,301.236,39.127,72.967
448.057,300.122,38.293,71.411
447.437,299.443,37.476,69.888
449.648,298.376,36.677,68.397
449.035,294.491,36.677,68.397
448.835,291.870,35.895,66.939
445.833,287.667,35.895,66.939
443.632,290.269,35.895,66.939
445.365,293.104,35.129,65.511
443.211,285.466,35.129,65.511
441.056,282.921,35.129,65.511
449.170,287.961,34.380,64.114
451.199,291.415,33.647,62.747
448.761,290.102,33.647,62.747
448.573,292.916,33.647,62.747
451.282,292.319,32.929,61.409
449.263,289.199,32.929,61.409
447.244,287.179,32.929,61.409
445.959,286.261,32.929,61.409
448.964,288.862,32.227,60.099
447.347,287.964,32.227,60.099
451.327,290.510,31.540,58.818
450.477,289.612,30.867,57.563
448.928,290.472,30.867,57.563
448.068,291.677,30.867,57.563
449.273,289.784,30.867,57.563
450.763,292.222,30.209,56.336
450.931,294.075,30.209,56.336
450.763,295.253,30.209,56.336
450.257,292.727,30.209,56.336
451.146,289.833,30.878,57.582
450.286,291.382,30.878,57.582
451.146,291.554,30.878,57.582
452.969,290.343,30.219,56.354
455.077,291.106,29.575,55.153
453.645,294.396,28.944,53.976
454.129,296.493,28.944,53.976
453.976,294.390,29.584,55.171
454.471,297.193,29.584,55.171
456.217,300.166,28.953,53.994
456.064,298.397,29.594,55.189
456.229,299.222,29.594,55.189
455.074,299.387,29.594,55.189
457.219,299.552,29.594,55.189
459.034,298.727,29.594,55.189
458.539,299.222,29.594,55.189
460.436,297.755,30.249,56.410
458.177,294.857,30.918,57.658
433.336,296.901,31.602,58.934
386.296,249.862,31.602,58.934
387.592,250.489,32.301,60.238
386.674,248.889,33.016,61.570
385.736,246.871,33.746,62.933
386.339,244.809,34.493,64.325
385.757,243.498,35.256,65.748
386.387,242.159,36.036,67.203
387.447,242.041,36.834,68.690
389.383,241.068,37.649,70.209
391.362,241.816,38.481,71.763
394.720,240.799,39.333,73.351
398.608,239.760,40.203,74.973
403.511,237.768,41.093,76.632
406.146,238.109,42.002,78.328
409.659,236.938,42.002,78.328
412.838,237.286,42.931,80.061
415.471,238.962,42.931,80.061
423.687,236.338,43.881,81.832
427.845,235.604,43.881,81.832
431.515,236.338,43.881,81.832
435.184,238.050,43.881,81.832
434.940,240.741,43.881,81.832
438.473,243.264,42.945,80.087
436.797,245.419,42.945,80.087
434.583,242.298,43.895,81.859
436.702,245.293,42.959,80.113
436.463,246.970,42.959,80.113
435.265,243.856,42.959,80.113
437.421,246.491,42.959,80.113
439.576,244.814,42.959,80.113
439.803,248.669,42.043,78.405
441.913,251.248,42.043,78.405
443.491,252.761,41.147,76.733
445.035,255.127,40.269,75.096
445.248,252.682,39.410,73.495
447.574,254.525,38.570,71.928
447.364,256.328,37.747,70.394
448.780,258.093,36.942,68.893
451.358,258.232,36.155,67.423
450.383,260.699,35.384,65.986
449.397,261.291,35.384,65.986
451.866,262.565,34.629,64.578
450.514,263.916,34.629,64.578
453.024,259.862,34.629,64.578
451.673,260.441,34.629,64.578
451.480,264.495,34.629,64.578
450.900,256.194,34.629,64.578
453.316,263.395,33.891,63.201
452.372,270.386,33.891,63.201
452.187,284.354,33.168,61.854
454.960,286.757,33.168,61.854
452.100,285.881,33.902,63.222
453.097,286.162,34.652,64.621
451.358,289.833,34.652,64.621
453.483,291.958,34.652,64.621
452.518,289.833,34.652,64.621
449.930,282.504,35.418,66.051
452.102,278.752,35.418,66.051
454.274,280.134,35.418,66.051
453.700,283.693,34.663,64.642
452.733,281.181,34.663,64.642
451.381,284.466,34.663,64.642
450.801,286.979,34.663,64.642
452.102,291.952,33.924,63.263
451.535,290.250,33.924,63.263
453.615,293.465,33.924,63.263
452.701,296.144,33.200,61.914
452.145,298.921,33.200,61.914
454.462,299.403,32.492,60.594
454.281,299.946,32.492,60.594
455.911,297.229,32.492,60.594
453.484,298.626,33.211,61.935
451.447,299.922,33.211,61.935
454.121,298.619,32.503,60.614
453.215,301.337,32.503,60.614
450.412,299.727,33.222,61.955
453.801,299.495,32.514,60.634
456.419,303.810,31.820,59.341
454.467,305.052,31.820,59.341
452.871,308.777,31.820,59.341
454.749,298.296,31.142,58.075
453.534,294.997,31.142,58.075
451.624,293.435,31.142,58.075
453.881,294.997,31.142,58.075
451.624,296.560,31.142,58.075
453.187,299.164,31.142,58.075
454.690,305.975,30.478,56.837
454.524,312.313,29.828,55.625
456.685,314.142,29.828,55.625
454.524,316.636,29.828,55.625
456.605,319.313,29.192,54.439
454.489,319.476,29.192,54.439
455.954,320.940,29.192,54.439
453.838,322.079,29.192,54.439
454.326,321.266,29.192,54.439
453.513,322.730,29.192,54.439
452.048,323.544,29.192,54.439
450.909,324.032,29.192,54.439
450.421,329.077,29.192,54.439
449.607,331.193,29.192,54.439
450.746,331.356,29.192,54.439
451.560,331.193,29.192,54.439
451.723,332.983,29.192,54.439
450.909,335.099,29.192,54.439
449.066,336.016,29.838,55.643
449.898,337.180,29.838,55.643
448.401,339.010,29.838,55.643
449.233,340.175,29.838,55.643
448.068,341.672,29.838,55.643
448.567,343.834,29.838,55.643
447.403,345.996,29.838,55.643
447.569,347.161,29.838,55.643
448.734,348.325,29.838,55.643
447.902,349.490,29.838,55.643
449.399,349.989,29.838,55.643
451.229,351.153,29.838,55.643
451.728,353.315,29.838,55.643
452.227,354.480,29.838,55.643
454.057,352.983,29.838,55.643
455.554,350.155,29.838,55.643
456.994,351.871,29.201,54.456
454.878,353.010,29.201,54.456
457.320,353.499,29.201,54.456
455.529,350.080,29.201,54.456
454.064,350.568,29.201,54.456
456.506,348.126,29.201,54.456
459.171,345.412,28.579,53.295
457.418,342.703,28.579,53.295
458.798,354.482,27.969,52.159
460.449,356.090,27.373,51.046
460.005,354.722,26.789,49.958
458.004,354.944,27.382,51.063
415.416,312.094,27.987,52.193
419.316,308.505,27.987,52.193
422.593,308.973,27.987,52.193
424.933,309.441,27.987,52.193
426.962,310.533,27.987,52.193
426.806,311.938,27.987,52.193
429.360,313.246,27.391,51.080
431.650,313.093,27.391,51.080
433.330,313.246,27.391,51.080
434.704,311.872,27.391,51.080
436.995,312.635,27.391,51.080
436.533,309.377,27.997,52.210
438.562,309.845,27.997,52.210
438.406,309.065,27.997,52.210
440.660,307.967,27.400,51.096
440.508,308.425,27.400,51.096
440.355,308.272,27.400,51.096
441.730,308.730,27.400,51.096
443.105,309.800,27.400,51.096
442.341,311.174,27.400,51.096
444.327,311.633,27.400,51.096
443.563,311.480,27.400,51.096
446.771,311.938,27.400,51.096
448.145,311.480,27.400,51.096
448.909,309.494,27.400,51.096
450.284,309.952,27.400,51.096
451.659,310.411,27.400,51.096
450.895,311.480,27.400,51.096
450.742,312.244,27.400,51.096
454.084,312.788,28.006,52.227
456.204,313.344,28.625,53.382
455.406,311.908,28.625,53.382
458.438,313.982,28.625,53.382
449.342,321.164,28.625,53.382
448.860,320.407,29.259,54.564
449.349,322.202,29.259,54.564
450.548,320.075,29.906,55.771
449.381,319.908,29.906,55.771
451.882,319.742,29.906,55.771
452.716,320.575,29.906,55.771
454.550,320.075,29.906,55.771
455.050,320.909,29.906,55.771
455.208,322.950,29.268,54.581
457.879,321.487,28.644,53.418
459.262,320.364,28.033,52.278
461.218,322.879,27.436,51.164
461.953,324.162,26.850,50.072
462.095,323.686,26.278,49.005
463.928,325.762,25.717,47.960
463.211,325.331,25.717,47.960
463.641,324.901,25.717,47.960
463.498,325.905,25.717,47.960
465.016,328.765,25.169,46.937
465.437,329.467,25.169,46.937
465.840,331.185,24.632,45.936
464.912,334.189,24.107,44.956
465.039,336.353,23.593,43.998
466.432,338.723,23.090,43.059
464.707,343.990,23.601,44.012
462.997,350.174,23.601,44.012
462.339,351.884,23.601,44.012
463.034,350.988,24.123,44.986
461.790,351.746,24.657,45.981
462.980,350.779,24.131,45.001
461.736,350.420,24.665,45.996
462.424,351.933,24.665,45.996
463.111,353.445,24.665,45.996
462.977,355.924,24.139,45.015
464.188,357.673,24.139,45.015
463.784,358.077,24.139,45.015
465.209,357.649,23.624,44.055
464.826,357.484,23.120,43.116
464.440,356.839,23.120,43.116
466.301,356.181,22.627,42.196
467.184,355.046,22.627,42.196
466.049,354.163,22.627,42.196
464.621,353.042,23.128,43.130
465.781,352.397,23.128,43.130
465.394,353.300,23.128,43.130
465.265,354.718,23.128,43.130
466.382,359.527,22.634,42.210
465.215,361.024,23.135,43.144
466.829,363.100,22.642,42.224
466.450,362.217,22.642,42.224
465.807,363.976,23.143,43.158
465.417,362.561,23.655,44.113
465.840,361.663,24.178,45.089
466.244,364.224,24.178,45.089
465.300,365.707,24.178,45.089
465.166,364.763,24.178,45.089
464.758,363.565,24.713,46.087
464.896,363.427,24.713,46.087
464.758,362.738,24.713,46.087
465.723,363.152,24.713,46.087
464.483,363.290,24.713,46.087
465.172,363.152,24.713,46.087
463.898,361.641,25.260,47.106
465.165,362.064,25.260,47.106
464.179,361.641,25.260,47.106
464.602,362.064,25.260,47.106
463.884,361.689,25.819,48.149
465.467,361.545,25.819,48.149
463.884,362.840,25.819,48.149
464.892,363.848,25.819,48.149
465.028,364.222,25.268,47.122
464.324,363.800,25.268,47.122
465.592,364.222,25.268,47.122
464.606,364.927,25.268,47.122
463.303,365.429,25.827,48.164
465.105,366.358,25.277,47.137
464.119,367.345,25.277,47.137
463.978,368.331,25.277,47.137
464.964,368.754,25.277,47.137
464.259,368.331,25.277,47.137
466.023,368.698,24.738,46.132
465.058,368.836,24.738,46.132
466.023,365.388,24.738,46.132
465.058,362.492,24.738,46.132
466.299,360.699,24.738,46.132
465.609,360.837,24.738,46.132
464.620,360.756,25.285,47.153
466.171,359.487,25.285,47.153
465.218,360.126,24.746,46.147
465.880,361.549,24.218,45.163
466.015,362.764,24.218,45.163
465.883,363.115,23.701,44.200
464.936,363.586,24.226,45.178
464.247,363.787,24.762,46.177
465.262,362.846,25.310,47.199
464.557,363.270,25.310,47.199
464.130,363.187,25.870,48.243
463.409,361.312,25.870,48.243
464.769,360.629,26.442,49.311
463.100,360.542,27.027,50.402
463.243,361.515,26.451,49.327
465.160,361.957,26.451,49.327
464.163,362.625,25.887,48.275
463.427,362.541,26.459,49.343
465.273,362.356,25.895,48.291
465.132,361.897,25.343,47.261
464.119,362.400,25.904,48.307
464.841,363.700,25.904,48.307
465.256,365.189,25.351,47.277
464.536,365.693,25.912,48.323
464.391,367.282,25.912,48.323
463.669,368.582,25.912,48.323
463.806,371.185,25.360,47.292
465.079,371.892,25.360,47.292
464.089,372.034,25.360,47.292
465.361,368.782,25.360,47.292
464.937,370.337,25.360,47.292
463.948,370.196,25.360,47.292
464.655,367.227,25.360,47.292
464.516,368.140,24.819,46.284
466.038,368.278,24.819,46.284
464.793,367.587,24.819,46.284
464.654,366.341,24.819,46.284
464.516,364.266,24.819,46.284
465.761,361.914,24.819,46.284
464.769,359.823,25.368,47.308
466.042,361.661,25.368,47.308
464.769,362.368,25.368,47.308
465.759,360.813,25.368,47.308
464.451,361.610,25.929,48.354
465.463,360.020,25.929,48.354
463.873,359.297,25.929,48.354
464.885,357.707,25.929,48.354
464.465,358.919,25.376,47.323
465.212,359.423,25.938,48.370
463.910,359.857,25.938,48.370
464.922,360.580,25.938,48.370
464.199,361.014,25.938,48.370
464.344,362.026,25.938,48.370
463.910,362.460,25.938,48.370
465.212,361.737,25.938,48.370
463.910,361.881,25.938,48.370
465.441,361.700,25.385,47.339
464.167,362.125,25.385,47.339
465.666,362.493,24.843,46.329
464.419,363.186,24.843,46.329
465.943,363.324,24.843,46.329
464.419,363.740,24.843,46.329
464.281,363.878,24.843,46.329
464.973,363.186,24.843,46.329
464.558,363.324,24.843,46.329
465.250,363.186,24.843,46.329
465.112,363.601,24.843,46.329
464.709,366.097,24.313,45.341
465.929,365.691,24.313,45.341
464.394,365.892,24.851,46.344
465.641,366.031,24.851,46.344
464.117,365.892,24.851,46.344
465.918,365.754,24.851,46.344
464.949,367.278,24.851,46.344
463.955,367.196,25.401,47.370
463.233,367.407,25.963,48.418
465.045,367.784,25.409,47.385
464.323,368.582,25.972,48.434
463.284,369.098,26.546,49.505
464.065,369.932,27.134,50.601
463.006,371.596,27.134,50.601
461.608,378.412,27.734,51.720
461.456,381.795,27.143,50.617
460.999,379.822,27.743,51.737
461.772,377.812,27.743,51.737
463.410,377.022,27.151,50.634
462.653,377.476,27.151,50.634
462.505,378.454,26.572,49.554
463.246,376.231,26.572,49.554
462.244,377.188,26.006,48.497
461.229,378.493,26.006,48.497
460.249,379.988,25.451,47.463
459.820,376.666,26.014,48.513
459.095,374.491,26.014,48.513
458.657,371.396,26.590,49.586
456.729,369.469,26.590,49.586
454.802,368.135,26.590,49.586
453.765,367.097,26.590,49.586
453.317,363.934,27.178,50.684
453.802,363.845,27.779,51.805
457.054,365.549,27.779,51.805
456.306,369.534,27.187,50.700
462.520,357.258,27.187,50.700
462.062,354.024,27.789,51.822
463.403,354.726,27.196,50.717
462.645,355.484,27.196,50.717
462.494,357.455,27.196,50.717
463.608,357.051,27.798,51.839
462.859,358.649,27.205,50.733
463.618,359.104,27.205,50.733
463.163,358.952,27.205,50.733
464.224,359.711,27.205,50.733
463.466,361.076,27.205,50.733
463.011,362.441,27.205,50.733
463.182,363.296,27.807,51.856
462.070,363.848,28.422,53.003
463.442,365.482,27.816,51.873
461.365,365.713,28.431,53.021
461.515,362.764,27.825,51.890
461.050,360.127,27.825,51.890
463.290,359.036,27.232,50.783
462.556,357.090,26.651,49.700
461.219,355.455,26.651,49.700
461.360,354.410,26.083,48.640
462.378,348.739,26.083,48.640
461.069,345.104,26.083,48.640
462.609,343.520,25.526,47.603
465.597,323.171,25.526,47.603
463.100,320.134,26.091,48.656
460.628,318.534,26.091,48.656
458.737,317.807,26.091,48.656
456.846,320.279,26.091,48.656
452.628,319.552,26.091,48.656
449.282,321.734,26.091,48.656
449.428,324.207,26.091,48.656
446.201,329.632,25.535,47.619
439.475,333.570,24.990,46.603
432.649,336.217,24.990,46.603
426.067,335.237,24.457,45.609
423.749,333.465,24.457,45.609
421.704,330.601,24.457,45.609
415.023,328.011,24.457,45.609
412.432,326.238,24.457,45.609
413.932,325.011,24.457,45.609
415.501,326.911,24.998,46.619
420.378,326.493,24.998,46.619
425.813,323.845,24.998,46.619
430.412,324.542,24.998,46.619
433.768,327.592,24.465,45.624
438.269,330.183,24.465,45.624
443.861,329.501,24.465,45.624
446.453,328.546,24.465,45.624
448.588,327.617,25.007,46.634
454.582,329.429,25.007,46.634
456.186,327.901,25.560,47.666
458.244,329.920,25.015,46.649
459.778,331.175,25.015,46.649
461.792,329.925,24.481,45.654
464.816,331.333,23.959,44.681
466.487,336.315,23.448,43.728
464.526,345.596,23.448,43.728
463.088,349.387,23.448,43.728
464.265,351.348,23.448,43.728
465.901,354.964,22.948,42.795
464.983,356.747,23.456,43.742
466.422,358.447,23.456,43.742
465.768,360.932,23.456,43.742
466.422,363.678,23.456,43.742
465.768,366.424,23.456,43.742
467.468,366.293,23.456,43.742
467.073,365.945,23.975,44.710
465.870,366.881,23.975,44.710
466.805,367.816,23.975,44.710
466.137,368.217,23.975,44.710
467.340,366.480,23.975,44.710
465.335,374.633,23.975,44.710
464.400,375.301,23.975,44.710
466.137,370.623,23.975,44.710
464.934,372.093,23.975,44.710
464.530,372.847,24.505,45.699
466.033,372.437,24.505,45.699
464.804,373.939,24.505,45.699
462.690,373.009,25.048,46.710
461.712,371.752,25.048,46.710
461.001,371.380,25.602,47.744
460.858,372.665,25.602,47.744
463.570,371.380,25.602,47.744
465.356,370.926,25.056,46.726
463.775,369.395,25.610,47.760
465.345,370.965,25.610,47.760
464.917,369.966,25.610,47.760
463.917,355.260,25.610,47.760
463.203,357.402,25.610,47.760
465.541,360.526,25.064,46.741
464.004,358.150,25.064,46.741
464.741,360.098,25.619,47.775
464.598,369.381,25.619,47.775
463.574,372.557,26.185,48.832
464.042,378.529,26.765,49.913
463.320,385.246,26.194,48.848
465.711,387.315,25.635,47.807
463.500,389.900,26.203,48.864
462.769,391.506,26.203,48.864
464.376,393.990,26.203,48.864
463.938,392.383,26.203,48.864
462.587,389.569,26.782,49.945
462.438,391.211,26.782,49.945
462.292,393.615,26.211,48.880
464.402,392.305,25.652,47.838
462.486,388.957,26.220,48.896
464.679,390.272,26.220,48.896
464.533,392.465,26.220,48.896
463.826,395.100,25.661,47.854
463.683,397.245,25.661,47.854
465.257,398.819,25.661,47.854
463.738,401.673,25.113,46.833
466.300,400.418,24.578,45.834
464.464,398.632,25.122,46.848
463.764,399.052,25.122,46.848
466.056,399.417,24.586,45.849
463.936,401.327,25.130,46.864
463.796,403.148,25.130,46.864
465.819,402.162,24.594,45.864
463.413,400.375,25.138,46.879
464.955,402.477,25.138,46.879
463.467,405.543,24.602,45.879
464.191,403.470,25.146,46.895
464.931,401.643,25.703,47.932
462.416,403.640,26.271,48.993
463.734,406.130,26.271,48.993
462.709,408.619,26.271,48.993
461.977,411.402,26.271,48.993
463.810,414.607,25.711,47.948
462.187,417.497,26.280,49.009
461.748,420.280,26.280,49.009
461.001,418.370,26.861,50.093
463.164,416.162,26.289,49.025
465.280,411.740,25.728,47.979
463.757,410.455,25.179,46.956
466.326,405.138,24.642,45.955
465.132,403.641,24.117,44.975
466.342,397.860,24.117,44.975
465.670,395.037,24.117,44.975
464.706,388.541,24.650,45.970
463.720,385.039,25.196,46.987
466.290,384.050,24.659,45.985
464.734,378.835,25.204,47.002
464.018,377.003,25.762,48.042
463.286,375.429,26.332,49.105
464.840,373.830,25.770,48.058
463.213,366.591,26.340,49.121
465.122,369.381,26.340,49.121
464.388,372.465,26.340,49.121
462.726,374.206,26.923,50.208
462.868,376.044,26.349,49.137
464.778,375.603,26.349,49.137
464.337,378.394,26.349,49.137
463.627,380.192,25.787,48.089
462.894,377.721,26.358,49.153
464.510,376.105,26.358,49.153
463.188,378.015,26.358,49.153
465.877,380.947,25.796,48.105
464.007,382.816,25.796,48.105
465.065,383.329,26.366,49.170
464.036,383.182,26.366,49.170
463.892,385.548,25.804,48.121
464.950,384.866,26.375,49.186
463.920,387.660,26.375,49.186
463.776,390.310,25.812,48.137
464.784,392.469,25.812,48.137
462.856,392.085,26.384,49.202
464.768,393.997,26.384,49.202
463.444,396.498,26.384,49.202
462.389,398.548,26.967,50.290
464.644,399.901,26.967,50.290
462.690,398.548,26.967,50.290
464.572,399.809,26.392,49.218
463.247,399.956,26.392,49.218
464.572,398.043,26.392,49.218
463.247,399.661,26.392,49.218
464.572,401.280,26.392,49.218
463.247,399.661,26.392,49.218
465.160,398.926,26.392,49.218
463.542,399.956,26.392,49.218
464.866,401.868,26.392,49.218
463.247,403.193,26.392,49.218
465.160,399.220,26.392,49.218
463.189,396.691,26.976,50.307
463.332,395.343,26.401,49.234
463.803,391.897,26.985,50.323
462.412,389.311,27.582,51.437
464.103,390.080,27.582,51.437
462.719,389.004,27.582,51.437
464.488,386.680,28.192,52.575
462.820,388.604,27.591,51.454
463.951,386.599,28.202,52.592
462.536,388.328,28.202,52.592
462.387,386.604,28.826,53.756
461.583,387.729,28.826,53.756
460.764,385.301,29.463,54.945
462.571,386.779,29.463,54.945
461.421,389.571,29.463,54.945
460.584,387.089,30.115,56.161
463.332,390.115,29.473,54.963
462.182,392.908,29.473,54.963
461.689,394.058,29.473,54.963
462.898,391.234,30.125,56.179
462.058,393.417,30.125,56.179
461.218,395.601,30.125,56.179
463.065,396.105,30.125,56.179
461.554,393.921,30.125,56.179
460.001,393.474,30.792,57.422
459.482,391.592,31.473,58.693
461.340,390.019,30.802,57.441
459.039,386.355,31.483,58.712
460.970,384.074,31.483,58.712
459.347,379.600,32.180,60.011
461.938,380.413,31.493,58.731
460.709,383.047,31.493,58.731
462.289,386.382,31.493,58.731
460.358,392.527,31.493,58.731
460.885,400.077,31.493,58.731
459.990,403.253,32.190,60.030
460.887,403.432,32.190,60.030
460.366,401.132,31.504,58.750
460.541,398.848,31.504,58.750
460.014,395.512,31.504,58.750
461.670,393.222,32.201,60.050
460.054,395.555,32.201,60.050
459.875,396.453,32.201,60.050
458.960,397.465,32.913,61.379
458.406,399.261,33.641,62.737
458.583,401.557,32.924,61.399
460.881,404.865,32.222,60.089
458.474,406.623,32.935,61.419
457.586,413.118,32.232,60.109
459.563,415.813,32.232,60.109
459.041,423.209,31.545,58.827
460.975,425.847,31.545,58.827
458.984,431.217,32.243,60.129
457.322,433.349,32.956,61.459
459.343,432.430,32.956,61.459
458.025,432.704,33.686,62.819
460.014,435.365,32.967,61.479
459.095,436.651,32.967,61.479
459.683,437.687,33.697,62.840
458.368,439.753,33.697,62.840
460.059,443.323,33.697,62.840
459.495,449.522,33.697,62.840
458.538,453.309,34.442,64.230
457.962,460.414,34.442,64.230
457.780,461.895,35.204,65.651
457.187,459.743,35.983,67.104
456.987,455.129,35.983,67.104
456.403,452.558,35.216,65.673
455.814,452.361,35.216,65.673
454.814,451.024,35.995,67.126
457.021,447.612,35.995,67.126
456.438,445.814,35.227,65.694
455.029,444.068,36.007,67.148
453.223,443.466,36.007,67.148
455.735,445.536,35.239,65.716
456.717,445.340,35.239,65.716
458.485,443.179,35.239,65.716
457.157,446.341,34.487,64.314
458.503,448.072,34.487,64.314
459.849,447.879,34.487,64.314
457.734,446.918,34.487,64.314
457.175,446.307,33.752,62.943
456.610,444.237,33.752,62.943
458.603,446.903,33.032,61.600
457.664,445.648,33.763,62.963
455.533,442.413,34.510,64.356
454.956,443.760,34.510,64.356
457.072,443.183,34.510,64.356
456.495,441.836,34.510,64.356
458.903,440.482,33.774,62.984
457.585,438.035,33.774,62.984
456.674,436.347,33.054,61.641
455.735,432.033,33.785,63.005
457.430,428.831,33.785,63.005
457.242,430.903,33.785,63.005
459.314,432.598,33.785,63.005
458.766,439.986,33.065,61.661
461.163,446.807,33.065,61.661
459.504,456.945,33.065,61.661
458.564,464.486,33.796,63.025
458.777,467.503,34.544,64.420
459.740,465.385,34.544,64.420
458.391,458.259,34.544,64.420
460.510,456.141,34.544,64.420
457.530,453.630,35.308,65.845
458.121,455.008,35.308,65.845
456.301,452.033,36.089,67.302
458.819,451.393,35.320,65.867
457.047,450.015,35.320,65.867
458.425,447.849,35.320,65.867
457.047,446.077,35.320,65.867
455.668,440.761,35.320,65.867
455.077,437.807,35.320,65.867
453.665,434.831,36.101,67.324
455.563,430.119,36.900,68.813
456.948,429.465,36.113,67.346
458.428,429.347,36.912,68.836
456.164,429.964,36.912,68.836
455.116,430.270,37.729,70.359
457.009,429.218,37.729,70.359
455.064,426.476,38.564,71.916
455.306,423.227,39.417,73.507
452.362,420.362,40.289,75.133
454.384,421.934,40.289,75.133
452.307,418.540,41.180,76.796
450.660,419.834,42.091,78.495
454.180,421.476,42.091,78.495
452.068,424.527,42.091,78.495
455.005,426.495,41.194,76.821
452.938,426.265,41.194,76.821
453.156,429.519,40.315,75.182
452.011,427.055,41.207,76.846
450.840,424.060,42.119,78.546
453.778,426.934,41.221,76.871
451.177,426.799,42.133,78.572
450.942,424.685,42.133,78.572
450.237,421.632,42.133,78.572
453.291,422.336,42.133,78.572
451.119,423.173,43.065,80.310
449.918,423.893,43.065,80.310
453.386,425.444,42.147,78.598
450.725,421.893,43.079,80.337
448.564,419.251,43.079,80.337
451.570,422.654,42.160,78.623
449.924,419.598,42.160,78.623
451.100,420.773,42.160,78.623
450.394,421.008,42.160,78.623
452.980,417.483,42.160,78.623
450.319,415.882,43.093,80.363
449.598,413.239,43.093,80.363
447.377,413.596,44.047,82.141
448.604,413.842,44.047,82.141
448.359,410.650,44.047,82.141
451.432,413.182,43.107,80.389
449.750,411.980,43.107,80.389
450.904,414.459,42.188,78.675
453.491,415.635,42.188,78.675
451.845,413.048,42.188,78.675
450.669,409.990,42.188,78.675
448.494,410.340,43.121,80.416
448.766,410.698,44.076,82.195
451.468,407.995,44.076,82.195
448.686,408.360,45.051,84.013
446.885,408.734,46.047,85.872
445.602,403.343,46.047,85.872
447.399,404.626,46.047,85.872
446.629,406.937,46.047,85.872
444.832,408.734,46.047,85.872
448.539,408.412,45.065,84.041
446.737,408.786,46.063,85.900
446.481,405.961,46.063,85.900
449.199,407.124,45.080,84.069
447.943,408.884,45.080,84.069
446.140,409.779,46.078,85.929
448.365,408.962,45.095,84.096
450.542,408.162,44.133,82.303
449.827,412.123,43.192,80.548
451.994,413.808,43.192,80.548
449.827,412.604,43.192,80.548
450.549,413.808,43.192,80.548
449.345,413.086,43.192,80.548
451.430,410.463,42.271,78.830
450.723,408.814,42.271,78.830
449.522,408.186,43.206,80.574
451.690,408.427,43.206,80.574
451.454,406.268,42.285,78.856
449.763,402.706,43.221,80.600
452.414,405.356,43.221,80.600
449.186,405.214,44.177,82.384
448.940,403.490,44.177,82.384
451.072,402.707,43.235,80.627
449.867,400.538,43.235,80.627
452.519,398.369,43.235,80.627
449.790,395.726,44.191,82.411
448.534,395.581,45.169,84.234
450.715,393.810,44.206,82.438
449.482,393.563,44.206,82.438
448.743,395.288,44.206,82.438
447.487,395.143,45.184,84.262
444.112,394.995,46.184,86.126
446.430,395.253,46.184,86.126
445.142,397.055,46.184,86.126
446.430,394.738,46.184,86.126
450.644,392.926,45.199,84.289
449.912,390.668,44.235,82.492
448.679,387.955,44.235,82.492
448.913,386.220,43.291,80.733
448.672,384.048,43.291,80.733
450.844,386.220,43.291,80.733
448.672,384.048,43.291,80.733
449.396,384.289,43.291,80.733
449.154,380.669,43.291,80.733
447.423,380.027,44.249,82.519
449.560,378.291,43.306,80.759
449.318,380.464,43.306,80.759
448.594,384.085,43.306,80.759
451.250,387.224,43.306,80.759
453.806,390.644,42.382,79.037
453.574,393.537,41.478,77.351
452.876,393.881,42.396,79.063
452.639,396.481,42.396,79.063
454.294,398.608,42.396,79.063
452.639,400.262,42.396,79.063
454.294,401.917,42.396,79.063
453.112,402.626,42.396,79.063
452.875,402.862,42.396,79.063
452.166,399.789,42.396,79.063
450.985,397.190,42.396,79.063
450.748,394.590,42.396,79.063
452.795,392.016,41.492,77.377
450.656,388.520,42.410,79.089
449.947,385.919,42.410,79.089
449.710,382.845,42.410,79.089
452.784,381.663,42.410,79.089
450.656,378.590,42.410,79.089
452.784,375.043,42.410,79.089
452.075,376.698,42.410,79.089
450.893,373.625,42.410,79.089
453.851,376.063,41.506,77.402
453.620,374.906,41.506,77.402
456.516,377.293,40.620,75.752
454.478,374.802,40.620,75.752
451.914,370.909,41.519,77.428
451.683,369.752,41.519,77.428
453.766,369.984,41.519,77.428
451.683,366.049,41.519,77.428
454.229,365.354,41.519,77.428
452.608,366.512,41.519,77.428
451.451,364.428,41.519,77.428
453.534,365.586,41.519,77.428
453.303,365.817,41.519,77.428
450.682,362.799,42.438,79.141
452.811,364.455,42.438,79.141
452.575,363.273,42.438,79.141
451.392,364.455,42.438,79.141
451.155,365.638,42.438,79.141
454.116,368.078,41.533,77.453
455.274,369.699,41.533,77.453
453.653,371.320,41.533,77.453
454.811,372.478,41.533,77.453
453.190,373.635,41.533,77.453
455.737,375.256,41.533,77.453
453.190,377.340,41.533,77.453
452.517,380.621,40.647,75.801
455.010,380.847,40.647,75.801
453.877,381.074,40.647,75.801
451.781,378.590,41.546,77.478
454.233,380.979,40.660,75.826
452.608,378.964,41.560,77.504
451.913,376.415,41.560,77.504
451.681,378.964,41.560,77.504
451.449,377.342,41.560,77.504
453.071,378.037,41.560,77.504
450.929,374.536,42.480,79.218
453.060,373.825,42.480,79.218
450.870,374.669,43.419,80.971
449.660,372.490,43.419,80.971
453.623,374.053,42.493,79.244
451.491,371.448,42.493,79.244
453.999,372.977,41.587,77.555
453.303,373.209,41.587,77.555
452.144,375.760,41.587,77.555
451.443,375.623,42.507,79.270
453.952,373.956,41.601,77.580
453.278,376.795,40.714,75.926
455.244,377.823,39.846,74.306
453.190,377.232,40.727,75.950
453.405,373.884,39.859,74.331
455.758,376.604,39.009,72.746
455.100,376.025,39.872,74.355
451.661,372.204,40.754,76.000
453.706,372.886,40.754,76.000
453.479,373.567,40.754,76.000
451.849,370.134,41.655,77.682
453.475,371.759,41.655,77.682
453.243,374.778,41.655,77.682
452.546,375.475,41.655,77.682
454.557,372.946,40.767,76.025
453.875,374.991,40.767,76.025
452.717,375.329,41.669,77.707
454.343,371.380,41.669,77.707
452.252,372.541,41.669,77.707
451.091,369.986,41.669,77.707
453.182,366.966,41.669,77.707
451.555,364.411,41.669,77.707
453.567,366.359,40.781,76.050
450.993,364.810,41.683,77.733
450.296,361.789,41.683,77.733
453.204,363.738,40.794,76.075
452.045,366.436,41.696,77.758
453.672,368.993,41.696,77.758
450.558,369.338,42.619,79.479
449.370,371.477,42.619,79.479
451.033,373.140,42.619,79.479
450.796,373.853,42.619,79.479
450.558,371.239,42.619,79.479
448.895,373.853,42.619,79.479
450.083,375.041,42.619,79.479
448.895,377.179,42.619,79.479
447.232,378.842,42.619,79.479
446.021,374.265,43.562,81.237
448.206,376.937,43.562,81.237
447.478,377.665,43.562,81.237
449.581,376.893,42.633,79.505
450.294,379.507,42.633,79.505
449.105,382.597,42.633,79.505
452.195,382.835,42.633,79.505
453.859,383.548,42.633,79.505
453.626,385.999,41.724,77.809
452.502,389.295,40.834,76.150
454.473,387.693,39.963,74.526
456.402,389.132,39.111,72.937
454.839,389.004,39.976,74.550
453.703,385.173,40.861,76.200
452.542,386.457,41.765,77.886
453.287,387.287,42.689,79.609
450.099,384.184,43.633,81.370
382.233,315.900,44.599,83.171
380.073,323.258,43.648,81.397
383.118,327.174,42.717,79.661
386.098,329.172,41.806,77.962
385.865,327.074,41.806,77.962
388.782,330.826,40.914,76.300
390.757,333.178,40.042,74.673
393.551,335.050,39.188,73.080
395.080,332.210,39.188,73.080
398.657,333.200,38.352,71.522
400.096,337.054,37.534,69.997
404.072,333.496,37.534,69.997
408.047,331.613,37.534,69.997
412.023,333.078,37.534,69.997
415.999,329.939,37.534,69.997
419.975,332.659,37.534,69.997
424.207,333.204,36.734,68.504
428.098,337.505,36.734,68.504
431.989,340.167,36.734,68.504
436.699,339.143,36.734,68.504
440.999,342.215,36.734,68.504
444.481,344.877,36.734,68.504
450.010,346.720,36.734,68.504
455.130,345.286,36.734,68.504
456.973,343.443,36.734,68.504
458.054,345.023,37.547,70.020
455.751,341.464,37.547,70.020
454.250,338.301,38.377,71.569
457.031,340.654,38.377,71.569
456.389,341.724,38.377,71.569
458.315,340.226,38.377,71.569
458.957,342.152,38.377,71.569
460.810,344.359,37.559,70.043
460.600,342.055,37.559,70.043
461.228,339.752,37.559,70.043
461.019,337.030,37.559,70.043
461.621,333.942,36.758,68.549
462.236,331.278,36.758,68.549
462.467,328.607,37.571,70.066
463.515,330.073,37.571,70.066
464.143,327.769,37.571,70.066
405.706,268.972,38.403,71.616
405.063,267.045,38.403,71.616
409.393,269.253,37.584,70.088
412.016,272.626,36.782,68.594
416.163,274.741,35.998,67.131
420.222,272.942,35.230,65.699
425.132,270.389,35.230,65.699
430.240,268.628,34.479,64.298
434.499,266.535,33.744,62.927
436.853,268.112,33.024,61.585
438.802,267.527,32.320,60.272
441.752,264.523,31.631,58.987
444.298,261.242,30.956,57.729
447.124,260.361,30.296,56.498
447.968,259.179,30.296,56.498
447.124,261.374,30.296,56.498
446.958,260.186,29.650,55.293
449.027,257.749,29.018,54.114
448.218,256.616,29.018,54.114
448.060,256.102,28.399,52.960
448.210,251.325,27.793,51.830
449.295,249.931,27.793,51.830
451.831,244.659,27.200,50.725
452.267,241.546,26.620,49.643
453.838,241.360,26.053,48.585
456.017,238.891,26.053,48.585
455.875,237.869,25.497,47.549
454.914,236.869,24.953,46.535
454.496,234.226,24.953,46.535
454.360,232.979,24.421,45.542
452.127,232.284,23.900,44.571
449.428,232.374,23.391,43.621
449.301,230.451,22.892,42.690
448.407,225.219,22.892,42.690
449.811,224.070,22.892,42.690
450.704,222.666,22.892,42.690
452.302,220.292,22.404,41.780
454.924,219.918,22.404,41.780
456.728,220.724,21.926,40.889
460.850,219.157,21.458,40.017
464.080,218.320,21.458,40.017
466.353,220.354,21.458,40.017
465.743,221.028,21.933,40.902
460.730,226.286,21.933,40.902
461.586,228.609,21.933,40.902
464.398,230.198,21.933,40.902
452.293,219.561,21.933,40.902
456.573,218.460,21.933,40.902
461.277,217.373,22.418,41.807
462.715,215.485,22.914,42.732
464.631,218.934,22.914,42.732
466.292,221.361,22.914,42.732
466.675,222.000,22.914,42.732
465.781,224.171,22.914,42.732
463.805,220.120,23.421,43.678
461.585,217.900,23.421,43.678
456.754,216.464,23.421,43.678
455.056,218.684,23.421,43.678
455.970,220.903,23.421,43.678
456.884,218.423,23.421,43.678
462.238,219.337,23.421,43.678
464.457,223.645,23.421,43.678
465.371,227.432,23.421,43.678
430.770,217.378,23.421,43.678
438.193,220.487,22.922,42.746
440.110,222.403,22.922,42.746
440.494,221.509,22.922,42.746
443.944,221.637,22.922,42.746
447.394,227.387,22.922,42.746
452.688,229.444,22.433,41.835
459.557,227.359,21.955,40.943
461.638,229.684,21.955,40.943
463.474,231.275,21.955,40.943
460.414,229.929,21.955,40.943
463.597,228.360,21.487,40.069
463.249,226.825,21.028,39.215
454.999,224.418,20.580,38.379
455.573,222.009,20.580,38.379
459.588,220.288,20.580,38.379
461.539,221.550,20.580,38.379
463.030,222.123,20.580,38.379
464.687,220.210,20.141,37.560
464.126,217.628,20.141,37.560
462.666,217.740,20.141,37.560
462.123,219.115,19.712,36.759
461.574,217.466,19.712,36.759
459.983,217.117,19.291,35.975
458.155,216.364,19.291,35.975
458.672,218.302,18.880,35.208
457.148,219.794,18.477,34.457
456.221,215.983,18.477,34.457
456.716,217.641,18.083,33.723
457.201,221.401,17.698,33.003
458.625,225.462,17.320,32.300
460.074,223.241,17.320,32.300
463.840,221.406,17.320,32.300
465.674,219.379,17.320,32.300
467.122,214.840,17.320,32.300
466.640,213.006,17.320,32.300
467.895,209.047,17.320,32.300
466.833,207.019,17.320,32.300
467.895,204.992,17.320,32.300
467.026,202.771,17.320,32.300
466.350,201.129,17.320,32.300
467.798,199.488,17.320,32.300
466.543,198.426,17.320,32.300
460.653,200.260,17.320,32.300
459.814,202.001,16.951,31.611
459.909,202.662,16.951,31.611
459.427,203.587,17.326,32.310
459.332,207.562,16.956,31.621
464.931,207.703,17.331,32.321
467.347,207.993,17.331,32.321
466.477,207.123,17.331,32.321
465.607,208.572,17.331,32.321
466.670,206.543,17.331,32.321
466.187,204.514,17.331,32.321
467.637,205.770,17.331,32.321
466.767,207.800,17.331,32.321
465.897,209.442,17.331,32.321
465.028,208.959,17.331,32.321
464.738,210.215,17.331,32.321
464.641,210.698,17.331,32.321
464.351,211.374,17.331,32.321
464.062,210.891,17.331,32.321
465.124,211.761,17.331,32.321
465.028,210.698,17.331,32.321
466.284,209.249,17.331,32.321
467.733,210.698,17.331,32.321
466.864,210.215,17.331,32.321
467.733,208.959,17.331,32.321
466.670,212.920,17.331,32.321
466.380,214.563,17.331,32.321
465.897,213.500,17.331,32.321
467.733,217.268,17.331,32.321
466.670,221.230,17.331,32.321
466.187,224.032,17.331,32.321
466.091,227.607,17.331,32.321
465.607,231.182,17.331,32.321
465.124,232.244,17.331,32.321
467.079,231.565,16.962,31.632
466.038,232.037,16.962,31.632
467.457,232.889,16.962,31.632
467.173,228.822,16.962,31.632
466.889,227.782,16.962,31.632
468.308,226.364,16.962,31.632
467.268,225.324,16.962,31.632
466.197,223.895,17.337,32.331
468.034,219.352,17.337,32.331
467.357,215.969,17.337,32.331
466.100,213.939,17.337,32.331
465.037,210.363,17.337,32.331
466.680,206.014,17.337,32.331
464.651,199.732,17.337,32.331
468.227,197.895,17.337,32.331
467.164,196.445,17.337,32.331
468.613,195.576,17.337,32.331
442.807,184.267,17.337,32.331
448.116,184.891,16.967,31.642
451.427,183.283,16.967,31.642
456.818,182.054,16.967,31.642
462.210,177.986,16.967,31.642
463.629,176.189,16.967,31.642
460.318,171.933,16.967,31.642
462.115,170.135,16.967,31.642
464.774,169.098,17.343,32.342
466.611,170.742,17.343,32.342
468.254,169.872,17.343,32.342
469.318,169.775,17.343,32.342
469.221,171.612,17.343,32.342
469.511,170.935,17.343,32.342
468.834,170.259,17.343,32.342
469.511,171.902,17.343,32.342
469.801,171.225,17.343,32.342
470.478,172.482,17.343,32.342
469.608,170.645,17.343,32.342
470.285,169.968,17.343,32.342
471.155,167.358,17.343,32.342
472.178,171.151,16.973,31.652
472.273,174.841,16.973,31.652
472.557,175.693,16.973,31.652
472.084,177.491,16.973,31.652
472.557,176.639,16.973,31.652
473.012,175.791,16.611,30.977
473.456,174.961,16.257,30.317
461.662,179.564,15.910,29.670
461.234,183.215,15.571,29.037
460.981,184.445,15.239,28.418
464.501,180.408,14.914,27.812
450.117,190.967,14.914,27.812
449.369,189.055,14.914,27.812
452.944,188.473,14.914,27.812
453.901,186.699,15.244,28.428
454.665,185.594,15.244,28.428
455.290,182.723,15.581,29.057
455.898,181.246,15.581,29.057
456.854,180.464,15.581,29.057
457.853,179.332,15.926,29.699
461.316,180.131,15.926,29.699
461.968,181.000,16.278,30.356
463.330,181.998,16.278,30.356
464.373,182.509,16.638,31.028
465.208,180.933,16.638,31.028
464.745,181.767,16.638,31.028
465.905,191.843,16.283,30.366
466.691,193.829,15.936,29.719
455.130,198.171,15.596,29.085
461.477,194.084,15.596,29.085
465.738,195.736,15.596,29.085
469.675,196.130,15.264,28.465
462.783,173.581,15.264,28.465
466.442,175.708,15.264,28.465
458.358,172.560,15.264,28.465
464.569,171.283,15.264,28.465
465.963,169.208,14.938,27.858
446.892,150.137,14.938,27.858
452.750,150.515,14.620,27.264
455.717,152.158,14.943,27.867
462.631,154.240,14.943,27.867
456.157,146.586,15.274,28.484
460.670,141.942,15.612,29.114
464.019,140.085,15.957,29.758
465.709,140.885,15.957,29.758
468.111,141.686,15.957,29.758
469.053,142.775,15.617,29.123
469.974,141.995,15.284,28.502
469.719,143.102,15.284,28.502
464.872,121.643,14.958,27.894
465.916,121.860,14.639,27.300
464.528,119.820,14.639,27.300
465.864,118.302,14.327,26.717
464.826,118.062,14.327,26.717
465.545,116.704,14.327,26.717
465.784,116.465,14.327,26.717
465.864,117.024,14.327,26.717
466.583,114.228,14.327,26.717
465.385,114.148,14.327,26.717
465.784,113.589,14.327,26.717
465.705,114.308,14.327,26.717
465.305,117.104,14.327,26.717
465.705,117.503,14.327,26.717
465.463,116.959,14.644,27.308
466.035,115.244,14.644,27.308
448.001,100.120,14.968,27.913
451.089,101.205,14.968,27.913
454.646,101.675,15.299,28.530
456.437,104.490,15.299,28.530
460.604,101.785,15.637,29.161
461.425,103.362,15.983,29.807
462.762,107.193,15.983,29.807
465.168,109.777,15.983,29.807
464.899,107.876,16.337,30.466
466.083,108.149,16.337,30.466
450.691,89.114,16.337,30.466
455.342,92.687,15.989,29.816
458.818,94.024,15.989,29.816
460.690,97.679,15.989,29.816
462.383,101.155,15.989,29.816
464.149,99.253,16.342,30.476
465.197,98.443,16.704,31.150
466.221,99.840,16.704,31.150
465.746,97.660,17.073,31.840
464.890,99.659,17.073,31.840
464.604,103.942,17.073,31.840
464.128,105.370,17.073,31.840
465.175,108.130,17.073,31.840
466.222,109.558,17.073,31.840
464.552,110.489,17.451,32.544
463.093,117.397,17.451,32.544
464.358,118.661,17.451,32.544
465.622,117.591,17.451,32.544
466.692,118.467,17.451,32.544
468.152,119.537,17.451,32.544
468.833,120.802,17.451,32.544
468.175,117.492,17.079,31.850
467.318,118.158,17.079,31.850
469.060,114.368,16.715,31.171
464.308,89.488,16.715,31.171
465.892,88.090,16.715,31.171
464.494,87.252,16.715,31.171
466.559,93.781,16.358,30.506
468.291,91.684,16.358,30.506
470.136,90.163,16.010,29.856
469.125,88.074,16.364,30.516
467.903,88.777,16.726,31.191
469.609,98.367,16.369,30.526
469.344,97.901,16.020,29.875
468.183,96.740,16.020,29.875
469.210,94.278,16.374,30.536
469.825,93.460,16.025,29.885
468.628,91.553,16.380,30.546
467.258,103.881,16.380,30.546
468.993,97.580,16.380,30.546
468.354,96.393,16.380,30.546
467.033,95.047,16.031,29.895
468.246,96.107,16.385,30.556
467.401,97.948,16.748,31.232
469.110,94.772,16.391,30.566
468.075,92.822,16.753,31.242
466.824,96.449,17.124,31.934
468.065,99.790,17.124,31.934
467.206,97.595,17.124,31.934
466.323,103.877,17.503,32.640
467.648,101.593,17.890,33.362
466.750,100.695,17.890,33.362
465.000,103.741,18.286,34.101
464.058,100.931,18.690,34.855
465.473,101.086,19.104,35.626
463.875,102.257,19.104,35.626
462.448,107.057,19.527,36.414
464.378,101.571,19.959,37.220
462.195,100.813,20.400,38.044
464.211,99.095,20.852,38.885
463.165,101.071,20.852,38.885
464.909,105.139,20.852,38.885
462.932,104.791,20.852,38.885
465.234,104.963,21.313,39.746
432.085,126.096,21.784,40.625
431.030,125.476,21.320,39.759
430.226,121.432,20.865,38.911
428.991,125.771,20.420,38.081
427.739,124.746,20.420,38.081
428.066,126.798,19.985,37.269
428.623,128.470,19.985,37.269
429.588,130.263,19.559,36.474
425.772,125.574,19.559,36.474
422.932,128.381,19.142,35.696
419.125,132.978,18.733,34.935
417.350,134.336,18.733,34.935
416.040,133.198,18.334,34.190
414.955,135.238,17.943,33.461
415.628,137.619,17.560,32.747
414.943,138.892,17.560,32.747
411.827,140.090,17.186,32.049
410.441,137.939,16.819,31.366
410.547,136.716,17.191,32.060
408.534,135.470,17.191,32.060
406.408,136.828,16.825,31.376
402.519,138.338,16.466,30.707
400.408,137.695,16.466,30.707
398.847,136.686,16.466,30.707
396.811,137.455,16.115,30.052
393.127,138.264,16.115,30.052
391.827,135.381,15.771,29.411
390.508,134.413,15.771,29.411
391.124,135.732,15.771,29.411
390.508,131.776,15.771,29.411
391.439,130.988,15.435,28.784
391.697,129.181,15.435,28.784
391.095,127.030,15.435,28.784
389.804,129.525,15.435,28.784
387.825,128.750,15.435,28.784
387.911,130.385,15.435,28.784
386.998,130.443,15.106,28.170
386.577,128.675,15.106,28.170
388.008,129.938,15.106,28.170
386.789,131.943,14.784,27.569
387.037,133.839,14.784,27.569
383.328,135.569,14.784,27.569
382.453,134.990,14.468,26.981
381.888,136.038,14.468,26.981
380.840,138.216,14.468,26.981
380.275,137.651,14.468,26.981
381.001,138.700,14.468,26.981
381.566,140.232,14.468,26.981
380.485,141.357,14.788,27.578
379.743,141.604,14.788,27.578
380.650,143.665,14.788,27.578
380.897,145.231,14.788,27.578
382.134,143.830,14.788,27.578
385.844,144.737,14.788,27.578
391.368,144.160,14.788,27.578
394.748,142.923,14.788,27.578
396.892,139.323,14.473,26.990
401.330,137.952,14.473,26.990
404.961,139.001,14.473,26.990
408.914,138.274,14.473,26.990
414.966,136.903,14.473,26.990
420.533,135.692,14.473,26.990
424.648,135.289,14.473,26.990
427.956,132.465,14.473,26.990
431.264,135.289,14.473,26.990
433.120,136.177,14.473,26.990
437.073,134.482,14.473,26.990
440.381,137.790,14.473,26.990
441.702,137.378,14.164,26.415
444.782,138.878,14.164,26.415
444.071,141.484,14.164,26.415
445.729,144.564,14.164,26.415
446.598,143.537,14.164,26.415
447.467,141.879,14.164,26.415
447.072,139.115,14.164,26.415
445.887,138.563,14.164,26.415
446.440,137.378,14.164,26.415
445.256,138.405,14.164,26.415
442.176,138.484,14.164,26.415
440.992,139.036,14.164,26.415
437.718,137.568,13.862,25.851
435.940,134.554,13.862,25.851
432.885,132.073,13.567,25.300
430.187,132.853,13.277,24.761
426.584,132.195,13.571,25.308
424.322,130.350,13.282,24.769
423.064,127.759,13.282,24.769
424.174,126.944,13.282,24.769
424.958,128.136,12.999,24.240
424.161,128.933,12.999,24.240
425.393,129.441,12.999,24.240
428.255,128.931,12.721,23.724
430.879,129.285,12.721,23.724
432.511,130.491,12.721,23.724
433.433,131.980,12.721,23.724
436.198,133.186,12.721,23.724
437.262,133.399,12.721,23.724
440.312,134.463,12.721,23.724
441.234,135.385,12.721,23.724
442.014,136.023,12.721,23.724
442.794,135.243,12.721,23.724
445.418,134.037,12.721,23.724
444.496,132.122,12.721,23.724
442.439,131.200,12.721,23.724
441.195,134.102,13.003,24.248
441.992,134.029,13.003,24.248
441.362,129.746,12.726,23.731
440.298,128.824,12.726,23.731
441.362,127.902,12.726,23.731
441.575,126.412,12.726,23.731
440.369,126.909,12.726,23.731
439.021,124.284,12.726,23.731
439.944,122.652,12.726,23.731
439.305,123.574,12.726,23.731
437.913,126.035,13.007,24.256
436.390,125.237,13.007,24.256
450.917,107.591,13.295,24.793
446.988,106.924,13.295,24.793
442.920,105.342,13.589,25.342
437.346,104.669,13.890,25.902
432.623,105.366,13.890,25.902
428.674,106.062,13.890,25.902
425.499,105.056,13.890,25.902
424.229,106.601,13.593,25.350
422.031,109.405,13.593,25.350
422.410,112.663,13.593,25.350
422.031,111.072,13.593,25.350
430.291,110.541,13.593,25.350
431.277,106.525,13.593,25.350
432.463,103.493,13.894,25.911
432.076,100.627,13.894,25.911
429.829,96.676,13.894,25.911
428.977,93.036,13.894,25.911
427.660,89.241,13.894,25.911
425.104,85.755,13.894,25.911
421.929,83.973,13.894,25.911
421.851,78.629,13.894,25.911
419.140,76.847,13.894,25.911
413.641,77.234,13.894,25.911
411.549,75.918,13.894,25.911
408.993,74.446,13.894,25.911
405.352,74.678,13.894,25.911
402.332,74.756,13.894,25.911
400.395,71.425,13.894,25.911
397.064,70.728,13.894,25.911
391.720,74.059,13.894,25.911
388.079,73.052,13.894,25.911
384.149,71.720,14.202,26.484
378.527,72.433,14.202,26.484
373.223,73.621,14.202,26.484
369.502,73.541,14.202,26.484
366.731,72.670,14.202,26.484
362.535,72.908,14.202,26.484
361.822,70.770,14.202,26.484
359.209,69.108,14.202,26.484
356.597,67.762,14.202,26.484
355.536,63.608,14.516,27.070
356.750,59.805,14.516,27.070
355.698,56.163,14.516,27.070
349.467,54.626,14.516,27.070
348.577,51.632,14.516,27.070
344.450,47.343,14.516,27.070
342.427,46.452,14.516,27.070
341.051,45.724,14.516,27.070
337.733,42.568,14.516,27.070
336.681,39.088,14.516,27.070
332.554,37.551,14.516,27.070
329.883,34.395,14.516,27.070
328.993,30.915,14.516,27.070
328.749,28.853,14.837,27.669
327.177,26.950,14.837,27.669
323.290,24.717,14.837,27.669
321.718,22.980,14.837,27.669
320.808,21.408,14.837,27.669
317.251,19.010,14.837,27.669
