110.000,101.000,30.000,91.000
112.074,103.074,30.000,91.000
110.461,103.305,30.000,91.000
111.152,102.613,30.000,91.000
111.060,101.846,30.664,93.013
109.498,102.528,31.342,95.071
110.221,105.177,31.342,95.071
108.535,103.973,31.342,95.071
107.245,105.219,30.674,93.044
109.106,101.011,31.352,95.102
109.829,101.252,31.352,95.102
105.733,102.456,31.352,95.102
103.084,102.215,31.352,95.102
103.986,102.413,32.046,97.207
102.755,99.212,32.046,97.207
101.524,100.935,32.046,97.207
98.816,100.197,32.046,97.207
95.598,102.420,31.363,95.134
94.393,99.769,31.363,95.134
94.152,99.528,31.363,95.134
94.875,98.323,31.363,95.134
95.598,97.600,31.363,95.134
96.321,96.396,31.363,95.134
98.007,97.600,31.363,95.134
97.766,98.805,31.363,95.134
98.007,100.010,31.363,95.134
96.321,98.805,31.363,95.134
96.562,100.492,31.363,95.134
94.341,100.345,30.694,93.105
95.350,102.474,30.039,91.119
96.043,103.167,30.039,91.119
93.966,102.013,30.039,91.119
94.658,101.320,30.039,91.119
94.889,102.013,30.039,91.119
95.120,100.397,30.039,91.119
92.581,100.166,30.039,91.119
91.051,96.524,30.704,93.135
89.872,96.760,30.704,93.135
86.333,95.581,30.704,93.135
85.625,96.288,30.704,93.135
85.389,97.468,30.704,93.135
84.682,98.648,30.704,93.135
83.030,99.827,30.704,93.135
81.851,101.007,30.704,93.135
80.199,101.714,30.704,93.135
80.907,102.422,30.704,93.135
79.256,102.186,30.704,93.135
79.964,102.422,30.704,93.135
79.728,101.714,30.704,93.135
79.492,100.063,30.704,93.135
81.143,100.771,30.704,93.135
83.266,102.422,30.704,93.135
83.366,104.552,30.049,91.149
84.059,102.012,30.049,91.149
81.981,101.320,30.049,91.149
82.367,98.156,30.714,93.166
82.131,99.336,30.714,93.166
81.423,100.043,30.714,93.166
81.659,100.751,30.714,93.166
79.063,98.628,30.714,93.166
79.771,99.336,30.714,93.166
79.535,100.043,30.714,93.166
80.715,100.279,30.714,93.166
79.063,100.987,30.714,93.166
80.243,101.223,30.714,93.166
80.479,101.931,30.714,93.166
80.243,101.223,30.714,93.166
78.119,99.099,30.714,93.166
77.883,99.807,30.714,93.166
75.288,97.684,30.714,93.166
75.996,97.920,30.714,93.166
75.760,98.628,30.714,93.166
76.468,98.863,30.714,93.166
77.176,99.099,30.714,93.166
77.412,99.807,30.714,93.166
78.119,97.684,30.714,93.166
78.355,96.976,30.714,93.166
78.119,97.684,30.714,93.166
77.883,98.392,30.714,93.166
78.119,99.099,30.714,93.166
77.412,96.976,30.714,93.166
77.176,97.684,30.714,93.166
77.412,98.863,30.714,93.166
78.119,99.099,30.714,93.166
78.355,99.807,30.714,93.166
79.535,100.043,30.714,93.166
79.771,101.223,30.714,93.166
79.063,101.459,30.714,93.166
78.355,99.335,30.714,93.166
78.119,100.043,30.714,93.166
75.524,97.919,30.714,93.166
76.232,98.627,30.714,93.166
76.468,98.863,30.714,93.166
76.704,98.627,30.714,93.166
75.996,97.919,30.714,93.166
75.760,99.099,30.714,93.166
75.996,99.807,30.714,93.166
76.232,98.627,30.714,93.166
75.996,99.335,30.714,93.166
74.816,99.099,30.714,93.166
72.692,96.976,30.714,93.166
72.928,97.683,30.714,93.166
74.108,98.391,30.714,93.166
74.344,99.099,30.714,93.166
75.052,98.391,30.714,93.166
76.232,99.099,30.714,93.166
76.468,99.335,30.714,93.166
77.648,99.571,30.714,93.166
77.412,100.279,30.714,93.166
77.648,100.987,30.714,93.166
75.052,98.863,30.714,93.166
75.288,99.571,30.714,93.166
73.636,97.919,30.714,93.166
73.872,98.155,30.714,93.166
70.804,96.504,30.714,93.166
70.568,96.268,30.714,93.166
70.804,96.504,30.714,93.166
70.096,93.908,30.714,93.166
70.332,93.672,30.714,93.166
70.568,92.964,30.714,93.166
69.860,92.728,30.714,93.166
68.680,92.020,30.714,93.166
68.444,93.200,30.714,93.166
70.568,94.380,30.714,93.166
70.804,94.144,30.714,93.166
71.512,94.380,30.714,93.166
73.636,95.088,30.714,93.166
74.646,96.308,30.059,91.179
