340.000,358.000,18.000,55.000
339.027,357.027,18.000,55.000
338.610,358.278,18.000,55.000
337.081,359.529,18.000,55.000
335.552,360.224,18.000,55.000
334.023,359.807,18.000,55.000
332.215,360.780,18.000,55.000
329.574,359.807,18.000,55.000
326.099,358.556,18.000,55.000
322.902,357.861,18.000,55.000
320.539,359.390,18.000,55.000
318.175,359.251,18.000,55.000
316.924,359.668,18.000,55.000
314.283,360.363,18.000,55.000
312.476,361.336,18.000,55.000
312.615,362.587,18.000,55.000
309.696,363.838,18.000,55.000
307.055,364.811,18.000,55.000
304.692,366.897,18.000,55.000
303.440,368.426,18.000,55.000
303.857,368.009,18.000,55.000
303.718,369.260,18.000,55.000
303.301,370.511,18.000,55.000
303.162,372.040,18.000,55.000
302.745,373.013,18.000,55.000
299.826,371.762,18.000,55.000
298.297,373.291,18.000,55.000
298.436,374.820,18.000,55.000
297.185,376.071,18.000,55.000
297.324,376.210,18.000,55.000
297.185,376.627,18.000,55.000
296.490,377.600,18.000,55.000
295.517,379.130,18.000,55.000
295.656,378.434,18.000,55.000
296.351,379.686,18.000,55.000
297.046,379.825,18.000,55.000
296.629,380.520,18.000,55.000
297.046,380.937,18.000,55.000
297.741,381.354,18.000,55.000
297.324,380.937,18.000,55.000
294.673,378.453,18.398,56.217
294.815,378.311,18.398,56.217
292.684,377.601,18.398,56.217
293.679,377.175,18.398,56.217
293.536,375.612,18.398,56.217
291.405,376.038,18.398,56.217
291.831,376.748,18.398,56.217
290.268,376.038,18.398,56.217
290.876,375.679,18.006,55.018
291.470,377.203,17.622,53.845
290.789,376.523,17.622,53.845
290.925,376.931,17.622,53.845
291.334,378.700,17.622,53.845
289.837,379.925,17.622,53.845
289.973,379.517,17.622,53.845
289.564,380.470,17.622,53.845
288.340,381.150,17.622,53.845
287.115,381.831,17.622,53.845
287.251,383.328,17.622,53.845
284.121,382.647,17.622,53.845
282.373,383.322,18.012,55.036
282.512,384.852,18.012,55.036
279.869,386.382,18.012,55.036
279.173,385.965,18.012,55.036
277.354,388.295,17.628,53.862
275.585,388.431,17.628,53.862
275.176,387.478,17.628,53.862
273.145,385.611,18.018,55.054
272.728,386.029,18.018,55.054
272.032,383.941,18.018,55.054
269.378,381.167,18.416,56.272
270.374,379.887,18.416,56.272
271.654,378.607,18.416,56.272
271.796,377.042,18.416,56.272
268.809,374.909,18.416,56.272
266.676,372.776,18.416,56.272
267.103,373.202,18.416,56.272
264.685,371.069,18.416,56.272
265.112,369.504,18.416,56.272
264.969,370.216,18.416,56.272
264.543,368.935,18.416,56.272
265.254,370.500,18.416,56.272
264.258,371.780,18.416,56.272
265.140,373.888,18.024,55.072
263.052,374.306,18.024,55.072
261.521,373.331,18.024,55.072
258.876,372.357,18.024,55.072
259.016,370.826,18.024,55.072
257.484,369.573,18.024,55.072
257.067,369.712,18.024,55.072
254.979,371.243,18.024,55.072
252.056,369.712,18.024,55.072
252.473,371.243,18.024,55.072
251.777,369.434,18.024,55.072
249.968,367.903,18.024,55.072
248.437,367.485,18.024,55.072
249.133,367.624,18.024,55.072
248.994,365.815,18.024,55.072
248.854,364.840,18.024,55.072
247.602,364.145,18.024,55.072
247.741,364.284,18.024,55.072
246.210,364.701,18.024,55.072
246.627,365.397,18.024,55.072
244.261,362.753,18.024,55.072
244.400,363.449,18.024,55.072
243.983,363.866,18.024,55.072
242.452,365.119,18.024,55.072
241.199,363.588,18.024,55.072
239.946,364.840,18.024,55.072
239.250,366.372,18.024,55.072
238.554,365.676,18.024,55.072
237.858,363.588,18.024,55.072
239.389,362.335,18.024,55.072
241.756,360.804,18.024,55.072
246.071,359.273,18.024,55.072
248.437,352.731,18.024,55.072
250.525,349.808,18.024,55.072
249.550,347.720,18.024,55.072
248.854,349.808,18.024,55.072
249.272,350.504,18.024,55.072
249.506,347.151,18.422,56.291
251.640,348.146,18.422,56.291
253.489,349.996,18.422,56.291
254.770,350.992,18.422,56.291
257.023,352.552,18.030,55.090
258.276,351.856,18.030,55.090
260.087,352.552,18.030,55.090
260.783,351.299,18.030,55.090
261.646,353.094,17.645,53.915
260.147,352.140,17.645,53.915
260.011,353.639,17.645,53.915
260.965,354.593,17.645,53.915
261.373,353.639,17.645,53.915
261.237,354.321,17.645,53.915
261.919,354.729,17.645,53.915
262.600,352.685,17.645,53.915
261.373,350.369,17.645,53.915
260.420,349.142,17.645,53.915
260.556,347.643,17.645,53.915
261.782,348.597,17.645,53.915
261.919,346.826,17.645,53.915
262.055,347.780,17.645,53.915
260.283,348.734,17.645,53.915
258.239,348.870,17.645,53.915
257.830,349.824,17.645,53.915
259.329,349.960,17.645,53.915
260.011,349.824,17.645,53.915
260.420,351.323,17.645,53.915
258.103,354.184,17.645,53.915
256.877,356.501,17.645,53.915
255.105,357.727,17.645,53.915
252.243,358.136,17.645,53.915
247.747,358.272,17.645,53.915
244.885,358.681,17.645,53.915
242.568,358.272,17.645,53.915
242.160,356.773,17.645,53.915
242.568,358.000,17.645,53.915
241.615,358.681,17.645,53.915
240.933,357.455,17.645,53.915
239.707,359.226,17.645,53.915
238.480,360.998,17.645,53.915
236.709,363.314,17.645,53.915
234.393,364.273,18.035,55.108
235.089,363.577,18.035,55.108
233.836,363.437,18.035,55.108
231.747,364.412,18.035,55.108
230.215,366.502,18.035,55.108
228.714,364.013,18.434,56.328
228.857,362.732,18.434,56.328
225.582,362.305,18.434,56.328
225.526,360.648,18.842,57.574
223.053,358.350,19.259,58.848
223.303,355.076,19.685,60.150
220.404,349.521,20.121,61.480
219.627,349.055,20.121,61.480
216.986,347.569,20.566,62.841
215.557,350.586,20.566,62.841
212.539,349.792,20.566,62.841
214.124,348.932,21.021,64.231
212.376,348.727,21.486,65.652
211.622,348.173,21.962,67.105
209.091,351.126,22.447,68.589
209.611,353.033,22.447,68.589
209.183,353.533,22.944,70.107
206.172,352.206,23.452,71.658
203.845,352.353,23.971,73.244
203.660,355.500,23.971,73.244
200.514,354.113,24.501,74.864
198.476,353.481,25.043,76.520
196.393,351.230,25.597,78.213
192.623,350.570,26.163,79.944
189.997,354.005,26.163,79.944
187.370,357.036,26.163,79.944
186.360,356.026,26.163,79.944
184.137,357.440,26.163,79.944
181.510,362.895,26.163,79.944
178.076,368.351,26.163,79.944
177.577,365.999,26.742,81.713
175.305,367.445,26.742,81.713
171.795,365.470,27.334,83.521
170.397,364.327,27.939,85.368
168.521,366.292,28.557,87.257
166.537,371.806,28.557,87.257
161.905,371.144,28.557,87.257
161.818,370.865,29.189,89.188
162.665,372.919,29.835,91.161
163.817,377.297,29.835,91.161
160.379,376.527,30.495,93.178
156.865,374.275,31.169,95.240
155.771,375.968,31.859,97.347
151.097,380.151,31.859,97.347
148.957,377.287,32.564,99.501
147.814,375.404,33.284,101.702
143.979,376.679,34.021,103.952
138.987,377.467,34.021,103.952
136.097,372.475,34.021,103.952
131.631,366.432,34.021,103.952
129.266,361.966,34.021,103.952
129.707,357.272,34.773,106.252
130.159,350.803,35.543,108.603
134.276,351.077,35.543,108.603
140.589,353.548,35.543,108.603
150.163,351.492,36.329,111.006
159.367,351.720,37.133,113.462
169.978,337.668,37.133,113.462
180.575,337.900,37.955,115.972
187.903,339.366,37.955,115.972
196.989,356.660,37.955,115.972
201.972,371.608,37.955,115.972
202.265,377.764,37.955,115.972
207.015,373.136,38.794,118.538
216.222,362.188,39.653,121.161
219.914,361.166,40.530,123.841
217.842,358.172,41.427,126.581
218.801,361.691,41.427,126.581
218.675,371.908,42.343,129.382
217.040,374.852,42.343,129.382
220.304,380.545,43.280,132.244
222.946,387.058,44.238,135.170
229.191,393.006,45.216,138.161
237.023,396.187,46.217,141.218
244.288,394.255,47.239,144.342
243.387,386.223,48.284,147.536
241.693,374.146,49.353,150.800
235.213,381.387,49.353,150.800
229.527,365.088,50.445,154.137
224.523,350.045,51.561,157.547
224.365,332.190,52.702,161.033
227.583,321.541,53.868,164.595
223.965,311.520,55.059,168.237
228.209,312.747,56.278,171.959
229.841,304.983,57.523,175.764
232.431,295.203,58.795,179.653
237.905,298.398,60.096,183.628
242.537,301.663,61.426,187.690
246.806,301.189,61.426,187.690
251.540,289.761,62.785,191.843
259.398,287.136,64.174,196.087
262.867,293.579,64.174,196.087
265.345,296.057,64.174,196.087
268.814,297.544,64.174,196.087
268.318,304.978,64.174,196.087
266.832,311.420,64.174,196.087
264.354,313.898,64.174,196.087
259.893,303.491,64.174,196.087
254.442,302.004,64.174,196.087
251.964,300.517,64.174,196.087
244.530,294.074,64.174,196.087
244.034,289.614,64.174,196.087
236.600,288.127,64.174,196.087
239.078,288.623,64.174,196.087
243.538,285.153,64.174,196.087
255.928,289.614,64.174,196.087
262.371,281.189,64.174,196.087
267.823,272.763,64.174,196.087
270.301,268.303,64.174,196.087
274.761,262.851,64.174,196.087
282.195,257.400,64.174,196.087
285.664,250.957,64.174,196.087
284.178,257.400,64.174,196.087
283.682,264.834,64.174,196.087
288.142,268.303,64.174,196.087
293.594,268.799,64.174,196.087
296.072,273.259,64.174,196.087
297.559,279.702,64.174,196.087
294.090,274.250,64.174,196.087
298.550,269.790,64.174,196.087
299.046,268.303,64.174,196.087
291.612,270.781,64.174,196.087
282.195,269.294,64.174,196.087
279.717,273.755,64.174,196.087
272.283,272.268,64.174,196.087
272.779,266.816,64.174,196.087
265.345,261.365,64.174,196.087
265.840,265.825,64.174,196.087
255.433,263.347,64.174,196.087
250.972,269.790,64.174,196.087
249.486,266.321,64.174,196.087
247.999,270.781,64.174,196.087
244.530,276.233,64.174,196.087
246.016,272.763,64.174,196.087
247.503,276.233,64.174,196.087
241.060,275.737,64.174,196.087
242.547,276.233,64.174,196.087
239.078,269.790,64.174,196.087
235.609,262.356,64.174,196.087
229.166,257.895,64.174,196.087
235.609,259.382,64.174,196.087
241.060,263.843,64.174,196.087
250.477,268.303,64.174,196.087
255.928,273.755,64.174,196.087
261.380,278.215,64.174,196.087
265.840,284.658,64.174,196.087
273.274,303.986,64.174,196.087
278.726,321.332,64.174,196.087
282.195,327.775,64.174,196.087
286.656,331.244,64.174,196.087
288.142,335.705,64.174,196.087
289.629,339.174,64.174,196.087
291.116,339.670,64.174,196.087
295.577,342.148,64.174,196.087
295.783,345.672,62.806,191.906
296.268,346.157,62.806,191.906
297.723,352.462,62.806,191.906
298.208,358.767,62.806,191.906
293.843,367.013,62.806,191.906
289.478,372.348,62.806,191.906
285.112,375.744,62.806,191.906
283.657,379.139,62.806,191.906
281.232,378.654,62.806,191.906
277.837,387.869,62.806,191.906
269.591,397.085,62.806,191.906
269.106,394.660,62.806,191.906
270.561,391.265,62.806,191.906
272.017,393.690,62.806,191.906
267.651,388.354,62.806,191.906
266.196,378.169,62.806,191.906
265.711,367.983,62.806,191.906
264.256,360.708,62.806,191.906
268.621,352.462,62.806,191.906
268.136,346.157,62.806,191.906
270.561,338.881,62.806,191.906
272.987,342.276,62.806,191.906
271.531,345.672,62.806,191.906
270.333,353.110,64.195,196.152
269.109,354.540,65.615,200.492
268.602,350.993,65.615,200.492
269.454,355.610,67.067,204.927
263.875,358.179,68.551,209.461
258.052,361.885,68.551,209.461
252.228,369.826,68.551,209.461
246.405,377.767,68.551,209.461
251.170,378.296,68.551,209.461
252.758,382.002,68.551,209.461
252.228,376.179,68.551,209.461
253.470,372.799,67.089,204.995
252.952,379.535,67.089,204.995
252.433,392.488,67.089,204.995
255.024,403.368,67.089,204.995
262.231,400.060,65.658,200.623
264.767,370.144,65.658,200.623
267.302,360.509,65.658,200.623
275.922,354.932,65.658,200.623
285.556,350.368,65.658,200.623
298.233,341.748,65.658,200.623
308.881,344.283,65.658,200.623
317.890,343.001,64.258,196.345
331.289,345.483,64.258,196.345
344.687,336.054,64.258,196.345
361.157,338.626,62.888,192.158
379.148,350.505,61.547,188.060
391.030,354.783,61.547,188.060
399.111,349.554,61.547,188.060
414.796,343.375,61.547,188.060
429.531,337.196,61.547,188.060
435.710,332.919,61.547,188.060
439.037,336.246,61.547,188.060
442.364,339.573,61.547,188.060
445.691,344.801,61.547,188.060
445.216,346.227,61.547,188.060
446.330,349.607,60.234,184.049
446.524,353.811,58.950,180.124
443.337,351.535,58.950,180.124
437.419,349.259,58.950,180.124
431.501,351.535,58.950,180.124
421.940,351.990,58.950,180.124
401.454,357.908,58.950,180.124
384.610,361.095,58.950,180.124
371.407,359.729,58.950,180.124
359.115,362.006,58.950,180.124
346.823,364.282,58.950,180.124
337.263,364.737,58.950,180.124
326.792,367.924,58.950,180.124
318.142,372.932,58.950,180.124
314.955,369.745,58.950,180.124
309.037,370.200,58.950,180.124
302.208,373.387,58.950,180.124
296.290,372.021,58.950,180.124
293.103,371.566,58.950,180.124
285.364,367.469,58.950,180.124
278.535,370.656,58.950,180.124
275.348,373.842,58.950,180.124
277.625,377.029,58.950,180.124
272.617,377.484,58.950,180.124
274.893,376.119,58.950,180.124
273.527,380.216,58.950,180.124
272.161,382.492,58.950,180.124
275.348,383.858,58.950,180.124
275.804,387.045,58.950,180.124
277.169,382.037,58.950,180.124
278.535,386.134,58.950,180.124
280.811,388.411,58.950,180.124
283.088,382.492,58.950,180.124
284.453,376.574,58.950,180.124
282.177,374.298,58.950,180.124
283.543,377.485,58.950,180.124
280.356,368.835,58.950,180.124
277.342,359.757,60.254,184.110
278.738,356.500,60.254,184.110
277.138,355.323,58.969,180.184
272.129,356.690,58.969,180.184
268.941,359.877,58.969,180.184
263.931,363.065,58.969,180.184
263.476,355.323,58.969,180.184
263.296,358.527,60.274,184.170
261.900,364.579,60.274,184.170
261.434,372.492,60.274,184.170
260.038,380.405,60.274,184.170
256.779,377.147,60.274,184.170
256.314,372.957,60.274,184.170
255.848,377.147,60.274,184.170
255.383,369.233,60.274,184.170
256.779,360.389,60.274,184.170
258.176,352.476,60.274,184.170
256.779,354.804,60.274,184.170
254.452,350.614,60.274,184.170
253.056,347.356,60.274,184.170
250.728,350.614,60.274,184.170
246.681,350.026,61.607,188.245
240.496,347.647,61.607,188.245
232.407,349.074,61.607,188.245
231.932,350.501,61.607,188.245
227.650,345.268,61.607,188.245
224.319,333.373,61.607,188.245
224.795,322.430,61.607,188.245
229.077,310.536,61.607,188.245
238.117,299.593,61.607,188.245
248.108,287.699,61.607,188.245
256.196,268.192,61.607,188.245
269.994,254.394,61.607,188.245
283.792,242.500,61.607,188.245
290.928,242.024,61.607,188.245
294.259,247.257,61.607,188.245
297.589,251.539,61.607,188.245
299.016,255.821,61.607,188.245
301.966,263.790,60.294,184.230
298.707,264.256,60.294,184.230
297.310,274.034,60.294,184.230
295.709,291.707,59.008,180.302
292.519,294.897,59.008,180.302
292.063,288.972,59.008,180.302
293.430,291.251,59.008,180.302
296.620,292.618,59.008,180.302
299.810,285.782,59.008,180.302
303.000,282.593,59.008,180.302
304.367,281.225,59.008,180.302
307.557,282.593,59.008,180.302
305.279,281.225,59.008,180.302
310.291,283.504,59.008,180.302
313.481,287.605,59.008,180.302
322.140,284.415,59.008,180.302
333.532,282.137,59.008,180.302
342.190,280.770,59.008,180.302
350.849,282.137,59.008,180.302
356.773,283.504,59.008,180.302
360.874,285.782,59.008,180.302
366.798,282.593,59.008,180.302
371.811,285.782,59.008,180.302
378.647,293.529,59.008,180.302
376.368,297.631,59.008,180.302
369.533,300.821,59.008,180.302
366.343,304.922,59.008,180.302
369.533,303.555,59.008,180.302
374.545,307.656,59.008,180.302
380.469,315.403,59.008,180.302
390.951,318.593,59.008,180.302
395.052,316.315,59.008,180.302
398.242,319.504,59.008,180.302
402.343,325.429,59.008,180.302
407.356,328.618,59.008,180.302
409.634,323.606,59.008,180.302
406.445,319.504,59.008,180.302
395.963,319.049,59.008,180.302
372.723,319.504,59.008,180.302
356.773,326.340,59.008,180.302
342.646,332.264,59.008,180.302
317.582,325.429,59.008,180.302
306.190,319.504,59.008,180.302
292.974,321.783,59.008,180.302
277.936,330.441,59.008,180.302
267.455,335.454,59.008,180.302
261.531,341.378,59.008,180.302
254.695,342.745,59.008,180.302
256.063,351.404,59.008,180.302
248.316,355.505,59.008,180.302
251.505,362.340,59.008,180.302
254.695,365.530,59.008,180.302
253.328,362.340,59.008,180.302
262.898,355.505,59.008,180.302
266.999,335.910,59.008,180.302
261.075,322.694,59.008,180.302
251.505,318.593,59.008,180.302
231.910,312.669,59.008,180.302
214.138,312.213,59.008,180.302
212.771,306.289,59.008,180.302
211.404,295.808,59.008,180.302
217.328,288.061,59.008,180.302
222.340,284.871,59.008,180.302
227.353,279.858,59.008,180.302
237.834,273.934,59.008,180.302
253.784,266.187,59.008,180.302
266.088,258.440,59.008,180.302
274.746,253.428,59.008,180.302
284.316,254.795,59.008,180.302
299.354,258.896,59.008,180.302
305.278,261.174,59.008,180.302
310.291,264.364,59.008,180.302
316.215,273.023,59.008,180.302
313.025,280.770,59.008,180.302
310.747,288.517,59.008,180.302
313.937,294.441,59.008,180.302
310.747,291.251,59.008,180.302
307.557,294.441,59.008,180.302
311.658,296.719,59.008,180.302
317.582,288.061,59.008,180.302
324.418,278.491,59.008,180.302
330.342,281.681,59.008,180.302
339.912,287.605,59.008,180.302
357.684,283.504,59.008,180.302
364.520,285.782,59.008,180.302
371.355,290.795,59.008,180.302
382.748,283.960,59.008,180.302
399.609,275.301,59.008,180.302
420.116,272.111,59.008,180.302
427.863,266.187,59.008,180.302
425.584,266.643,59.008,180.302
431.508,264.364,59.008,180.302
429.230,271.200,59.008,180.302
433.331,273.478,59.008,180.302
431.964,277.580,59.008,180.302
434.789,278.184,57.750,176.457
434.343,285.766,57.750,176.457
432.113,295.132,57.750,176.457
428.100,296.470,57.750,176.457
424.086,304.052,57.750,176.457
411.152,306.282,57.750,176.457
398.219,313.863,57.750,176.457
379.933,322.337,57.750,176.457
366.108,326.351,57.750,176.457
357.634,330.365,57.750,176.457
350.944,333.487,57.750,176.457
341.578,331.257,57.750,176.457
332.213,328.135,57.750,176.457
323.739,332.149,57.750,176.457
317.047,336.179,56.518,172.694
312.246,339.235,56.518,172.694
307.445,343.163,56.518,172.694
307.881,346.218,56.518,172.694
304.826,343.163,56.518,172.694
300.897,334.870,56.518,172.694
298.715,330.069,56.518,172.694
304.389,327.014,56.518,172.694
303.080,323.085,56.518,172.694
307.008,317.411,56.518,172.694
301.334,314.356,56.518,172.694
295.660,315.665,56.518,172.694
290.859,317.848,56.518,172.694
283.439,313.919,56.518,172.694
277.764,309.991,56.518,172.694
268.598,310.427,56.518,172.694
255.068,314.356,56.518,172.694
245.153,317.459,55.313,169.011
234.474,316.178,55.313,169.011
223.123,310.980,54.133,165.407
213.627,307.506,52.979,161.879
201.762,312.825,52.979,161.879
187.736,308.635,51.849,158.427
177.725,312.239,51.849,158.427
171.719,307.835,51.849,158.427
158.505,315.443,51.849,158.427
152.499,311.839,51.849,158.427
144.891,317.845,51.849,158.427
135.681,315.042,51.849,158.427
128.074,310.638,51.849,158.427
119.665,306.233,51.849,158.427
110.455,309.837,51.849,158.427
106.051,305.432,51.849,158.427
101.646,300.227,51.849,158.427
95.640,298.225,51.849,158.427
95.239,301.028,51.849,158.427
94.038,303.030,51.849,158.427
95.239,307.434,51.849,158.427
94.038,308.635,51.849,158.427
97.642,313.040,51.849,158.427
100.445,315.843,51.849,158.427
107.252,317.845,51.849,158.427
114.059,320.648,51.849,158.427
120.065,318.646,51.849,158.427
127.673,315.843,51.849,158.427
133.679,318.646,51.849,158.427
139.686,315.843,51.849,158.427
146.493,313.841,51.849,158.427
152.499,315.843,51.849,158.427
157.704,316.243,51.849,158.427
162.109,314.241,51.849,158.427
162.509,312.239,51.849,158.427
163.711,307.835,51.849,158.427
163.310,304.231,51.849,158.427
165.312,304.631,51.849,158.427
166.514,299.426,51.849,158.427
170.117,301.428,51.849,158.427
172.920,298.625,51.849,158.427
176.524,303.030,51.849,158.427
176.924,307.434,51.849,158.427
175.723,307.034,51.849,158.427
176.924,308.235,51.849,158.427
177.325,311.839,51.849,158.427
179.327,309.837,51.849,158.427
182.931,308.635,51.849,158.427
188.937,311.438,51.849,158.427
194.943,314.241,51.849,158.427
199.348,317.044,51.849,158.427
203.752,314.241,51.849,158.427
207.356,314.642,51.849,158.427
206.956,319.847,51.849,158.427
203.352,322.650,51.849,158.427
206.155,324.652,51.849,158.427
208.958,322.650,51.849,158.427
211.761,326.254,51.849,158.427
211.360,330.658,51.849,158.427
210.159,328.656,51.849,158.427
212.962,332.260,51.849,158.427
214.964,339.067,51.849,158.427
217.767,341.069,51.849,158.427
218.968,335.063,51.849,158.427
221.771,329.057,51.849,158.427
223.773,329.457,51.849,158.427
226.576,326.654,51.849,158.427
229.379,318.246,51.849,158.427
232.182,311.438,51.849,158.427
235.786,307.835,51.849,158.427
239.389,308.235,51.849,158.427
240.591,314.241,51.849,158.427
242.593,311.438,51.849,158.427
243.794,307.835,51.849,158.427
243.394,312.239,51.849,158.427
243.794,315.042,51.849,158.427
241.792,315.443,51.849,158.427
239.790,310.237,51.849,158.427
240.190,309.036,51.849,158.427
237.387,311.839,51.849,158.427
236.186,305.833,51.849,158.427
235.786,299.025,51.849,158.427
232.182,302.629,51.849,158.427
230.981,304.631,51.849,158.427
233.784,300.227,51.849,158.427
233.383,301.428,51.849,158.427
237.788,300.227,51.849,158.427
245.396,303.830,51.849,158.427
252.203,306.633,51.849,158.427
257.408,313.440,51.849,158.427
265.016,313.841,51.849,158.427
274.226,310.237,51.849,158.427
288.240,306.633,51.849,158.427
297.450,303.830,51.849,158.427
306.660,301.028,51.849,158.427
311.865,295.822,51.849,158.427
317.871,289.015,51.849,158.427
322.276,291.017,51.849,158.427
321.875,293.820,51.849,158.427
322.276,289.415,51.849,158.427
322.676,288.214,51.849,158.427
323.877,286.212,51.849,158.427
321.075,289.816,51.849,158.427
315.869,290.216,51.849,158.427
309.863,288.214,51.849,158.427
305.458,288.615,51.849,158.427
299.452,286.613,51.849,158.427
293.446,279.005,51.849,158.427
287.440,272.998,51.849,158.427
279.832,278.204,51.849,158.427
272.224,283.409,51.849,158.427
267.819,275.000,51.849,158.427
269.020,273.799,51.849,158.427
263.784,280.506,50.743,155.049
265.743,277.763,50.743,155.049
263.784,282.073,50.743,155.049
264.960,287.168,50.743,155.049
270.054,289.911,50.743,155.049
266.527,287.168,50.743,155.049
263.000,292.262,50.743,155.049
261.825,299.708,50.743,155.049
260.044,304.091,51.866,158.479
259.643,311.702,51.866,158.479
260.845,316.909,51.866,158.479
258.041,322.116,51.866,158.479
254.436,326.522,51.866,158.479
257.240,319.713,51.866,158.479
254.436,315.307,51.866,158.479
253.234,314.906,51.866,158.479
253.635,307.296,51.866,158.479
256.890,303.194,50.760,155.100
258.066,299.666,50.760,155.100
259.242,292.218,50.760,155.100
257.461,284.402,51.883,158.531
263.035,284.934,50.777,155.150
259.418,287.722,49.694,151.842
264.407,289.641,49.694,151.842
267.861,284.652,49.694,151.842
269.013,281.198,49.694,151.842
266.326,286.954,49.694,151.842
262.105,293.478,49.694,151.842
263.005,293.248,48.634,148.604
267.136,286.863,48.634,148.604
269.765,278.224,48.634,148.604
270.892,272.590,48.634,148.604
272.770,276.722,48.634,148.604
273.145,273.342,48.634,148.604
275.023,272.215,48.634,148.604
279.155,268.835,48.634,148.604
281.033,268.459,48.634,148.604
285.915,271.088,48.634,148.604
290.798,273.717,48.634,148.604
289.671,275.595,48.634,148.604
294.554,275.220,48.634,148.604
285.164,269.586,48.634,148.604
268.263,271.464,48.634,148.604
256.111,285.719,47.597,145.435
246.186,293.438,47.597,145.435
240.671,293.926,46.582,142.333
228.080,292.846,46.582,142.333
215.489,291.048,46.582,142.333
203.618,287.091,46.582,142.333
198.997,291.115,47.612,145.482
194.217,293.688,47.612,145.482
181.347,292.585,47.612,145.482
169.949,292.218,47.612,145.482
165.168,296.998,47.612,145.482
149.019,291.815,46.597,142.380
141.462,284.258,46.597,142.380
144.387,279.186,45.603,139.344
147.928,278.975,44.631,136.372
149.651,273.805,44.631,136.372
151.788,278.913,43.679,133.464
154.150,282.624,43.679,133.464
155.162,278.913,43.679,133.464
157.903,277.410,42.748,130.618
161.535,281.702,42.748,130.618
159.224,276.089,42.748,130.618
162.195,272.458,42.748,130.618
163.185,274.769,42.748,130.618
166.817,279.061,42.748,130.618
164.506,274.769,42.748,130.618
167.801,277.091,43.693,133.508
164.089,270.005,43.693,133.508
166.451,273.717,43.693,133.508
161.389,275.404,43.693,133.508
154.978,277.766,43.693,133.508
159.365,282.153,43.693,133.508
163.751,287.889,43.693,133.508
167.119,290.964,44.660,136.462
164.836,294.821,45.648,139.481
167.303,302.225,45.648,139.481
162.015,308.218,45.648,139.481
166.265,312.161,46.658,142.567
161.637,312.453,47.691,145.721
166.425,315.768,47.691,145.721
169.740,315.399,47.691,145.721
164.215,317.241,47.691,145.721
167.530,313.926,47.691,145.721
173.054,312.085,47.691,145.721
177.842,308.033,47.691,145.721
172.318,301.772,47.691,145.721
188.891,300.667,47.691,145.721
194.416,297.352,47.691,145.721
188.155,291.828,47.691,145.721
191.469,289.250,47.691,145.721
197.303,293.998,46.674,142.614
203.430,287.871,46.674,142.614
195.861,281.022,46.674,142.614
197.663,276.337,46.674,142.614
201.982,273.341,45.678,139.572
