198.000,249.000,95.000,325.000
195.614,241.843,95.000,325.000
194.819,244.229,95.000,325.000
195.614,245.024,95.000,325.000
196.410,245.819,95.000,325.000
198.795,248.205,95.000,325.000
199.590,250.590,95.000,325.000
203.566,251.385,95.000,325.000
207.542,252.181,95.000,325.000
209.928,248.205,95.000,325.000
210.723,249.000,95.000,325.000
216.289,245.024,95.000,325.000
218.675,249.000,95.000,325.000
217.879,251.385,95.000,325.000
221.855,253.771,95.000,325.000
221.060,254.566,95.000,325.000
225.036,249.000,95.000,325.000
230.602,246.614,95.000,325.000
232.988,242.639,95.000,325.000
230.602,238.663,95.000,325.000
226.626,233.096,95.000,325.000
221.060,227.530,95.000,325.000
225.036,225.145,95.000,325.000
217.879,224.349,95.000,325.000
211.054,224.879,97.102,332.191
205.763,220.361,99.250,339.540
211.578,211.223,99.250,339.540
204.447,210.052,101.446,347.053
213.788,205.807,101.446,347.053
216.335,213.449,101.446,347.053
217.184,222.789,101.446,347.053
212.938,230.431,101.446,347.053
210.935,234.521,103.691,354.731
213.539,231.917,103.691,354.731
207.890,237.898,105.985,362.580
207.637,244.011,108.330,370.602
201.735,233.326,110.727,378.801
202.662,226.839,110.727,378.801
201.735,218.497,110.727,378.801
202.662,215.717,110.727,378.801
199.882,209.229,110.727,378.801
202.662,208.302,110.727,378.801
198.028,196.254,110.727,378.801
200.808,189.766,110.727,378.801
205.443,183.279,110.727,378.801
211.930,191.620,110.727,378.801
218.418,186.986,110.727,378.801
219.345,178.644,110.727,378.801
225.832,185.132,110.727,378.801
230.466,191.620,110.727,378.801
229.540,196.254,110.727,378.801
228.613,195.327,110.727,378.801
225.832,192.547,110.727,378.801
228.613,189.766,110.727,378.801
236.954,190.693,110.727,378.801
237.881,191.620,110.727,378.801
236.954,188.839,110.727,378.801
236.027,197.181,110.727,378.801
236.954,198.108,110.727,378.801
224.906,189.766,110.727,378.801
209.150,177.718,110.727,378.801
195.248,161.962,110.727,378.801
186.906,146.206,110.727,378.801
180.419,134.158,110.727,378.801
177.638,129.523,110.727,378.801
182.272,141.572,110.727,378.801
181.345,144.352,110.727,378.801
185.979,148.986,110.727,378.801
190.614,149.913,110.727,378.801
197.101,154.547,110.727,378.801
201.735,159.181,110.727,378.801
210.077,156.401,110.727,378.801
218.418,155.474,110.727,378.801
221.198,161.962,110.727,378.801
223.979,179.571,110.727,378.801
221.198,193.473,110.727,378.801
218.418,192.547,110.727,378.801
215.637,186.059,110.727,378.801
212.857,179.571,110.727,378.801
210.077,169.376,110.727,378.801
211.003,159.181,110.727,378.801
213.784,150.840,110.727,378.801
214.711,146.206,110.727,378.801
217.491,143.426,110.727,378.801
220.271,146.206,110.727,378.801
228.613,152.694,110.727,378.801
236.954,162.889,110.727,378.801
245.295,174.937,110.727,378.801
259.198,185.132,110.727,378.801
271.246,187.913,110.727,378.801
288.856,190.693,110.727,378.801
310.172,187.913,110.727,378.801
327.782,186.986,110.727,378.801
343.537,186.059,110.727,378.801
359.293,183.278,110.727,378.801
365.781,178.644,110.727,378.801
359.293,168.450,110.727,378.801
358.366,160.108,110.727,378.801
366.708,151.767,110.727,378.801
360.220,145.279,110.727,378.801
368.561,148.060,110.727,378.801
376.903,145.279,110.727,378.801
370.415,142.499,110.727,378.801
376.903,141.572,110.727,378.801
383.390,149.913,110.727,378.801
388.024,154.547,110.727,378.801
390.805,161.035,110.727,378.801
391.732,165.669,110.727,378.801
394.512,170.303,110.727,378.801
397.292,178.644,110.727,378.801
394.512,179.571,110.727,378.801
391.732,180.498,110.727,378.801
387.098,181.425,110.727,378.801
382.463,187.913,110.727,378.801
381.537,198.107,110.727,378.801
378.756,195.327,110.727,378.801
374.122,183.279,110.727,378.801
371.342,169.376,110.727,378.801
366.708,162.889,110.727,378.801
362.074,167.523,110.727,378.801
353.732,174.010,110.727,378.801
347.245,184.205,110.727,378.801
338.903,196.254,110.727,378.801
328.708,202.742,110.727,378.801
318.514,205.522,110.727,378.801
310.172,212.010,110.727,378.801
305.538,220.351,110.727,378.801
302.758,224.985,110.727,378.801
303.685,229.619,110.727,378.801
295.343,236.107,110.727,378.801
301.831,237.034,110.727,378.801
295.343,234.253,110.727,378.801
303.685,229.619,110.727,378.801
306.465,224.985,110.727,378.801
299.977,220.351,110.727,378.801
299.714,211.353,113.176,387.182
304.451,204.721,113.176,387.182
297.819,194.301,113.176,387.182
298.767,183.880,113.176,387.182
295.925,175.355,113.176,387.182
296.872,166.829,113.176,387.182
297.819,158.303,113.176,387.182
300.661,153.566,113.176,387.182
303.503,154.514,113.176,387.182
308.240,157.356,113.176,387.182
311.902,161.918,115.680,395.749
310.934,166.759,115.680,395.749
313.839,167.728,115.680,395.749
314.807,168.696,115.680,395.749
319.648,171.601,115.680,395.749
322.553,176.442,115.680,395.749
321.585,179.347,115.680,395.749
322.553,182.252,115.680,395.749
319.648,181.283,115.680,395.749
320.616,180.315,115.680,395.749
315.775,171.601,115.680,395.749
310.934,166.759,115.680,395.749
311.902,158.045,115.680,395.749
303.187,149.330,115.680,395.749
297.888,147.017,113.213,387.309
300.731,138.489,113.213,387.309
299.198,149.012,110.799,379.050
297.698,153.947,108.436,370.966
294.975,147.594,108.436,370.966
294.067,152.132,108.436,370.966
294.348,151.713,106.124,363.055
292.911,163.290,103.861,355.313
296.533,174.620,101.646,347.736
298.436,185.708,99.478,340.320
295.938,194.868,99.478,340.320
296.771,202.361,99.478,340.320
297.604,203.194,99.478,340.320
296.771,207.357,99.478,340.320
297.604,208.190,99.478,340.320
298.437,215.684,99.478,340.320
303.510,221.720,97.357,333.063
302.192,221.345,95.281,325.960
309.369,222.142,95.281,325.960
314.229,227.924,93.249,319.009
318.985,227.564,91.260,312.206
322.167,225.739,89.314,305.548
323.840,221.071,87.409,299.032
326.887,216.502,85.545,292.655
329.035,211.490,85.545,292.655
329.751,207.909,85.545,292.655
332.734,207.579,83.721,286.414
337.004,207.256,81.936,280.307
338.538,208.262,80.188,274.329
341.894,208.933,80.188,274.329
346.593,212.289,80.188,274.329
341.894,218.330,80.188,274.329
346.593,221.686,80.188,274.329
343.237,227.726,80.188,274.329
343.908,231.082,80.188,274.329
339.210,234.438,80.188,274.329
335.854,237.794,80.188,274.329
336.525,241.150,80.188,274.329
331.826,245.849,80.188,274.329
328.470,250.547,80.188,274.329
326.457,253.903,80.188,274.329
322.783,249.712,78.478,268.479
318.185,252.996,78.478,268.479
314.590,246.362,76.805,262.753
312.311,237.390,75.167,257.150
310.423,226.694,75.167,257.150
308.192,222.766,73.564,251.666
306.345,225.844,73.564,251.666
306.536,224.373,71.995,246.299
313.165,224.976,71.995,246.299
312.562,227.989,71.995,246.299
315.072,232.358,70.460,241.047
320.380,234.127,70.460,241.047
324.509,238.256,70.460,241.047
326.278,241.204,70.460,241.047
325.688,239.435,70.460,241.047
332.176,242.384,70.460,241.047
330.406,247.692,70.460,241.047
335.714,251.820,70.460,241.047
338.663,258.308,70.460,241.047
338.073,262.436,70.460,241.047
342.202,259.487,70.460,241.047
339.253,260.077,70.460,241.047
344.561,255.949,70.460,241.047
342.792,257.718,70.460,241.047
344.561,252.410,70.460,241.047
340.433,244.743,70.460,241.047
344.561,238.256,70.460,241.047
348.689,236.486,70.460,241.047
353.997,235.897,70.460,241.047
358.126,231.768,70.460,241.047
359.895,225.281,70.460,241.047
361.664,216.434,70.460,241.047
365.793,215.844,70.460,241.047
368.741,219.973,70.460,241.047
371.021,221.589,72.019,246.380
374.036,223.398,72.019,246.380
375.844,224.001,72.019,246.380
378.355,222.561,70.483,241.126
375.126,226.837,68.980,235.984
379.168,229.724,68.980,235.984
377.121,233.910,67.509,230.952
375.117,240.185,66.069,226.026
373.157,239.930,64.660,221.206
369.151,239.680,63.281,216.489
364.210,240.457,61.932,211.872
357.471,240.976,61.932,211.872
351.769,240.457,61.932,211.872
345.030,237.865,61.932,211.872
336.217,233.200,61.932,211.872
327.404,228.534,61.932,211.872
324.812,221.795,61.932,211.872
322.220,217.130,61.932,211.872
320.665,215.574,61.932,211.872
325.331,222.314,61.932,211.872
322.739,220.758,61.932,211.872
320.147,217.130,61.932,211.872
323.776,213.501,61.932,211.872
329.478,210.909,61.932,211.872
335.180,213.501,61.932,211.872
338.809,217.130,61.932,211.872
345.548,221.795,61.932,211.872
349.177,229.571,61.932,211.872
354.879,236.310,61.932,211.872
357.471,239.939,61.932,211.872
362.136,244.604,61.932,211.872
367.839,249.270,61.932,211.872
372.504,254.972,61.932,211.872
376.133,259.637,61.932,211.872
376.651,263.266,61.932,211.872
381.317,266.895,61.932,211.872
384.945,269.487,61.932,211.872
378.206,265.858,61.932,211.872
379.762,262.229,61.932,211.872
377.170,259.637,61.932,211.872
381.835,262.229,61.932,211.872
376.133,257.564,61.932,211.872
379.762,260.156,61.932,211.872
374.059,258.601,61.932,211.872
375.615,259.119,61.932,211.872
373.023,259.637,61.932,211.872
374.578,261.193,61.932,211.872
369.912,257.564,61.932,211.872
368.357,259.119,61.932,211.872
362.655,256.527,61.932,211.872
357.989,257.046,61.932,211.872
354.361,256.527,61.932,211.872
349.695,253.935,61.932,211.872
343.993,255.490,61.932,211.872
338.291,253.935,61.932,211.872
331.552,256.527,61.932,211.872
323.776,254.972,61.932,211.872
314.963,252.380,61.932,211.872
308.224,249.788,61.932,211.872
299.472,251.209,63.302,216.560
291.625,247.164,64.703,221.351
283.501,247.706,64.703,221.351
275.481,244.695,66.134,226.249
267.177,248.570,66.134,226.249
258.874,250.231,66.134,226.249
251.678,251.891,66.134,226.249
244.481,254.659,66.134,226.249
238.392,258.534,66.134,226.249
231.196,264.623,66.134,226.249
224.000,267.391,66.134,226.249
215.696,262.409,66.134,226.249
209.607,255.213,66.134,226.249
202.558,250.987,67.598,231.255
197.466,252.684,67.598,231.255
193.505,248.724,67.598,231.255
188.413,249.290,67.598,231.255
185.584,245.329,67.598,231.255
187.771,248.054,69.093,236.371
189.506,242.849,69.093,236.371
191.241,245.741,69.093,236.371
188.677,234.125,70.622,241.601
196.361,235.899,70.622,241.601
204.046,238.854,70.622,241.601
212.464,239.248,72.184,246.946
219.110,239.852,72.184,246.946
228.173,242.873,72.184,246.946
236.028,243.478,72.184,246.946
240.871,241.373,73.781,252.410
249.666,236.658,75.414,257.994
257.345,234.459,77.082,263.703
264.442,235.104,77.082,263.703
263.797,237.040,77.082,263.703
264.442,241.556,77.082,263.703
270.249,246.073,77.082,263.703
269.604,249.299,77.082,263.703
275.411,243.492,77.082,263.703
271.211,234.550,78.788,269.537
278.465,237.847,78.788,269.537
281.763,234.550,78.788,269.537
281.575,229.516,80.531,275.501
283.597,230.190,80.531,275.501
281.575,232.212,80.531,275.501
282.249,227.493,80.531,275.501
281.575,232.212,80.531,275.501
281.384,227.066,82.313,281.596
276.899,218.947,84.134,287.826
273.378,214.018,84.134,287.826
276.100,214.487,85.995,294.194
268.182,210.888,85.995,294.194
261.704,214.487,85.995,294.194
263.864,222.405,85.995,294.194
264.583,236.081,85.995,294.194
269.622,243.999,85.995,294.194
270.342,247.598,85.995,294.194
274.618,242.103,87.898,300.704
282.711,247.253,87.898,300.704
287.861,245.046,87.898,300.704
293.011,244.310,87.898,300.704
298.162,239.160,87.898,300.704
304.783,235.481,87.898,300.704
311.405,234.746,87.898,300.704
319.498,241.367,87.898,300.704
330.534,240.631,87.898,300.704
338.627,245.782,87.898,300.704
348.191,243.574,87.898,300.704
356.284,241.367,87.898,300.704
365.849,237.689,87.898,300.704
375.413,234.010,87.898,300.704
382.035,227.388,87.898,300.704
379.827,219.295,87.898,300.704
375.801,216.119,86.024,294.291
370.760,212.519,86.024,294.291
362.840,208.919,86.024,294.291
357.800,202.439,86.024,294.291
360.799,197.942,84.189,288.015
354.457,195.828,84.189,288.015
347.883,192.786,82.394,281.873
341.676,187.959,82.394,281.873
338.228,187.269,82.394,281.873
330.642,190.717,82.394,281.873
321.676,199.683,82.394,281.873
312.711,208.649,82.394,281.873
303.745,214.855,82.394,281.873
293.400,211.407,82.394,281.873
278.990,219.066,80.637,275.862
270.091,217.453,78.917,269.979
256.220,222.077,78.917,269.979
244.964,219.226,77.234,264.222
231.388,223.751,77.234,264.222
222.865,218.468,75.587,258.587
212.110,219.101,75.587,258.587
203.885,209.611,75.587,258.587
196.763,208.099,73.975,253.073
191.191,208.718,73.975,253.073
185.618,213.053,73.975,253.073
183.423,217.541,72.398,247.676
181.274,217.262,70.854,242.394
175.742,223.848,69.343,237.225
169.357,225.589,69.343,237.225
164.133,227.330,69.343,237.225
157.749,227.911,69.343,237.225
157.168,229.652,69.343,237.225
154.266,233.715,69.343,237.225
158.329,235.456,69.343,237.225
162.392,239.519,69.343,237.225
166.455,247.065,69.343,237.225
171.679,253.449,69.343,237.225
171.098,259.834,69.343,237.225
172.840,258.092,69.343,237.225
173.420,256.351,69.343,237.225
175.161,251.127,69.343,237.225
174.581,243.582,69.343,237.225
180.965,240.680,69.343,237.225
180.385,240.100,69.343,237.225
185.609,233.715,69.343,237.225
189.672,227.330,69.343,237.225
187.930,216.302,69.343,237.225
190.832,205.275,69.343,237.225
193.735,198.890,69.343,237.225
197.797,200.631,69.343,237.225
199.539,203.533,69.343,237.225
196.637,208.757,69.343,237.225
198.378,215.142,69.343,237.225
195.476,219.205,69.343,237.225
194.895,222.107,69.343,237.225
196.637,220.365,69.343,237.225
194.895,224.428,69.343,237.225
191.993,226.170,69.343,237.225
192.574,226.750,69.343,237.225
188.511,229.652,69.343,237.225
184.448,226.750,69.343,237.225
182.707,227.330,69.343,237.225
177.483,223.267,69.343,237.225
173.420,218.044,69.343,237.225
168.196,210.498,69.343,237.225
166.455,202.953,69.343,237.225
168.196,198.890,69.343,237.225
167.616,200.631,69.343,237.225
165.875,196.568,69.343,237.225
164.133,190.184,69.343,237.225
165.875,187.282,69.343,237.225
167.616,193.666,69.343,237.225
170.518,201.212,69.343,237.225
168.777,207.596,69.343,237.225
170.518,213.981,69.343,237.225
169.937,214.561,69.343,237.225
170.518,219.785,69.343,237.225
172.259,225.009,69.343,237.225
174.000,229.072,69.343,237.225
169.937,229.652,69.343,237.225
172.840,234.876,69.343,237.225
169.937,236.617,69.343,237.225
169.357,231.393,69.343,237.225
169.937,234.295,69.343,237.225
168.196,226.750,69.343,237.225
171.098,230.813,69.343,237.225
168.196,225.589,69.343,237.225
171.098,233.135,69.343,237.225
164.714,220.946,69.343,237.225
166.958,214.106,70.877,242.474
167.551,208.767,70.877,242.474
164.920,198.083,72.445,247.838
165.527,190.200,72.445,247.838
164.096,179.280,74.048,253.322
163.476,172.462,74.048,253.322
163.300,172.875,75.686,258.927
166.468,178.576,75.686,258.927
167.101,185.545,75.686,258.927
166.468,188.712,75.686,258.927
168.368,195.681,75.686,258.927
166.468,198.849,75.686,258.927
167.101,205.817,75.686,258.927
162.667,211.519,75.686,258.927
159.499,217.221,75.686,258.927
155.064,219.121,75.686,258.927
150.630,222.289,75.686,258.927
148.729,221.655,75.686,258.927
144.295,218.488,75.686,258.927
141.127,214.053,75.686,258.927
137.960,209.618,75.686,258.927
138.593,212.786,75.686,258.927
136.693,209.618,75.686,258.927
136.059,217.854,75.686,258.927
134.158,215.954,75.686,258.927
133.525,217.854,75.686,258.927
132.891,217.221,75.686,258.927
127.453,205.812,77.361,264.655
131.986,212.935,77.361,264.655
136.519,217.467,77.361,264.655
138.461,223.295,77.361,264.655
137.814,229.123,77.361,264.655
141.051,232.360,77.361,264.655
137.814,229.123,77.361,264.655
142.346,231.065,77.361,264.655
144.289,235.598,77.361,264.655
139.756,231.065,77.361,264.655
142.994,234.303,77.361,264.655
144.154,229.360,79.072,270.511
140.844,231.345,79.072,270.511
144.154,232.007,79.072,270.511
139.521,228.698,79.072,270.511
142.830,233.331,79.072,270.511
139.895,226.905,80.822,276.496
139.219,230.288,80.822,276.496
138.542,229.611,80.822,276.496
141.925,231.641,80.822,276.496
144.540,226.476,82.610,282.613
146.614,225.785,82.610,282.613
148.689,225.093,82.610,282.613
150.763,227.168,82.610,282.613
151.455,225.093,82.610,282.613
153.529,227.168,82.610,282.613
156.986,226.476,82.610,282.613
159.061,228.551,82.610,282.613
161.135,229.242,82.610,282.613
163.210,228.551,82.610,282.613
163.901,227.859,82.610,282.613
165.975,227.168,82.610,282.613
166.667,227.859,82.610,282.613
168.741,228.551,82.610,282.613
169.433,232.008,82.610,282.613
172.890,235.465,82.610,282.613
174.964,234.774,82.610,282.613
177.039,235.465,82.610,282.613
177.730,233.391,82.610,282.613
178.422,231.317,82.610,282.613
181.879,229.242,82.610,282.613
182.571,227.168,82.610,282.613
184.645,223.710,82.610,282.613
188.102,221.636,82.610,282.613
191.560,223.710,82.610,282.613
196.400,221.636,82.610,282.613
199.857,225.093,82.610,282.613
203.315,221.636,82.610,282.613
208.155,222.327,82.610,282.613
210.229,218.870,82.610,282.613
213.687,218.179,82.610,282.613
217.144,217.487,82.610,282.613
216.453,215.413,82.610,282.613
219.333,217.760,80.848,276.586
220.010,215.730,80.848,276.586
220.686,215.053,80.848,276.586
218.656,214.376,80.848,276.586
216.626,212.346,80.848,276.586
215.949,211.669,80.848,276.586
213.919,210.992,80.848,276.586
210.215,210.680,79.124,270.688
205.579,210.018,79.124,270.688
200.678,212.266,77.437,264.916
196.141,215.507,77.437,264.916
192.900,214.859,77.437,264.916
188.362,214.210,77.437,264.916
183.825,216.155,77.437,264.916
179.288,215.507,77.437,264.916
174.751,218.748,77.437,264.916
171.510,214.210,77.437,264.916
165.677,216.155,77.437,264.916
162.129,217.105,75.786,259.266
157.434,218.036,74.169,253.737
151.847,221.140,74.169,253.737
146.260,219.277,74.169,253.737
139.431,218.656,74.169,253.737
132.602,220.519,74.169,253.737
125.773,219.898,74.169,253.737
122.669,223.002,74.169,253.737
117.081,221.140,74.169,253.737
112.736,223.002,74.169,253.737
114.125,227.503,72.588,248.326
108.657,223.250,72.588,248.326
108.049,227.503,72.588,248.326
105.895,228.394,71.040,243.031
107.679,230.178,71.040,243.031
103.516,229.583,71.040,243.031
101.733,225.421,71.040,243.031
102.327,226.015,71.040,243.031
100.543,224.231,71.040,243.031
98.759,223.637,71.040,243.031
100.543,221.853,71.040,243.031
96.381,224.826,71.040,243.031
100.543,221.853,71.040,243.031
98.759,224.826,71.040,243.031
102.922,227.799,71.040,243.031
103.106,229.817,69.525,237.848
107.180,229.235,69.525,237.848
108.926,229.817,69.525,237.848
111.835,228.072,69.525,237.848
113.581,228.653,69.525,237.848
116.491,224.580,69.525,237.848
114.745,222.834,69.525,237.848
116.491,224.580,69.525,237.848
118.237,223.998,69.525,237.848
115.327,226.908,69.525,237.848
115.909,223.998,69.525,237.848
111.602,227.095,68.042,232.776
107.615,226.525,68.042,232.776
105.907,225.956,68.042,232.776
102.790,225.693,66.591,227.812
100.003,225.136,66.591,227.812
98.331,224.578,66.591,227.812
96.354,228.619,65.171,222.954
92.536,224.801,65.171,222.954
88.717,222.073,65.171,222.954
87.081,218.255,65.171,222.954
87.626,217.709,65.171,222.954
88.172,218.255,65.171,222.954
87.626,219.891,65.171,222.954
89.263,222.619,65.171,222.954
87.626,223.164,65.171,222.954
91.445,224.801,65.171,222.954
91.990,227.528,65.171,222.954
95.809,230.256,65.171,222.954
98.536,232.983,65.171,222.954
101.264,236.802,65.171,222.954
103.991,240.620,65.171,222.954
106.719,243.348,65.171,222.954
107.264,236.256,65.171,222.954
105.628,232.438,65.171,222.954
108.355,234.074,65.171,222.954
108.901,229.165,65.171,222.954
111.628,234.074,65.171,222.954
113.265,238.984,65.171,222.954
111.628,240.620,65.171,222.954
112.174,241.166,65.171,222.954
109.188,238.811,63.781,218.199
107.587,235.074,63.781,218.199
105.985,228.134,63.781,218.199
106.519,223.329,63.781,218.199
103.850,223.863,63.781,218.199
107.587,219.058,63.781,218.199
104.917,218.524,63.781,218.199
102.248,214.787,63.781,218.199
98.511,217.456,63.781,218.199
95.842,211.584,63.781,218.199
93.172,206.779,63.781,218.199
90.503,201.974,63.781,218.199
91.037,196.102,63.781,218.199
88.367,197.703,63.781,218.199
85.698,200.373,63.781,218.199
86.232,201.974,63.781,218.199
81.427,204.644,63.781,218.199
77.690,206.245,63.781,218.199
73.953,209.982,63.781,218.199
72.351,212.652,63.781,218.199
67.547,216.389,63.781,218.199
63.810,213.719,63.781,218.199
59.005,212.118,63.781,218.199
56.083,208.784,62.421,213.546
53.470,213.486,62.421,213.546
51.903,219.234,62.421,213.546
54.515,222.891,62.421,213.546
51.656,227.686,61.090,208.992
49.843,226.464,59.787,204.535
49.033,229.128,58.512,200.173
48.241,228.902,57.264,195.905
51.596,228.422,57.264,195.905
51.745,227.277,56.043,191.727
56.905,230.561,56.043,191.727
62.065,231.030,56.043,191.727
65.349,228.685,56.043,191.727
72.385,226.339,56.043,191.727
79.422,224.932,56.043,191.727
80.262,225.244,57.283,195.969
86.495,226.683,57.283,195.969
91.333,231.977,58.551,200.305
93.784,236.387,58.551,200.305
98.194,239.818,58.551,200.305
100.089,240.144,59.846,204.737
103.065,234.241,61.170,209.266
107.169,238.832,62.524,213.896
101.591,233.751,63.907,218.629
102.126,238.565,63.907,218.629
105.870,243.380,63.907,218.629
104.265,238.565,63.907,218.629
106.333,243.362,65.321,223.466
106.880,237.347,65.321,223.466
104.146,231.333,65.321,223.466
105.125,228.294,66.766,228.410
103.449,224.382,66.766,228.410
105.125,221.587,66.766,228.410
101.213,226.617,66.766,228.410
98.735,224.670,68.243,233.464
96.203,222.680,69.753,238.629
92.402,217.011,71.296,243.909
87.031,217.608,71.296,243.909
82.854,218.205,71.296,243.909
77.483,221.189,71.296,243.909
70.919,219.398,71.296,243.909
64.354,219.995,71.296,243.909
60.177,220.592,71.296,243.909
57.193,227.156,71.296,243.909
55.403,233.721,71.296,243.909
53.612,241.479,71.296,243.909
49.435,244.463,71.296,243.909
43.074,244.860,72.874,249.305
37.838,246.532,74.486,254.821
38.461,243.415,74.486,254.821
35.344,246.532,74.486,254.821
33.473,240.921,74.486,254.821
39.085,239.051,74.486,254.821
44.696,233.439,74.486,254.821
54.048,235.310,74.486,254.821
63.400,238.427,74.486,254.821
72.752,240.298,74.486,254.821
79.610,238.427,74.486,254.821
86.468,240.298,74.486,254.821
90.833,234.686,74.486,254.821
97.691,234.063,74.486,254.821
103.302,230.946,74.486,254.821
110.160,230.322,74.486,254.821
117.018,225.958,74.486,254.821
123.876,229.075,74.486,254.821
129.488,230.946,74.486,254.821
133.852,234.063,74.486,254.821
138.216,234.686,74.486,254.821
142.580,236.557,74.486,254.821
144.451,235.933,74.486,254.821
147.568,241.545,74.486,254.821
148.192,239.674,74.486,254.821
150.062,241.545,74.486,254.821
151.932,238.427,74.486,254.821
153.803,241.545,74.486,254.821
155.673,239.674,74.486,254.821
157.544,242.791,74.486,254.821
160.661,243.415,74.486,254.821
165.025,241.544,74.486,254.821
168.143,247.156,74.486,254.821
172.507,241.544,74.486,254.821
175.624,247.156,74.486,254.821
178.742,244.038,74.486,254.821
181.859,249.650,74.486,254.821
183.729,244.038,74.486,254.821
185.600,247.156,74.486,254.821
186.223,242.791,74.486,254.821
188.094,247.156,74.486,254.821
183.729,241.544,74.486,254.821
186.847,245.909,74.486,254.821
182.482,241.544,74.486,254.821
184.353,240.921,74.486,254.821
184.976,239.051,74.486,254.821
188.094,244.662,74.486,254.821
188.717,241.544,74.486,254.821
193.081,248.403,74.486,254.821
189.023,237.175,76.134,260.459
192.809,241.566,77.819,266.222
189.921,235.242,79.540,272.112
193.250,241.234,79.540,272.112
187.258,232.579,79.540,272.112
188.450,238.548,81.300,278.132
185.048,232.424,81.300,278.132
184.854,235.701,83.099,284.286
181.770,227.505,84.938,290.576
181.059,235.325,84.938,290.576
177.907,226.947,86.817,297.005
180.716,230.447,88.738,303.576
177.002,225.248,88.738,303.576
179.230,230.447,88.738,303.576
177.002,223.762,88.738,303.576
180.716,230.447,88.738,303.576
178.488,225.248,88.738,303.576
180.716,231.933,88.738,303.576
179.973,226.733,88.738,303.576
179.762,230.311,90.701,310.293
182.040,228.033,90.701,310.293
181.280,231.829,90.701,310.293
182.040,229.551,90.701,310.293
185.836,233.347,90.701,310.293
183.558,231.070,90.701,310.293
188.872,236.384,90.701,310.293
188.113,231.070,90.701,310.293
190.391,236.384,90.701,310.293
191.150,229.551,90.701,310.293
191.909,230.311,90.701,310.293
194.187,229.551,90.701,310.293
189.245,228.482,92.708,317.158
191.573,223.050,92.708,317.158
188.132,225.177,94.759,324.175
187.339,219.625,94.759,324.175
184.959,223.591,94.759,324.175
182.580,218.038,94.759,324.175
180.200,223.591,94.759,324.175
177.821,218.038,94.759,324.175
177.596,220.213,96.855,331.347
172.319,212.341,98.998,338.678
176.462,213.170,98.998,338.678
178.948,218.971,98.998,338.678
184.748,223.114,98.998,338.678
187.234,228.914,98.998,338.678
193.035,233.058,98.998,338.678
192.206,238.858,98.998,338.678
201.321,243.001,98.998,338.678
202.150,242.173,98.998,338.678
209.608,241.344,98.998,338.678
205.464,235.544,98.998,338.678
214.579,231.400,98.998,338.678
213.751,227.257,98.998,338.678
216.954,219.212,101.189,346.172
212.719,213.283,101.189,346.172
216.954,203.966,101.189,346.172
211.025,198.037,101.189,346.172
211.872,190.415,101.189,346.172
209.331,182.792,101.189,346.172
208.484,176.863,101.189,346.172
207.637,176.016,101.189,346.172
206.790,175.169,101.189,346.172
203.035,172.218,103.428,353.831
209.095,174.815,103.428,353.831
208.229,182.607,103.428,353.831
210.826,192.130,103.428,353.831
208.229,203.384,103.428,353.831
209.095,211.175,103.428,353.831
203.035,215.504,103.428,353.831
198.706,218.101,103.428,353.831
190.915,212.041,103.428,353.831
186.586,212.907,103.428,353.831
178.795,208.578,103.428,353.831
174.466,202.518,103.428,353.831
168.406,199.921,103.428,353.831
165.809,193.861,103.428,353.831
163.212,186.070,103.428,353.831
158.883,180.010,103.428,353.831
161.480,180.876,103.428,353.831
162.346,178.278,103.428,353.831
168.406,175.681,103.428,353.831
167.540,169.621,103.428,353.831
170.138,167.024,103.428,353.831
172.735,167.890,103.428,353.831
175.332,173.950,103.428,353.831
179.660,176.547,103.428,353.831
173.600,180.876,103.428,353.831
176.198,178.278,103.428,353.831
178.135,186.223,101.222,346.285
180.677,188.765,101.222,346.285
184.913,191.307,101.222,346.285
185.760,195.543,101.222,346.285
191.691,196.390,101.222,346.285
187.455,197.238,101.222,346.285
195.080,198.085,101.222,346.285
190.844,197.238,101.222,346.285
196.774,198.085,101.222,346.285
192.538,195.543,101.222,346.285
188.302,194.696,101.222,346.285
192.538,190.460,101.222,346.285
191.691,184.529,101.222,346.285
194.233,176.903,101.222,346.285
193.385,167.584,101.222,346.285
197.622,163.347,101.222,346.285
200.163,162.500,101.222,346.285
204.400,163.347,101.222,346.285
212.025,167.584,101.222,346.285
217.956,168.431,101.222,346.285
217.109,167.584,101.222,346.285
221.345,170.125,101.222,346.285
220.498,174.362,101.222,346.285
224.734,180.292,101.222,346.285
218.803,187.918,101.222,346.285
223.039,192.154,101.222,346.285
213.719,196.390,101.222,346.285
212.872,197.238,101.222,346.285
208.636,201.474,101.222,346.285
206.094,200.627,101.222,346.285
203.552,199.779,101.222,346.285
202.705,197.238,101.222,346.285
205.247,198.085,101.222,346.285
202.705,198.932,101.222,346.285
206.941,199.779,101.222,346.285
204.400,200.627,101.222,346.285
201.858,198.085,101.222,346.285
201.011,197.238,101.222,346.285
200.163,196.390,101.222,346.285
206.094,200.627,101.222,346.285
200.163,199.779,101.222,346.285
206.094,204.016,101.222,346.285
201.858,201.474,101.222,346.285
199.316,202.321,101.222,346.285
196.774,203.168,101.222,346.285
195.927,200.627,101.222,346.285
191.691,198.085,101.222,346.285
190.844,197.238,101.222,346.285
191.691,198.085,101.222,346.285
185.760,195.543,101.222,346.285
178.487,194.349,103.461,353.947
181.085,193.483,103.461,353.947
175.023,192.617,103.461,353.947
171.183,194.991,105.751,361.778
166.757,192.336,105.751,361.778
171.183,191.451,105.751,361.778
161.446,187.025,105.751,361.778
171.183,193.221,105.751,361.778
159.676,185.254,105.751,361.778
169.413,189.680,105.751,361.778
157.906,185.254,105.751,361.778
167.643,187.910,105.751,361.778
156.135,181.714,105.751,361.778
162.332,186.140,105.751,361.778
154.365,183.484,105.751,361.778
164.102,187.910,105.751,361.778
156.136,183.484,105.751,361.778
164.102,189.680,105.751,361.778
157.906,188.795,105.751,361.778
165.872,191.451,105.751,361.778
157.906,188.795,105.751,361.778
167.643,194.991,105.751,361.778
157.906,187.025,105.751,361.778
163.164,189.451,108.090,369.782
155.022,184.927,108.090,369.782
163.164,191.261,108.090,369.782
153.212,184.927,108.090,369.782
163.164,191.261,108.090,369.782
153.212,184.927,108.090,369.782
161.355,191.261,108.090,369.782
153.212,190.356,108.090,369.782
161.355,193.070,108.090,369.782
151.403,186.737,108.090,369.782
164.974,191.261,108.090,369.782
153.212,183.118,108.090,369.782
163.164,191.261,108.090,369.782
151.643,191.863,110.482,377.964
161.816,196.487,110.482,377.964
155.342,191.863,110.482,377.964
161.816,196.487,110.482,377.964
153.493,191.863,110.482,377.964
159.966,194.637,110.482,377.964
153.493,190.014,110.482,377.964
159.966,192.788,110.482,377.964
153.493,193.713,110.482,377.964
150.719,190.938,110.482,377.964
157.192,190.014,110.482,377.964
150.719,192.788,110.482,377.964
147.944,188.164,110.482,377.964
156.267,192.788,110.482,377.964
151.643,195.562,110.482,377.964
150.719,190.938,110.482,377.964
149.794,190.014,110.482,377.964
147.019,189.089,110.482,377.964
146.095,184.465,110.482,377.964
150.719,187.239,110.482,377.964
146.095,188.164,110.482,377.964
154.418,190.938,110.482,377.964
146.095,197.412,110.482,377.964
152.568,194.637,110.482,377.964
147.944,199.261,110.482,377.964
154.418,198.337,110.482,377.964
157.192,202.960,110.482,377.964
163.665,207.584,110.482,377.964
159.041,214.057,110.482,377.964
161.816,211.283,110.482,377.964
164.590,214.057,110.482,377.964
163.665,213.133,110.482,377.964
166.439,214.057,110.482,377.964
161.816,211.283,110.482,377.964
160.891,208.509,110.482,377.964
159.966,202.036,110.482,377.964
164.590,193.713,110.482,377.964
159.966,187.239,110.482,377.964
159.041,177.067,110.482,377.964
158.117,172.443,110.482,377.964
162.740,169.669,110.482,377.964
161.816,166.895,110.482,377.964
160.891,162.271,110.482,377.964
163.665,155.797,110.482,377.964
162.740,156.722,110.482,377.964
167.364,155.797,110.482,377.964
166.439,158.572,110.482,377.964
169.214,159.497,110.482,377.964
170.138,160.421,110.482,377.964
171.063,153.948,110.482,377.964
174.915,162.435,108.126,369.903
176.941,170.741,105.820,362.015
179.598,176.941,105.820,362.015
179.872,188.484,103.563,354.295
177.272,194.552,103.563,354.295
179.872,198.886,103.563,354.295
175.538,201.487,103.563,354.295
183.340,205.821,103.563,354.295
180.266,212.106,101.355,346.740
186.205,214.651,101.355,346.740
181.562,222.436,99.193,339.345
184.053,214.964,99.193,339.345
181.562,219.115,99.193,339.345
182.392,218.285,99.193,339.345
184.883,220.776,99.193,339.345
180.731,214.964,99.193,339.345
183.222,219.115,99.193,339.345
179.071,213.303,99.193,339.345
186.543,220.776,99.193,339.345
180.731,213.303,99.193,339.345
184.883,219.115,99.193,339.345
179.071,213.303,99.193,339.345
184.883,220.776,99.193,339.345
179.071,223.267,99.193,339.345
181.562,227.418,99.193,339.345
177.410,226.588,99.193,339.345
179.901,230.739,99.193,339.345
177.410,231.569,99.193,339.345
176.580,230.739,99.193,339.345
174.089,231.569,99.193,339.345
174.920,234.060,99.193,339.345
174.089,234.890,99.193,339.345
166.617,230.739,99.193,339.345
164.126,228.248,99.193,339.345
163.296,225.757,99.193,339.345
157.484,224.927,99.193,339.345
161.635,229.079,99.193,339.345
155.823,228.248,99.193,339.345
161.635,229.079,99.193,339.345
155.823,223.267,99.193,339.345
161.635,229.079,99.193,339.345
159.144,224.927,99.193,339.345
161.635,229.079,99.193,339.345
154.163,224.927,99.193,339.345
154.993,224.097,99.193,339.345
145.860,221.606,99.193,339.345
148.351,214.134,99.193,339.345
137.557,218.285,99.193,339.345
141.709,222.436,99.193,339.345
137.557,224.927,99.193,339.345
145.030,227.418,99.193,339.345
147.521,228.248,99.193,339.345
143.369,234.060,99.193,339.345
152.502,233.230,99.193,339.345
141.709,237.381,99.193,339.345
149.181,229.909,99.193,339.345
140.048,234.060,99.193,339.345
147.520,228.248,99.193,339.345
138.387,232.400,99.193,339.345
145.860,233.230,99.193,339.345
151.672,234.060,99.193,339.345
139.218,236.551,99.193,339.345
143.369,230.739,99.193,339.345
139.218,234.890,99.193,339.345
145.030,235.721,99.193,339.345
139.218,241.533,99.193,339.345
145.030,235.721,99.193,339.345
140.878,244.854,99.193,339.345
143.369,247.344,99.193,339.345
140.878,248.175,99.193,339.345
140.048,245.684,99.193,339.345
137.557,246.514,99.193,339.345
136.727,245.684,99.193,339.345
135.897,248.175,99.193,339.345
135.066,249.005,99.193,339.345
132.576,248.175,99.193,339.345
130.085,245.684,99.193,339.345
132.576,241.533,99.193,339.345
128.424,237.381,99.193,339.345
127.594,236.551,99.193,339.345
128.424,234.060,99.193,339.345
124.743,234.613,101.388,346.853
128.986,230.370,101.388,346.853
123.462,227.413,103.631,354.527
131.269,226.546,103.631,354.527
135.606,229.148,103.631,354.527
134.738,224.811,103.631,354.527
139.892,227.189,105.924,362.371
144.325,226.302,105.924,362.371
146.984,228.962,105.924,362.371
151.418,231.622,105.924,362.371
155.851,236.055,105.924,362.371
151.418,229.849,105.924,362.371
161.170,236.055,105.924,362.371
154.964,226.302,105.924,362.371
162.944,232.508,105.924,362.371
153.191,220.982,105.924,362.371
160.298,227.092,108.268,370.389
153.954,218.936,108.268,370.389
158.485,223.467,108.268,370.389
146.704,213.499,108.268,370.389
147.611,219.842,108.268,370.389
139.454,211.686,108.268,370.389
143.986,218.030,108.268,370.389
135.830,208.061,108.268,370.389
136.736,210.780,108.268,370.389
130.392,204.436,108.268,370.389
136.736,214.405,108.268,370.389
124.955,208.061,108.268,370.389
133.111,219.842,108.268,370.389
123.142,209.874,108.268,370.389
131.298,219.842,108.268,370.389
117.705,217.124,108.268,370.389
124.049,225.280,108.268,370.389
114.080,220.749,108.268,370.389
107.737,223.467,108.268,370.389
115.893,227.998,108.268,370.389
105.924,221.655,108.268,370.389
101.393,222.561,108.268,370.389
98.674,225.280,108.268,370.389
95.956,227.998,108.268,370.389
98.674,227.092,108.268,370.389
94.143,226.186,108.268,370.389
93.237,227.092,108.268,370.389
90.518,220.749,108.268,370.389
87.799,230.717,108.268,370.389
85.081,233.436,108.268,370.389
76.925,227.092,108.268,370.389
66.956,231.623,108.268,370.389
58.800,223.467,108.268,370.389
57.894,218.936,108.268,370.389
62.425,214.405,108.268,370.389
52.457,224.373,108.268,370.389
60.613,214.405,108.268,370.389
48.832,215.311,108.268,370.389
58.800,208.968,108.268,370.389
47.019,209.874,108.268,370.389
51.550,203.530,108.268,370.389
43.394,208.061,108.268,370.389
51.550,196.280,108.268,370.389
43.394,204.436,108.268,370.389
51.550,196.280,108.268,370.389
43.394,198.999,108.268,370.389
49.738,189.031,108.268,370.389
54.269,191.749,108.268,370.389
62.425,189.031,108.268,370.389
65.144,191.749,108.268,370.389
71.487,194.468,108.268,370.389
76.019,197.187,108.268,370.389
82.362,201.718,108.268,370.389
90.518,204.436,108.268,370.389
93.237,208.968,108.268,370.389
101.393,213.499,108.268,370.389
104.112,221.655,108.268,370.389
112.268,227.998,108.268,370.389
116.799,218.030,108.268,370.389
124.955,229.811,108.268,370.389
136.736,239.779,108.268,370.389
148.517,247.935,108.268,370.389
156.673,236.154,108.268,370.389
152.142,242.498,108.268,370.389
162.110,232.529,108.268,370.389
168.454,242.498,108.268,370.389
171.172,232.529,108.268,370.389
177.516,233.436,108.268,370.389
176.610,225.280,108.268,370.389
179.328,227.998,108.268,370.389
181.356,220.593,105.959,362.490
