110.000,111.000,37.000,116.000
113.783,109.545,37.000,116.000
114.074,111.000,37.000,116.000
114.188,111.956,36.211,113.526
115.042,109.963,36.211,113.526
113.618,111.387,36.211,113.526
112.764,112.811,36.211,113.526
113.618,110.248,36.211,113.526
113.333,111.102,36.211,113.526
115.896,109.678,36.211,113.526
116.181,112.241,36.211,113.526
118.744,113.095,36.211,113.526
120.168,112.811,36.211,113.526
122.161,115.374,36.211,113.526
124.154,114.519,36.211,113.526
125.009,115.374,36.211,113.526
124.724,114.519,36.211,113.526
123.189,117.102,35.439,111.105
121.795,114.037,35.439,111.105
118.172,113.758,35.439,111.105
113.992,116.266,35.439,111.105
111.484,115.987,35.439,111.105
109.533,113.479,35.439,111.105
107.493,116.544,34.683,108.736
106.548,116.915,33.943,106.417
105.109,120.365,33.220,104.148
105.715,119.209,32.511,101.927
104.948,119.976,32.511,101.927
103.670,117.164,32.511,101.927
102.903,113.840,32.511,101.927
101.032,110.738,31.818,99.753
100.648,109.631,31.139,97.626
99.327,110.908,30.475,95.544
97.170,108.272,30.475,95.544
98.848,105.635,30.475,95.544
101.005,106.834,30.475,95.544
101.724,104.197,30.475,95.544
100.046,100.123,30.475,95.544
97.889,96.528,30.475,95.544
96.597,100.088,29.825,93.506
89.003,102.668,29.189,91.512
80.051,100.602,29.189,91.512
76.607,98.536,29.189,91.512
77.140,101.060,28.567,89.561
77.661,105.696,27.958,87.651
75.682,109.434,27.958,87.651
63.590,110.973,27.958,87.651
73.044,106.356,27.958,87.651
73.703,96.022,27.958,87.651
75.243,84.370,27.958,87.651
75.462,80.632,27.958,87.651
77.881,81.292,27.958,87.651
84.257,88.107,27.958,87.651
86.675,104.157,27.958,87.651
95.690,120.207,27.958,87.651
106.023,129.221,27.958,87.651
107.562,128.562,27.958,87.651
115.257,117.789,27.958,87.651
126.030,99.540,27.958,87.651
133.726,95.363,27.958,87.651
133.066,99.540,27.958,87.651
131.527,115.590,27.958,87.651
132.626,125.484,27.958,87.651
122.293,141.094,27.958,87.651
103.165,147.030,27.958,87.651
105.794,131.224,27.361,85.782
97.402,110.782,27.361,85.782
94.175,107.124,27.361,85.782
94.390,109.061,27.361,85.782
89.011,116.592,27.361,85.782
93.099,125.414,27.361,85.782
106.871,134.417,26.778,83.952
110.451,124.098,26.778,83.952
124.560,104.514,26.778,83.952
135.721,95.459,26.778,83.952
141.828,85.562,26.778,83.952
139.091,86.193,26.778,83.952
136.353,94.827,26.778,83.952
132.773,112.727,26.778,83.952
124.139,121.361,26.778,83.952
100.764,123.256,26.778,83.952
100.133,108.726,26.778,83.952
90.235,99.250,26.778,83.952
92.552,103.251,26.778,83.952
95.289,112.727,26.778,83.952
96.763,116.728,26.778,83.952
110.451,125.783,26.778,83.952
121.191,125.572,26.778,83.952
123.507,116.517,26.778,83.952
132.563,107.041,26.778,83.952
139.933,103.461,26.778,83.952
139.722,104.935,26.778,83.952
138.248,113.148,26.778,83.952
140.565,123.467,26.778,83.952
136.564,132.943,26.778,83.952
124.560,128.521,26.778,83.952
125.192,118.202,26.778,83.952
120.349,111.253,26.778,83.952
118.453,113.148,26.778,83.952
114.452,115.464,26.778,83.952
115.084,119.044,26.778,83.952
116.979,120.940,26.778,83.952
121.933,124.879,26.207,82.162
120.078,128.383,26.207,82.162
115.789,125.882,25.648,80.410
115.090,111.381,25.101,78.695
118.051,108.420,25.101,78.695
117.064,110.197,25.101,78.695
115.288,111.973,25.101,78.695
116.507,120.233,24.566,77.017
108.200,122.744,24.566,77.017
92.938,112.119,24.566,77.017
98.154,95.698,24.566,77.017
79.415,79.277,24.566,77.017
73.040,79.470,24.566,77.017
68.596,82.368,24.566,77.017
67.630,91.834,24.566,77.017
77.483,99.369,24.566,77.017
107.724,114.155,24.042,75.375
120.391,115.479,24.042,75.375
131.546,107.727,24.042,75.375
162.364,93.547,24.042,75.375
181.460,100.164,24.042,75.375
183.540,109.807,24.042,75.375
189.023,123.230,24.042,75.375
185.809,131.738,24.042,75.375
181.460,133.818,24.042,75.375
152.911,137.789,24.042,75.375
145.159,127.390,24.042,75.375
134.382,117.369,24.042,75.375
126.631,117.936,24.042,75.375
121.904,119.638,24.042,75.375
118.312,118.315,24.042,75.375
120.391,124.176,24.042,75.375
127.387,132.684,24.042,75.375
131.470,131.847,23.529,73.767
136.096,117.229,23.529,73.767
139.242,103.722,23.529,73.767
150.728,91.489,23.027,72.194
152.720,87.686,23.027,72.194
151.815,92.576,23.027,72.194
151.634,103.260,23.027,72.194
135.517,111.771,23.027,72.194
120.849,113.763,23.027,72.194
117.046,107.425,23.027,72.194
115.416,93.843,23.027,72.194
111.613,89.678,23.027,72.194
118.313,92.032,23.027,72.194
123.927,98.370,23.027,72.194
127.368,101.087,23.027,72.194
137.690,109.598,23.027,72.194
143.666,114.487,23.027,72.194
147.469,116.842,23.027,72.194
157.066,103.622,23.027,72.194
161.327,96.886,22.536,70.655
159.377,94.937,22.536,70.655
153.174,102.203,22.536,70.655
149.098,110.887,22.536,70.655
138.996,119.572,22.536,70.655
119.324,127.547,22.536,70.655
118.083,114.255,22.536,70.655
110.108,105.571,22.536,70.655
107.449,97.241,22.536,70.655
119.135,96.115,22.056,69.148
125.899,103.573,22.056,69.148
144.357,111.500,21.585,67.673
151.317,114.046,21.585,67.673
159.974,121.684,21.585,67.673
168.971,109.632,21.585,67.673
183.399,90.790,21.585,67.673
189.680,88.244,21.585,67.673
181.702,92.148,21.585,67.673
178.816,98.768,21.585,67.673
176.270,107.765,21.585,67.673
154.017,110.715,22.063,69.171
147.944,113.317,22.063,69.171
131.957,102.181,21.593,67.695
118.203,93.521,21.593,67.695
118.033,94.031,21.593,67.695
117.184,100.653,21.593,67.695
122.448,107.275,21.593,67.695
133.825,114.577,21.593,67.695
153.353,121.539,21.593,67.695
162.353,114.238,21.593,67.695
170.673,105.577,21.593,67.695
184.767,96.238,21.593,67.695
183.578,97.766,21.593,67.695
175.597,102.012,21.593,67.695
171.692,109.653,21.593,67.695
159.975,120.350,21.593,67.695
141.806,122.218,21.593,67.695
128.392,118.992,21.593,67.695
110.562,100.144,21.593,67.695
100.543,91.484,21.593,67.695
99.355,91.653,21.593,67.695
101.223,92.502,21.593,67.695
107.166,94.370,21.593,67.695
117.184,101.672,21.593,67.695
127.203,99.125,21.593,67.695
139.259,87.408,21.593,67.695
150.296,72.975,21.593,67.695
157.281,69.583,22.070,69.193
158.148,67.674,22.070,69.193
153.809,70.625,22.070,69.193
148.429,84.683,22.070,69.193
131.593,101.172,22.070,69.193
107.906,114.456,21.600,67.718
104.339,111.569,21.600,67.718
89.222,102.566,21.600,67.718
74.784,100.018,21.600,67.718
79.370,102.906,21.600,67.718
79.200,104.434,21.600,67.718
92.364,108.595,21.139,66.274
97.557,111.064,20.688,64.860
101.624,110.250,20.688,64.860
117.080,97.072,20.688,64.860
137.742,75.759,20.688,64.860
149.619,72.017,20.688,64.860
148.480,79.338,20.688,64.860
150.269,86.985,20.688,64.860
141.647,100.489,20.688,64.860
118.189,103.532,20.247,63.477
106.565,104.647,20.247,63.477
86.025,91.750,20.247,63.477
76.950,89.043,20.247,63.477
67.555,87.928,20.247,63.477
66.759,91.272,20.247,63.477
70.505,100.390,19.815,62.123
87.088,108.111,19.393,60.799
100.083,105.379,18.979,59.502
105.904,102.842,18.979,59.502
128.739,91.946,18.979,59.502
148.888,81.349,18.979,59.502
155.008,79.110,18.979,59.502
148.888,90.901,18.979,59.502
136.799,106.871,18.979,59.502
125.306,113.886,18.979,59.502
99.546,119.887,19.399,60.819
94.817,117.903,19.399,60.819
83.986,107.377,19.399,60.819
81.697,100.817,19.399,60.819
89.783,98.224,19.399,60.819
95.427,96.546,19.399,60.819
102.902,101.885,19.399,60.819
118.921,103.258,19.399,60.819
119.378,96.393,19.399,60.819
124.108,94.105,19.399,60.819
134.939,81.748,19.399,60.819
140.584,74.883,19.399,60.819
143.290,72.737,18.985,59.522
