99.000,237.000,27.000,82.000
100.453,238.038,27.000,82.000
103.568,239.907,27.000,82.000
106.457,240.981,26.424,80.251
109.099,241.591,26.424,80.251
110.928,242.200,26.424,80.251
110.724,242.404,26.424,80.251
112.960,243.420,26.424,80.251
111.131,244.029,26.424,80.251
112.147,241.794,26.424,80.251
115.195,241.997,26.424,80.251
114.585,237.730,26.424,80.251
118.040,237.120,26.424,80.251
117.430,234.479,26.424,80.251
119.259,232.650,26.424,80.251
120.275,230.008,26.424,80.251
122.104,228.180,26.424,80.251
124.745,226.351,26.424,80.251
127.793,225.335,26.424,80.251
128.403,223.913,26.424,80.251
130.638,222.897,26.424,80.251
130.435,223.506,26.424,80.251
132.670,223.303,26.424,80.251
132.467,223.913,26.424,80.251
132.263,224.522,26.424,80.251
134.499,224.725,26.424,80.251
135.921,224.928,26.424,80.251
135.718,223.912,26.424,80.251
137.547,224.116,26.424,80.251
138.969,223.912,26.424,80.251
141.204,222.896,26.424,80.251
144.659,222.287,26.424,80.251
148.113,222.084,26.424,80.251
150.754,221.068,26.424,80.251
152.990,220.865,26.424,80.251
150.348,219.849,26.424,80.251
147.300,221.271,26.424,80.251
143.469,223.498,25.861,78.540
141.281,224.890,25.861,78.540
138.696,225.089,25.861,78.540
136.509,225.685,25.861,78.540
133.526,226.282,25.861,78.540
130.940,226.878,25.861,78.540
131.139,225.884,25.861,78.540
128.156,225.287,25.861,78.540
125.969,226.679,25.861,78.540
128.952,226.481,25.861,78.540
130.742,226.282,25.861,78.540
131.338,226.878,25.861,78.540
127.560,227.475,25.861,78.540
128.952,227.674,25.861,78.540
130.742,228.668,25.861,78.540
130.543,230.856,25.861,78.540
129.151,231.850,25.861,78.540
128.952,230.856,25.861,78.540
130.742,227.873,25.861,78.540
132.134,226.878,25.861,78.540
131.935,227.475,25.861,78.540
132.929,228.867,25.861,78.540
134.719,229.066,25.861,78.540
136.906,228.071,25.861,78.540
138.696,227.077,25.861,78.540
140.486,225.287,25.861,78.540
143.637,224.016,25.309,76.865
142.594,226.899,24.770,75.226
145.451,228.233,24.770,75.226
148.101,231.054,24.241,73.622
147.462,233.816,23.724,72.052
151.293,229.985,23.724,72.052
152.935,230.897,23.724,72.052
152.387,232.174,23.724,72.052
154.029,233.816,23.724,72.052
152.752,235.822,23.724,72.052
155.854,237.100,23.724,72.052
160.414,235.822,23.724,72.052
164.246,232.356,23.724,72.052
164.172,228.720,24.249,73.646
162.867,227.788,24.249,73.646
161.189,229.839,24.249,73.646
163.613,228.161,24.249,73.646
162.308,226.109,24.249,73.646
165.105,227.042,24.249,73.646
166.037,228.720,24.249,73.646
165.851,229.279,24.249,73.646
167.902,230.585,24.249,73.646
168.834,232.263,24.249,73.646
169.767,232.822,24.249,73.646
168.834,230.771,24.249,73.646
171.631,227.601,24.249,73.646
170.699,228.533,24.249,73.646
173.496,230.958,24.249,73.646
174.801,227.788,24.249,73.646
178.115,230.909,23.732,72.075
178.663,231.092,23.732,72.075
181.203,233.092,23.226,70.538
183.882,234.699,23.226,70.538
186.023,236.656,22.731,69.034
187.596,237.880,22.731,69.034
191.616,236.656,22.731,69.034
194.938,236.831,22.731,69.034
197.909,234.908,22.731,69.034
197.476,231.424,23.234,70.561
199.442,229.459,23.234,70.561
197.146,230.347,23.748,72.123
198.209,226.707,24.273,73.718
196.529,228.387,24.273,73.718
194.518,226.990,24.810,75.349
193.182,227.563,24.810,75.349
194.293,226.531,25.359,77.016
193.001,225.882,25.920,78.720
193.749,224.804,26.494,80.462
193.137,225.823,26.494,80.462
194.971,226.841,26.494,80.462
194.767,227.860,26.494,80.462
193.749,229.286,26.494,80.462
192.322,230.712,26.494,80.462
190.838,233.730,25.929,78.746
191.037,234.727,25.929,78.746
190.543,235.718,26.502,80.488
191.970,237.144,26.502,80.488
192.989,238.163,26.502,80.488
194.646,240.789,25.937,78.772
195.644,240.989,25.937,78.772
193.806,244.328,25.384,77.092
194.641,246.843,24.843,75.448
195.090,248.937,24.313,73.839
198.052,256.392,23.794,72.265
204.478,263.687,23.287,70.724
205.732,262.434,23.287,70.724
216.297,236.468,23.287,70.724
218.267,234.498,23.287,70.724
217.372,233.603,23.287,70.724
214.327,231.633,23.287,70.724
211.641,233.245,23.287,70.724
212.179,230.559,23.287,70.724
211.641,231.812,23.287,70.724
211.462,232.708,23.287,70.724
212.505,232.483,23.802,72.288
211.224,233.032,23.802,72.288
212.871,232.849,23.802,72.288
215.251,234.130,23.802,72.288
217.996,232.117,23.802,72.288
221.602,237.298,23.295,70.747
224.095,236.844,22.798,69.238
225.322,233.162,22.798,69.238
227.086,236.097,22.312,67.761
229.865,231.965,22.805,69.261
231.093,232.141,22.805,69.261
234.776,233.719,22.805,69.261
236.525,233.863,23.310,70.793
239.214,234.042,23.310,70.793
241.544,234.221,23.310,70.793
242.799,234.042,23.310,70.793
245.846,233.146,23.310,70.793
248.378,231.804,23.826,72.359
250.585,229.293,24.353,73.960
253.020,228.731,24.353,73.960
256.203,230.042,24.353,73.960
258.263,230.230,24.353,73.960
259.354,231.549,24.892,75.597
260.694,230.209,24.892,75.597
261.411,227.188,25.442,77.269
263.563,224.253,25.442,77.269
263.759,226.014,25.442,77.269
263.955,226.992,25.442,77.269
264.542,228.362,25.442,77.269
265.911,230.123,25.442,77.269
264.542,233.057,25.442,77.269
268.650,230.514,25.442,77.269
268.063,238.535,25.442,77.269
270.786,251.617,24.900,75.622
273.820,254.822,24.369,74.009
273.177,255.431,23.849,72.431
275.375,255.673,23.341,70.886
277.350,254.775,23.341,70.886
281.478,254.237,23.341,70.886
283.452,255.134,23.341,70.886
283.632,254.596,23.341,70.886
287.401,231.801,23.341,70.886
289.191,230.086,23.857,72.454
287.173,231.003,23.857,72.454
288.824,233.755,23.857,72.454
290.108,235.773,23.857,72.454
288.090,234.856,23.857,72.454
289.539,234.625,24.385,74.057
287.477,237.063,24.385,74.057
289.539,237.251,24.385,74.057
292.352,235.563,24.385,74.057
292.539,236.125,24.385,74.057
294.065,236.011,23.865,72.478
294.615,235.094,23.865,72.478
291.862,234.543,23.865,72.478
290.211,235.094,23.865,72.478
289.293,233.809,23.865,72.478
288.310,235.467,23.356,70.933
287.693,236.396,22.858,69.420
288.220,233.056,22.858,69.420
290.505,233.584,22.858,69.420
292.259,231.539,23.363,70.956
293.678,229.449,23.880,72.526
290.923,232.204,23.880,72.526
292.209,231.286,23.880,72.526
290.516,238.254,23.371,70.979
291.415,240.231,23.371,70.979
293.580,247.836,23.888,72.549
294.866,251.327,23.888,72.549
297.254,254.082,23.888,72.549
300.010,255.368,23.888,72.549
297.254,253.715,23.888,72.549
294.866,252.061,23.888,72.549
297.254,252.245,23.888,72.549
297.332,252.842,23.379,71.002
298.950,251.943,23.379,71.002
300.568,251.403,23.379,71.002
300.748,250.864,23.379,71.002
301.517,250.755,22.880,69.488
305.212,254.098,22.880,69.488
305.506,252.781,23.386,71.026
303.568,251.436,23.904,72.597
304.000,250.970,23.394,71.049
304.900,250.430,23.394,71.049
305.439,252.769,23.394,71.049
306.209,251.966,22.895,69.534
308.498,250.381,22.895,69.534
310.787,251.614,22.895,69.534
309.906,251.085,22.895,69.534
310.082,250.909,22.895,69.534
312.533,253.178,22.407,68.051
313.178,252.247,22.903,69.557
311.593,252.070,22.903,69.557
309.656,253.303,22.903,69.557
307.367,254.888,22.903,69.557
304.725,255.064,22.903,69.557
303.140,254.536,22.903,69.557
304.725,234.987,22.903,69.557
303.441,233.182,22.414,68.073
303.269,230.252,22.414,68.073
302.345,228.818,21.936,66.622
302.176,226.625,21.936,66.622
301.333,226.794,21.936,66.622
301.164,227.300,21.936,66.622
302.345,227.806,21.936,66.622
303.526,228.650,21.936,66.622
304.707,230.168,21.936,66.622
306.562,231.349,21.936,66.622
308.945,228.686,22.422,68.096
311.186,227.824,22.422,68.096
313.772,227.307,22.422,68.096
312.565,226.100,22.422,68.096
313.083,225.238,22.422,68.096
314.634,224.721,22.422,68.096
313.772,224.203,22.422,68.096
314.290,224.721,22.422,68.096
314.462,226.273,22.422,68.096
316.014,227.479,22.422,68.096
316.186,227.997,22.422,68.096
316.704,228.169,22.422,68.096
318.771,227.732,21.944,66.643
321.302,225.201,21.944,66.643
323.158,224.695,21.944,66.643
325.832,223.941,21.476,65.222
324.015,223.776,21.476,65.222
321.550,223.569,21.951,66.665
322.732,225.088,21.951,66.665
323.913,226.607,21.951,66.665
325.612,230.084,21.483,65.244
327.274,230.939,21.025,63.852
330.459,230.529,20.576,62.491
334.731,231.003,20.576,62.491
336.933,229.992,20.137,61.158
336.700,231.689,19.708,59.854
338.670,227.294,19.708,59.854
337.609,226.536,19.708,59.854
335.336,227.294,19.708,59.854
333.063,228.052,19.708,59.854
332.002,229.719,19.708,59.854
330.335,230.173,19.708,59.854
329.577,231.234,19.708,59.854
329.057,233.187,19.288,58.577
329.502,240.455,19.288,58.577
330.708,242.080,18.876,57.328
332.305,250.644,18.876,57.328
330.418,249.628,18.876,57.328
332.014,245.419,18.876,57.328
333.611,237.725,18.876,57.328
331.434,235.399,18.474,56.106
329.871,235.825,18.474,56.106
328.562,234.917,18.080,54.909
327.281,235.100,17.694,53.738
326.027,235.804,17.317,52.592
322.964,235.671,17.317,52.592
320.424,235.504,17.700,53.756
317.565,235.912,17.700,53.756
317.974,236.865,17.700,53.756
315.388,213.862,17.700,53.756
313.618,213.182,17.700,53.756
312.121,213.046,17.700,53.756
311.713,214.271,17.700,53.756
309.399,214.135,17.700,53.756
307.085,213.998,17.700,53.756
305.315,214.407,17.700,53.756
302.487,215.111,17.323,52.609
299.956,215.511,17.323,52.609
297.958,215.644,17.323,52.609
296.492,216.044,17.323,52.609
296.359,216.443,17.323,52.609
294.894,215.244,17.323,52.609
292.896,214.845,17.323,52.609
290.631,214.445,17.323,52.609
290.764,214.845,17.323,52.609
291.164,213.912,17.323,52.609
288.633,213.513,17.323,52.609
286.102,213.113,17.323,52.609
284.370,213.246,17.323,52.609
283.143,214.192,16.953,51.488
281.969,214.323,16.953,51.488
279.511,213.992,16.592,50.390
276.577,213.609,16.592,50.390
274.673,212.655,16.959,51.504
271.644,211.679,17.334,52.644
268.103,213.140,16.964,51.521
265.102,213.792,16.964,51.521
261.058,213.922,16.964,51.521
256.945,212.946,17.340,52.661
254.125,211.396,17.723,53.826
252.626,214.258,17.723,53.826
251.672,214.121,17.723,53.826
244.899,204.580,17.345,52.678
240.497,202.580,17.345,52.678
238.496,202.713,17.345,52.678
236.762,203.913,17.345,52.678
234.762,205.114,17.345,52.678
231.694,206.048,17.345,52.678
228.665,207.766,16.975,51.555
227.529,207.331,17.351,52.696
224.499,209.051,16.981,51.572
222.540,210.733,16.619,50.472
222.924,222.874,16.619,50.472
219.690,223.244,16.987,51.589
217.208,223.636,16.987,51.589
216.294,223.766,16.987,51.589
216.686,223.897,16.987,51.589
215.482,225.077,16.624,50.489
215.610,226.227,16.624,50.489
215.226,227.378,16.624,50.489
213.820,227.505,16.624,50.489
214.367,228.660,16.270,49.412
213.241,229.285,16.270,49.412
214.868,230.161,16.270,49.412
216.744,231.037,16.270,49.412
218.371,230.912,16.270,49.412
216.994,230.787,16.270,49.412
214.117,233.915,16.270,49.412
212.741,233.539,16.270,49.412
211.364,233.915,16.270,49.412
209.988,233.289,16.270,49.412
208.353,234.178,15.923,48.358
209.945,232.831,15.923,48.358
211.291,232.219,15.923,48.358
209.945,230.872,15.923,48.358
210.468,232.213,15.583,47.327
202.434,233.527,15.251,46.318
202.387,233.136,15.588,47.343
200.829,233.256,15.588,47.343
200.229,233.615,15.588,47.343
202.507,233.975,15.588,47.343
201.668,234.335,15.588,47.343
200.589,235.174,15.588,47.343
200.229,235.533,15.588,47.343
197.712,235.413,15.588,47.343
196.633,236.013,15.588,47.343
197.580,236.360,15.933,48.390
196.722,236.972,15.933,48.390
194.149,237.095,15.933,48.390
191.086,237.217,15.933,48.390
190.473,236.850,15.933,48.390
190.106,236.482,15.933,48.390
188.023,236.360,15.933,48.390
186.185,235.502,15.933,48.390
183.367,235.379,15.933,48.390
182.509,234.767,15.933,48.390
180.181,235.134,15.933,48.390
177.853,234.522,15.933,48.390
176.996,235.134,15.933,48.390
175.893,235.502,15.933,48.390
174.055,235.870,15.933,48.390
171.727,235.747,15.933,48.390
171.850,236.605,15.933,48.390
171.482,237.462,15.933,48.390
170.379,237.830,15.933,48.390
170.502,236.972,15.933,48.390
169.889,236.360,15.933,48.390
169.277,235.502,15.933,48.390
167.929,235.134,15.933,48.390
168.296,235.502,15.933,48.390
167.929,236.360,15.933,48.390
169.032,236.237,15.933,48.390
168.664,236.850,15.933,48.390
169.277,236.727,15.933,48.390
169.644,237.585,15.933,48.390
169.032,237.953,15.933,48.390
168.909,237.340,15.933,48.390
167.806,237.462,15.933,48.390
166.949,237.830,15.933,48.390
166.091,237.462,15.933,48.390
163.763,236.850,15.933,48.390
162.660,235.992,15.933,48.390
162.048,236.605,15.933,48.390
162.170,237.462,15.933,48.390
161.313,238.075,15.933,48.390
160.455,238.688,15.933,48.390
160.087,240.280,15.933,48.390
159.230,240.893,15.933,48.390
158.617,240.771,15.933,48.390
157.269,241.383,15.933,48.390
155.186,241.506,15.933,48.390
153.593,241.628,15.933,48.390
152.001,240.526,15.933,48.390
149.673,239.423,15.933,48.390
146.610,238.320,15.933,48.390
142.811,237.462,15.933,48.390
137.543,234.644,15.933,48.390
132.274,233.052,15.933,48.390
129.211,231.704,15.933,48.390
126.393,231.826,15.933,48.390
123.575,230.233,15.933,48.390
121.002,230.601,15.933,48.390
121.124,231.214,15.933,48.390
119.042,232.071,15.933,48.390
117.939,233.419,15.933,48.390
118.061,234.767,15.933,48.390
116.487,234.867,16.286,49.461
114.859,235.493,16.286,49.461
114.233,236.620,16.286,49.461
113.857,237.497,16.286,49.461
113.231,238.123,16.286,49.461
112.104,238.249,16.286,49.461
109.724,238.624,16.286,49.461
109.098,240.002,16.286,49.461
110.225,240.878,16.286,49.461
107.345,241.505,16.286,49.461
104.965,242.632,16.286,49.461
103.838,243.508,16.286,49.461
102.961,244.385,16.286,49.461
103.087,245.011,16.286,49.461
101.450,244.935,15.939,48.406
99.856,244.322,15.939,48.406
99.734,245.180,15.939,48.406
98.876,245.548,15.939,48.406
98.018,245.916,15.939,48.406
97.405,246.774,15.939,48.406
97.282,248.122,15.939,48.406
95.689,249.225,15.939,48.406
95.321,251.308,15.939,48.406
92.993,252.166,15.939,48.406
91.399,253.024,15.939,48.406
91.032,254.127,15.939,48.406
88.703,254.985,15.939,48.406
86.129,255.353,15.939,48.406
83.555,256.456,15.939,48.406
81.962,256.334,15.939,48.406
80.368,255.476,15.939,48.406
75.098,255.353,15.939,48.406
72.524,255.721,15.939,48.406
70.931,255.108,15.939,48.406
68.112,255.476,15.939,48.406
63.087,257.069,15.939,48.406
59.042,256.946,15.939,48.406
56.959,256.089,15.939,48.406
54.875,255.231,15.939,48.406
52.546,254.373,15.939,48.406
50.218,253.760,15.939,48.406
46.908,254.128,15.939,48.406
45.805,254.250,15.939,48.406
44.457,254.618,15.939,48.406
43.645,254.972,16.291,49.477
43.770,256.351,16.291,49.477
44.397,258.981,16.291,49.477
43.770,259.858,16.291,49.477
44.397,260.234,16.291,49.477
43.520,260.109,16.291,49.477
42.893,260.735,16.291,49.477
45.023,261.362,16.291,49.477
45.148,261.988,16.291,49.477
46.526,261.362,16.291,49.477
46.902,261.988,16.291,49.477
47.278,261.362,16.291,49.477
44.397,261.737,16.291,49.477
41.265,262.113,16.291,49.477
39.144,262.278,15.944,48.422
34.117,259.704,15.944,48.422
28.845,258.600,15.944,48.422
22.690,254.630,16.297,49.493
18.304,254.755,16.297,49.493
15.673,254.129,16.297,49.493
12.540,255.257,16.297,49.493
8.655,257.638,16.297,49.493
6.050,259.494,15.949,48.438
4.447,261.784,15.609,47.405
3.573,264.487,15.276,46.394
-1.949,265.780,15.276,46.394
-4.843,267.746,14.950,45.404
18.919,266.125,14.631,44.436
17.015,266.490,14.319,43.489
14.938,268.758,14.014,42.561
12.699,269.939,13.715,41.654
10.687,270.463,14.019,42.575
9.525,270.775,14.329,43.517
7.873,270.004,14.329,43.517
7.101,269.673,14.329,43.517
6.086,271.943,14.023,42.589
4.468,271.619,14.023,42.589
25.235,241.276,14.333,43.531
24.006,242.484,14.028,42.603
20.933,241.794,13.729,41.695
20.367,242.544,13.436,40.805
19.437,245.127,13.436,40.805
20.277,245.463,13.149,39.935
21.187,246.575,13.149,39.935
21.289,248.092,13.149,39.935
20.941,249.590,12.869,39.084
19.457,249.689,12.869,39.084
17.973,249.247,12.595,38.250
16.707,249.001,12.326,37.434
16.802,249.665,12.326,37.434
15.380,249.059,12.063,36.636
13.061,249.337,12.063,36.636
10.927,247.946,12.063,36.636
9.721,245.812,12.063,36.636
7.959,243.679,12.063,36.636
7.152,224.314,12.330,37.447
4.267,222.428,12.067,36.648
2.697,223.624,11.810,35.867
3.514,218.811,11.810,35.867
2.333,222.171,11.810,35.867
-4.106,223.166,11.558,35.102
-6.170,227.112,11.814,35.878
-5.716,221.207,11.814,35.878
-9.334,221.470,12.075,36.672
-10.334,220.775,12.342,37.484
-11.575,219.803,12.079,36.684
-12.039,218.224,12.079,36.684
-12.875,216.830,12.079,36.684
7.281,207.820,12.079,36.684
8.015,207.511,12.346,37.496
8.370,207.589,12.619,38.325
26.655,227.401,12.899,39.173
24.969,228.100,13.184,40.040
25.070,226.376,13.184,40.040
25.780,227.086,13.184,40.040
24.477,225.486,13.476,40.926
24.866,226.001,13.774,41.831
23.701,227.378,13.774,41.831
23.595,228.967,13.774,41.831
26.454,227.166,13.774,41.831
27.511,225.714,14.079,42.757
28.702,225.823,14.079,42.757
31.579,225.911,14.390,43.703
32.575,226.022,14.390,43.703
34.013,226.354,14.390,43.703
35.894,225.801,14.390,43.703
36.890,227.018,14.390,43.703
36.116,228.235,14.390,43.703
38.439,227.460,14.390,43.703
41.206,228.456,14.390,43.703
39.767,227.460,14.390,43.703
41.206,228.014,14.390,43.703
42.866,229.010,14.390,43.703
44.525,229.563,14.390,43.703
44.193,228.346,14.390,43.703
45.189,229.120,14.390,43.703
46.185,230.116,14.390,43.703
48.288,229.784,14.390,43.703
49.726,228.567,14.390,43.703
48.730,229.120,14.390,43.703
48.620,228.124,14.390,43.703
50.280,227.350,14.390,43.703
51.276,226.133,14.390,43.703
51.231,227.142,14.708,44.670
52.151,228.163,14.395,43.717
54.033,227.167,14.395,43.717
56.136,227.720,14.395,43.717
58.018,228.716,14.395,43.717
59.900,227.277,14.395,43.717
62.667,227.388,14.395,43.717
64.770,228.384,14.395,43.717
66.652,227.388,14.395,43.717
69.198,228.163,14.395,43.717
70.415,227.609,14.395,43.717
69.419,229.270,14.395,43.717
70.746,228.776,14.088,42.785
72.371,229.967,14.088,42.785
71.830,229.209,14.088,42.785
71.071,228.451,14.088,42.785
72.696,227.476,14.088,42.785
74.002,228.014,14.399,43.732
71.898,226.796,14.399,43.732
70.680,227.350,14.399,43.732
72.562,226.353,14.399,43.732
74.317,225.859,14.092,42.799
73.558,226.401,14.092,42.799
73.233,226.943,14.092,42.799
74.532,226.668,13.792,41.886
75.487,225.289,13.792,41.886
76.104,225.596,14.097,42.813
75.611,224.110,14.409,43.760
77.051,225.329,14.409,43.760
78.270,223.888,14.409,43.760
79.267,225.550,14.409,43.760
79.223,223.572,14.728,44.729
78.237,221.550,15.054,45.718
77.659,222.591,15.054,45.718
76.617,224.328,15.054,45.718
76.889,225.819,14.733,44.743
76.138,225.677,15.058,45.733
75.611,223.369,15.392,46.745
74.827,224.448,15.732,47.779
74.464,225.053,15.732,47.779
73.411,225.654,16.080,48.836
72.546,226.767,16.080,48.836
72.496,226.612,16.436,49.917
72.446,225.404,16.800,51.021
71.321,226.046,17.171,52.150
70.721,225.880,17.551,53.304
70.316,226.285,17.551,53.304
69.911,225.880,17.551,53.304
69.577,225.990,17.940,54.483
71.922,224.197,17.940,54.483
71.232,224.611,17.940,54.483
73.853,223.645,17.940,54.483
57.437,247.787,17.940,54.483
56.809,248.472,18.337,55.689
57.796,250.023,18.337,55.689
58.783,250.728,18.337,55.689
58.360,251.715,18.337,55.689
57.133,252.709,18.742,56.921
57.277,250.547,18.742,56.921
55.724,252.160,19.157,58.180
55.577,253.486,19.157,58.180
56.313,251.276,19.157,58.180
54.726,253.536,19.581,59.467
53.371,251.278,19.581,59.467
54.425,252.633,19.581,59.467
55.302,254.006,20.014,60.783
54.532,251.390,20.014,60.783
54.378,253.083,20.014,60.783
55.275,253.847,20.457,62.128
53.859,255.892,20.457,62.128
55.101,258.306,20.909,63.503
55.584,255.894,20.909,63.503
57.031,258.949,20.909,63.503
58.478,258.145,20.909,63.503
58.747,254.607,21.372,64.908
59.569,252.470,21.372,64.908
57.116,254.651,21.845,66.344
58.292,252.131,21.845,66.344
57.452,254.987,21.845,66.344
58.628,252.467,21.845,66.344
58.124,253.643,21.845,66.344
56.948,254.147,21.845,66.344
58.275,251.147,22.328,67.811
58.446,249.258,22.328,67.811
57.588,249.430,22.328,67.811
58.790,247.885,22.328,67.811
57.588,248.743,22.328,67.811
58.103,247.541,22.328,67.811
56.901,246.340,22.328,67.811
