111.000,98.000,25.000,101.000
111.709,102.966,25.000,101.000
111.000,107.932,25.000,101.000
111.709,111.007,25.000,101.000
108.635,109.351,25.000,101.000
108.604,108.479,25.553,103.235
105.945,110.655,25.553,103.235
106.187,112.830,25.553,103.235
103.528,115.006,25.553,103.235
101.353,117.664,25.553,103.235
95.793,120.323,25.553,103.235
93.618,120.565,25.553,103.235
90.959,117.906,25.553,103.235
87.816,114.764,25.553,103.235
86.608,112.588,25.553,103.235
87.333,109.930,25.553,103.235
87.091,111.138,25.553,103.235
88.783,110.413,25.553,103.235
90.475,112.588,25.553,103.235
91.684,113.797,25.553,103.235
93.859,115.489,25.553,103.235
95.551,112.830,25.553,103.235
97.243,111.622,25.553,103.235
97.485,108.963,25.553,103.235
98.694,108.721,25.553,103.235
100.869,111.380,25.553,103.235
103.044,114.522,25.553,103.235
104.253,113.314,25.553,103.235
104.978,111.138,25.553,103.235
105.703,107.996,25.553,103.235
105.462,104.853,25.553,103.235
104.253,102.195,25.553,103.235
103.044,101.953,25.553,103.235
103.013,98.052,26.118,105.519
104.248,100.770,26.118,105.519
105.483,102.005,26.118,105.519
104.742,104.723,26.118,105.519
105.483,105.464,26.118,105.519
103.754,104.229,26.118,105.519
104.001,101.511,26.118,105.519
102.766,99.782,26.118,105.519
100.048,96.570,26.118,105.519
100.295,98.299,26.118,105.519
100.542,99.535,26.118,105.519
97.824,97.805,26.118,105.519
95.107,99.535,26.118,105.519
89.424,101.264,26.118,105.519
87.201,98.052,26.118,105.519
83.000,94.346,26.118,105.519
81.271,92.123,26.118,105.519
80.036,95.829,26.118,105.519
79.789,98.052,26.118,105.519
80.036,100.276,26.118,105.519
81.271,102.994,26.118,105.519
81.518,105.711,26.118,105.519
82.753,105.464,26.118,105.519
86.459,109.170,26.118,105.519
93.091,103.645,26.696,107.853
94.106,97.998,27.287,110.240
96.945,94.643,27.287,110.240
99.785,94.385,27.287,110.240
102.108,96.708,27.287,110.240
103.914,98.514,27.287,110.240
105.205,96.708,27.287,110.240
108.044,97.998,27.287,110.240
112.948,94.643,27.287,110.240
112.379,91.013,27.891,112.679
110.532,101.302,27.891,112.679
106.575,96.290,27.891,112.679
105.255,91.804,27.891,112.679
104.464,88.902,27.891,112.679
102.090,86.528,27.891,112.679
97.675,79.533,28.508,115.172
93.163,73.503,29.139,117.720
97.298,67.715,29.139,117.720
98.405,61.551,29.783,120.324
101.291,60.512,30.442,122.987
98.265,62.438,31.116,125.708
103.987,86.758,30.452,123.027
104.590,98.342,29.803,120.403
104.308,99.188,29.803,120.403
99.463,98.026,29.167,117.836
99.187,96.095,29.167,117.836
100.566,90.853,29.167,117.836
101.394,87.818,29.167,117.836
103.877,86.439,29.167,117.836
106.360,83.955,29.167,117.836
108.843,83.128,29.167,117.836
112.430,85.611,29.167,117.836
113.258,88.646,29.167,117.836
118.500,90.025,29.167,117.836
121.535,90.853,29.167,117.836
124.018,92.233,29.167,117.836
125.397,89.198,29.167,117.836
126.225,91.129,29.167,117.836
127.605,89.749,29.167,117.836
127.329,92.784,29.167,117.836
126.501,94.716,29.167,117.836
126.225,96.095,29.167,117.836
124.294,95.267,29.167,117.836
124.570,93.888,29.167,117.836
121.535,90.853,29.167,117.836
121.259,86.714,29.167,117.836
120.431,84.231,29.167,117.836
119.603,83.404,29.167,117.836
119.328,82.576,29.167,117.836
120.707,84.507,29.167,117.836
117.120,82.024,29.167,117.836
116.844,83.404,29.167,117.836
116.017,80.369,29.167,117.836
114.085,79.541,29.167,117.836
108.843,75.402,29.167,117.836
105.257,70.160,29.167,117.836
103.325,67.677,29.167,117.836
99.187,72.368,29.167,117.836
98.359,78.161,29.167,117.836
97.531,82.852,29.167,117.836
93.393,86.439,29.167,117.836
92.013,89.473,29.167,117.836
90.082,86.439,29.167,117.836
92.565,87.818,29.167,117.836
96.704,86.990,29.167,117.836
98.635,87.266,29.167,117.836
101.670,86.990,29.167,117.836
105.257,91.129,29.167,117.836
108.843,93.060,29.167,117.836
111.878,97.199,29.167,117.836
113.810,100.234,29.167,117.836
115.741,96.647,29.167,117.836
117.672,94.164,29.167,117.836
119.052,95.543,29.167,117.836
121.535,99.130,29.167,117.836
122.363,101.613,29.167,117.836
123.742,105.200,29.167,117.836
124.570,110.442,29.167,117.836
124.294,115.132,29.167,117.836
126.225,117.064,29.167,117.836
127.053,113.477,29.167,117.836
126.225,113.201,29.167,117.836
125.949,110.718,29.167,117.836
124.018,114.856,29.167,117.836
124.294,116.788,29.167,117.836
125.122,120.926,29.167,117.836
125.397,118.995,29.167,117.836
126.777,122.582,29.167,117.836
127.053,120.099,29.167,117.836
126.777,118.167,29.167,117.836
127.605,112.925,29.167,117.836
128.984,110.442,29.167,117.836
129.812,110.166,29.167,117.836
130.088,112.097,29.167,117.836
130.916,109.614,29.167,117.836
131.191,109.338,29.167,117.836
130.364,105.752,29.167,117.836
129.536,99.406,29.167,117.836
127.053,95.267,29.167,117.836
126.225,91.681,29.167,117.836
125.949,88.094,29.167,117.836
124.570,88.922,29.167,117.836
123.190,93.060,29.167,117.836
125.673,97.751,29.167,117.836
130.916,101.337,29.167,117.836
135.054,103.820,29.167,117.836
135.882,100.234,29.167,117.836
136.709,97.199,29.167,117.836
136.985,95.267,29.167,117.836
137.261,96.647,29.167,117.836
138.641,99.682,29.167,117.836
138.365,103.820,29.167,117.836
139.193,108.511,29.167,117.836
136.709,110.994,29.167,117.836
135.882,107.959,29.167,117.836
135.054,103.820,29.167,117.836
132.019,99.682,29.167,117.836
129.536,98.854,29.167,117.836
127.053,101.889,29.167,117.836
128.432,105.476,29.167,117.836
128.156,107.959,29.167,117.836
127.881,110.994,29.167,117.836
127.605,113.477,29.167,117.836
127.881,112.649,29.167,117.836
128.417,107.624,29.813,120.443
129.263,104.522,29.813,120.443
124.469,101.420,29.813,120.443
117.418,105.650,29.813,120.443
118.264,108.753,29.813,120.443
112.342,107.342,29.813,120.443
110.932,105.368,29.813,120.443
107.830,103.958,29.813,120.443
108.112,99.164,29.813,120.443
109.522,96.062,29.813,120.443
113.581,90.926,30.472,123.108
116.752,90.638,30.472,123.108
117.040,93.809,30.472,123.108
119.634,98.132,30.472,123.108
123.958,101.880,30.472,123.108
127.705,104.474,30.472,123.108
130.299,101.303,30.472,123.108
131.164,98.709,30.472,123.108
131.452,94.962,30.472,123.108
128.858,94.097,30.472,123.108
130.876,97.268,30.472,123.108
135.200,101.591,30.472,123.108
140.100,105.915,30.472,123.108
139.812,109.662,30.472,123.108
140.100,109.374,30.472,123.108
140.388,107.933,30.472,123.108
138.947,104.762,30.472,123.108
139.235,108.509,30.472,123.108
141.253,111.103,30.472,123.108
142.694,109.662,30.472,123.108
144.712,112.833,30.472,123.108
142.117,117.733,30.472,123.108
142.406,122.057,30.472,123.108
140.964,126.380,30.472,123.108
136.641,130.704,30.472,123.108
132.894,133.298,30.472,123.108
130.876,131.281,30.472,123.108
124.246,129.839,30.472,123.108
125.687,135.316,30.472,123.108
124.823,139.640,30.472,123.108
125.111,142.234,30.472,123.108
123.670,139.063,30.472,123.108
121.652,135.316,30.472,123.108
118.481,124.651,30.472,123.108
118.443,120.000,31.146,125.831
115.202,114.402,31.146,125.831
111.372,110.572,31.146,125.831
112.256,112.634,31.146,125.831
111.372,114.107,31.146,125.831
110.488,115.580,31.146,125.831
106.069,117.643,31.146,125.831
106.953,120.883,31.146,125.831
107.837,116.464,31.146,125.831
109.021,111.098,31.835,128.615
104.504,105.377,31.835,128.615
98.180,100.257,31.835,128.615
96.674,96.342,31.835,128.615
98.782,97.246,31.835,128.615
106.913,100.558,31.835,128.615
108.418,101.462,31.835,128.615
113.538,99.354,31.835,128.615
117.453,97.246,31.835,128.615
117.754,95.138,31.835,128.615
116.248,97.848,31.835,128.615
115.345,95.138,31.835,128.615
115.646,98.450,31.835,128.615
116.549,102.365,31.835,128.615
116.850,106.882,31.835,128.615
120.163,111.400,31.835,128.615
122.271,115.917,31.835,128.615
124.379,113.809,31.835,128.615
128.294,111.701,31.835,128.615
130.402,110.797,31.835,128.615
131.305,114.110,31.835,128.615
128.595,116.820,31.835,128.615
130.101,120.133,31.835,128.615
129.799,124.047,31.835,128.615
131.907,121.939,31.835,128.615
134.015,119.229,31.835,128.615
135.521,121.939,31.835,128.615
136.425,121.036,31.835,128.615
136.726,122.542,31.835,128.615
133.413,122.241,31.835,128.615
122.873,127.360,31.835,128.615
118.356,133.684,31.835,128.615
118.657,137.599,31.835,128.615
118.356,141.514,31.835,128.615
119.259,136.997,31.835,128.615
119.561,131.877,31.835,128.615
115.043,127.962,31.835,128.615
116.549,124.650,31.835,128.615
117.134,122.290,32.540,131.461
118.058,125.060,32.540,131.461
114.672,128.446,32.540,131.461
108.208,125.675,32.540,131.461
109.747,124.136,32.540,131.461
109.439,122.597,32.540,131.461
109.747,120.443,32.540,131.461
106.977,117.673,32.540,131.461
104.822,121.058,32.540,131.461
102.052,124.444,32.540,131.461
105.438,128.446,32.540,131.461
106.977,129.985,32.540,131.461
109.131,131.524,32.540,131.461
111.902,133.063,32.540,131.461
114.056,130.293,32.540,131.461
114.980,130.600,32.540,131.461
107.285,128.446,32.540,131.461
108.208,130.600,32.540,131.461
110.363,133.986,32.540,131.461
111.902,136.756,32.540,131.461
113.441,139.527,32.540,131.461
108.824,135.525,32.540,131.461
109.747,132.139,32.540,131.461
105.130,129.985,32.540,131.461
106.053,133.986,32.540,131.461
108.208,131.832,32.540,131.461
109.131,130.293,32.540,131.461
107.592,133.063,32.540,131.461
106.053,137.064,32.540,131.461
106.977,140.450,32.540,131.461
106.053,137.680,32.540,131.461
104.514,136.141,32.540,131.461
99.282,132.755,32.540,131.461
95.280,128.754,32.540,131.461
89.432,124.752,32.540,131.461
