180.000,79.000,37.000,114.000
179.713,82.736,37.000,114.000
179.425,87.048,37.000,114.000
180.862,90.784,37.000,114.000
179.425,93.946,37.000,114.000
180.862,95.958,37.000,114.000
177.701,96.245,37.000,114.000
176.838,98.257,37.000,114.000
173.102,96.245,37.000,114.000
171.090,98.832,37.000,114.000
167.928,101.994,37.000,114.000
163.617,104.006,37.000,114.000
161.030,102.568,37.000,114.000
159.018,102.281,37.000,114.000
158.156,100.269,37.000,114.000
159.593,97.682,37.000,114.000
157.581,95.670,37.000,114.000
156.719,93.658,37.000,114.000
158.731,93.371,37.000,114.000
160.743,94.808,37.000,114.000
162.755,97.970,37.000,114.000
165.342,97.682,37.000,114.000
169.078,99.694,37.000,114.000
167.641,98.257,37.000,114.000
168.503,96.245,37.000,114.000
168.791,95.958,37.000,114.000
170.228,97.395,37.000,114.000
171.090,95.383,37.000,114.000
172.527,92.796,37.000,114.000
171.090,90.784,37.000,114.000
171.377,91.646,37.000,114.000
170.515,92.509,37.000,114.000
169.078,91.072,37.000,114.000
169.940,88.485,37.000,114.000
169.653,86.473,37.000,114.000
169.940,87.335,37.000,114.000
168.503,86.473,37.000,114.000
168.216,86.186,37.000,114.000
167.354,87.623,37.000,114.000
168.791,90.209,37.000,114.000
169.653,93.371,37.000,114.000
165.916,91.934,37.000,114.000
167.354,92.796,37.000,114.000
168.216,93.658,37.000,114.000
163.930,86.732,37.819,116.522
160.159,87.576,38.655,119.100
156.304,84.701,39.511,121.735
151.087,83.166,39.511,121.735
148.938,83.473,39.511,121.735
146.790,86.235,39.511,121.735
144.641,90.225,39.511,121.735
143.583,93.594,38.668,119.139
143.706,90.522,37.843,116.599
144.812,90.757,38.681,119.178
140.955,87.880,39.537,121.815
144.948,86.344,39.537,121.815
148.653,87.864,40.411,124.510
153.743,86.161,41.305,127.265
159.839,87.124,41.305,127.265
164.010,82.953,41.305,127.265
166.898,83.915,41.305,127.265
166.577,81.669,41.305,127.265
166.256,79.423,41.305,127.265
171.069,77.177,41.305,127.265
173.957,77.498,41.305,127.265
176.845,76.535,41.305,127.265
175.882,76.856,41.305,127.265
176.845,79.102,41.305,127.265
177.808,80.707,41.305,127.265
177.939,80.517,40.425,124.551
179.509,79.575,40.425,124.551
177.311,78.005,40.425,124.551
176.997,80.203,40.425,124.551
176.683,79.261,40.425,124.551
176.369,79.575,40.425,124.551
176.683,81.773,40.425,124.551
178.253,84.600,40.425,124.551
177.311,84.914,40.425,124.551
165.064,87.740,40.425,124.551
163.494,89.310,40.425,124.551
165.064,85.856,40.425,124.551
162.238,82.401,40.425,124.551
163.808,81.459,40.425,124.551
162.866,79.261,40.425,124.551
165.692,80.831,40.425,124.551
167.262,81.145,40.425,124.551
170.088,80.831,40.425,124.551
171.030,77.377,40.425,124.551
175.112,78.947,40.425,124.551
175.426,76.749,40.425,124.551
176.997,73.923,40.425,124.551
180.451,72.981,40.425,124.551
182.649,73.923,40.425,124.551
184.219,74.865,40.425,124.551
186.417,77.691,40.425,124.551
188.615,81.145,40.425,124.551
187.045,82.087,40.425,124.551
186.103,80.517,40.425,124.551
188.301,80.831,40.425,124.551
184.847,79.889,40.425,124.551
185.161,78.319,40.425,124.551
182.335,77.377,40.425,124.551
180.765,75.179,40.425,124.551
179.823,76.749,40.425,124.551
180.765,77.063,40.425,124.551
178.567,76.121,40.425,124.551
180.765,74.551,40.425,124.551
177.311,69.841,40.425,124.551
173.856,65.130,40.425,124.551
172.914,61.676,40.425,124.551
170.088,58.850,40.425,124.551
166.634,56.024,40.425,124.551
163.180,54.453,40.425,124.551
160.981,55.395,40.425,124.551
157.527,59.478,40.425,124.551
155.957,62.932,40.425,124.551
158.155,67.014,40.425,124.551
155.957,69.841,40.425,124.551
153.131,73.923,40.425,124.551
150.933,75.493,40.425,124.551
155.015,76.435,40.425,124.551
159.097,77.377,40.425,124.551
160.667,77.691,40.425,124.551
163.494,79.889,40.425,124.551
165.692,80.203,40.425,124.551
168.518,78.005,40.425,124.551
171.344,79.575,40.425,124.551
172.914,83.029,40.425,124.551
175.113,79.575,40.425,124.551
176.683,78.633,40.425,124.551
178.881,81.459,40.425,124.551
180.451,85.542,40.425,124.551
180.765,88.368,40.425,124.551
182.963,88.682,40.425,124.551
185.789,92.136,40.425,124.551
182.963,96.218,40.425,124.551
187.045,101.557,40.425,124.551
186.103,98.731,40.425,124.551
184.533,99.673,40.425,124.551
181.707,99.987,40.425,124.551
181.393,104.069,40.425,124.551
181.707,105.011,40.425,124.551
183.277,106.581,40.425,124.551
183.591,102.499,40.425,124.551
182.649,99.045,40.425,124.551
182.335,99.987,40.425,124.551
178.881,97.160,40.425,124.551
181.707,93.706,40.425,124.551
183.277,94.648,40.425,124.551
184.847,95.590,40.425,124.551
184.533,92.764,40.425,124.551
187.359,89.310,40.425,124.551
187.045,87.112,40.425,124.551
187.987,88.054,40.425,124.551
184.533,83.972,40.425,124.551
181.805,81.616,41.319,127.307
180.201,77.444,41.319,127.307
180.522,74.555,41.319,127.307
176.991,76.802,41.319,127.307
176.028,79.049,41.319,127.307
178.917,80.653,41.319,127.307
183.089,77.765,41.319,127.307
185.978,78.086,41.319,127.307
186.299,76.481,41.319,127.307
187.262,74.234,41.319,127.307
188.225,76.481,41.319,127.307
188.546,77.444,41.319,127.307
189.509,80.332,41.319,127.307
191.114,82.579,41.319,127.307
193.360,84.184,41.319,127.307
189.830,87.715,41.319,127.307
191.435,87.394,41.319,127.307
189.830,85.789,41.319,127.307
187.583,82.900,41.319,127.307
184.052,85.147,41.319,127.307
182.447,88.036,41.319,127.307
185.336,90.924,41.319,127.307
185.015,89.962,41.319,127.307
182.126,89.641,41.319,127.307
183.731,88.036,41.319,127.307
182.768,87.073,41.319,127.307
184.373,85.468,41.319,127.307
184.694,83.863,41.319,127.307
181.163,85.468,41.319,127.307
175.065,88.999,41.319,127.307
177.954,86.752,41.319,127.307
173.139,85.789,41.319,127.307
170.892,82.900,41.319,127.307
169.930,81.937,41.319,127.307
168.967,80.974,41.319,127.307
172.497,80.653,41.319,127.307
175.386,76.481,41.319,127.307
178.917,77.444,41.319,127.307
177.954,78.407,41.319,127.307
182.126,81.937,41.319,127.307
185.657,81.616,41.319,127.307
187.262,77.444,41.319,127.307
189.509,75.197,41.319,127.307
187.904,73.592,41.319,127.307
188.867,71.987,41.319,127.307
186.620,74.234,41.319,127.307
188.867,78.407,41.319,127.307
193.681,80.653,41.319,127.307
198.496,84.826,41.319,127.307
201.385,88.357,41.319,127.307
203.259,84.617,42.233,130.124
201.618,85.602,42.233,130.124
201.290,85.273,42.233,130.124
202.930,88.882,42.233,130.124
201.290,93.147,42.233,130.124
205.555,96.100,42.233,130.124
208.508,97.740,42.233,130.124
203.587,100.037,42.233,130.124
203.259,98.396,42.233,130.124
199.650,99.381,42.233,130.124
194.729,102.989,42.233,130.124
191.776,105.942,42.233,130.124
190.136,106.270,42.233,130.124
184.558,107.910,42.233,130.124
186.199,112.175,42.233,130.124
185.871,115.784,42.233,130.124
189.480,111.519,42.233,130.124
186.527,113.160,42.233,130.124
186.199,108.895,42.233,130.124
183.246,104.630,42.233,130.124
182.918,102.333,42.233,130.124
179.966,96.100,42.233,130.124
175.044,92.491,42.233,130.124
173.404,92.819,42.233,130.124
172.420,94.459,42.233,130.124
171.436,92.163,42.233,130.124
167.171,90.523,42.233,130.124
166.187,87.570,42.233,130.124
167.827,85.930,42.233,130.124
168.811,83.633,42.233,130.124
165.858,80.024,42.233,130.124
160.281,74.447,42.233,130.124
156.672,70.182,42.233,130.124
160.937,68.542,42.233,130.124
167.827,72.151,42.233,130.124
173.404,78.384,42.233,130.124
178.981,81.993,42.233,130.124
184.559,81.665,42.233,130.124
183.574,79.368,42.233,130.124
181.934,76.416,42.233,130.124
179.637,75.431,42.233,130.124
178.653,75.759,42.233,130.124
182.262,80.024,42.233,130.124
179.966,81.665,42.233,130.124
183.574,86.586,42.233,130.124
185.490,86.848,43.168,133.003
186.056,85.029,44.123,135.945
189.826,84.001,44.123,135.945
191.540,85.029,44.123,135.945
189.141,87.428,44.123,135.945
187.427,87.771,44.123,135.945
189.826,88.799,44.123,135.945
191.540,90.513,44.123,135.945
193.939,94.283,44.123,135.945
195.653,97.368,44.123,135.945
194.625,97.025,44.123,135.945
197.024,97.368,44.123,135.945
195.310,97.025,44.123,135.945
190.169,93.940,44.123,135.945
182.971,97.711,44.123,135.945
177.830,103.537,44.123,135.945
178.858,109.364,44.123,135.945
175.088,106.279,44.123,135.945
176.802,102.509,44.123,135.945
173.717,104.223,44.123,135.945
171.318,100.453,44.123,135.945
171.660,100.110,44.123,135.945
172.689,96.340,44.123,135.945
170.975,93.940,44.123,135.945
167.890,95.654,44.123,135.945
163.434,93.255,44.123,135.945
163.092,97.711,44.123,135.945
163.434,95.997,44.123,135.945
159.746,91.293,45.099,138.953
155.192,92.344,45.099,138.953
152.875,90.443,46.097,142.027
148.936,89.369,46.097,142.027
152.159,89.727,46.097,142.027
157.530,92.949,46.097,142.027
160.037,94.024,46.097,142.027
161.111,95.814,46.097,142.027
164.019,98.364,45.114,138.999
162.967,95.911,45.114,138.999
158.412,94.159,45.114,138.999
156.528,92.601,44.152,136.034
156.871,95.001,44.152,136.034
158.334,90.832,43.210,133.133
159.341,92.510,43.210,133.133
156.890,91.018,42.289,130.294
158.924,93.357,41.387,127.516
154.717,91.928,40.504,124.796
155.661,92.872,40.504,124.796
157.609,89.654,39.640,122.135
158.533,86.882,39.640,122.135
157.609,88.422,39.640,122.135
155.453,91.193,39.640,122.135
156.993,90.270,39.640,122.135
153.606,90.578,39.640,122.135
152.066,90.886,39.640,122.135
149.295,90.578,39.640,122.135
146.523,84.727,39.640,122.135
141.905,81.340,39.640,122.135
