147.000,110.000,34.000,33.000
148.451,112.770,34.000,33.000
150.957,117.122,34.000,33.000
154.518,119.100,34.000,33.000
157.551,118.704,34.000,33.000
160.057,117.781,34.000,33.000
159.661,119.232,34.000,33.000
160.848,120.683,34.000,33.000
161.771,120.815,34.000,33.000
162.694,120.683,34.000,33.000
164.937,119.232,34.000,33.000
164.277,115.407,34.000,33.000
159.661,112.638,34.000,33.000
156.891,109.341,34.000,33.000
155.704,107.626,34.000,33.000
154.518,79.271,34.000,33.000
152.012,73.863,34.000,33.000
147.132,70.566,34.000,33.000
142.516,68.588,34.000,33.000
136.581,67.137,34.000,33.000
130.119,66.478,34.000,33.000
128.668,67.137,34.000,33.000
129.063,65.950,34.000,33.000
128.140,65.027,34.000,33.000
129.591,63.576,34.000,33.000
139.751,65.811,34.752,33.730
146.356,70.529,34.752,33.730
152.574,77.515,34.011,33.011
157.719,87.146,34.011,33.011
161.017,97.832,34.011,33.011
164.559,121.709,33.286,32.307
166.237,127.519,33.286,32.307
166.966,125.499,32.576,31.618
166.461,114.022,31.881,30.944
164.606,93.864,31.881,30.944
162.503,60.845,31.881,30.944
163.369,54.785,31.881,30.944
162.503,52.188,31.881,30.944
161.637,52.065,31.881,30.944
160.030,55.404,31.881,30.944
159.659,72.593,31.881,30.944
159.782,86.321,31.881,30.944
160.153,103.510,31.881,30.944
161.019,119.958,31.881,30.944
161.390,125.276,31.881,30.944
160.030,104.129,31.881,30.944
159.411,93.864,31.881,30.944
159.187,90.828,32.587,31.628
157.797,92.218,32.587,31.628
156.406,96.895,32.587,31.628
154.510,113.960,32.587,31.628
154.637,124.704,32.587,31.628
155.774,137.723,32.587,31.628
156.153,154.535,32.587,31.628
157.544,167.808,32.587,31.628
156.551,159.495,31.892,30.954
156.180,142.299,31.892,30.954
155.067,127.083,31.892,30.954
153.706,117.063,31.892,30.954
152.098,111.248,31.892,30.954
149.995,108.898,31.892,30.954
147.892,113.228,31.892,30.954
146.036,119.289,31.892,30.954
144.428,129.062,31.892,30.954
143.176,141.683,32.597,31.639
142.038,144.338,32.597,31.639
138.624,130.556,32.597,31.639
134.199,108.934,32.597,31.639
131.038,89.587,32.597,31.639
127.624,79.092,32.597,31.639
122.439,74.161,32.597,31.639
120.543,77.322,32.597,31.639
119.658,87.817,32.597,31.639
120.290,105.899,32.597,31.639
120.416,120.187,32.597,31.639
123.577,145.856,32.597,31.639
122.692,141.683,32.597,31.639
123.577,125.119,32.597,31.639
129.773,106.784,32.597,31.639
135.210,90.473,32.597,31.639
141.659,77.449,32.597,31.639
147.855,75.046,32.597,31.639
152.786,77.702,32.597,31.639
155.695,83.139,32.597,31.639
161.385,91.358,32.597,31.639
169.654,112.779,31.902,30.964
171.758,121.318,31.902,30.964
172.624,115.997,31.902,30.964
172.995,102.756,31.902,30.964
174.604,87.287,31.902,30.964
178.193,74.046,31.902,30.964
179.554,73.180,31.902,30.964
178.440,78.006,31.902,30.964
179.306,88.030,31.902,30.964
180.173,101.766,31.902,30.964
177.124,135.703,32.608,31.649
174.720,144.684,32.608,31.649
171.052,135.956,32.608,31.649
167.384,121.157,32.608,31.649
164.475,110.912,32.608,31.649
161.060,100.919,32.608,31.649
158.657,98.263,32.608,31.649
156.506,99.654,32.608,31.649
154.609,105.093,32.608,31.649
153.218,114.074,32.608,31.649
151.320,132.668,32.608,31.649
146.669,129.713,31.913,30.974
140.604,114.487,31.913,30.974
135.281,96.538,31.913,30.974
133.176,88.987,31.913,30.974
128.596,82.673,31.913,30.974
124.016,83.540,31.913,30.974
121.416,88.615,31.913,30.974
120.683,97.894,31.232,30.314
120.804,111.342,31.232,30.314
123.590,132.543,31.232,30.314
122.015,127.091,31.232,30.314
120.198,114.128,31.232,30.314
121.289,101.892,31.232,30.314
124.317,95.471,31.232,30.314
130.254,92.442,31.232,30.314
131.586,96.925,31.232,30.314
135.100,105.042,31.232,30.314
139.824,115.097,31.232,30.314
148.426,128.787,31.232,30.314
158.966,147.565,31.232,30.314
162.479,140.902,31.232,30.314
167.447,124.062,31.232,30.314
169.506,108.919,31.232,30.314
171.323,100.317,31.232,30.314
173.625,91.231,31.232,30.314
173.019,92.079,31.232,30.314
170.233,97.288,31.232,30.314
167.447,106.859,31.232,30.314
165.145,119.822,31.232,30.314
162.601,135.693,31.232,30.314
161.995,127.091,31.232,30.314
160.420,110.251,31.232,30.314
160.403,99.014,30.566,29.667
160.758,93.205,30.566,29.667
159.217,86.921,30.566,29.667
157.676,89.885,30.566,29.667
155.897,97.117,30.566,29.667
153.407,106.484,30.566,29.667
152.577,116.088,30.566,29.667
151.984,123.795,30.566,29.667
150.680,113.242,30.566,29.667
149.139,94.153,30.566,29.667
144.515,86.921,30.566,29.667
138.705,83.482,30.566,29.667
126.018,92.612,30.566,29.667
123.054,101.978,30.566,29.667
121.276,115.139,30.566,29.667
119.734,131.857,30.566,29.667
117.482,145.255,30.566,29.667
119.260,153.910,30.566,29.667
120.090,145.966,30.566,29.667
120.920,133.043,30.566,29.667
123.173,126.996,30.566,29.667
128.983,121.660,30.566,29.667
138.586,122.490,30.566,29.667
144.159,127.114,30.566,29.667
150.206,136.007,30.566,29.667
156.964,149.405,30.566,29.667
161.825,162.803,30.566,29.667
170.244,164.107,30.566,29.667
174.156,151.420,30.566,29.667
176.883,135.177,30.566,29.667
182.081,125.377,31.242,30.323
187.777,119.681,31.242,30.323
192.503,117.621,31.242,30.323
193.109,122.105,31.242,30.323
191.049,129.982,31.242,30.323
185.838,141.737,31.242,30.323
180.384,152.038,31.242,30.323
166.447,146.827,31.242,30.323
157.843,127.316,31.242,30.323
150.935,105.623,31.242,30.323
145.239,91.444,31.242,30.323
141.967,82.355,31.242,30.323
136.998,77.628,31.242,30.323
135.665,82.839,31.242,30.323
136.998,91.929,31.242,30.323
137.362,105.381,31.242,30.323
139.447,120.772,30.576,29.677
140.515,116.384,30.576,29.677
141.582,105.591,30.576,29.677
141.613,99.725,31.253,30.333
143.431,94.027,31.253,30.333
147.189,94.634,31.253,30.333
154.417,106.291,30.586,29.687
155.959,115.427,30.586,29.687
156.078,128.596,30.586,29.687
157.145,145.562,30.586,29.687
157.815,161.545,29.934,29.053
158.395,157.249,29.934,29.053
157.462,143.074,30.596,29.696
156.508,136.466,31.273,30.353
156.872,133.918,31.273,30.353
155.780,136.223,31.273,30.353
156.629,147.747,31.273,30.353
156.265,159.757,31.273,30.353
156.629,173.465,31.273,30.353
158.449,190.084,31.273,30.353
159.540,209.615,31.273,30.353
160.632,204.399,31.273,30.353
159.783,188.265,31.273,30.353
159.766,174.908,30.606,29.706
159.409,163.867,30.606,29.706
160.478,154.013,30.606,29.706
159.409,143.447,30.606,29.706
159.053,143.566,30.606,29.706
158.222,148.196,30.606,29.706
159.528,157.100,30.606,29.706
160.834,168.853,30.606,29.706
162.343,155.099,31.283,30.363
160.523,122.941,31.283,30.363
160.644,106.074,31.283,30.363
161.008,91.634,31.283,30.363
159.673,84.959,31.283,30.363
157.611,85.809,31.283,30.363
155.790,92.726,31.283,30.363
155.426,105.467,31.283,30.363
156.518,122.577,31.283,30.363
156.640,136.775,31.283,30.363
150.694,127.674,31.283,30.363
147.660,110.321,31.283,30.363
145.112,101.463,31.283,30.363
141.835,96.730,31.283,30.363
139.530,95.395,31.283,30.363
135.302,102.152,30.616,29.716
134.470,111.059,30.616,29.716
134.827,124.241,30.616,29.716
134.708,136.474,30.616,29.716
136.727,137.068,30.616,29.716
142.309,109.634,30.616,29.716
144.565,100.964,30.616,29.716
146.584,96.333,30.616,29.716
151.051,91.938,31.294,30.373
156.999,91.088,31.294,30.373
161.004,101.892,31.294,30.373
166.224,112.695,31.294,30.373
174.843,125.441,31.294,30.373
179.577,129.932,31.294,30.373
179.793,124.055,30.626,29.726
182.288,92.336,30.626,29.726
182.566,88.926,31.304,30.383
183.901,85.161,31.304,30.383
184.751,84.068,31.304,30.383
186.816,85.404,31.304,30.383
191.794,96.211,31.304,30.383
195.073,108.961,31.304,30.383
197.623,121.711,31.304,30.383
201.144,126.690,31.304,30.383
201.994,121.711,31.304,30.383
201.275,90.786,30.636,29.735
200.443,86.151,30.636,29.735
196.996,83.655,30.636,29.735
189.985,84.012,30.636,29.735
184.875,86.983,30.636,29.735
178.576,102.075,30.636,29.735
176.319,114.316,30.636,29.735
174.298,124.892,30.636,29.735
170.852,125.249,30.636,29.735
165.504,115.861,30.636,29.735
162.771,90.310,30.636,29.735
160.751,85.676,30.636,29.735
158.730,84.368,30.636,29.735
156.948,86.151,30.636,29.735
155.878,91.261,30.636,29.735
153.383,111.820,30.636,29.735
151.838,125.249,30.636,29.735
149.818,137.014,30.636,29.735
146.847,134.756,30.636,29.735
138.171,124.417,30.636,29.735
117.375,105.759,30.636,29.735
116.067,101.838,30.636,29.735
114.998,100.530,30.636,29.735
113.215,102.075,30.636,29.735
111.908,107.185,30.636,29.735
117.969,124.417,30.636,29.735
121.415,136.895,30.636,29.735
126.763,144.382,30.636,29.735
131.635,139.272,30.636,29.735
140.073,122.278,30.636,29.735
144.945,90.548,30.636,29.735
149.105,83.299,30.636,29.735
154.215,78.426,30.636,29.735
157.899,78.070,30.636,29.735
161.820,82.467,30.636,29.735
166.217,102.551,30.636,29.735
166.336,115.266,30.636,29.735
165.742,123.942,30.636,29.735
164.197,121.684,30.636,29.735
162.890,108.730,30.636,29.735
162.058,82.942,30.636,29.735
160.751,79.258,30.636,29.735
159.444,78.189,30.636,29.735
159.087,80.684,30.636,29.735
156.116,87.458,30.636,29.735
148.629,110.394,30.636,29.735
147.322,122.159,30.636,29.735
145.777,127.269,30.636,29.735
143.281,121.921,30.636,29.735
141.499,111.582,30.636,29.735
142.568,101.719,30.636,29.735
143.876,103.501,30.636,29.735
145.421,108.849,30.636,29.735
146.965,117.049,30.636,29.735
147.084,125.724,30.636,29.735
146.728,149.373,30.636,29.735
145.896,161.376,30.636,29.735
146.490,171.952,30.636,29.735
