256.000,152.000,73.000,210.000
254.378,154.703,73.000,210.000
254.919,153.081,73.000,210.000
254.378,152.541,73.000,210.000
254.919,153.081,73.000,210.000
254.378,152.541,73.000,210.000
254.919,153.081,73.000,210.000
254.378,152.541,73.000,210.000
254.919,154.162,73.000,210.000
254.378,152.541,73.000,210.000
254.919,153.081,73.000,210.000
254.378,153.622,73.000,210.000
254.919,153.081,73.000,210.000
254.378,153.622,73.000,210.000
254.919,153.081,73.000,210.000
254.378,153.622,73.000,210.000
254.919,153.081,73.000,210.000
254.378,153.622,73.000,210.000
254.919,153.081,73.000,210.000
254.378,153.622,73.000,210.000
254.919,153.081,73.000,210.000
253.297,153.622,73.000,210.000
254.919,154.162,73.000,210.000
254.378,152.541,73.000,210.000
254.919,154.162,73.000,210.000
253.297,152.541,73.000,210.000
254.919,154.162,73.000,210.000
253.297,152.541,73.000,210.000
254.919,154.162,73.000,210.000
254.378,152.541,73.000,210.000
253.838,154.162,73.000,210.000
253.297,152.541,73.000,210.000
254.919,154.162,73.000,210.000
253.297,152.541,73.000,210.000
254.919,154.162,73.000,210.000
253.297,152.541,73.000,210.000
253.838,154.162,73.000,210.000
253.297,152.541,73.000,210.000
254.919,154.162,73.000,210.000
253.297,152.541,73.000,210.000
253.838,154.162,73.000,210.000
253.297,152.541,73.000,210.000
253.838,154.162,73.000,210.000
253.297,152.541,73.000,210.000
253.838,154.162,73.000,210.000
253.297,152.541,73.000,210.000
253.838,154.162,73.000,210.000
253.297,152.541,73.000,210.000
254.919,154.162,73.000,210.000
253.297,152.541,73.000,210.000
254.919,154.162,73.000,210.000
253.297,152.541,73.000,210.000
254.919,154.162,73.000,210.000
253.297,152.541,73.000,210.000
254.919,154.162,73.000,210.000
253.297,152.541,73.000,210.000
254.919,154.162,73.000,210.000
253.297,152.541,73.000,210.000
254.919,154.162,73.000,210.000
253.297,152.541,73.000,210.000
254.919,154.162,73.000,210.000
253.297,152.541,73.000,210.000
254.919,154.162,73.000,210.000
253.297,152.541,73.000,210.000
255.639,158.427,71.443,205.522
255.110,155.782,71.443,205.522
254.581,156.311,71.443,205.522
255.110,156.840,71.443,205.522
254.581,155.253,71.443,205.522
255.110,156.840,71.443,205.522
254.581,155.253,71.443,205.522
255.110,156.840,71.443,205.522
254.581,155.253,71.443,205.522
255.110,156.840,71.443,205.522
254.581,155.253,71.443,205.522
255.110,156.840,71.443,205.522
254.581,155.253,71.443,205.522
255.110,156.840,71.443,205.522
254.581,155.253,71.443,205.522
255.110,156.840,71.443,205.522
254.581,155.253,71.443,205.522
255.110,157.898,71.443,205.522
254.581,155.253,71.443,205.522
255.110,157.898,71.443,205.522
254.581,156.311,71.443,205.522
255.110,156.840,71.443,205.522
254.581,156.311,71.443,205.522
255.110,156.840,71.443,205.522
254.581,156.311,71.443,205.522
255.110,156.840,71.443,205.522
254.581,155.253,71.443,205.522
255.110,156.840,71.443,205.522
254.581,155.253,71.443,205.522
255.110,156.840,71.443,205.522
254.581,156.311,71.443,205.522
255.110,156.840,71.443,205.522
254.581,156.311,71.443,205.522
255.110,156.840,71.443,205.522
254.581,156.311,71.443,205.522
255.110,156.840,71.443,205.522
254.581,156.311,71.443,205.522
255.110,156.840,71.443,205.522
254.581,156.311,71.443,205.522
255.110,156.840,71.443,205.522
254.581,155.253,71.443,205.522
254.052,156.840,71.443,205.522
254.581,155.253,71.443,205.522
256.168,156.840,71.443,205.522
256.697,155.253,71.443,205.522
258.988,159.993,69.920,201.139
259.506,157.405,69.920,201.139
261.059,159.993,69.920,201.139
259.506,157.405,69.920,201.139
261.059,158.958,69.920,201.139
260.541,157.405,69.920,201.139
260.024,159.993,69.920,201.139
260.541,157.405,69.920,201.139
260.024,159.993,69.920,201.139
260.541,157.405,69.920,201.139
260.024,159.993,69.920,201.139
260.541,157.405,69.920,201.139
260.024,159.993,69.920,201.139
260.541,157.405,69.920,201.139
260.024,159.993,69.920,201.139
259.506,157.405,69.920,201.139
261.059,159.993,69.920,201.139
259.506,158.440,69.920,201.139
261.059,159.993,69.920,201.139
260.541,158.440,69.920,201.139
261.059,161.029,69.920,201.139
260.541,157.405,69.920,201.139
261.059,159.993,69.920,201.139
260.541,157.405,69.920,201.139
260.024,159.993,69.920,201.139
260.541,157.405,69.920,201.139
261.059,159.993,69.920,201.139
260.541,157.405,69.920,201.139
261.059,161.029,69.920,201.139
260.541,157.405,69.920,201.139
260.024,159.993,69.920,201.139
260.541,157.405,69.920,201.139
261.059,159.993,69.920,201.139
260.541,157.405,69.920,201.139
261.059,159.993,69.920,201.139
260.541,157.405,69.920,201.139
260.024,159.993,69.920,201.139
260.541,157.405,69.920,201.139
260.024,159.993,69.920,201.139
260.541,157.405,69.920,201.139
260.024,159.993,69.920,201.139
260.541,157.405,69.920,201.139
260.024,161.029,69.920,201.139
260.541,157.405,69.920,201.139
260.024,159.993,69.920,201.139
260.541,157.405,69.920,201.139
260.024,159.993,69.920,201.139
260.541,157.405,69.920,201.139
260.024,159.993,69.920,201.139
260.541,157.405,69.920,201.139
261.059,161.029,69.920,201.139
260.541,157.405,69.920,201.139
260.024,159.993,69.920,201.139
260.541,157.405,69.920,201.139
260.024,159.993,69.920,201.139
260.541,157.405,69.920,201.139
260.024,159.993,69.920,201.139
260.541,157.405,69.920,201.139
260.024,159.993,69.920,201.139
260.541,157.405,69.920,201.139
260.024,159.993,69.920,201.139
260.541,157.405,69.920,201.139
260.024,159.993,69.920,201.139
260.541,157.405,69.920,201.139
260.024,159.993,69.920,201.139
260.541,157.405,69.920,201.139
261.059,159.993,69.920,201.139
260.541,157.405,69.920,201.139
261.059,159.993,69.920,201.139
260.541,157.405,69.920,201.139
261.059,161.029,69.920,201.139
260.541,157.405,69.920,201.139
261.059,159.993,69.920,201.139
260.541,157.405,69.920,201.139
260.024,159.993,69.920,201.139
260.541,157.405,69.920,201.139
260.024,159.993,69.920,201.139
260.541,157.405,69.920,201.139
261.059,159.993,69.920,201.139
260.541,157.405,69.920,201.139
261.059,161.029,69.920,201.139
260.541,157.405,69.920,201.139
261.059,159.993,69.920,201.139
260.541,158.440,69.920,201.139
260.024,161.029,69.920,201.139
260.541,158.440,69.920,201.139
260.024,159.993,69.920,201.139
260.541,157.405,69.920,201.139
260.024,159.993,69.920,201.139
260.541,157.405,69.920,201.139
260.024,159.993,69.920,201.139
260.541,157.405,69.920,201.139
260.024,161.029,69.920,201.139
260.541,157.405,69.920,201.139
261.059,161.029,69.920,201.139
260.541,157.405,69.920,201.139
260.024,159.993,69.920,201.139
260.541,157.405,69.920,201.139
260.024,159.993,69.920,201.139
260.541,157.405,69.920,201.139
260.024,159.993,69.920,201.139
260.541,158.440,69.920,201.139
260.024,159.993,69.920,201.139
260.541,158.440,69.920,201.139
261.059,159.993,69.920,201.139
261.577,158.440,69.920,201.139
261.059,159.993,69.920,201.139
261.577,157.405,69.920,201.139
261.059,159.993,69.920,201.139
261.577,158.440,69.920,201.139
261.059,159.993,69.920,201.139
261.577,157.405,69.920,201.139
260.024,159.993,69.920,201.139
258.470,157.405,69.920,201.139
257.719,164.041,68.429,196.850
256.007,163.698,66.969,192.652
255.511,164.194,66.969,192.652
255.015,162.706,66.969,192.652
257.163,169.062,65.541,188.543
254.736,165.665,65.541,188.543
256.192,168.091,65.541,188.543
255.707,165.665,65.541,188.543
257.163,168.091,65.541,188.543
256.678,165.665,65.541,188.543
256.192,168.091,65.541,188.543
256.678,165.665,65.541,188.543
256.192,167.120,65.541,188.543
256.678,165.665,65.541,188.543
255.222,168.091,65.541,188.543
255.707,165.665,65.541,188.543
255.222,168.091,65.541,188.543
255.707,165.665,65.541,188.543
255.222,168.091,65.541,188.543
255.707,165.665,65.541,188.543
255.222,168.091,65.541,188.543
254.736,165.665,65.541,188.543
255.222,168.091,65.541,188.543
255.707,165.665,65.541,188.543
255.222,167.120,65.541,188.543
255.707,165.665,65.541,188.543
255.222,167.120,65.541,188.543
256.678,165.665,65.541,188.543
256.192,167.120,65.541,188.543
255.707,165.665,65.541,188.543
256.192,167.120,65.541,188.543
255.707,165.665,65.541,188.543
255.222,167.120,65.541,188.543
255.707,165.665,65.541,188.543
255.222,168.091,65.541,188.543
255.707,165.665,65.541,188.543
255.222,168.091,65.541,188.543
255.707,165.665,65.541,188.543
255.222,168.091,65.541,188.543
255.707,165.665,65.541,188.543
255.222,168.091,65.541,188.543
255.707,165.665,65.541,188.543
255.222,168.091,65.541,188.543
255.707,165.665,65.541,188.543
255.222,168.091,65.541,188.543
255.707,165.665,65.541,188.543
255.222,167.120,65.541,188.543
256.678,165.665,65.541,188.543
255.222,168.091,65.541,188.543
256.678,165.665,65.541,188.543
255.222,168.091,65.541,188.543
255.707,165.665,65.541,188.543
255.222,168.091,65.541,188.543
254.736,165.665,65.541,188.543
255.222,168.091,65.541,188.543
254.736,165.665,65.541,188.543
254.251,167.120,65.541,188.543
253.766,165.665,65.541,188.543
255.222,166.150,65.541,188.543
255.707,165.665,65.541,188.543
255.222,166.150,65.541,188.543
256.678,165.665,65.541,188.543
255.222,167.120,65.541,188.543
256.678,165.665,65.541,188.543
255.222,168.091,65.541,188.543
256.678,166.635,65.541,188.543
255.222,168.091,65.541,188.543
256.678,167.606,65.541,188.543
255.222,168.091,65.541,188.543
256.678,166.635,65.541,188.543
255.222,168.091,65.541,188.543
256.678,166.635,65.541,188.543
255.222,168.091,65.541,188.543
256.678,166.635,65.541,188.543
255.222,169.062,65.541,188.543
255.707,167.606,65.541,188.543
255.222,169.062,65.541,188.543
256.678,167.606,65.541,188.543
255.222,169.062,65.541,188.543
255.707,168.576,65.541,188.543
255.222,169.062,65.541,188.543
256.678,168.576,65.541,188.543
255.222,169.062,65.541,188.543
255.707,167.606,65.541,188.543
255.222,169.062,65.541,188.543
256.678,167.606,65.541,188.543
255.222,168.091,65.541,188.543
255.707,167.606,65.541,188.543
254.251,168.091,65.541,188.543
253.766,166.635,65.541,188.543
253.281,167.120,65.541,188.543
251.825,165.665,65.541,188.543
254.251,165.179,65.541,188.543
251.825,162.753,65.541,188.543
254.862,164.295,64.144,184.523
252.488,161.921,64.144,184.523
252.013,160.496,64.144,184.523
253.437,158.121,64.144,184.523
252.013,154.797,64.144,184.523
252.488,152.422,64.144,184.523
251.063,149.097,64.144,184.523
251.538,145.773,64.144,184.523
250.113,141.498,64.144,184.523
250.588,137.224,64.144,184.523
250.814,135.071,62.776,180.588
251.279,129.958,62.776,180.588
145.766,184.342,62.776,180.588
145.301,185.736,62.776,180.588
144.836,184.342,62.776,180.588
147.160,185.736,62.776,180.588
144.836,185.271,62.776,180.588
147.160,184.806,62.776,180.588
145.766,187.130,62.776,180.588
145.301,185.736,62.776,180.588
147.625,187.130,62.776,180.588
147.160,187.595,62.776,180.588
146.695,186.201,62.776,180.588
149.019,187.595,62.776,180.588
148.554,186.201,62.776,180.588
149.019,187.595,62.776,180.588
148.554,185.271,62.776,180.588
149.019,185.736,62.776,180.588
149.484,185.271,62.776,180.588
148.090,183.877,62.776,180.588
149.484,187.130,62.776,180.588
148.090,184.806,62.776,180.588
149.484,185.271,62.776,180.588
149.019,183.877,62.776,180.588
149.484,186.201,62.776,180.588
149.019,183.877,62.776,180.588
149.484,184.342,62.776,180.588
149.019,182.947,62.776,180.588
149.484,185.271,62.776,180.588
149.019,182.947,62.776,180.588
150.414,186.201,62.776,180.588
149.019,183.877,62.776,180.588
150.414,186.201,62.776,180.588
149.019,184.806,62.776,180.588
149.484,186.201,62.776,180.588
148.090,184.806,62.776,180.588
148.554,184.342,62.776,180.588
147.160,183.877,62.776,180.588
146.695,184.342,62.776,180.588
147.160,182.947,62.776,180.588
145.766,185.271,62.776,180.588
146.230,182.947,62.776,180.588
145.766,185.271,62.776,180.588
145.301,182.947,62.776,180.588
144.836,186.201,62.776,180.588
145.301,184.806,62.776,180.588
143.906,185.271,62.776,180.588
146.230,183.877,62.776,180.588
144.836,187.131,62.776,180.588
147.160,185.736,62.776,180.588
146.695,186.201,62.776,180.588
147.160,185.736,62.776,180.588
146.695,185.271,62.776,180.588
147.160,183.877,62.776,180.588
146.695,187.131,62.776,180.588
146.230,184.807,62.776,180.588
145.766,186.201,62.776,180.588
145.301,184.807,62.776,180.588
144.836,184.342,62.776,180.588
146.230,184.807,62.776,180.588
144.836,186.201,62.776,180.588
145.301,184.807,62.776,180.588
144.836,185.271,62.776,180.588
145.301,183.877,62.776,180.588
144.836,187.131,62.776,180.588
146.230,184.807,62.776,180.588
144.836,186.201,62.776,180.588
146.230,184.807,62.776,180.588
144.836,186.201,62.776,180.588
146.230,184.807,62.776,180.588
144.836,186.201,62.776,180.588
146.230,185.736,62.776,180.588
144.836,186.201,62.776,180.588
147.160,187.595,62.776,180.588
145.766,187.131,62.776,180.588
148.090,188.525,62.776,180.588
148.554,186.201,62.776,180.588
149.019,188.525,62.776,180.588
151.343,185.271,62.776,180.588
150.879,186.666,62.776,180.588
151.343,186.201,62.776,180.588
151.808,188.525,62.776,180.588
153.203,186.201,62.776,180.588
149.949,188.525,62.776,180.588
152.273,186.201,62.776,180.588
149.019,188.525,62.776,180.588
147.625,186.201,62.776,180.588
146.054,191.263,61.437,176.736
145.599,188.078,61.437,176.736
146.964,190.353,61.437,176.736
143.780,187.168,61.437,176.736
146.964,186.714,61.437,176.736
142.981,181.455,62.796,180.647
147.165,185.639,62.796,180.647
121.868,163.862,64.186,184.644
119.679,153.437,65.606,188.729
127.521,143.790,67.057,192.904
134.968,136.342,67.057,192.904
141.954,138.844,68.541,197.172
151.200,160.357,70.057,201.535
155.268,157.590,71.607,205.994
158.327,158.061,73.192,210.551
162.577,152.921,74.811,215.210
166.455,152.367,74.811,215.210
160.362,157.352,74.811,215.210
148.879,165.520,73.216,210.620
143.912,171.423,71.654,206.129
141.260,168.770,71.654,206.129
139.467,174.548,70.126,201.733
137.712,175.198,68.631,197.431
140.893,178.772,67.167,193.221
138.406,177.280,67.167,193.221
141.888,178.772,67.167,193.221
139.401,176.285,67.167,193.221
141.888,178.772,67.167,193.221
139.401,176.285,67.167,193.221
141.888,178.772,67.167,193.221
140.396,176.285,67.167,193.221
140.893,177.777,67.167,193.221
140.396,176.285,67.167,193.221
140.893,177.777,67.167,193.221
140.396,176.285,67.167,193.221
141.888,177.777,67.167,193.221
140.396,176.285,67.167,193.221
141.888,177.777,67.167,193.221
140.396,176.285,67.167,193.221
141.888,177.777,67.167,193.221
140.396,176.285,67.167,193.221
141.888,177.777,67.167,193.221
140.396,176.285,67.167,193.221
141.888,177.777,67.167,193.221
140.396,176.285,67.167,193.221
141.888,176.783,67.167,193.221
140.396,176.285,67.167,193.221
141.888,177.777,67.167,193.221
140.396,175.291,67.167,193.221
144.467,181.665,65.735,189.100
142.034,179.232,65.735,189.100
142.520,177.771,65.735,189.100
144.629,183.072,64.333,185.068
143.200,179.737,64.333,185.068
144.629,183.072,64.333,185.068
143.200,180.690,64.333,185.068
146.181,186.795,62.961,181.121
143.850,184.465,62.961,181.121
146.181,184.931,62.961,181.121
145.505,190.007,61.619,177.259
145.048,186.814,61.619,177.259
146.417,189.095,61.619,177.259
145.048,188.639,61.619,177.259
146.417,188.182,61.619,177.259
145.048,189.551,61.619,177.259
148.242,187.270,61.619,177.259
148.459,193.118,60.304,173.479
149.799,189.992,60.304,173.479
149.352,192.225,60.304,173.479
148.013,190.885,60.304,173.479
146.673,190.439,60.304,173.479
146.227,189.992,60.304,173.479
144.887,191.332,60.304,173.479
142.655,189.099,60.304,173.479
142.208,193.118,60.304,173.479
139.975,189.992,60.304,173.479
138.636,189.546,60.304,173.479
139.975,188.206,60.304,173.479
139.529,190.439,60.304,173.479
141.761,187.313,60.304,173.479
142.208,185.080,60.304,173.479
143.548,187.313,60.304,173.479
148.459,181.508,60.304,173.479
154.264,179.276,60.304,173.479
160.546,174.114,61.639,177.317
171.043,173.657,61.639,177.317
183.366,174.114,61.639,177.317
201.151,168.837,63.002,181.240
220.297,162.477,64.396,185.250
229.974,155.975,65.821,189.349
236.830,151.352,67.277,193.538
243.838,148.694,68.766,197.820
247.832,149.147,70.287,202.197
253.557,149.668,70.287,202.197
258.241,151.229,70.287,202.197
262.925,148.627,70.287,202.197
253.140,153.291,68.789,197.885
248.556,151.763,68.789,197.885
251.744,156.327,67.322,193.665
249.099,156.951,65.886,189.535
250.562,156.463,65.886,189.535
250.794,161.776,64.481,185.493
250.317,160.343,64.481,185.493
252.704,158.911,64.481,185.493
252.011,165.031,63.106,181.537
252.478,162.694,63.106,181.537
251.077,162.227,63.106,181.537
253.413,163.629,63.106,181.537
252.011,162.227,63.106,181.537
251.544,163.629,63.106,181.537
252.011,162.227,63.106,181.537
252.478,163.629,63.106,181.537
251.077,162.227,63.106,181.537
253.413,163.629,63.106,181.537
252.011,162.227,63.106,181.537
252.478,163.629,63.106,181.537
251.077,162.227,63.106,181.537
253.413,163.629,63.106,181.537
252.011,162.227,63.106,181.537
252.478,162.694,63.106,181.537
251.077,162.227,63.106,181.537
253.413,163.629,63.106,181.537
252.011,162.227,63.106,181.537
252.478,163.629,63.106,181.537
251.077,162.227,63.106,181.537
253.413,163.629,63.106,181.537
252.011,162.227,63.106,181.537
252.478,163.629,63.106,181.537
251.076,162.227,63.106,181.537
253.413,163.629,63.106,181.537
252.011,162.227,63.106,181.537
252.478,163.629,63.106,181.537
251.076,162.227,63.106,181.537
253.413,163.629,63.106,181.537
252.011,161.292,63.106,181.537
252.478,162.694,63.106,181.537
251.076,162.227,63.106,181.537
254.347,162.694,63.106,181.537
252.011,162.227,63.106,181.537
252.478,163.629,63.106,181.537
251.076,162.227,63.106,181.537
253.413,163.629,63.106,181.537
252.011,162.227,63.106,181.537
252.478,162.694,63.106,181.537
251.076,162.227,63.106,181.537
253.413,162.694,63.106,181.537
252.011,162.227,63.106,181.537
252.478,162.694,63.106,181.537
251.076,163.161,63.106,181.537
254.347,162.694,63.106,181.537
252.011,161.292,63.106,181.537
253.413,162.694,63.106,181.537
252.945,162.227,63.106,181.537
252.478,162.694,63.106,181.537
252.011,162.227,63.106,181.537
253.413,163.629,63.106,181.537
252.011,162.227,63.106,181.537
252.478,163.629,63.106,181.537
251.076,162.227,63.106,181.537
253.413,163.629,63.106,181.537
252.011,162.227,63.106,181.537
252.478,163.629,63.106,181.537
251.076,162.227,63.106,181.537
253.413,163.629,63.106,181.537
252.011,162.227,63.106,181.537
252.478,163.629,63.106,181.537
251.076,161.292,63.106,181.537
254.347,161.760,63.106,181.537
253.669,165.947,61.760,177.666
253.212,163.661,61.760,177.666
254.583,165.947,61.760,177.666
254.126,163.661,61.760,177.666
252.754,166.862,61.760,177.666
254.126,163.661,61.760,177.666
252.754,167.776,61.760,177.666
252.297,164.575,61.760,177.666
253.669,166.862,61.760,177.666
252.297,164.575,61.760,177.666
253.669,166.862,61.760,177.666
252.297,164.575,61.760,177.666
253.669,166.862,61.760,177.666
252.297,164.575,61.760,177.666
252.754,166.862,61.760,177.666
252.297,164.575,61.760,177.666
254.583,166.862,61.760,177.666
253.212,163.661,61.760,177.666
253.669,166.862,61.760,177.666
252.297,163.661,61.760,177.666
252.754,167.776,61.760,177.666
250.468,165.490,61.760,177.666
253.669,171.435,61.760,177.666
250.468,172.807,61.760,177.666
255.952,164.673,63.127,181.597
252.680,161.402,63.127,181.597
253.148,163.739,63.127,181.597
255.485,162.336,63.127,181.597
255.707,167.426,61.780,177.724
255.250,164.224,61.780,177.724
254.793,166.511,61.780,177.724
255.250,165.139,61.780,177.724
253.878,164.682,61.780,177.724
255.250,166.054,61.780,177.724
253.878,165.597,61.780,177.724
256.165,165.139,61.780,177.724
256.383,168.357,60.463,173.934
256.830,167.014,60.463,173.934
255.487,168.357,60.463,173.934
255.935,167.014,60.463,173.934
255.487,168.357,60.463,173.934
255.935,167.014,60.463,173.934
256.383,166.566,60.463,173.934
256.830,166.118,60.463,173.934
255.487,166.566,60.463,173.934
256.830,167.909,60.463,173.934
255.487,167.461,60.463,173.934
256.830,167.014,60.463,173.934
255.487,168.357,60.463,173.934
255.935,167.909,60.463,173.934
254.592,168.357,60.463,173.934
254.144,168.805,60.463,173.934
255.487,168.357,60.463,173.934
255.040,167.014,60.463,173.934
254.592,168.357,60.463,173.934
255.040,166.118,60.463,173.934
254.592,166.566,60.463,173.934
255.040,166.118,60.463,173.934
254.592,165.671,60.463,173.934
255.040,167.014,60.463,173.934
254.592,166.566,60.463,173.934
255.040,166.118,60.463,173.934
254.592,165.671,60.463,173.934
255.040,167.014,60.463,173.934
254.592,166.566,60.463,173.934
255.040,166.118,60.463,173.934
254.592,165.671,60.463,173.934
255.040,167.014,60.463,173.934
254.592,166.566,60.463,173.934
255.040,166.118,60.463,173.934
254.592,165.671,60.463,173.934
254.144,167.909,60.463,173.934
254.592,166.566,60.463,173.934
254.144,167.014,60.463,173.934
253.697,166.566,60.463,173.934
255.935,166.118,60.463,173.934
254.592,165.671,60.463,173.934
254.144,167.909,60.463,173.934
254.592,166.566,60.463,173.934
255.040,167.014,60.463,173.934
254.592,166.566,60.463,173.934
255.040,166.118,60.463,173.934
254.592,165.671,60.463,173.934
254.144,167.909,60.463,173.934
254.592,166.566,60.463,173.934
255.040,167.014,60.463,173.934
254.592,166.566,60.463,173.934
255.040,167.014,60.463,173.934
254.592,166.566,60.463,173.934
255.040,166.118,60.463,173.934
254.592,165.671,60.463,173.934
255.040,167.014,60.463,173.934
254.592,166.566,60.463,173.934
255.040,166.118,60.463,173.934
254.592,165.671,60.463,173.934
255.040,167.014,60.463,173.934
254.592,166.566,60.463,173.934
255.040,166.118,60.463,173.934
254.592,165.671,60.463,173.934
255.040,167.909,60.463,173.934
254.592,166.566,60.463,173.934
255.040,166.118,60.463,173.934
254.592,165.671,60.463,173.934
255.040,167.909,60.463,173.934
254.592,166.566,60.463,173.934
255.040,166.118,60.463,173.934
254.592,165.671,60.463,173.934
255.040,167.909,60.463,173.934
254.592,166.566,60.463,173.934
255.040,167.014,60.463,173.934
254.592,167.461,60.463,173.934
255.040,166.118,60.463,173.934
254.592,166.566,60.463,173.934
255.040,167.014,60.463,173.934
254.592,166.566,60.463,173.934
255.040,166.118,60.463,173.934
254.592,165.671,60.463,173.934
255.040,167.909,60.463,173.934
254.592,166.566,60.463,173.934
255.040,166.118,60.463,173.934
254.592,166.566,60.463,173.934
255.040,166.118,60.463,173.934
254.592,165.671,60.463,173.934
255.040,167.909,60.463,173.934
254.592,166.566,60.463,173.934
255.040,166.118,60.463,173.934
254.592,166.566,60.463,173.934
255.040,167.014,60.463,173.934
254.592,167.461,60.463,173.934
255.040,166.118,60.463,173.934
254.592,167.461,60.463,173.934
255.040,167.014,60.463,173.934
254.592,168.357,60.463,173.934
255.040,167.014,60.463,173.934
254.592,167.461,60.463,173.934
255.935,167.014,60.463,173.934
255.487,166.566,60.463,173.934
257.726,167.909,60.463,173.934
256.383,166.566,60.463,173.934
256.830,167.014,60.463,173.934
253.697,166.566,60.463,173.934
249.667,165.223,60.463,173.934
240.266,166.566,60.463,173.934
275.000,247.387,59.173,170.225
267.551,247.825,59.173,170.225
260.103,245.634,59.173,170.225
252.654,244.320,59.173,170.225
242.577,245.634,59.173,170.225
233.376,246.949,59.173,170.225
224.175,246.511,59.173,170.225
213.404,247.059,57.912,166.595
206.168,254.208,56.677,163.042
257.786,172.375,56.677,163.042
255.853,170.136,57.931,166.649
253.877,169.628,59.212,170.337
256.069,168.312,59.212,170.337
257.385,168.751,59.212,170.337
257.823,169.189,59.212,170.337
256.508,167.874,59.212,170.337
256.069,169.189,59.212,170.337
256.508,168.751,59.212,170.337
255.192,170.066,59.212,170.337
254.082,165.907,60.522,174.105
254.531,168.148,60.522,174.105
254.979,165.907,60.522,174.105
254.531,168.148,60.522,174.105
254.979,165.907,60.522,174.105
254.531,168.148,60.522,174.105
254.979,165.907,60.522,174.105
254.531,168.148,60.522,174.105
254.979,165.907,60.522,174.105
254.531,168.148,60.522,174.105
254.979,165.907,60.522,174.105
254.531,168.148,60.522,174.105
255.875,165.907,60.522,174.105
254.531,167.252,60.522,174.105
255.875,165.907,60.522,174.105
255.427,168.148,60.522,174.105
256.771,165.907,60.522,174.105
255.427,167.252,60.522,174.105
256.771,165.907,60.522,174.105
254.531,167.252,60.522,174.105
254.082,165.907,60.522,174.105
252.738,167.252,60.522,174.105
254.979,165.011,60.522,174.105
257.219,164.563,60.522,174.105
260.888,167.715,59.232,170.392
263.958,167.276,59.232,170.392
265.578,164.936,60.542,174.162
242.716,229.040,60.542,174.162
252.130,232.178,60.542,174.162
264.233,231.730,60.542,174.162
276.337,233.971,60.542,174.162
281.713,230.649,61.882,178.016
289.881,235.639,60.562,174.219
252.662,168.824,60.562,174.219
258.491,166.581,60.562,174.219
256.249,167.927,60.562,174.219
255.801,165.685,60.562,174.219
255.352,168.824,60.562,174.219
256.697,166.581,60.562,174.219
255.352,166.133,60.562,174.219
254.904,166.581,60.562,174.219
254.455,167.030,60.562,174.219
254.904,166.581,60.562,174.219
254.455,167.927,60.562,174.219
254.904,166.581,60.562,174.219
254.455,167.927,60.562,174.219
254.904,165.685,60.562,174.219
253.558,168.824,60.562,174.219
255.801,166.581,60.562,174.219
254.455,167.030,60.562,174.219
254.904,166.581,60.562,174.219
254.455,167.927,60.562,174.219
254.904,166.581,60.562,174.219
254.455,167.927,60.562,174.219
254.904,165.685,60.562,174.219
254.455,168.824,60.562,174.219
255.801,166.581,60.562,174.219
254.455,166.133,60.562,174.219
255.801,165.685,60.562,174.219
255.352,167.030,60.562,174.219
255.801,165.685,60.562,174.219
254.455,167.030,60.562,174.219
255.801,165.685,60.562,174.219
254.455,167.927,60.562,174.219
255.801,165.685,60.562,174.219
255.352,167.030,60.562,174.219
255.801,165.685,60.562,174.219
255.352,167.030,60.562,174.219
255.801,165.685,60.562,174.219
254.455,167.030,60.562,174.219
255.801,165.685,60.562,174.219
255.352,167.030,60.562,174.219
255.801,165.685,60.562,174.219
254.455,167.030,60.562,174.219
255.801,165.685,60.562,174.219
255.352,167.030,60.562,174.219
255.801,165.685,60.562,174.219
255.352,166.133,60.562,174.219
255.801,165.685,60.562,174.219
255.352,167.030,60.562,174.219
256.697,165.685,60.562,174.219
256.249,166.133,60.562,174.219
256.697,165.685,60.562,174.219
256.249,167.030,60.562,174.219
255.801,165.685,60.562,174.219
254.455,167.927,60.562,174.219
255.801,165.685,60.562,174.219
254.455,168.824,60.562,174.219
254.904,166.581,60.562,174.219
254.455,167.030,60.562,174.219
254.904,165.685,60.562,174.219
253.558,167.927,60.562,174.219
256.697,165.685,60.562,174.219
255.352,167.927,60.562,174.219
254.904,165.685,60.562,174.219
254.455,167.927,60.562,174.219
254.904,165.685,60.562,174.219
254.455,167.927,60.562,174.219
255.801,165.685,60.562,174.219
254.455,167.927,60.562,174.219
254.904,166.581,60.562,174.219
254.455,166.133,60.562,174.219
254.007,166.581,60.562,174.219
253.558,167.927,60.562,174.219
255.801,166.581,60.562,174.219
254.455,168.824,60.562,174.219
254.007,168.375,60.562,174.219
253.558,168.824,60.562,174.219
254.904,168.375,60.562,174.219
253.558,169.720,60.562,174.219
255.801,169.272,60.562,174.219
254.455,168.824,60.562,174.219
254.007,169.272,60.562,174.219
253.558,168.824,60.562,174.219
254.904,170.169,60.562,174.219
254.455,169.720,60.562,174.219
256.697,172.859,60.562,174.219
258.940,175.998,60.562,174.219
261.182,176.447,60.562,174.219
267.908,181.379,60.562,174.219
274.217,183.639,61.902,178.074
283.518,186.900,63.272,182.014
300.802,183.429,64.671,186.041
322.443,179.880,66.102,190.157
332.376,175.237,67.565,194.364
352.866,165.255,66.124,190.220
360.650,155.486,64.714,186.163
369.754,198.131,64.714,186.163
388.456,207.044,63.334,182.193
409.650,202.596,64.735,186.224
433.136,203.075,64.735,186.224
445.120,208.348,64.735,186.224
454.847,203.801,66.167,190.344
461.216,209.190,66.167,190.344
466.075,205.560,67.631,194.556
464.383,215.840,66.189,190.407
468.227,209.157,67.653,194.619
464.720,211.662,67.653,194.619
468.649,206.910,69.150,198.925
466.919,213.473,67.676,194.683
471.988,216.998,66.232,190.532
470.516,214.546,66.232,190.532
471.007,212.093,66.232,190.532
471.497,211.603,66.232,190.532
472.968,211.113,66.232,190.532
475.421,210.622,66.232,190.532
474.179,205.970,67.698,194.747
472.910,201.216,69.196,199.056
473.739,196.356,70.727,203.460
470.240,192.475,72.291,207.962
472.217,189.619,73.891,212.563
470.832,186.700,75.526,217.266
471.737,183.716,77.197,222.073
471.476,180.667,78.905,226.986
472.422,177.550,80.650,232.008
470.630,180.535,80.650,232.008
471.597,173.632,82.435,237.141
469.766,175.463,82.435,237.141
471.597,173.632,82.435,237.141
472.585,169.109,84.259,242.388
476.952,177.219,84.259,242.388
478.824,174.100,84.259,242.388
475.704,177.219,84.259,242.388
480.071,175.348,84.259,242.388
474.456,175.971,84.259,242.388
478.823,175.348,84.259,242.388
475.704,173.476,84.259,242.388
480.071,175.348,84.259,242.388
474.456,175.971,84.259,242.388
477.576,176.595,84.259,242.388
474.456,175.971,84.259,242.388
478.823,175.348,84.259,242.388
474.456,174.724,84.259,242.388
478.823,174.100,84.259,242.388
475.704,175.971,84.259,242.388
480.071,174.100,84.259,242.388
476.952,174.724,84.259,242.388
481.319,172.852,84.259,242.388
479.447,174.724,84.259,242.388
481.319,172.852,84.259,242.388
479.447,173.476,84.259,242.388
481.319,172.852,84.259,242.388
478.199,174.724,84.259,242.388
482.567,174.100,84.259,242.388
478.199,173.476,84.259,242.388
480.071,174.100,84.259,242.388
475.704,174.724,84.259,242.388
480.071,174.100,84.259,242.388
475.704,175.971,84.259,242.388
480.071,174.100,84.259,242.388
474.456,175.971,84.259,242.388
480.071,174.100,84.259,242.388
475.704,174.724,84.259,242.388
480.071,172.852,84.259,242.388
475.704,174.724,84.259,242.388
480.071,172.852,84.259,242.388
476.952,172.228,84.259,242.388
481.319,172.852,84.259,242.388
476.952,172.228,84.259,242.388
481.319,174.100,84.259,242.388
476.952,172.228,84.259,242.388
481.319,175.348,84.259,242.388
477.150,166.841,86.123,247.751
479.063,171.304,86.123,247.751
475.875,168.116,86.123,247.751
477.788,170.029,86.123,247.751
473.324,169.391,86.123,247.751
479.063,168.754,86.123,247.751
473.324,169.391,86.123,247.751
479.063,168.754,86.123,247.751
475.875,169.391,86.123,247.751
479.063,170.029,86.123,247.751
478.426,169.391,86.123,247.751
480.339,171.304,86.123,247.751
479.701,169.391,86.123,247.751
480.339,170.029,86.123,247.751
479.701,168.116,86.123,247.751
479.063,170.029,86.123,247.751
480.977,169.391,86.123,247.751
479.063,168.754,86.123,247.751
480.977,169.391,86.123,247.751
477.788,168.754,86.123,247.751
479.701,169.391,86.123,247.751
477.788,170.029,86.123,247.751
478.426,169.391,86.123,247.751
477.788,170.029,86.123,247.751
475.875,169.391,86.123,247.751
479.063,168.754,86.123,247.751
477.150,168.116,86.123,247.751
477.788,170.029,86.123,247.751
477.150,169.391,86.123,247.751
480.339,170.029,86.123,247.751
478.426,169.391,86.123,247.751
480.339,170.029,86.123,247.751
478.426,169.391,86.123,247.751
480.339,170.029,86.123,247.751
479.701,169.391,86.123,247.751
479.063,168.754,86.123,247.751
480.976,169.391,86.123,247.751
477.788,168.754,86.123,247.751
479.701,169.391,86.123,247.751
476.513,168.754,86.123,247.751
478.426,168.116,86.123,247.751
477.788,170.029,86.123,247.751
475.875,168.116,86.123,247.751
479.063,170.029,86.123,247.751
475.875,169.391,86.123,247.751
479.063,168.754,86.123,247.751
475.875,168.116,86.123,247.751
479.063,167.478,86.123,247.751
477.150,168.116,86.123,247.751
480.339,167.478,86.123,247.751
478.426,166.840,86.123,247.751
481.614,166.203,86.123,247.751
478.426,166.840,86.123,247.751
480.339,167.478,86.123,247.751
475.875,170.667,86.123,247.751
482.890,167.478,86.123,247.751
478.426,168.116,86.123,247.751
481.614,168.754,86.123,247.751
479.701,165.565,86.123,247.751
482.890,167.478,86.123,247.751
479.701,164.290,86.123,247.751
475.237,167.478,86.123,247.751
474.600,166.840,86.123,247.751
471.411,166.203,86.123,247.751
472.049,166.840,86.123,247.751
471.411,164.927,86.123,247.751
472.049,168.116,86.123,247.751
472.687,166.203,86.123,247.751
472.049,166.841,86.123,247.751
473.962,166.203,86.123,247.751
473.324,166.841,86.123,247.751
473.962,164.927,86.123,247.751
473.324,168.116,86.123,247.751
476.513,164.927,86.123,247.751
474.600,166.841,86.123,247.751
473.962,163.652,86.123,247.751
472.049,168.116,86.123,247.751
473.962,164.927,86.123,247.751
472.049,168.116,86.123,247.751
473.962,164.927,86.123,247.751
475.875,166.840,86.123,247.751
473.962,164.927,86.123,247.751
474.600,168.116,86.123,247.751
472.687,164.927,86.123,247.751
472.049,168.116,86.123,247.751
473.962,166.203,86.123,247.751
474.266,173.147,84.286,242.468
474.890,168.778,84.286,242.468
474.266,170.651,84.286,242.468
473.641,170.027,84.286,242.468
474.266,170.651,84.286,242.468
472.393,170.027,84.286,242.468
475.514,169.402,84.286,242.468
474.890,171.275,84.286,242.468
475.514,169.402,84.286,242.468
476.138,172.523,84.286,242.468
475.514,169.402,84.286,242.468
476.138,171.275,84.286,242.468
475.514,168.154,84.286,242.468
476.138,172.523,84.286,242.468
474.266,169.402,84.286,242.468
473.641,172.523,84.286,242.468
474.266,169.402,84.286,242.468
474.890,172.523,84.286,242.468
473.017,169.402,84.286,242.468
472.393,172.523,84.286,242.468
473.017,169.402,84.286,242.468
471.145,171.275,84.286,242.468
473.017,169.402,84.286,242.468
476.138,172.523,84.286,242.468
474.266,169.402,84.286,242.468
476.138,172.523,84.286,242.468
474.266,169.402,84.286,242.468
474.890,172.523,84.286,242.468
474.266,169.402,84.286,242.468
474.890,172.523,84.286,242.468
474.266,169.402,84.286,242.468
474.890,171.275,84.286,242.468
473.017,169.402,84.286,242.468
471.145,172.523,84.286,242.468
473.017,171.899,84.286,242.468
473.641,172.523,84.286,242.468
475.142,179.319,82.489,237.297
474.531,177.487,82.489,237.297
474.822,182.960,80.730,232.236
476.615,178.776,80.730,232.236
474.822,180.569,80.730,232.236
479.006,179.972,80.730,232.236
477.213,180.569,80.730,232.236
477.811,179.972,80.730,232.236
478.408,181.765,80.730,232.236
477.541,185.970,79.008,227.284
479.296,184.215,79.008,227.284
478.447,191.713,77.323,222.437
480.164,188.850,77.323,222.437
478.447,192.858,77.323,222.437
480.164,195.720,77.323,222.437
475.011,198.583,77.323,222.437
467.568,202.591,77.323,222.437
461.271,208.889,77.323,222.437
453.828,216.332,77.323,222.437
446.438,216.841,79.034,227.358
438.885,218.576,80.783,232.389
424.960,217.867,82.570,237.530
400.577,210.799,84.397,242.786
379.544,203.575,86.264,248.157
362.023,196.191,88.173,253.648
339.173,190.315,88.173,253.648
312.405,179.216,88.173,253.648
276.497,164.200,88.173,253.648
257.564,149.184,88.173,253.648
249.077,134.168,88.173,253.648
244.507,124.375,88.173,253.648
239.937,118.500,88.173,253.648
236.673,115.235,88.173,253.648
233.408,118.500,88.173,253.648
236.236,124.350,86.293,248.239
234.077,128.845,84.452,242.945
232.201,128.220,84.452,242.945
234.077,125.093,84.452,242.945
234.702,123.217,84.452,242.945
232.826,123.842,84.452,242.945
230.950,123.217,84.452,242.945
231.576,120.090,84.452,242.945
232.201,116.964,84.452,242.945
231.576,126.344,84.452,242.945
232.201,119.465,84.452,242.945
232.826,115.088,84.452,242.945
232.201,119.465,84.452,242.945
228.023,121.319,86.321,248.320
227.384,121.958,86.321,248.320
230.580,123.876,86.321,248.320
233.775,121.958,86.321,248.320
235.312,121.526,84.480,243.025
232.184,120.900,84.480,243.025
230.308,116.521,84.480,243.025
229.682,114.645,84.480,243.025
231.559,121.526,84.480,243.025
229.682,115.896,84.480,243.025
227.806,111.517,84.480,243.025
230.933,120.900,84.480,243.025
231.559,116.521,84.480,243.025
234.686,115.896,84.480,243.025
241.013,114.267,82.678,237.842
241.305,113.852,80.915,232.770
243.900,120.377,79.190,227.806
243.314,115.100,79.190,227.806
243.900,110.995,79.190,227.806
244.486,115.100,79.190,227.806
243.900,110.995,79.190,227.806
244.486,115.100,79.190,227.806
241.555,118.031,79.190,227.806
242.964,116.504,77.501,222.948
242.131,122.753,75.848,218.194
244.564,123.456,74.231,213.541
243.766,129.441,72.648,208.987
246.096,127.003,71.099,204.530
249.391,133.751,69.582,200.168
249.637,134.395,68.099,195.900
250.849,137.942,66.646,191.722
250.133,141.413,65.225,187.634
251.581,138.033,65.225,187.634
249.949,146.085,63.834,183.632
250.422,142.776,63.834,183.632
250.895,142.303,63.834,183.632
250.422,143.721,63.834,183.632
251.840,141.358,63.834,183.632
249.477,144.667,63.834,183.632
250.613,146.169,62.473,179.716
251.076,144.781,62.473,179.716
250.613,146.169,62.473,179.716
251.076,145.707,62.473,179.716
251.538,145.244,62.473,179.716
251.758,150.281,61.141,175.884
252.211,148.018,61.141,175.884
251.758,149.376,61.141,175.884
252.211,148.923,61.141,175.884
252.664,147.565,61.141,175.884
253.116,147.112,61.141,175.884
251.758,149.376,61.141,175.884
253.116,148.018,61.141,175.884
251.758,149.376,61.141,175.884
251.306,148.923,61.141,175.884
250.853,148.470,61.141,175.884
251.306,149.829,61.141,175.884
250.853,147.565,61.141,175.884
251.306,148.923,61.141,175.884
251.758,148.470,61.141,175.884
251.306,149.829,61.141,175.884
249.948,147.565,61.141,175.884
248.589,148.923,61.141,175.884
249.042,149.376,61.141,175.884
246.640,153.433,59.837,172.133
250.627,151.218,59.837,172.133
250.184,152.547,59.837,172.133
253.285,149.445,59.837,172.133
273.223,202.169,59.837,172.133
250.956,193.370,61.161,175.941
230.578,182.954,61.161,175.941
224.691,168.915,61.161,175.941
220.615,159.405,61.161,175.941
223.785,154.424,61.161,175.941
251.409,148.537,61.161,175.941
258.202,146.272,61.161,175.941
260.466,147.631,61.161,175.941
262.731,144.461,61.161,175.941
259.561,148.537,61.161,175.941
261.825,145.367,61.161,175.941
261.372,146.725,61.161,175.941
260.919,144.461,61.161,175.941
262.278,147.631,61.161,175.941
262.731,144.461,61.161,175.941
261.372,149.442,61.161,175.941
262.731,145.367,61.161,175.941
261.372,147.631,61.161,175.941
260.919,144.461,61.161,175.941
262.278,146.725,61.161,175.941
260.014,145.367,61.161,175.941
260.466,147.631,61.161,175.941
261.825,144.461,61.161,175.941
260.466,148.537,61.161,175.941
260.919,145.367,61.161,175.941
260.466,147.631,61.161,175.941
260.919,145.367,61.161,175.941
260.466,147.631,61.161,175.941
260.919,144.461,61.161,175.941
260.466,148.537,61.161,175.941
260.919,145.367,61.161,175.941
259.561,148.537,61.161,175.941
260.014,145.367,61.161,175.941
259.561,147.631,61.161,175.941
260.919,144.461,61.161,175.941
259.561,148.537,61.161,175.941
260.014,145.367,61.161,175.941
259.561,147.631,61.161,175.941
260.014,145.367,61.161,175.941
259.561,147.631,61.161,175.941
260.014,145.367,61.161,175.941
258.655,148.537,61.161,175.941
260.014,145.367,61.161,175.941
259.561,147.631,61.161,175.941
260.919,145.367,61.161,175.941
260.466,147.631,61.161,175.941
260.919,144.461,61.161,175.941
260.466,148.537,61.161,175.941
260.919,145.367,61.161,175.941
259.561,147.631,61.161,175.941
258.202,146.272,61.161,175.941
255.032,148.537,61.161,175.941
271.834,146.484,59.856,172.189
176.357,164.980,58.580,168.517
173.219,168.031,57.331,164.924
174.492,165.909,57.331,164.924
173.058,169.713,56.108,161.407
174.304,169.298,56.108,161.407
173.889,168.882,56.108,161.407
173.473,168.467,56.108,161.407
173.058,169.713,56.108,161.407
175.135,168.467,56.108,161.407
173.058,168.882,56.108,161.407
175.135,168.467,56.108,161.407
173.889,168.882,56.108,161.407
174.304,168.467,56.108,161.407
174.720,169.713,56.108,161.407
172.643,169.298,56.108,161.407
174.720,168.882,56.108,161.407
172.643,167.636,56.108,161.407
174.720,170.544,56.108,161.407
172.643,168.467,56.108,161.407
174.720,169.713,56.108,161.407
172.643,168.467,56.108,161.407
174.720,169.713,56.108,161.407
172.643,169.298,56.108,161.407
174.720,168.882,56.108,161.407
173.473,168.467,56.108,161.407
173.889,169.713,56.108,161.407
174.304,169.298,56.108,161.407
174.720,168.882,56.108,161.407
172.643,168.467,56.108,161.407
174.720,169.713,56.108,161.407
173.473,169.298,56.108,161.407
173.889,168.882,56.108,161.407
173.473,168.467,56.108,161.407
173.889,169.713,56.108,161.407
173.473,169.298,56.108,161.407
173.889,168.882,56.108,161.407
173.473,168.467,56.108,161.407
173.889,169.713,56.108,161.407
174.304,169.298,56.108,161.407
174.720,168.882,56.108,161.407
172.643,168.467,56.108,161.407
174.720,169.713,56.108,161.407
172.643,169.298,56.108,161.407
174.720,168.882,56.108,161.407
172.643,168.467,56.108,161.407
173.889,169.713,56.108,161.407
173.473,169.298,56.108,161.407
172.227,168.051,56.108,161.407
175.135,169.298,56.108,161.407
171.396,170.544,56.108,161.407
177.200,174.267,54.912,157.965
186.015,162.235,53.741,154.596
183.230,143.533,53.741,154.596
170.379,149.401,52.595,151.299
260.338,161.473,52.595,151.299
262.285,161.862,52.595,151.299
262.674,163.031,52.595,151.299
263.842,162.641,52.595,151.299
262.857,160.563,53.758,154.647
260.866,162.554,53.758,154.647
263.163,158.778,54.948,158.068
261.128,160.812,54.948,158.068
262.631,156.109,56.163,161.565
259.720,158.188,56.163,161.565
261.256,153.381,57.406,165.140
262.531,153.806,57.406,165.140
261.256,155.931,57.406,165.140
261.944,151.017,58.676,168.794
260.640,150.583,58.676,168.794
261.944,152.755,58.676,168.794
260.640,151.452,58.676,168.794
262.813,151.886,58.676,168.794
261.509,152.321,58.676,168.794
263.682,151.886,58.676,168.794
261.509,153.190,58.676,168.794
264.551,151.886,58.676,168.794
264.116,152.321,58.676,168.794
261.944,153.624,58.676,168.794
264.116,151.452,58.676,168.794
265.420,154.493,58.676,168.794
264.985,154.927,58.676,168.794
258.468,155.362,58.676,168.794
238.437,177.384,59.974,172.528
269.966,176.940,59.974,172.528
260.640,155.181,59.974,172.528
252.203,151.184,59.974,172.528
249.983,150.740,59.974,172.528
254.867,151.184,59.974,172.528
254.423,150.740,59.974,172.528
253.979,150.296,59.974,172.528
254.423,151.628,59.974,172.528
253.979,151.184,59.974,172.528
254.423,150.740,59.974,172.528
253.979,150.296,59.974,172.528
254.423,151.628,59.974,172.528
253.979,151.184,59.974,172.528
255.312,150.740,59.974,172.528
253.979,150.296,59.974,172.528
255.312,151.628,59.974,172.528
253.979,152.072,59.974,172.528
255.312,149.852,59.974,172.528
253.091,151.184,59.974,172.528
254.423,149.852,59.974,172.528
253.979,150.296,59.974,172.528
254.423,151.628,59.974,172.528
253.091,151.184,59.974,172.528
253.535,150.740,59.974,172.528
253.979,150.296,59.974,172.528
254.423,151.628,59.974,172.528
253.979,151.184,59.974,172.528
254.423,150.740,59.974,172.528
253.979,150.296,59.974,172.528
255.311,150.740,59.974,172.528
254.867,149.408,59.974,172.528
256.200,152.516,59.974,172.528
251.315,152.072,59.974,172.528
245.542,152.516,59.974,172.528
251.315,155.625,59.974,172.528
251.112,151.413,61.301,176.346
245.254,142.398,62.657,180.247
254.997,145.646,62.657,180.247
260.584,149.803,61.321,176.403
256.497,148.441,61.321,176.403
256.043,150.711,61.321,176.403
257.405,149.349,61.321,176.403
256.043,147.987,61.321,176.403
258.313,148.441,61.321,176.403
256.951,147.987,61.321,176.403
257.405,147.533,61.321,176.403
256.951,147.987,61.321,176.403
258.313,147.533,61.321,176.403
257.859,148.895,61.321,176.403
257.405,147.533,61.321,176.403
256.951,148.895,61.321,176.403
258.313,147.533,61.321,176.403
257.859,149.803,61.321,176.403
256.497,148.441,61.321,176.403
256.043,149.803,61.321,176.403
255.589,148.441,61.321,176.403
257.556,152.510,60.014,172.642
257.767,156.493,58.734,168.960
257.333,154.318,58.734,168.960
256.898,155.623,58.734,168.960
258.202,155.188,58.734,168.960
256.028,154.753,58.734,168.960
258.202,156.058,58.734,168.960
256.898,153.883,58.734,168.960
259.072,156.058,58.734,168.960
260.377,154.753,58.734,168.960
261.681,156.927,58.734,168.960
262.986,157.362,58.734,168.960
265.161,156.058,58.734,168.960
266.465,153.014,58.734,168.960
270.379,150.839,58.734,168.960
273.423,146.925,58.734,168.960
276.468,143.881,58.734,168.960
279.512,142.576,58.734,168.960
283.072,146.474,57.481,165.357
284.095,147.827,56.255,161.831
289.111,149.151,55.056,158.379
289.306,154.376,53.882,155.002
286.513,153.977,53.882,155.002
285.316,155.971,53.882,155.002
283.321,156.370,53.882,155.002
285.316,159.961,53.882,155.002
284.917,158.764,53.882,155.002
283.079,158.291,55.074,158.431
280.225,159.515,55.074,158.431
389.104,163.185,55.074,158.431
390.327,162.777,55.074,158.431
390.522,165.645,53.899,155.053
389.942,166.145,52.750,151.746
389.552,167.316,52.750,151.746
389.161,166.145,52.750,151.746
387.989,167.316,52.750,151.746
389.942,166.145,52.750,151.746
388.771,166.535,52.750,151.746
389.161,166.926,52.750,151.746
387.989,165.754,52.750,151.746
389.942,166.145,52.750,151.746
388.771,166.535,52.750,151.746
388.380,166.926,52.750,151.746
389.552,165.754,52.750,151.746
389.161,166.145,52.750,151.746
389.552,166.535,52.750,151.746
389.942,166.926,52.750,151.746
390.333,165.754,52.750,151.746
388.380,166.145,52.750,151.746
389.552,167.316,52.750,151.746
389.161,166.145,52.750,151.746
389.552,167.316,52.750,151.746
390.724,166.145,52.750,151.746
389.552,166.535,52.750,151.746
389.942,166.926,52.750,151.746
389.552,165.754,52.750,151.746
388.380,166.145,52.750,151.746
388.771,167.316,52.750,151.746
389.942,166.145,52.750,151.746
389.552,166.535,52.750,151.746
389.161,167.707,52.750,151.746
389.552,164.973,52.750,151.746
389.942,166.145,52.750,151.746
391.114,167.316,52.750,151.746
391.505,165.363,52.750,151.746
389.552,166.535,52.750,151.746
391.505,166.926,52.750,151.746
391.895,164.973,52.750,151.746
390.724,166.145,52.750,151.746
390.333,165.754,52.750,151.746
389.942,166.145,52.750,151.746
391.114,166.535,52.750,151.746
390.724,166.926,52.750,151.746
389.552,165.754,52.750,151.746
390.724,166.145,52.750,151.746
390.333,167.316,52.750,151.746
390.724,166.145,52.750,151.746
391.114,167.316,52.750,151.746
391.505,166.145,52.750,151.746
390.333,166.535,52.750,151.746
389.942,166.926,52.750,151.746
391.114,165.754,52.750,151.746
391.505,166.926,52.750,151.746
390.333,165.754,52.750,151.746
389.942,166.145,52.750,151.746
391.895,166.535,52.750,151.746
390.724,166.926,52.750,151.746
389.552,165.754,52.750,151.746
388.380,166.145,52.750,151.746
388.771,166.535,52.750,151.746
388.380,167.707,52.750,151.746
387.989,164.973,52.750,151.746
389.942,166.926,52.750,151.746
388.771,165.754,52.750,151.746
390.723,166.145,52.750,151.746
388.771,166.535,52.750,151.746
389.942,166.926,52.750,151.746
390.333,164.973,52.750,151.746
388.380,166.145,52.750,151.746
391.114,166.535,52.750,151.746
391.505,166.145,52.750,151.746
392.137,162.440,53.917,155.104
390.939,165.234,53.917,155.104
392.137,163.238,53.917,155.104
390.939,164.436,53.917,155.104
392.935,164.037,53.917,155.104
391.738,164.436,53.917,155.104
392.137,164.037,53.917,155.104
390.939,164.436,53.917,155.104
392.137,164.037,53.917,155.104
390.141,163.637,53.917,155.104
391.338,162.440,53.917,155.104
391.738,164.436,53.917,155.104
392.137,164.037,53.917,155.104
391.738,163.637,53.917,155.104
392.137,163.238,53.917,155.104
390.939,164.436,53.917,155.104
392.935,164.037,53.917,155.104
392.536,163.637,53.917,155.104
392.137,163.238,53.917,155.104
391.738,164.436,53.917,155.104
392.935,164.037,53.917,155.104
392.536,164.436,53.917,155.104
391.338,164.037,53.917,155.104
391.738,163.637,53.917,155.104
392.137,164.037,53.917,155.104
391.738,165.234,53.917,155.104
389.619,165.734,52.767,151.796
388.447,167.687,52.767,151.796
391.646,168.176,51.642,148.559
394.322,170.853,51.642,148.559
400.823,168.941,51.642,148.559
294.328,164.520,52.785,151.846
290.029,166.475,52.785,151.846
289.638,165.302,52.785,151.846
290.029,164.911,52.785,151.846
289.638,166.865,52.785,151.846
287.684,165.693,52.785,151.846
291.560,161.986,53.952,155.205
290.549,159.854,55.146,158.639
395.432,165.875,53.970,155.256
392.541,166.375,52.819,151.945
389.803,165.984,52.819,151.945
390.976,167.157,52.819,151.945
391.367,165.202,52.819,151.945
391.758,167.157,52.819,151.945
390.585,165.202,52.819,151.945
392.541,165.593,52.819,151.945
391.367,165.984,52.819,151.945
392.541,165.593,52.819,151.945
391.367,165.202,52.819,151.945
392.541,164.811,52.819,151.945
391.367,165.984,52.819,151.945
392.541,166.375,52.819,151.945
392.149,165.202,52.819,151.945
390.976,166.375,52.819,151.945
392.149,165.984,52.819,151.945
390.976,167.157,52.819,151.945
392.149,164.419,52.819,151.945
390.976,165.593,52.819,151.945
392.149,165.202,52.819,151.945
391.758,164.811,52.819,151.945
390.585,165.984,52.819,151.945
393.323,166.375,52.819,151.945
391.367,165.202,52.819,151.945
391.758,164.811,52.819,151.945
389.803,165.984,52.819,151.945
391.758,166.375,52.819,151.945
390.437,169.126,51.693,148.705
393.116,167.978,51.693,148.705
391.202,169.126,51.693,148.705
393.116,168.743,51.693,148.705
391.085,170.698,50.590,145.534
394.456,170.323,50.590,145.534
393.190,171.514,49.512,142.430
395.756,170.414,49.512,142.430
393.190,171.514,49.512,142.430
395.756,170.414,49.512,142.430
393.923,171.514,49.512,142.430
395.023,171.147,49.512,142.430
393.190,172.980,49.512,142.430
391.357,171.880,49.512,142.430
390.257,172.980,49.512,142.430
390.624,171.880,49.512,142.430
391.724,171.514,49.512,142.430
390.624,171.147,49.512,142.430
391.724,172.247,49.512,142.430
390.624,172.614,49.512,142.430
390.991,171.514,49.512,142.430
389.158,171.880,49.512,142.430
392.457,171.514,49.512,142.430
389.891,171.880,49.512,142.430
390.991,171.514,49.512,142.430
389.158,171.880,49.512,142.430
392.457,170.781,49.512,142.430
389.891,172.614,49.512,142.430
390.991,170.781,49.512,142.430
390.624,171.880,49.512,142.430
391.724,170.781,49.512,142.430
391.357,171.880,49.512,142.430
390.258,171.514,49.512,142.430
392.091,171.147,49.512,142.430
390.258,172.980,49.512,142.430
390.624,171.147,49.512,142.430
391.724,172.247,49.512,142.430
390.624,171.880,49.512,142.430
391.724,171.514,49.512,142.430
390.624,171.880,49.512,142.430
391.724,171.514,49.512,142.430
391.357,171.147,49.512,142.430
390.991,172.247,49.512,142.430
389.891,171.880,49.512,142.430
391.724,170.781,49.512,142.430
390.624,171.880,49.512,142.430
391.724,170.781,49.512,142.430
391.357,172.614,49.512,142.430
390.257,171.514,49.512,142.430
391.357,171.880,49.512,142.430
390.257,172.247,49.512,142.430
391.357,172.614,49.512,142.430
390.257,171.514,49.512,142.430
390.624,171.147,49.512,142.430
391.724,172.247,49.512,142.430
391.357,171.880,49.512,142.430
390.991,171.514,49.512,142.430
390.624,171.880,49.512,142.430
392.457,171.514,49.512,142.430
390.624,171.147,49.512,142.430
392.457,171.514,49.512,142.430
390.624,171.147,49.512,142.430
391.724,172.247,49.512,142.430
390.624,171.880,49.512,142.430
392.457,170.781,49.512,142.430
390.624,171.880,49.512,142.430
392.457,170.781,49.512,142.430
392.090,171.880,49.512,142.430
395.390,170.781,49.512,142.430
393.557,170.414,49.512,142.430
395.390,171.514,49.512,142.430
392.824,171.147,49.512,142.430
393.924,172.247,49.512,142.430
393.557,171.880,49.512,142.430
396.123,171.514,49.512,142.430
393.471,174.092,48.456,139.393
395.265,172.299,48.456,139.393
393.471,174.092,48.456,139.393
393.830,171.581,48.456,139.393
395.624,174.092,48.456,139.393
393.112,171.581,48.456,139.393
396.341,173.375,48.456,139.393
393.112,172.299,48.456,139.393
395.624,171.940,48.456,139.393
392.395,172.299,48.456,139.393
394.464,171.129,49.528,142.477
392.631,172.229,49.528,142.477
395.198,171.862,49.528,142.477
391.897,170.762,49.528,142.477
395.198,170.395,49.528,142.477
392.631,170.029,49.528,142.477
395.931,171.129,49.528,142.477
392.631,170.762,49.528,142.477
395.931,170.395,49.528,142.477
393.364,170.029,49.528,142.477
395.931,170.395,49.528,142.477
393.985,172.975,48.472,139.439
395.062,169.745,48.472,139.439
393.985,172.975,48.472,139.439
395.062,170.463,48.472,139.439
394.703,172.257,48.472,139.439
393.626,171.180,48.472,139.439
394.703,171.539,48.472,139.439
394.344,172.616,48.472,139.439
393.985,172.257,48.472,139.439
395.062,171.898,48.472,139.439
393.985,172.975,48.472,139.439
395.062,171.898,48.472,139.439
393.985,172.975,48.472,139.439
395.062,171.180,48.472,139.439
395.420,172.257,48.472,139.439
393.626,171.898,48.472,139.439
394.703,170.821,48.472,139.439
395.062,171.898,48.472,139.439
396.138,170.821,48.472,139.439
395.062,171.180,48.472,139.439
394.703,171.539,48.472,139.439
393.626,171.898,48.472,139.439
395.420,172.257,48.472,139.439
393.626,172.616,48.472,139.439
396.564,171.681,47.438,136.465
395.511,173.437,47.438,136.465
395.159,173.086,47.438,136.465
395.511,173.437,47.438,136.465
395.862,173.086,47.438,136.465
394.808,174.140,47.438,136.465
394.457,173.789,47.438,136.465
396.213,173.437,47.438,136.465
394.457,173.789,47.438,136.465
396.916,173.437,47.438,136.465
394.457,173.086,47.438,136.465
396.213,174.140,47.438,136.465
394.457,174.491,47.438,136.465
396.213,171.330,47.438,136.465
395.159,173.086,47.438,136.465
394.808,172.735,47.438,136.465
394.457,172.384,47.438,136.465
396.916,171.330,47.438,136.465
395.159,173.086,47.438,136.465
396.213,174.140,47.438,136.465
394.457,173.789,47.438,136.465
396.213,174.140,47.438,136.465
395.159,175.194,47.438,136.465
395.511,174.140,47.438,136.465
395.159,175.194,47.438,136.465
395.511,174.140,47.438,136.465
395.862,175.194,47.438,136.465
394.808,174.140,47.438,136.465
395.159,173.789,47.438,136.465
395.511,173.438,47.438,136.465
395.862,173.086,47.438,136.465
394.808,174.140,47.438,136.465
395.159,173.086,47.438,136.465
395.511,173.438,47.438,136.465
395.159,173.789,47.438,136.465
394.808,174.140,47.438,136.465
395.159,174.491,47.438,136.465
394.808,172.735,47.438,136.465
395.159,173.789,47.438,136.465
395.511,174.140,47.438,136.465
396.564,174.491,47.438,136.465
395.511,172.735,47.438,136.465
396.564,173.789,47.438,136.465
395.511,174.140,47.438,136.465
396.564,174.491,47.438,136.465
396.213,172.735,47.438,136.465
395.862,173.789,47.438,136.465
394.106,174.140,47.438,136.465
396.564,173.789,47.438,136.465
394.808,174.140,47.438,136.465
395.159,175.194,47.438,136.465
396.213,172.735,47.438,136.465
394.457,173.086,47.438,136.465
396.916,172.735,47.438,136.465
395.159,173.086,47.438,136.465
394.808,174.140,47.438,136.465
394.457,174.491,47.438,136.465
396.916,172.735,47.438,136.465
395.159,173.789,47.438,136.465
395.511,173.437,47.438,136.465
395.862,173.789,47.438,136.465
394.808,174.842,47.438,136.465
395.862,173.086,47.438,136.465
394.808,174.842,47.438,136.465
395.862,172.384,47.438,136.465
395.511,172.735,47.438,136.465
397.267,173.086,47.438,136.465
395.511,173.437,47.438,136.465
395.862,172.384,47.438,136.465
395.511,172.735,47.438,136.465
396.564,172.384,47.438,136.465
396.213,172.735,47.438,136.465
395.862,173.086,47.438,136.465
395.511,173.437,47.438,136.465
396.564,173.086,47.438,136.465
395.511,174.140,47.438,136.465
396.564,175.194,47.438,136.465
396.213,175.545,47.438,136.465
