84.000,53.000,62.000,70.000
86.338,52.221,62.000,70.000
88.675,51.442,62.000,70.000
91.013,52.740,62.000,70.000
91.792,53.519,62.000,70.000
93.090,53.260,62.000,70.000
92.311,52.481,62.000,70.000
92.571,52.740,62.000,70.000
91.792,51.961,62.000,70.000
91.532,51.701,62.000,70.000
89.714,50.922,62.000,70.000
88.935,51.701,62.000,70.000
87.636,50.922,62.000,70.000
85.818,52.221,62.000,70.000
85.039,50.922,62.000,70.000
82.701,53.260,62.000,70.000
82.442,51.961,62.000,70.000
80.624,55.338,62.000,70.000
79.325,54.039,62.000,70.000
78.734,57.038,60.678,68.507
77.972,57.292,60.678,68.507
78.734,58.563,60.678,68.507
77.972,57.801,60.678,68.507
79.243,57.038,60.678,68.507
80.005,57.292,60.678,68.507
80.260,57.038,60.678,68.507
81.530,56.276,60.678,68.507
82.801,56.530,60.678,68.507
82.547,55.259,60.678,68.507
84.835,53.988,60.678,68.507
85.089,53.226,60.678,68.507
87.451,55.181,59.384,67.046
88.695,53.440,59.384,67.046
90.436,54.186,59.384,67.046
91.182,52.942,59.384,67.046
91.929,55.181,59.384,67.046
93.173,53.440,59.384,67.046
93.919,53.191,59.384,67.046
94.665,52.942,59.384,67.046
96.406,55.181,59.384,67.046
97.153,53.440,59.384,67.046
97.402,53.688,59.384,67.046
98.645,53.937,59.384,67.046
99.392,54.186,59.384,67.046
99.640,53.440,59.384,67.046
100.884,55.679,59.384,67.046
99.640,54.435,59.384,67.046
101.382,56.674,59.384,67.046
100.635,54.932,59.384,67.046
101.879,57.669,59.384,67.046
100.138,55.430,59.384,67.046
100.884,55.679,59.384,67.046
99.640,55.927,59.384,67.046
100.884,57.171,59.384,67.046
99.143,55.430,59.384,67.046
99.889,55.679,59.384,67.046
98.148,54.932,59.384,67.046
98.894,55.679,59.384,67.046
97.153,54.435,59.384,67.046
97.402,54.683,59.384,67.046
96.655,54.435,59.384,67.046
96.406,54.186,59.384,67.046
95.163,53.937,59.384,67.046
94.416,56.176,59.384,67.046
94.168,54.435,59.384,67.046
92.426,54.683,59.384,67.046
92.177,55.430,59.384,67.046
90.436,54.186,59.384,67.046
91.182,55.430,59.384,67.046
88.944,54.186,59.384,67.046
88.695,54.932,59.384,67.046
88.944,55.679,59.384,67.046
86.705,54.435,59.384,67.046
87.948,55.181,59.384,67.046
85.710,53.937,59.384,67.046
87.451,56.674,59.384,67.046
85.710,54.435,59.384,67.046
86.456,54.683,59.384,67.046
84.715,54.435,59.384,67.046
85.461,54.683,59.384,67.046
84.217,54.435,59.384,67.046
84.466,54.186,59.384,67.046
84.217,53.937,59.384,67.046
83.968,55.679,59.384,67.046
83.222,54.435,59.384,67.046
83.968,54.683,59.384,67.046
83.222,54.435,59.384,67.046
83.968,54.186,59.384,67.046
82.724,53.440,59.384,67.046
83.968,55.181,59.384,67.046
82.724,53.440,59.384,67.046
83.968,55.181,59.384,67.046
82.227,53.440,59.384,67.046
83.471,55.181,59.384,67.046
82.724,53.440,59.384,67.046
83.471,55.181,59.384,67.046
82.724,53.440,59.384,67.046
83.471,55.679,59.384,67.046
82.724,54.435,59.384,67.046
83.471,54.186,59.384,67.046
82.724,53.937,59.384,67.046
83.968,56.176,59.384,67.046
82.724,53.937,59.384,67.046
84.466,56.674,59.384,67.046
83.720,54.435,59.384,67.046
84.963,54.683,59.384,67.046
83.222,54.435,59.384,67.046
84.466,55.181,59.384,67.046
84.715,53.937,59.384,67.046
85.461,56.176,59.384,67.046
85.212,54.435,59.384,67.046
85.461,55.181,59.384,67.046
86.207,54.435,59.384,67.046
85.958,55.181,59.384,67.046
86.207,54.435,59.384,67.046
86.953,55.181,59.384,67.046
86.705,54.435,59.384,67.046
87.948,55.181,59.384,67.046
86.705,54.435,59.384,67.046
87.948,55.679,59.384,67.046
87.700,55.430,59.384,67.046
88.446,55.181,59.384,67.046
88.695,54.932,59.384,67.046
88.944,56.674,59.384,67.046
88.197,55.430,59.384,67.046
88.944,55.679,59.384,67.046
88.197,55.927,59.384,67.046
88.944,56.176,59.384,67.046
88.695,55.430,59.384,67.046
89.441,55.181,59.384,67.046
88.695,54.932,59.384,67.046
88.944,56.674,59.384,67.046
87.700,55.430,59.384,67.046
88.944,55.679,59.384,67.046
86.705,55.927,59.384,67.046
87.451,57.171,59.384,67.046
86.207,54.932,59.384,67.046
86.456,58.166,59.384,67.046
85.710,55.927,59.384,67.046
86.456,58.166,59.384,67.046
85.212,55.430,59.384,67.046
85.461,57.669,59.384,67.046
85.710,55.927,59.384,67.046
86.953,57.669,59.384,67.046
86.207,55.430,59.384,67.046
87.451,54.683,59.384,67.046
88.197,55.927,59.384,67.046
87.451,55.181,59.384,67.046
88.197,54.435,59.384,67.046
88.446,55.679,59.384,67.046
88.197,55.430,59.384,67.046
87.948,55.181,59.384,67.046
87.700,54.932,59.384,67.046
88.446,55.679,59.384,67.046
87.202,55.430,59.384,67.046
86.953,54.683,59.384,67.046
87.826,55.159,58.117,65.617
86.609,55.402,58.117,65.617
86.366,55.646,58.117,65.617
86.609,55.889,58.117,65.617
84.905,55.159,58.117,65.617
85.148,55.402,58.117,65.617
84.418,55.646,58.117,65.617
84.661,55.402,58.117,65.617
82.470,55.159,58.117,65.617
82.227,54.915,58.117,65.617
82.957,54.185,58.117,65.617
81.253,54.428,58.117,65.617
81.983,54.185,58.117,65.617
80.279,53.941,58.117,65.617
81.010,53.698,58.117,65.617
80.279,52.967,58.117,65.617
81.010,54.672,58.117,65.617
79.792,53.941,58.117,65.617
79.549,53.211,58.117,65.617
79.792,54.428,58.117,65.617
79.549,53.698,58.117,65.617
79.305,52.967,58.117,65.617
80.036,54.672,58.117,65.617
79.792,55.402,58.117,65.617
80.036,54.672,58.117,65.617
80.766,55.402,58.117,65.617
81.010,55.159,58.117,65.617
82.227,54.428,58.117,65.617
83.444,55.159,58.117,65.617
83.688,54.915,58.117,65.617
84.905,54.672,58.117,65.617
86.609,55.889,58.117,65.617
87.826,54.672,58.117,65.617
89.531,56.376,58.117,65.617
91.235,55.646,58.117,65.617
92.939,56.863,58.117,65.617
94.156,55.646,58.117,65.617
95.861,56.863,58.117,65.617
96.104,55.646,58.117,65.617
97.321,55.889,58.117,65.617
98.052,54.672,58.117,65.617
98.295,55.402,58.117,65.617
99.026,54.672,58.117,65.617
98.295,55.889,58.117,65.617
98.539,54.672,58.117,65.617
96.834,55.889,58.117,65.617
96.104,54.185,58.117,65.617
94.887,53.454,58.117,65.617
93.182,53.211,58.117,65.617
91.965,52.481,58.117,65.617
90.261,52.724,58.117,65.617
88.860,51.240,59.403,67.068
85.625,50.992,59.403,67.068
84.879,50.743,59.403,67.068
82.639,52.485,59.403,67.068
81.893,51.738,59.403,67.068
79.155,52.982,59.403,67.068
78.409,52.236,59.403,67.068
77.662,52.485,59.403,67.068
77.413,52.236,59.403,67.068
76.667,51.987,59.403,67.068
76.418,51.240,59.403,67.068
76.169,50.992,59.403,67.068
75.920,50.743,59.403,67.068
75.671,50.992,59.403,67.068
76.916,49.747,59.403,67.068
77.165,49.996,59.403,67.068
77.911,48.752,59.403,67.068
78.658,49.001,59.403,67.068
80.400,47.757,59.403,67.068
81.644,48.503,59.403,67.068
82.794,46.987,60.718,68.552
84.574,46.732,60.718,68.552
86.863,46.478,60.718,68.552
89.153,47.750,60.718,68.552
91.951,46.987,60.718,68.552
95.257,47.750,60.718,68.552
100.090,47.495,60.718,68.552
104.922,48.767,60.718,68.552
109.755,48.004,60.718,68.552
115.605,48.767,60.718,68.552
121.964,48.513,60.718,68.552
127.814,49.276,60.718,68.552
133.155,48.513,60.718,68.552
139.005,48.258,60.718,68.552
144.347,48.004,60.718,68.552
150.197,47.241,60.718,68.552
155.538,47.495,60.718,68.552
160.880,47.750,60.718,68.552
164.695,46.478,60.718,68.552
168.510,47.241,60.718,68.552
172.834,46.987,60.718,68.552
175.632,46.732,60.718,68.552
179.447,46.478,60.718,68.552
182.245,47.241,60.718,68.552
184.534,46.987,60.718,68.552
187.332,46.732,60.718,68.552
189.113,45.969,60.718,68.552
190.384,46.224,60.718,68.552
191.656,46.987,60.718,68.552
191.402,47.241,60.718,68.552
192.674,46.987,60.718,68.552
191.402,47.241,60.718,68.552
192.165,47.495,60.718,68.552
190.893,47.750,60.718,68.552
190.130,47.495,60.718,68.552
188.858,47.750,60.718,68.552
187.078,47.495,60.718,68.552
185.806,48.258,60.718,68.552
183.517,48.004,60.718,68.552
182.245,47.750,60.718,68.552
178.939,47.495,60.718,68.552
175.632,48.767,60.718,68.552
173.343,48.004,60.718,68.552
169.528,48.258,60.718,68.552
166.221,49.021,60.718,68.552
161.897,48.258,60.718,68.552
157.573,48.513,60.718,68.552
153.249,49.276,60.718,68.552
148.416,49.021,60.718,68.552
143.584,49.276,60.718,68.552
138.751,50.039,60.718,68.552
133.410,49.784,60.718,68.552
129.086,49.530,60.718,68.552
123.744,50.802,60.718,68.552
118.403,50.548,60.718,68.552
114.079,51.311,60.718,68.552
109.755,51.056,60.718,68.552
105.431,51.819,60.718,68.552
102.125,52.074,60.718,68.552
98.818,52.328,60.718,68.552
95.511,52.582,60.718,68.552
93.731,53.345,60.718,68.552
90.424,53.091,60.718,68.552
89.153,52.328,60.718,68.552
86.863,53.091,60.718,68.552
85.083,52.837,60.718,68.552
83.811,52.074,60.718,68.552
82.031,52.837,60.718,68.552
81.776,52.074,60.718,68.552
80.505,52.837,60.718,68.552
81.268,52.582,60.718,68.552
79.996,53.345,60.718,68.552
80.250,53.091,60.718,68.552
80.505,52.837,60.718,68.552
81.268,52.582,60.718,68.552
82.031,53.345,60.718,68.552
82.794,53.091,60.718,68.552
83.557,52.837,60.718,68.552
85.846,52.582,60.718,68.552
87.118,53.345,60.718,68.552
89.407,53.600,60.718,68.552
92.205,54.363,60.718,68.552
94.494,54.617,60.718,68.552
97.801,55.380,60.718,68.552
100.598,55.126,60.718,68.552
104.414,54.872,60.718,68.552
108.229,54.617,60.718,68.552
112.044,55.380,60.718,68.552
116.368,55.126,60.718,68.552
121.201,54.872,60.718,68.552
125.525,55.126,60.718,68.552
130.866,55.380,60.718,68.552
135.190,55.126,60.718,68.552
140.023,54.872,60.718,68.552
144.347,54.617,60.718,68.552
149.180,55.889,60.718,68.552
154.012,55.126,60.718,68.552
158.336,55.889,60.718,68.552
163.169,55.126,60.718,68.552
166.984,55.889,60.718,68.552
170.799,55.635,60.718,68.552
174.615,56.398,60.718,68.552
178.939,55.635,60.718,68.552
181.736,56.398,60.718,68.552
184.534,56.143,60.718,68.552
188.350,55.889,60.718,68.552
191.147,55.635,60.718,68.552
193.437,56.398,60.718,68.552
195.726,56.143,60.718,68.552
196.998,55.380,60.718,68.552
200.342,55.866,59.423,67.090
201.088,57.111,59.423,67.090
201.835,55.866,59.423,67.090
202.582,57.111,59.423,67.090
203.827,55.866,59.423,67.090
203.080,57.111,59.423,67.090
203.329,55.866,59.423,67.090
203.578,56.613,59.423,67.090
203.329,55.866,59.423,67.090
202.582,56.613,59.423,67.090
201.835,55.866,59.423,67.090
200.093,56.115,59.423,67.090
199.346,55.368,59.423,67.090
198.599,55.119,59.423,67.090
196.857,54.870,59.423,67.090
194.616,55.617,59.423,67.090
194.367,54.870,59.423,67.090
191.629,54.621,59.423,67.090
189.887,54.372,59.423,67.090
187.149,54.124,59.423,67.090
184.908,53.377,59.423,67.090
182.170,53.626,59.423,67.090
179.930,53.377,59.423,67.090
177.191,53.128,59.423,67.090
174.453,52.879,59.423,67.090
172.213,54.124,59.423,67.090
169.475,52.879,59.423,67.090
166.736,53.626,59.423,67.090
164.496,52.879,59.423,67.090
161.758,53.128,59.423,67.090
159.020,51.883,59.423,67.090
155.784,53.626,59.423,67.090
153.543,52.381,59.423,67.090
150.805,52.132,59.423,67.090
147.569,51.385,59.423,67.090
146.324,51.634,59.423,67.090
143.586,51.883,59.423,67.090
141.844,52.132,59.423,67.090
139.106,51.385,59.423,67.090
137.861,51.634,59.423,67.090
136.118,51.385,59.423,67.090
135.372,51.136,59.423,67.090
134.127,50.888,59.423,67.090
132.882,51.634,59.423,67.090
131.638,50.888,59.423,67.090
131.887,51.136,59.423,67.090
130.144,50.390,59.423,67.090
130.393,50.639,59.423,67.090
130.642,50.888,59.423,67.090
130.891,51.136,59.423,67.090
130.144,50.390,59.423,67.090
130.891,50.639,59.423,67.090
131.008,49.638,60.738,68.575
131.772,49.893,60.738,68.575
132.535,49.638,60.738,68.575
133.298,49.384,60.738,68.575
134.570,49.129,60.738,68.575
136.352,49.893,60.738,68.575
138.133,49.129,60.738,68.575
139.914,48.875,60.738,68.575
142.712,48.112,60.738,68.575
145.511,47.857,60.738,68.575
148.310,47.603,60.738,68.575
151.109,46.839,60.738,68.575
155.434,47.094,60.738,68.575
158.742,46.839,60.738,68.575
162.558,46.076,60.738,68.575
166.375,46.330,60.738,68.575
169.682,45.058,60.738,68.575
174.008,46.330,60.738,68.575
177.824,44.549,60.738,68.575
181.641,44.804,60.738,68.575
185.457,44.549,60.738,68.575
189.274,44.295,60.738,68.575
192.582,43.532,60.738,68.575
196.398,44.295,60.738,68.575
200.215,43.532,60.738,68.575
203.522,43.786,60.738,68.575
207.339,44.041,60.738,68.575
209.571,42.490,62.081,70.092
212.951,43.270,62.081,70.092
216.332,42.490,62.081,70.092
216.994,42.524,63.455,71.643
219.918,42.258,63.455,71.643
221.779,41.992,63.455,71.643
223.640,43.322,63.455,71.643
224.317,41.150,64.859,73.228
225.675,41.965,64.859,73.228
225.947,41.693,64.859,73.228
226.762,41.422,64.859,73.228
226.490,41.150,64.859,73.228
227.849,41.965,64.859,73.228
226.286,40.309,66.294,74.848
225.453,41.143,66.294,74.848
224.620,40.865,66.294,74.848
223.786,40.032,66.294,74.848
222.953,40.309,66.294,74.848
220.454,40.587,66.294,74.848
219.065,39.754,66.294,74.848
216.566,39.476,66.294,74.848
214.622,40.309,66.294,74.848
212.123,39.476,66.294,74.848
208.512,39.754,66.294,74.848
205.458,38.365,66.294,74.848
202.403,39.199,66.294,74.848
197.347,36.930,67.761,76.504
193.657,37.214,67.761,76.504
189.400,36.930,67.761,76.504
185.709,36.078,67.761,76.504
180.884,36.362,67.761,76.504
176.626,34.943,67.761,76.504
172.368,36.362,67.761,76.504
168.678,34.943,67.761,76.504
164.420,36.362,67.761,76.504
160.730,35.511,67.761,76.504
155.905,35.795,67.761,76.504
152.215,36.646,67.761,76.504
149.092,36.362,67.761,76.504
145.402,36.646,67.761,76.504
142.847,36.930,67.761,76.504
139.157,37.782,67.761,76.504
137.170,36.930,67.761,76.504
134.616,37.214,67.761,76.504
133.196,37.498,67.761,76.504
131.209,36.646,67.761,76.504
129.222,36.930,67.761,76.504
128.371,37.781,67.761,76.504
127.519,37.498,67.761,76.504
127.235,37.781,67.761,76.504
126.951,39.201,67.761,76.504
126.668,39.485,67.761,76.504
126.951,39.201,67.761,76.504
127.803,40.620,67.761,76.504
128.655,40.336,67.761,76.504
129.506,40.620,67.761,76.504
131.493,41.472,67.761,76.504
132.912,41.755,67.761,76.504
133.764,42.039,67.761,76.504
135.751,42.891,67.761,76.504
137.170,42.607,67.761,76.504
139.725,42.891,67.761,76.504
140.577,44.310,67.761,76.504
143.131,44.026,67.761,76.504
143.983,46.013,67.761,76.504
145.402,46.297,67.761,76.504
146.821,46.013,67.761,76.504
147.105,47.433,67.761,76.504
147.957,46.581,67.761,76.504
148.808,48.000,67.761,76.504
150.352,47.995,66.316,74.872
150.629,49.384,66.316,74.872
151.463,49.662,66.316,74.872
150.629,48.829,66.316,74.872
152.140,49.359,64.901,73.276
151.868,51.262,64.901,73.276
150.509,50.447,64.901,73.276
151.324,49.087,64.901,73.276
150.509,50.447,64.901,73.276
149.693,49.087,64.901,73.276
147.790,50.447,64.901,73.276
146.430,49.631,64.901,73.276
146.158,49.903,64.901,73.276
144.255,50.719,64.901,73.276
142.352,50.447,64.901,73.276
140.449,50.175,64.901,73.276
139.090,52.078,64.901,73.276
136.643,51.806,64.901,73.276
134.196,52.078,64.901,73.276
131.749,52.894,64.901,73.276
128.758,52.622,64.901,73.276
125.768,52.894,64.901,73.276
122.777,53.709,64.901,73.276
119.243,52.894,64.901,73.276
116.796,54.253,64.901,73.276
113.261,54.525,64.901,73.276
110.271,54.253,64.901,73.276
107.280,56.156,64.901,73.276
104.289,56.428,64.901,73.276
101.299,55.612,64.901,73.276
98.852,56.972,64.901,73.276
95.861,57.244,64.901,73.276
94.719,58.811,63.517,71.713
92.324,58.545,63.517,71.713
90.462,58.279,63.517,71.713
88.599,58.545,63.517,71.713
87.801,58.811,63.517,71.713
86.683,58.806,62.163,70.184
85.902,60.108,62.163,70.184
85.811,60.606,60.837,68.687
85.557,60.861,60.837,68.687
85.468,60.856,59.540,67.222
84.720,62.602,59.540,67.222
85.115,61.636,58.270,65.789
84.382,61.880,58.270,65.789
85.115,62.612,58.270,65.789
86.442,61.667,57.027,64.386
85.725,62.384,57.027,64.386
86.919,62.145,57.027,64.386
87.158,62.861,57.027,64.386
88.918,62.397,55.811,63.013
88.684,62.163,55.811,63.013
89.853,61.929,55.811,63.013
91.022,62.630,55.811,63.013
92.191,62.397,55.811,63.013
93.827,61.695,55.811,63.013
94.996,62.397,55.811,63.013
96.633,61.695,55.811,63.013
97.802,62.397,55.811,63.013
99.906,61.695,55.811,63.013
102.010,61.929,55.811,63.013
104.115,62.163,55.811,63.013
106.219,61.461,55.811,63.013
108.323,61.695,55.811,63.013
110.895,61.929,55.811,63.013
112.999,62.163,55.811,63.013
115.103,60.994,55.811,63.013
117.675,60.760,55.811,63.013
119.779,61.929,55.811,63.013
122.351,61.695,55.811,63.013
124.923,61.461,55.811,63.013
127.027,61.695,55.811,63.013
129.599,61.929,55.811,63.013
131.703,62.163,55.811,63.013
134.275,61.461,55.811,63.013
137.314,62.630,55.811,63.013
139.418,62.864,55.811,63.013
141.522,63.566,55.811,63.013
143.627,63.332,55.811,63.013
144.796,63.566,55.811,63.013
146.432,63.332,55.811,63.013
148.536,63.098,55.811,63.013
149.705,62.864,55.811,63.013
150.407,63.566,55.811,63.013
152.043,63.332,55.811,63.013
152.277,63.098,55.811,63.013
153.446,62.864,55.811,63.013
153.680,64.033,55.811,63.013
153.446,63.332,55.811,63.013
154.147,63.098,55.811,63.013
153.446,62.864,55.811,63.013
153.680,63.566,55.811,63.013
152.043,62.864,55.811,63.013
152.277,63.098,55.811,63.013
151.576,62.397,55.811,63.013
151.342,62.163,55.811,63.013
149.705,61.461,55.811,63.013
148.069,61.228,55.811,63.013
147.835,60.994,55.811,63.013
145.731,60.292,55.811,63.013
144.562,60.059,55.811,63.013
144.328,59.357,55.811,63.013
141.756,58.656,55.811,63.013
140.120,58.890,55.811,63.013
139.418,58.656,55.811,63.013
137.782,58.422,55.811,63.013
135.210,58.188,55.811,63.013
134.976,57.487,55.811,63.013
132.872,57.721,55.811,63.013
131.703,57.954,55.811,63.013
130.066,58.188,55.811,63.013
129.832,57.487,55.811,63.013
128.196,57.253,55.811,63.013
127.962,57.019,55.811,63.013
126.793,56.785,55.811,63.013
126.418,55.846,57.046,64.407
125.701,56.085,57.046,64.407
125.940,55.846,57.046,64.407
126.179,55.607,57.046,64.407
124.984,55.846,57.046,64.407
125.223,55.607,57.046,64.407
126.418,55.846,57.046,64.407
127.135,56.085,57.046,64.407
127.374,56.324,57.046,64.407
129.047,55.607,57.046,64.407
129.764,55.846,57.046,64.407
131.437,56.085,57.046,64.407
132.541,54.628,58.308,65.832
134.251,54.873,58.308,65.832
135.380,53.384,59.598,67.289
137.127,52.635,59.598,67.289
139.874,52.885,59.598,67.289
142.121,52.635,59.598,67.289
144.867,51.886,59.598,67.289
147.613,51.637,59.598,67.289
150.360,51.387,59.598,67.289
153.106,50.638,59.598,67.289
157.350,50.388,59.598,67.289
160.096,49.639,59.598,67.289
163.841,49.889,59.598,67.289
167.087,49.639,59.598,67.289
170.333,49.390,59.598,67.289
173.079,48.641,59.598,67.289
177.323,48.391,59.598,67.289
180.069,48.141,59.598,67.289
183.814,48.890,59.598,67.289
186.561,48.641,59.598,67.289
189.307,47.892,59.598,67.289
192.015,46.888,60.917,68.777
195.332,47.654,60.917,68.777
197.629,47.399,60.917,68.777
199.868,46.373,62.265,70.299
202.215,46.634,62.265,70.299
204.562,46.895,62.265,70.299
206.388,47.155,62.265,70.299
208.214,47.416,62.265,70.299
209.961,45.827,63.642,71.854
210.761,46.093,63.642,71.854
211.560,45.827,63.642,71.854
213.427,45.560,63.642,71.854
214.226,46.360,63.642,71.854
214.493,46.093,63.642,71.854
215.293,45.294,63.642,71.854
215.026,46.093,63.642,71.854
214.760,45.294,63.642,71.854
214.493,45.560,63.642,71.854
214.760,45.827,63.642,71.854
213.960,45.027,63.642,71.854
213.160,44.760,63.642,71.854
212.893,44.494,63.642,71.854
211.560,45.294,63.642,71.854
211.294,45.027,63.642,71.854
209.428,44.760,63.642,71.854
208.095,43.961,63.642,71.854
205.695,44.227,63.642,71.854
203.296,43.961,63.642,71.854
201.430,43.161,63.642,71.854
199.030,43.427,63.642,71.854
196.097,43.161,63.642,71.854
193.165,42.361,63.642,71.854
190.232,42.094,63.642,71.854
187.300,41.295,63.642,71.854
184.367,41.561,63.642,71.854
180.901,41.295,63.642,71.854
176.902,40.495,63.642,71.854
173.436,40.761,63.642,71.854
170.504,39.428,63.642,71.854
166.505,40.228,63.642,71.854
162.505,39.428,63.642,71.854
159.040,39.162,63.642,71.854
154.507,38.895,63.642,71.854
151.042,38.095,63.642,71.854
147.576,38.895,63.642,71.854
144.643,38.095,63.642,71.854
141.177,38.895,63.642,71.854
137.711,38.629,63.642,71.854
134.246,38.362,63.642,71.854
132.379,39.695,63.642,71.854
129.447,38.362,63.642,71.854
126.514,39.695,63.642,71.854
124.115,38.362,63.642,71.854
121.182,39.695,63.642,71.854
119.316,38.362,63.642,71.854
117.983,40.228,63.642,71.854
115.050,39.428,63.642,71.854
113.717,40.228,63.642,71.854
111.851,39.428,63.642,71.854
111.051,39.695,63.642,71.854
110.251,38.362,63.642,71.854
109.985,39.695,63.642,71.854
108.652,38.362,63.642,71.854
109.451,39.695,63.642,71.854
108.652,38.362,63.642,71.854
108.918,39.695,63.642,71.854
108.118,38.362,63.642,71.854
109.451,39.695,63.642,71.854
110.251,38.362,63.642,71.854
111.051,39.162,63.642,71.854
110.070,36.984,65.051,73.444
111.433,36.166,65.051,73.444
112.795,36.439,65.051,73.444
114.703,36.711,65.051,73.444
115.520,36.984,65.051,73.444
116.883,36.166,65.051,73.444
118.790,36.984,65.051,73.444
120.153,36.711,65.051,73.444
121.515,39.164,65.051,73.444
123.423,38.346,65.051,73.444
124.117,38.382,66.490,75.069
126.067,38.661,66.490,75.069
127.459,40.053,66.490,75.069
127.738,39.218,66.490,75.069
129.688,41.167,66.490,75.069
129.966,40.889,66.490,75.069
131.916,42.839,66.490,75.069
131.637,42.003,66.490,75.069
131.916,41.167,66.490,75.069
133.309,42.560,66.490,75.069
131.359,41.724,66.490,75.069
132.751,43.674,66.490,75.069
131.916,42.281,66.490,75.069
132.194,42.560,66.490,75.069
131.359,41.724,66.490,75.069
129.756,41.761,67.961,76.730
127.763,41.476,67.961,76.730
126.340,41.191,67.961,76.730
124.917,40.907,67.961,76.730
122.924,41.761,67.961,76.730
120.361,41.476,67.961,76.730
118.369,41.761,67.961,76.730
115.237,42.046,67.961,76.730
112.105,43.469,67.961,76.730
108.404,42.046,67.961,76.730
105.273,44.038,67.961,76.730
101.002,43.184,67.961,76.730
96.732,42.900,67.961,76.730
92.462,45.462,67.961,76.730
88.191,43.469,67.961,76.730
83.921,46.031,67.961,76.730
79.650,45.747,67.961,76.730
74.811,46.031,67.961,76.730
70.540,46.885,67.961,76.730
66.270,46.601,67.961,76.730
63.427,46.596,66.512,75.094
60.362,48.546,66.512,75.094
56.740,47.153,66.512,75.094
54.790,47.989,66.512,75.094
52.282,47.153,66.512,75.094
49.775,48.546,66.512,75.094
48.382,48.825,66.512,75.094
46.431,49.103,66.512,75.094
46.335,48.561,65.093,73.492
47.292,50.659,63.705,71.925
45.957,49.325,63.705,71.925
46.758,51.193,63.705,71.925
45.424,49.858,63.705,71.925
47.292,50.125,63.705,71.925
47.558,50.926,63.705,71.925
48.893,50.125,63.705,71.925
48.626,51.459,63.705,71.925
51.028,50.659,63.705,71.925
51.828,49.858,63.705,71.925
53.696,50.659,63.705,71.925
55.564,49.858,63.705,71.925
58.500,51.193,63.705,71.925
60.368,50.926,63.705,71.925
62.770,51.193,63.705,71.925
64.638,51.459,63.705,71.925
69.175,53.512,62.347,70.391
71.526,51.684,62.347,70.391
75.967,54.700,61.017,68.890
78.778,53.422,61.017,68.890
82.101,55.212,61.017,68.890
85.935,54.445,61.017,68.890
90.281,56.411,59.716,67.421
93.033,54.660,59.716,67.421
97.786,56.912,59.716,67.421
100.538,56.661,59.716,67.421
103.790,57.412,59.716,67.421
106.541,57.662,59.716,67.421
109.293,58.412,59.716,67.421
111.545,59.163,59.716,67.421
113.796,60.414,59.716,67.421
116.120,60.891,58.442,65.983
118.324,60.647,58.442,65.983
119.548,61.381,58.442,65.983
121.823,61.849,57.196,64.576
123.500,62.568,57.196,64.576
123.879,62.563,55.976,63.199
125.520,62.798,55.976,63.199
124.817,63.032,55.976,63.199
125.989,63.736,55.976,63.199
126.224,63.501,55.976,63.199
125.051,63.267,55.976,63.199
125.286,65.377,55.976,63.199
124.582,64.674,55.976,63.199
124.817,63.970,55.976,63.199
124.113,64.674,55.976,63.199
122.941,63.501,55.976,63.199
123.176,64.205,55.976,63.199
122.190,65.557,54.783,61.851
121.961,66.704,54.783,61.851
122.190,66.016,54.783,61.851
121.668,67.339,53.614,60.532
121.893,68.012,53.614,60.532
122.681,68.441,52.471,59.241
122.022,69.540,52.471,59.241
122.681,69.321,52.471,59.241
122.461,69.540,52.471,59.241
122.681,69.760,52.471,59.241
123.341,69.540,52.471,59.241
124.000,69.321,52.471,59.241
125.099,68.661,52.471,59.241
126.638,69.760,52.471,59.241
127.297,69.101,52.471,59.241
128.396,68.441,52.471,59.241
129.935,69.540,52.471,59.241
131.913,69.321,52.471,59.241
133.891,69.101,52.471,59.241
136.309,68.881,52.471,59.241
138.287,68.661,52.471,59.241
140.705,68.881,52.471,59.241
143.563,67.782,52.471,59.241
146.860,68.881,52.471,59.241
150.157,67.782,52.471,59.241
153.893,68.441,52.471,59.241
157.630,67.782,52.471,59.241
160.927,68.441,52.471,59.241
165.104,67.782,52.471,59.241
168.840,68.002,52.471,59.241
172.137,67.342,52.471,59.241
176.314,68.002,52.471,59.241
179.171,67.342,52.471,59.241
182.908,68.002,52.471,59.241
185.765,67.782,52.471,59.241
188.623,68.441,52.471,59.241
191.041,67.782,52.471,59.241
193.898,68.441,52.471,59.241
196.316,67.782,52.471,59.241
197.855,67.562,52.471,59.241
200.272,67.782,52.471,59.241
201.811,67.562,52.471,59.241
203.789,67.342,52.471,59.241
204.888,67.123,52.471,59.241
205.987,66.903,52.471,59.241
207.086,66.683,52.471,59.241
207.746,67.782,52.471,59.241
207.966,67.562,52.471,59.241
207.157,66.679,53.632,60.552
207.831,66.903,53.632,60.552
207.157,66.679,53.632,60.552
207.382,66.903,53.632,60.552
205.809,66.229,53.632,60.552
205.135,66.454,53.632,60.552
204.461,66.679,53.632,60.552
202.439,66.454,53.632,60.552
200.866,65.780,53.632,60.552
199.743,64.657,53.632,60.552
197.721,65.331,53.632,60.552
195.250,64.207,53.632,60.552
192.778,63.533,53.632,60.552
190.756,63.309,53.632,60.552
188.285,62.635,53.632,60.552
185.364,62.410,53.632,60.552
182.444,61.287,53.632,60.552
179.523,60.163,53.632,60.552
177.051,59.489,53.632,60.552
173.428,58.120,54.818,61.892
170.443,57.891,54.818,61.892
167.917,57.661,54.818,61.892
165.850,56.972,54.818,61.892
163.324,57.202,54.818,61.892
160.798,57.431,54.818,61.892
158.731,57.202,54.818,61.892
156.664,56.972,54.818,61.892
155.057,56.283,54.818,61.892
153.449,56.513,54.818,61.892
151.383,56.742,54.818,61.892
150.234,56.053,54.818,61.892
148.627,56.283,54.818,61.892
148.397,56.972,54.818,61.892
147.249,56.283,54.818,61.892
146.404,55.360,56.031,63.261
145.541,54.904,57.271,64.661
144.821,54.664,57.271,64.661
145.061,55.864,57.271,64.661
145.781,55.144,57.271,64.661
145.894,55.175,58.538,66.091
146.139,54.930,58.538,66.091
146.875,54.685,58.538,66.091
147.611,53.949,58.538,66.091
147.726,52.964,59.833,67.554
148.478,52.212,59.833,67.554
150.233,51.961,59.833,67.554
151.486,51.209,59.833,67.554
153.241,50.958,59.833,67.554
154.494,50.708,59.833,67.554
156.248,50.457,59.833,67.554
158.003,49.705,59.833,67.554
159.757,49.454,59.833,67.554
161.512,48.201,59.833,67.554
164.269,46.948,59.833,67.554
166.024,46.196,59.833,67.554
167.182,45.189,61.157,69.048
168.975,44.420,61.157,69.048
169.628,43.390,62.510,70.576
171.985,42.605,62.510,70.576
173.294,43.390,62.510,70.576
175.651,42.081,62.510,70.576
176.861,41.029,63.893,72.138
178.199,40.761,63.893,72.138
178.325,40.241,65.307,73.734
180.788,38.873,65.307,73.734
181.484,37.773,66.752,75.365
182.323,38.053,66.752,75.365
182.603,37.773,66.752,75.365
183.442,37.494,66.752,75.365
184.281,36.655,66.752,75.365
184.001,36.375,66.752,75.365
183.553,35.832,68.229,77.032
182.695,35.546,68.229,77.032
182.409,35.260,68.229,77.032
180.980,34.974,68.229,77.032
180.694,35.260,68.229,77.032
178.694,34.403,68.229,77.032
176.456,33.847,69.738,78.737
173.563,32.673,71.281,80.479
171.473,33.569,71.281,80.479
168.188,33.270,71.281,80.479
166.098,32.374,71.281,80.479
162.216,32.076,71.281,80.479
158.932,31.180,71.281,80.479
154.453,30.881,71.281,80.479
150.571,29.985,71.281,80.479
146.689,29.687,71.281,80.479
142.493,29.726,72.858,82.259
139.135,30.031,72.858,82.259
134.557,29.115,72.858,82.259
131.200,29.421,72.858,82.259
127.232,29.726,72.858,82.259
124.485,30.031,72.858,82.259
121.738,29.115,72.858,82.259
118.381,29.421,72.858,82.259
115.992,28.827,74.470,84.079
113.808,28.515,74.470,84.079
111.624,28.203,74.470,84.079
110.064,29.763,74.470,84.079
109.129,28.827,74.470,84.079
108.817,29.763,74.470,84.079
107.881,30.699,74.470,84.079
108.193,31.011,74.470,84.079
108.505,31.947,74.470,84.079
108.193,32.883,74.470,84.079
109.752,33.819,74.470,84.079
110.064,35.379,74.470,84.079
111.624,36.938,74.470,84.079
111.936,37.874,74.470,84.079
113.496,38.186,74.470,84.079
113.808,40.370,74.470,84.079
114.744,40.682,74.470,84.079
115.056,40.370,74.470,84.079
116.151,42.169,72.882,82.286
117.067,41.253,72.882,82.286
116.151,41.558,72.882,82.286
117.067,41.863,72.882,82.286
116.151,40.337,72.882,82.286
116.456,41.863,72.882,82.286
115.540,40.337,72.882,82.286
115.235,41.863,72.882,82.286
113.708,40.337,72.882,82.286
112.182,41.863,72.882,82.286
111.266,40.337,72.882,82.286
109.739,41.863,72.882,82.286
107.602,40.947,72.882,82.286
106.075,42.474,72.882,82.286
104.549,43.390,72.882,82.286
103.266,42.796,71.328,80.532
101.772,44.290,71.328,80.532
99.083,45.186,71.328,80.532
96.991,45.485,71.328,80.532
94.302,46.381,71.328,80.532
92.210,46.680,71.328,80.532
89.521,46.979,71.328,80.532
86.234,46.680,71.328,80.532
84.143,48.772,71.328,80.532
81.735,49.342,69.807,78.814
79.104,49.635,69.807,78.814
77.057,51.097,69.807,78.814
75.828,51.656,68.318,77.134
73.825,52.514,68.318,77.134
72.622,52.509,66.861,75.489
70.905,54.124,65.435,73.879
70.282,54.119,64.040,72.303
69.477,55.460,64.040,72.303
68.136,54.119,64.040,72.303
67.331,55.460,64.040,72.303
66.526,54.119,64.040,72.303
65.185,55.460,64.040,72.303
66.644,54.421,62.674,70.761
65.856,55.209,62.674,70.761
66.118,54.421,62.674,70.761
66.906,55.209,62.674,70.761
66.644,54.421,62.674,70.761
68.071,54.923,61.338,69.252
68.328,54.666,61.338,69.252
69.613,55.950,61.338,69.252
71.411,54.666,61.338,69.252
72.696,56.464,61.338,69.252
75.009,55.180,61.338,69.252
77.892,56.661,60.030,67.776
80.155,55.907,60.030,67.776
83.424,56.661,60.030,67.776
86.693,56.410,60.030,67.776
89.459,57.667,60.030,67.776
93.734,56.912,60.030,67.776
97.003,58.170,60.030,67.776
101.278,58.421,60.030,67.776
105.553,58.673,60.030,67.776
108.822,57.918,60.030,67.776
113.600,58.673,60.030,67.776
117.372,57.918,60.030,67.776
122.150,58.673,60.030,67.776
125.922,58.421,60.030,67.776
129.694,59.679,60.030,67.776
132.963,58.421,60.030,67.776
136.735,60.182,60.030,67.776
140.005,59.427,60.030,67.776
143.796,60.877,58.750,66.330
146.503,60.139,58.750,66.330
150.194,61.369,58.750,66.330
152.956,60.890,57.497,64.916
155.605,62.576,57.497,64.916
158.255,61.372,57.497,64.916
159.941,61.613,57.497,64.916
161.627,62.336,57.497,64.916
164.276,61.613,57.497,64.916
165.962,62.336,57.497,64.916
167.166,61.613,57.497,64.916
168.852,62.336,57.497,64.916
170.057,61.613,57.497,64.916
171.261,62.336,57.497,64.916
172.465,62.095,57.497,64.916
173.670,61.372,57.497,64.916
174.874,62.095,57.497,64.916
174.633,62.336,57.497,64.916
176.319,62.095,57.497,64.916
176.560,62.336,57.497,64.916
177.282,62.576,57.497,64.916
177.523,62.817,57.497,64.916
178.246,63.058,57.497,64.916
177.523,62.336,57.497,64.916
178.246,62.576,57.497,64.916
178.005,62.336,57.497,64.916
177.282,62.095,57.497,64.916
177.523,61.372,57.497,64.916
177.764,61.131,57.497,64.916
175.596,60.409,57.497,64.916
176.801,60.168,57.497,64.916
174.151,59.927,57.497,64.916
174.392,59.686,57.497,64.916
172.706,58.964,57.497,64.916
172.465,58.723,57.497,64.916
170.298,57.518,57.497,64.916
169.093,56.796,57.497,64.916
167.407,56.555,57.497,64.916
166.203,55.351,57.497,64.916
164.517,55.110,57.497,64.916
163.794,54.387,57.497,64.916
161.627,54.628,57.497,64.916
161.386,54.387,57.497,64.916
160.182,54.146,57.497,64.916
158.496,53.905,57.497,64.916
156.610,53.437,58.769,66.352
157.349,53.191,58.769,66.352
156.118,52.945,58.769,66.352
155.379,52.206,58.769,66.352
155.133,52.452,58.769,66.352
154.394,52.206,58.769,66.352
155.133,51.960,58.769,66.352
154.394,51.714,58.769,66.352
155.133,52.945,58.769,66.352
154.887,51.714,58.769,66.352
154.640,52.452,58.769,66.352
154.246,50.952,60.069,67.820
156.007,51.204,60.069,67.820
155.756,50.449,60.069,67.820
158.020,50.701,60.069,67.820
158.272,50.952,60.069,67.820
160.537,51.204,60.069,67.820
162.298,49.946,60.069,67.820
164.060,50.701,60.069,67.820
165.821,49.946,60.069,67.820
168.589,49.694,60.069,67.820
170.350,48.939,60.069,67.820
172.615,48.687,60.069,67.820
174.880,47.429,60.069,67.820
177.648,46.674,60.069,67.820
178.811,44.619,61.398,69.321
181.126,44.876,61.398,69.321
183.955,43.590,61.398,69.321
186.270,43.333,61.398,69.321
187.992,41.232,62.757,70.854
191.410,40.443,62.757,70.854
193.776,40.706,62.757,70.854
197.193,39.917,62.757,70.854
198.408,38.861,64.145,72.422
201.364,38.592,64.145,72.422
203.782,37.786,64.145,72.422
205.126,38.055,64.145,72.422
207.544,37.786,64.145,72.422
208.351,37.517,64.145,72.422
211.306,36.711,64.145,72.422
212.112,36.980,64.145,72.422
212.919,36.711,64.145,72.422
212.650,35.905,64.145,72.422
212.919,36.711,64.145,72.422
213.187,35.905,64.145,72.422
212.919,35.636,64.145,72.422
210.815,34.556,65.564,74.024
209.442,35.929,65.564,74.024
208.068,35.105,65.564,74.024
205.597,36.479,65.564,74.024
203.674,35.655,65.564,74.024
201.202,35.380,65.564,74.024
198.181,37.852,65.564,74.024
195.709,35.929,65.564,74.024
193.237,35.655,65.564,74.024
188.238,36.831,67.015,75.662
185.149,34.865,67.015,75.662
180.938,34.585,67.015,75.662
178.973,37.673,67.015,75.662
173.281,34.214,68.498,77.336
169.550,35.649,68.498,77.336
165.820,33.641,68.498,77.336
160.368,35.075,68.498,77.336
156.638,34.788,68.498,77.336
152.908,35.649,68.498,77.336
148.030,34.788,68.498,77.336
143.152,35.075,68.498,77.336
138.848,35.936,68.498,77.336
133.969,35.649,68.498,77.336
129.091,35.362,68.498,77.336
124.213,35.649,68.498,77.336
120.483,37.084,68.498,77.336
116.753,38.519,68.498,77.336
111.875,38.232,68.498,77.336
107.571,40.240,68.498,77.336
103.841,41.101,68.498,77.336
99.536,41.388,68.498,77.336
94.909,40.830,70.013,79.047
91.682,41.710,70.013,79.047
89.043,41.417,70.013,79.047
86.403,43.470,70.013,79.047
84.350,42.590,70.013,79.047
82.884,41.710,70.013,79.047
82.004,40.830,70.013,79.047
80.537,41.710,70.013,79.047
80.831,41.417,70.013,79.047
80.537,43.470,70.013,79.047
79.657,42.590,70.013,79.047
80.537,41.710,70.013,79.047
79.657,43.763,70.013,79.047
81.124,42.883,70.013,79.047
80.244,43.176,70.013,79.047
82.884,45.230,70.013,79.047
83.763,44.350,70.013,79.047
85.230,46.403,70.013,79.047
85.523,46.109,70.013,79.047
87.576,48.162,70.013,79.047
88.456,47.869,70.013,79.047
90.509,49.336,70.013,79.047
91.389,51.389,70.013,79.047
92.855,51.682,70.013,79.047
94.322,52.562,70.013,79.047
93.442,51.682,70.013,79.047
95.495,53.148,70.013,79.047
95.202,53.442,70.013,79.047
95.495,54.322,70.013,79.047
96.375,54.028,70.013,79.047
94.908,52.562,70.013,79.047
95.788,52.269,70.013,79.047
94.322,51.975,70.013,79.047
93.442,51.095,70.013,79.047
92.562,50.215,70.013,79.047
91.330,49.645,68.520,77.361
90.469,49.932,68.520,77.361
89.034,49.645,68.520,77.361
87.024,49.932,68.520,77.361
85.265,49.927,67.059,75.712
83.860,51.893,67.059,75.712
80.208,51.050,67.059,75.712
77.945,53.212,65.629,74.097
74.921,53.486,65.629,74.097
71.347,52.662,65.629,74.097
69.132,54.247,64.229,72.517
66.172,53.978,64.229,72.517
63.212,55.861,64.229,72.517
60.007,55.338,62.860,70.971
57.637,57.708,62.860,70.971
54.214,56.391,62.860,70.971
52.371,59.288,62.860,70.971
50.249,60.298,61.519,69.457
47.930,59.525,61.519,69.457
47.841,61.011,60.207,67.976
46.295,61.492,58.923,66.526
45.554,61.739,58.923,66.526
44.993,61.735,57.667,65.108
46.772,62.662,56.437,63.719
46.063,61.953,56.437,63.719
47.348,63.316,55.233,62.360
47.117,63.547,55.233,62.360
47.811,62.390,55.233,62.360
49.431,62.622,55.233,62.360
50.125,62.390,55.233,62.360
51.282,61.696,55.233,62.360
53.364,62.853,55.233,62.360
55.446,62.159,55.233,62.360
57.992,62.390,55.233,62.360
60.074,60.771,55.233,62.360
63.545,62.853,55.233,62.360
67.478,62.159,55.233,62.360
70.949,62.390,55.233,62.360
74.419,61.233,55.233,62.360
78.815,63.316,55.233,62.360
83.674,63.547,55.233,62.360
88.533,62.853,55.233,62.360
93.392,64.010,55.233,62.360
98.251,63.778,55.233,62.360
103.110,63.547,55.233,62.360
107.506,63.316,55.233,62.360
111.902,65.398,55.233,62.360
115.836,64.241,55.233,62.360
120.232,65.398,55.233,62.360
124.166,65.394,54.056,61.030
126.657,65.620,54.056,61.030
129.601,64.488,54.056,61.030
132.092,64.715,54.056,61.030
133.677,65.394,54.056,61.030
136.168,66.073,54.056,61.030
137.835,66.506,52.903,59.729
139.830,67.171,52.903,59.729
140.938,66.506,52.903,59.729
141.603,67.614,52.903,59.729
140.938,66.949,52.903,59.729
141.603,66.284,52.903,59.729
140.495,66.506,52.903,59.729
139.830,66.727,52.903,59.729
139.608,65.619,52.903,59.729
137.614,67.171,52.903,59.729
136.062,65.619,52.903,59.729
133.625,67.171,52.903,59.729
132.073,65.619,52.903,59.729
129.192,66.284,52.903,59.729
126.311,65.176,52.903,59.729
123.430,64.954,52.903,59.729
120.106,64.290,52.903,59.729
116.339,64.511,52.903,59.729
112.571,63.846,52.903,59.729
108.804,62.295,52.903,59.729
105.036,62.074,52.903,59.729
100.826,60.965,52.903,59.729
96.172,59.414,52.903,59.729
91.518,59.636,52.903,59.729
86.864,58.084,52.903,59.729
83.097,58.749,52.903,59.729
78.443,57.641,52.903,59.729
74.675,56.976,52.903,59.729
70.908,57.641,52.903,59.729
67.140,56.533,52.903,59.729
63.373,57.641,52.903,59.729
60.492,55.647,52.903,59.729
58.054,55.425,52.903,59.729
55.173,56.090,52.903,59.729
52.735,55.425,52.903,59.729
51.184,55.203,52.903,59.729
48.530,53.853,54.073,61.050
47.850,53.626,54.073,61.050
47.171,53.400,54.073,61.050
46.038,54.986,54.073,61.050
45.811,54.306,54.073,61.050
46.944,54.532,54.073,61.050
46.264,53.400,54.073,61.050
46.491,55.439,54.073,61.050
46.128,54.058,55.270,62.401
47.198,53.128,56.492,63.782
48.381,53.364,56.492,63.782
50.038,53.601,56.492,63.782
51.131,54.123,57.742,65.193
52.341,52.914,57.742,65.193
54.518,52.188,57.742,65.193
56.695,50.978,57.742,65.193
59.356,50.737,57.742,65.193
62.016,49.043,57.742,65.193
65.161,49.769,57.742,65.193
67.338,47.592,57.742,65.193
70.482,46.383,57.742,65.193
74.111,47.592,57.742,65.193
78.223,45.415,57.742,65.193
80.884,44.689,57.742,65.193
84.512,44.931,57.742,65.193
87.656,44.689,57.742,65.193
91.285,44.447,57.742,65.193
94.429,44.206,57.742,65.193
98.058,45.899,57.742,65.193
102.170,45.173,57.742,65.193
104.830,44.931,57.742,65.193
108.943,46.624,57.742,65.193
112.087,44.447,57.742,65.193
115.232,45.657,57.742,65.193
116.851,46.191,59.020,66.635
117.994,43.658,60.326,68.110
119.763,46.438,60.326,68.110
120.407,44.898,61.660,69.617
121.698,45.672,61.660,69.617
122.990,44.898,61.660,69.617
124.281,46.189,61.660,69.617
124.539,45.414,61.660,69.617
125.831,44.639,61.660,69.617
126.606,44.898,61.660,69.617
126.348,45.156,61.660,69.617
125.397,44.118,63.025,71.157
125.522,43.057,64.419,72.731
124.173,42.247,64.419,72.731
122.823,41.977,64.419,72.731
121.474,41.168,64.419,72.731
122.823,40.898,64.419,72.731
119.031,39.253,65.844,74.340
119.307,38.977,65.844,74.340
116.003,39.014,67.301,75.985
114.593,38.732,67.301,75.985
115.439,37.886,67.301,75.985
112.062,37.923,68.790,77.666
111.198,37.058,68.790,77.666
110.333,37.923,68.790,77.666
111.198,37.058,68.790,77.666
107.746,37.694,70.312,79.385
109.808,36.221,70.312,79.385
106.891,35.037,71.868,81.141
108.998,33.532,71.868,81.141
106.891,34.435,71.868,81.141
109.600,32.328,71.868,81.141
109.901,34.435,71.868,81.141
112.009,32.328,71.868,81.141
112.310,33.833,71.868,81.141
114.417,31.726,71.868,81.141
115.184,31.141,73.458,82.936
117.338,30.217,73.458,82.936
120.723,30.525,73.458,82.936
124.723,30.833,73.458,82.936
128.724,31.756,73.458,82.936
132.109,31.448,73.458,82.936
136.109,31.756,73.458,82.936
140.109,32.679,73.458,82.936
144.725,32.987,73.458,82.936
149.956,33.295,73.458,82.936
153.957,31.756,73.458,82.936
157.957,33.295,73.458,82.936
163.188,31.141,73.458,82.936
167.804,31.448,73.458,82.936
171.805,31.141,73.458,82.936
175.805,31.448,73.458,82.936
179.190,31.141,73.458,82.936
182.575,32.064,73.458,82.936
185.344,31.756,73.458,82.936
187.498,33.910,73.458,82.936
189.037,31.756,73.458,82.936
190.576,33.910,73.458,82.936
191.499,31.756,73.458,82.936
193.653,33.910,73.458,82.936
192.730,30.525,73.458,82.936
194.268,33.295,73.458,82.936
192.730,30.525,73.458,82.936
195.499,33.295,73.458,82.936
193.961,32.371,73.458,82.936
195.499,36.372,73.458,82.936
193.345,32.987,73.458,82.936
194.884,37.603,73.458,82.936
192.475,37.643,75.083,84.771
194.047,41.103,75.083,84.771
192.475,39.530,75.083,84.771
194.047,42.990,75.083,84.771
192.475,41.417,75.083,84.771
193.418,44.248,75.083,84.771
193.104,45.192,75.083,84.771
192.789,46.764,75.083,84.771
191.846,46.450,75.083,84.771
192.160,49.281,75.083,84.771
192.475,49.595,75.083,84.771
190.902,50.539,75.083,84.771
193.104,51.482,75.083,84.771
194.676,50.539,75.083,84.771
193.733,49.595,75.083,84.771
195.935,51.168,75.083,84.771
197.507,50.853,75.083,84.771
198.451,50.539,75.083,84.771
200.653,52.740,75.083,84.771
201.596,53.055,75.083,84.771
203.798,54.628,75.083,84.771
205.251,55.974,76.744,86.647
206.737,58.017,78.442,88.564
208.256,59.424,80.178,90.523
211.951,62.447,80.178,90.523
214.973,63.455,80.178,90.523
217.996,65.134,80.178,90.523
220.347,63.455,80.178,90.523
222.698,66.477,80.178,90.523
224.378,67.485,80.178,90.523
223.839,67.529,81.952,92.526
222.809,65.813,81.952,92.526
222.971,67.282,83.765,94.573
221.217,64.124,83.765,94.573
221.382,65.626,85.618,96.666
219.589,63.116,85.618,96.666
220.665,66.344,85.618,96.666
218.154,63.116,85.618,96.666
216.091,65.395,87.513,98.805
212.792,62.829,87.513,98.805
210.225,66.128,87.513,98.805
206.193,62.829,87.513,98.805
202.893,65.395,87.513,98.805
198.861,62.829,87.513,98.805
196.295,66.128,87.513,98.805
192.262,63.562,87.513,98.805
188.230,66.862,87.513,98.805
183.464,64.295,87.513,98.805
178.698,63.929,87.513,98.805
173.932,66.495,87.513,98.805
164.216,62.740,89.449,100.991
159.345,60.866,89.449,100.991
154.474,60.491,89.449,100.991
149.603,59.367,89.449,100.991
144.731,58.243,89.449,100.991
141.712,58.236,87.541,98.837
136.945,57.870,87.541,98.837
133.283,56.449,85.674,96.729
129.008,55.059,83.847,94.666
125.847,58.220,83.847,94.666
123.694,56.183,82.059,92.648
120.924,54.189,80.309,90.672
118.214,54.183,78.597,88.738
114.926,53.542,76.921,86.846
111.709,52.915,75.280,84.994
108.871,51.969,75.280,84.994
105.402,51.023,75.280,84.994
103.469,51.626,73.675,83.181
100.074,51.317,73.675,83.181
98.777,51.906,72.104,81.408
96.059,50.396,72.104,81.408
95.372,50.973,70.566,79.672
93.303,50.086,70.566,79.672
93.770,50.651,69.061,77.973
91.745,49.204,69.061,77.973
89.720,48.336,69.061,77.973
87.695,49.204,69.061,77.973
85.670,48.336,69.061,77.973
83.066,49.204,69.061,77.973
81.850,48.641,67.589,76.310
81.207,48.091,66.147,74.682
79.267,47.814,66.147,74.682
77.881,46.428,66.147,74.682
77.050,47.259,66.147,74.682
75.886,45.118,64.737,73.090
72.903,47.558,64.737,73.090
71.005,45.118,64.737,73.090
68.564,47.016,64.737,73.090
67.208,44.575,64.737,73.090
64.767,43.219,64.737,73.090
61.784,45.118,64.737,73.090
60.645,44.067,63.356,71.531
58.256,45.394,63.356,71.531
56.398,46.191,63.356,71.531
54.260,48.232,62.005,70.006
52.167,47.727,60.683,68.513
49.371,51.540,60.683,68.513
46.066,51.794,60.683,68.513
42.762,53.065,60.683,68.513
39.457,54.845,60.683,68.513
37.169,53.574,60.683,68.513
34.881,57.895,60.683,68.513
32.085,56.624,60.683,68.513
30.305,59.420,60.683,68.513
28.018,58.149,60.683,68.513
25.221,60.437,60.683,68.513
22.934,59.166,60.683,68.513
