319.000,185.000,67.000,56.000
316.339,184.274,67.000,56.000
314.646,182.581,67.000,56.000
311.985,181.856,67.000,56.000
310.292,180.162,67.000,56.000
309.083,178.469,67.000,56.000
307.390,178.711,67.000,56.000
305.696,177.018,67.000,56.000
303.519,175.325,67.000,56.000
301.826,174.115,67.000,56.000
300.133,173.390,67.000,56.000
298.924,171.696,67.000,56.000
297.231,171.454,67.000,56.000
296.505,169.761,67.000,56.000
293.844,169.519,67.000,56.000
293.602,166.859,67.000,56.000
291.909,166.617,67.000,56.000
291.183,163.956,67.000,56.000
290.458,163.230,67.000,56.000
288.765,161.537,67.000,56.000
285.620,162.747,67.000,56.000
284.894,159.602,67.000,56.000
286.775,157.635,65.571,54.806
283.697,155.504,65.571,54.806
281.093,157.161,65.571,54.806
282.277,153.610,65.571,54.806
279.673,151.953,65.571,54.806
281.803,148.876,65.571,54.806
280.146,146.272,65.571,54.806
281.803,143.668,65.571,54.806
279.993,141.742,64.173,53.637
282.687,139.411,62.804,52.493
280.193,138.278,62.804,52.493
279.059,136.691,62.804,52.493
277.925,134.196,62.804,52.493
278.605,131.702,62.804,52.493
277.472,129.208,62.804,52.493
280.545,126.490,61.465,51.374
278.992,124.937,61.465,51.374
282.000,122.276,60.154,50.278
280.480,121.625,60.154,50.278
282.000,119.236,60.154,50.278
282.652,118.150,60.154,50.278
282.246,117.221,58.871,49.206
284.159,115.308,58.871,49.206
284.797,113.820,58.871,49.206
284.159,111.482,58.871,49.206
285.222,109.994,58.871,49.206
283.309,111.907,58.871,49.206
284.372,109.569,58.871,49.206
284.584,107.657,58.871,49.206
282.246,109.144,58.871,49.206
280.759,108.507,58.871,49.206
278.421,109.994,58.871,49.206
280.759,107.656,58.871,49.206
282.246,106.594,58.871,49.206
283.734,106.381,58.871,49.206
283.522,107.869,58.871,49.206
286.285,105.531,58.871,49.206
289.048,104.043,58.871,49.206
288.410,105.531,58.871,49.206
288.197,105.744,58.871,49.206
288.835,103.831,58.871,49.206
287.347,104.893,58.871,49.206
290.110,102.556,58.871,49.206
288.623,101.918,58.871,49.206
290.960,100.430,58.871,49.206
288.197,102.343,58.871,49.206
290.535,100.855,58.871,49.206
292.448,99.367,58.871,49.206
292.661,100.005,58.871,49.206
292.448,98.092,58.871,49.206
295.636,97.030,58.871,49.206
296.699,95.967,58.871,49.206
298.187,94.904,58.871,49.206
300.100,93.416,58.871,49.206
299.887,92.354,58.871,49.206
302.225,91.291,58.871,49.206
299.887,94.054,58.871,49.206
300.100,91.716,58.871,49.206
302.012,89.803,58.871,49.206
300.100,92.141,58.871,49.206
303.288,88.528,58.871,49.206
306.051,85.340,58.871,49.206
307.538,83.002,58.871,49.206
305.626,85.765,58.871,49.206
301.587,91.078,58.871,49.206
300.100,93.841,58.871,49.206
303.713,91.078,58.871,49.206
306.901,87.465,58.871,49.206
308.814,83.852,58.871,49.206
306.901,86.190,58.871,49.206
309.664,83.002,58.871,49.206
306.901,81.514,58.871,49.206
305.838,84.277,58.871,49.206
308.176,81.089,58.871,49.206
309.239,79.601,58.871,49.206
308.432,81.150,57.616,48.157
310.304,78.446,57.616,48.157
309.680,77.822,57.616,48.157
311.137,76.782,57.616,48.157
309.264,78.654,57.616,48.157
309.889,77.198,57.616,48.157
308.848,78.238,57.616,48.157
307.392,80.110,57.616,48.157
309.680,76.990,57.616,48.157
307.392,80.942,57.616,48.157
305.520,85.310,57.616,48.157
307.392,84.686,57.616,48.157
306.352,86.559,57.616,48.157
307.808,84.270,57.616,48.157
308.016,81.566,57.616,48.157
306.144,85.518,57.616,48.157
308.016,83.646,57.616,48.157
306.144,85.518,57.616,48.157
308.432,83.230,57.616,48.157
310.304,83.438,57.616,48.157
311.345,81.150,57.616,48.157
310.304,83.438,57.616,48.157
309.680,85.727,57.616,48.157
310.304,84.686,57.616,48.157
306.430,86.959,58.891,49.222
304.942,89.723,58.891,49.222
303.879,91.211,58.891,49.222
304.517,93.125,58.891,49.222
305.580,92.062,58.891,49.222
304.942,93.125,58.891,49.222
306.005,93.337,58.891,49.222
305.367,94.400,58.891,49.222
306.430,92.912,58.891,49.222
305.792,94.826,58.891,49.222
304.920,93.178,60.194,50.311
304.703,95.134,60.194,50.311
304.051,97.525,60.194,50.311
305.137,99.046,60.194,50.311
303.616,97.525,60.194,50.311
302.274,97.193,61.526,51.424
302.940,98.748,61.526,51.424
301.830,97.638,61.526,51.424
302.052,99.192,61.526,51.424
302.274,99.859,61.526,51.424
299.831,97.860,61.526,51.424
299.609,95.861,61.526,51.424
297.609,94.306,61.526,51.424
296.055,95.861,61.526,51.424
296.721,96.083,61.526,51.424
295.610,93.639,61.526,51.424
296.721,92.973,61.526,51.424
297.387,94.528,61.526,51.424
296.277,93.417,61.526,51.424
295.610,96.305,61.526,51.424
293.167,98.748,61.526,51.424
289.491,100.714,62.887,52.562
286.993,104.120,62.887,52.562
286.062,106.129,64.278,53.725
287.222,106.826,64.278,53.725
288.383,107.986,64.278,53.725
288.150,107.754,64.278,53.725
288.847,107.986,64.278,53.725
289.543,108.682,64.278,53.725
287.454,107.058,64.278,53.725
287.686,108.218,64.278,53.725
286.062,107.058,64.278,53.725
286.294,108.682,64.278,53.725
285.134,108.450,64.278,53.725
283.973,109.146,64.278,53.725
283.741,110.771,64.278,53.725
283.973,111.931,64.278,53.725
281.885,115.412,64.278,53.725
282.117,114.251,64.278,53.725
281.421,115.876,64.278,53.725
279.987,115.041,65.700,54.914
279.750,118.124,65.700,54.914
279.987,119.310,65.700,54.914
280.699,120.022,65.700,54.914
280.462,120.259,65.700,54.914
280.965,118.913,67.154,56.129
280.474,118.544,68.640,57.371
278.739,116.314,68.640,57.371
277.005,119.039,68.640,57.371
274.279,122.261,68.640,57.371
273.536,123.500,68.640,57.371
271.801,122.261,68.640,57.371
271.058,124.491,68.640,57.371
271.801,124.243,68.640,57.371
272.544,127.465,68.640,57.371
274.775,126.226,68.640,57.371
275.022,126.474,68.640,57.371
274.775,125.235,68.640,57.371
272.544,127.465,68.640,57.371
270.810,127.217,68.640,57.371
269.571,129.447,68.640,57.371
268.040,132.669,70.158,58.640
265.425,134.385,71.711,59.937
265.974,135.602,73.297,61.263
263.063,136.396,73.297,61.263
264.387,140.366,73.297,61.263
264.399,142.159,74.919,62.619
261.606,145.675,76.577,64.004
263.914,146.975,78.271,65.420
265.892,150.083,78.271,65.420
260.629,150.825,80.003,66.868
261.495,152.847,80.003,66.868
265.967,156.622,78.296,65.442
262.293,154.644,78.296,65.442
264.837,158.318,78.296,65.442
262.858,158.601,78.296,65.442
264.271,160.014,78.296,65.442
261.162,159.166,78.296,65.442
262.575,161.710,78.296,65.442
259.466,163.689,78.296,65.442
260.879,165.102,78.296,65.442
258.901,164.820,78.296,65.442
257.487,164.537,78.296,65.442
254.378,165.385,78.296,65.442
252.761,166.900,76.627,64.046
253.591,167.177,76.627,64.046
251.101,166.347,76.627,64.046
252.484,167.730,76.627,64.046
250.368,168.146,74.993,62.680
251.722,169.500,74.993,62.680
250.910,168.146,74.993,62.680
252.263,169.500,74.993,62.680
249.827,167.605,74.993,62.680
251.722,170.042,74.993,62.680
249.827,171.395,74.993,62.680
250.639,171.125,74.993,62.680
248.202,173.561,74.993,62.680
