58.000,100.000,28.000,23.000
59.705,99.499,28.000,23.000
60.607,100.401,28.000,23.000
62.111,100.501,28.000,23.000
62.613,100.802,28.000,23.000
63.916,101.304,28.000,23.000
66.022,101.404,28.000,23.000
68.128,102.306,28.000,23.000
70.033,102.808,28.000,23.000
69.411,103.073,28.619,23.509
71.153,103.791,28.619,23.509
72.076,103.688,28.619,23.509
70.743,103.791,28.619,23.509
69.616,104.508,28.619,23.509
69.103,104.611,28.619,23.509
68.591,104.713,28.619,23.509
68.079,105.226,28.619,23.509
66.951,105.943,28.619,23.509
66.029,106.456,28.619,23.509
65.926,105.533,28.619,23.509
66.234,106.456,28.619,23.509
66.131,106.968,28.619,23.509
66.029,108.095,28.619,23.509
67.361,108.813,28.619,23.509
69.308,108.300,28.619,23.509
69.206,107.788,28.619,23.509
71.973,108.300,28.619,23.509
75.355,107.378,28.619,23.509
79.558,106.866,28.619,23.509
84.375,107.583,28.619,23.509
88.372,107.481,28.619,23.509
89.909,107.993,28.619,23.509
91.037,108.915,28.619,23.509
91.754,108.813,28.619,23.509
92.676,109.325,28.619,23.509
93.804,108.403,28.619,23.509
94.521,109.325,28.619,23.509
95.034,108.813,28.619,23.509
94.726,109.530,28.619,23.509
96.059,109.428,28.619,23.509
96.981,109.120,28.619,23.509
96.879,110.043,28.619,23.509
99.236,110.555,28.619,23.509
101.593,109.838,28.619,23.509
103.746,110.965,28.619,23.509
104.668,110.863,28.619,23.509
105.590,110.760,28.619,23.509
106.718,109.223,28.619,23.509
108.050,107.481,28.619,23.509
108.563,106.558,28.619,23.509
109.895,104.406,28.619,23.509
110.818,102.048,28.619,23.509
112.150,100.101,28.619,23.509
114.507,98.359,28.619,23.509
116.865,96.411,28.619,23.509
116.557,96.514,28.619,23.509
118.504,94.977,28.619,23.509
120.042,96.514,28.619,23.509
121.374,97.026,28.619,23.509
122.707,97.334,28.619,23.509
121.374,96.206,28.619,23.509
122.912,97.334,28.619,23.509
124.039,96.616,28.619,23.509
125.371,97.539,28.619,23.509
126.704,97.231,28.619,23.509
125.781,98.154,28.619,23.509
127.114,98.461,28.619,23.509
129.061,97.334,28.619,23.509
130.803,98.051,28.619,23.509
131.931,98.974,28.619,23.509
133.263,98.666,28.619,23.509
133.366,98.564,28.619,23.509
134.698,98.051,28.619,23.509
136.030,99.179,28.619,23.509
137.363,98.871,28.619,23.509
139.720,99.384,28.619,23.509
141.463,98.871,28.619,23.509
142.795,99.794,28.619,23.509
142.897,99.281,28.619,23.509
144.230,99.999,28.619,23.509
144.658,100.270,29.253,24.029
146.019,101.004,29.253,24.029
146.753,99.851,29.253,24.029
146.019,101.004,29.253,24.029
151.153,101.318,29.253,24.029
152.724,101.213,29.253,24.029
151.781,100.689,29.253,24.029
153.353,101.842,29.253,24.029
156.181,102.575,29.253,24.029
158.590,101.632,29.253,24.029
158.067,102.156,29.253,24.029
160.267,101.004,29.253,24.029
162.676,100.689,29.253,24.029
163.619,101.632,29.253,24.029
163.724,102.365,29.253,24.029
163.828,101.842,29.253,24.029
164.771,102.784,29.253,24.029
166.133,103.099,29.253,24.029
168.124,102.156,29.253,24.029
169.695,102.680,29.253,24.029
168.962,103.203,29.253,24.029
170.114,102.261,29.253,24.029
171.895,102.156,29.253,24.029
173.466,103.099,29.253,24.029
172.733,102.784,29.253,24.029
174.514,104.775,29.253,24.029
175.457,106.137,29.253,24.029
175.561,105.403,29.253,24.029
176.714,106.556,29.253,24.029
177.238,106.451,29.253,24.029
177.761,106.346,29.253,24.029
177.447,107.080,29.253,24.029
177.342,106.765,29.253,24.029
179.542,108.127,29.253,24.029
180.561,107.677,28.629,23.517
182.348,108.817,28.018,23.015
182.248,109.318,28.018,23.015
182.549,109.820,28.018,23.015
182.248,110.924,28.018,23.015
183.553,111.626,28.018,23.015
183.051,112.128,28.018,23.015
183.352,111.225,28.018,23.015
184.054,112.128,28.018,23.015
183.483,113.050,27.421,22.524
184.759,113.345,27.421,22.524
185.839,112.265,27.421,22.524
184.759,113.345,27.421,22.524
186.282,114.437,26.836,22.044
185.734,115.506,26.264,21.574
187.145,114.847,26.264,21.574
186.065,116.074,25.704,21.114
185.053,116.535,25.704,21.114
186.303,118.268,25.156,20.664
186.033,117.818,25.156,20.664
185.402,118.989,25.156,20.664
185.672,119.079,25.156,20.664
185.582,119.890,25.156,20.664
185.132,120.160,25.156,20.664
185.402,120.791,25.156,20.664
185.853,120.160,25.156,20.664
184.172,120.959,25.712,21.121
183.712,120.499,25.712,21.121
182.883,121.512,25.712,21.121
182.607,121.788,25.712,21.121
181.594,122.801,25.712,21.121
180.397,123.630,25.712,21.121
179.384,124.459,25.712,21.121
177.476,124.894,26.281,21.588
176.252,125.176,26.281,21.588
176.840,124.644,26.863,22.066
175.590,125.510,26.863,22.066
174.339,124.837,26.863,22.066
172.896,125.702,26.863,22.066
170.876,126.376,26.863,22.066
170.010,127.049,26.863,22.066
167.990,126.376,26.863,22.066
166.162,127.434,26.863,22.066
162.025,127.530,26.863,22.066
160.390,125.895,26.863,22.066
159.332,124.259,26.863,22.066
157.889,124.163,26.863,22.066
159.688,121.823,27.457,22.554
158.409,119.168,27.457,22.554
156.371,116.368,28.064,23.053
153.859,114.057,28.064,23.053
151.949,110.539,28.064,23.053
151.648,109.836,28.064,23.053
148.934,108.730,28.064,23.053
147.025,107.022,28.064,23.053
142.703,105.916,28.064,23.053
142.401,105.213,28.064,23.053
140.666,104.199,27.466,22.561
138.994,103.117,27.466,22.561
136.929,101.642,27.466,22.561
136.634,100.953,27.466,22.561
136.142,100.265,27.466,22.561
134.273,99.379,27.466,22.561
132.994,98.691,27.466,22.561
131.322,98.986,27.466,22.561
131.814,99.281,27.466,22.561
129.748,98.199,27.466,22.561
128.863,99.084,27.466,22.561
125.617,98.199,27.466,22.561
125.716,98.297,27.466,22.561
124.830,97.215,27.466,22.561
123.158,98.297,27.466,22.561
123.736,97.685,26.880,22.080
122.869,96.818,26.880,22.080
121.425,96.337,26.880,22.080
119.211,96.241,26.880,22.080
117.382,95.374,26.880,22.080
115.746,95.086,26.880,22.080
116.035,94.797,26.880,22.080
114.591,94.701,26.880,22.080
111.992,94.027,26.880,22.080
111.703,94.508,26.880,22.080
109.296,93.642,26.880,22.080
106.505,93.160,26.880,22.080
104.676,93.064,26.880,22.080
103.039,92.390,26.880,22.080
103.041,92.446,27.475,22.569
113.864,95.565,28.083,23.068
115.775,96.068,28.083,23.068
114.870,96.570,28.083,23.068
114.166,95.062,28.083,23.068
113.060,95.565,28.083,23.068
111.350,94.660,28.083,23.068
111.561,94.926,28.704,23.578
107.511,93.066,29.339,24.100
102.717,89.420,29.988,24.633
100.937,87.922,30.652,25.178
99.573,86.846,31.330,25.735
101.256,87.856,31.330,25.735
99.163,86.756,32.023,26.305
97.902,87.788,32.023,26.305
96.411,86.297,32.023,26.305
94.986,84.935,32.732,26.887
95.572,86.459,32.732,26.887
93.579,85.170,32.732,26.887
91.352,83.646,32.732,26.887
89.359,83.060,32.732,26.887
88.304,82.239,32.732,26.887
86.780,80.950,32.732,26.887
86.113,80.672,32.034,26.313
84.392,80.557,32.034,26.313
83.359,79.525,32.034,26.313
83.703,80.098,32.034,26.313
82.900,78.607,32.034,26.313
81.639,78.263,32.034,26.313
80.147,77.460,32.034,26.313
80.950,78.722,32.034,26.313
79.918,77.460,32.034,26.313
79.115,76.198,32.034,26.313
77.853,74.936,32.034,26.313
77.968,74.133,32.034,26.313
77.623,74.936,32.034,26.313
76.361,73.674,32.034,26.313
76.247,74.936,32.034,26.313
74.985,73.215,32.034,26.313
74.411,73.330,32.034,26.313
73.838,72.756,32.034,26.313
73.264,72.871,32.034,26.313
72.461,71.609,32.034,26.313
72.117,72.412,32.034,26.313
70.167,70.921,32.034,26.313
69.134,69.429,32.034,26.313
67.872,68.856,32.034,26.313
68.675,68.741,32.034,26.313
67.872,69.315,32.034,26.313
66.610,68.053,32.034,26.313
65.578,67.250,32.034,26.313
64.545,68.282,32.034,26.313
65.119,67.938,32.034,26.313
65.693,66.676,32.034,26.313
66.496,67.709,32.034,26.313
65.004,66.217,32.034,26.313
63.513,65.185,32.034,26.313
64.850,64.470,31.350,25.752
65.292,65.719,30.682,25.203
63.864,64.290,30.682,25.203
65.072,63.521,30.682,25.203
65.842,63.851,30.682,25.203
64.193,63.302,30.682,25.203
64.084,62.532,30.682,25.203
65.292,62.423,30.682,25.203
63.644,61.434,30.682,25.203
65.292,62.203,30.682,25.203
64.031,61.307,30.028,24.666
62.418,60.124,30.028,24.666
63.601,61.091,30.028,24.666
61.988,60.769,30.028,24.666
63.171,60.016,30.028,24.666
64.138,60.554,30.028,24.666
62.955,59.801,30.028,24.666
61.773,59.048,30.028,24.666
62.740,59.371,30.028,24.666
62.128,58.286,29.387,24.140
63.285,57.760,29.387,24.140
63.391,58.286,29.387,24.140
62.654,56.708,29.387,24.140
62.759,56.813,29.387,24.140
63.075,56.076,29.387,24.140
63.895,55.015,28.761,23.625
63.586,55.942,28.761,23.625
63.198,54.705,28.147,23.121
63.097,54.403,28.147,23.121
62.795,55.511,28.147,23.121
61.888,53.193,28.147,23.121
63.198,53.495,28.147,23.121
61.686,52.387,28.147,23.121
62.593,53.092,28.147,23.121
60.678,51.782,28.147,23.121
59.973,50.471,28.147,23.121
60.758,50.815,27.547,22.628
61.528,50.391,26.960,22.145
62.590,51.646,26.960,22.145
61.667,50.672,26.385,21.673
63.085,49.633,26.385,21.673
64.313,50.861,26.385,21.673
63.410,50.637,25.822,21.211
64.613,49.805,25.822,21.211
62.301,48.602,25.822,21.211
61.774,47.492,25.271,20.759
62.769,46.858,25.271,20.759
62.428,46.818,24.732,20.316
63.225,47.084,24.732,20.316
61.720,46.464,24.732,20.316
62.340,45.489,24.732,20.316
60.657,44.869,24.732,20.316
61.277,45.666,24.732,20.316
60.125,44.692,24.732,20.316
60.745,44.781,24.732,20.316
59.594,44.161,24.732,20.316
60.285,43.780,24.205,19.883
59.504,43.000,24.205,19.883
60.849,44.131,23.689,19.459
60.202,43.766,23.184,19.044
60.049,44.049,22.689,18.638
58.993,42.830,22.689,18.638
60.409,43.734,22.205,18.240
59.650,43.392,21.732,17.851
58.949,43.002,21.732,17.851
59.805,43.547,21.732,17.851
58.327,42.380,21.732,17.851
57.626,41.679,21.732,17.851
56.926,40.979,21.732,17.851
57.782,41.679,21.732,17.851
56.614,40.823,21.732,17.851
55.603,40.278,21.732,17.851
54.591,39.422,21.732,17.851
54.669,40.123,21.732,17.851
54.591,39.578,21.732,17.851
53.735,39.967,21.732,17.851
53.501,40.356,21.732,17.851
52.490,39.500,21.732,17.851
51.478,39.422,21.732,17.851
50.622,39.189,21.732,17.851
49.921,38.644,21.732,17.851
49.065,38.878,21.732,17.851
47.898,39.111,21.732,17.851
46.731,38.099,21.732,17.851
45.874,38.177,21.732,17.851
44.907,38.222,22.213,18.246
43.714,37.824,22.213,18.246
44.271,38.540,22.213,18.246
42.919,38.142,22.213,18.246
42.044,37.745,22.213,18.246
41.328,38.302,22.213,18.246
40.930,37.745,22.213,18.246
40.055,38.461,22.213,18.246
39.498,38.063,22.213,18.246
39.419,38.461,22.213,18.246
38.862,38.858,22.213,18.246
38.464,39.733,22.213,18.246
38.066,40.131,22.213,18.246
37.350,38.938,22.213,18.246
36.793,39.495,22.213,18.246
36.714,40.370,22.213,18.246
35.839,40.927,22.213,18.246
35.441,40.052,22.213,18.246
31.066,41.404,22.213,18.246
30.668,42.597,22.213,18.246
30.589,43.790,22.213,18.246
30.509,44.347,22.213,18.246
30.271,43.631,22.213,18.246
29.714,44.347,22.213,18.246
29.793,44.268,22.213,18.246
30.032,44.983,22.213,18.246
28.998,44.745,22.213,18.246
28.759,45.620,22.213,18.246
28.839,46.018,22.213,18.246
28.441,45.461,22.213,18.246
27.566,46.177,22.213,18.246
25.577,45.779,22.213,18.246
24.384,46.495,22.213,18.246
23.827,47.052,22.213,18.246
23.527,47.323,21.739,17.857
23.605,47.712,21.739,17.857
23.527,48.569,21.739,17.857
23.294,48.335,21.739,17.857
22.749,48.880,21.739,17.857
22.827,50.203,21.739,17.857
22.905,50.126,21.739,17.857
21.614,51.301,22.220,18.252
22.330,52.017,22.220,18.252
21.773,51.142,22.220,18.252
20.950,51.683,22.712,18.656
21.356,51.114,22.712,18.656
20.950,52.334,22.712,18.656
20.543,53.554,22.712,18.656
21.112,54.611,22.712,18.656
20.543,54.367,22.712,18.656
19.452,54.958,22.227,18.258
19.214,55.038,22.227,18.258
19.834,56.230,21.753,17.869
19.445,55.529,21.753,17.869
19.211,56.385,21.753,17.869
18.354,56.463,21.753,17.869
18.743,57.009,21.753,17.869
18.821,57.710,21.753,17.869
19.055,57.320,21.753,17.869
19.289,57.398,21.753,17.869
18.432,58.411,21.753,17.869
18.821,58.956,21.753,17.869
18.985,59.163,22.235,18.264
19.064,58.765,22.235,18.264
19.463,59.959,22.235,18.264
19.464,60.500,22.726,18.668
20.848,61.233,22.726,18.668
20.441,60.663,22.726,18.668
21.174,61.721,22.726,18.668
21.743,60.826,22.726,18.668
22.476,61.721,22.726,18.668
23.697,62.454,22.726,18.668
22.639,63.023,22.726,18.668
23.859,63.756,22.726,18.668
25.592,64.661,22.242,18.270
26.628,65.378,22.242,18.270
27.345,66.095,22.242,18.270
26.787,65.856,22.242,18.270
27.663,66.891,22.242,18.270
26.946,66.174,22.242,18.270
27.345,66.891,22.242,18.270
27.424,66.812,22.242,18.270
28.141,68.006,22.242,18.270
29.336,67.927,22.242,18.270
30.371,68.006,22.242,18.270
31.725,68.883,22.242,18.270
32.442,69.440,22.242,18.270
32.841,70.635,22.242,18.270
33.876,71.352,22.242,18.270
33.956,70.794,22.242,18.270
34.991,72.148,22.242,18.270
36.186,71.750,22.242,18.270
36.266,72.626,22.242,18.270
37.142,73.024,22.242,18.270
38.018,72.626,22.242,18.270
37.938,73.662,22.242,18.270
38.974,74.538,22.242,18.270
39.053,74.777,22.242,18.270
40.089,75.494,22.242,18.270
40.965,75.573,22.242,18.270
41.682,76.768,22.242,18.270
42.717,77.644,22.242,18.270
43.434,77.405,22.242,18.270
43.673,77.644,22.242,18.270
43.912,77.883,22.242,18.270
43.355,77.007,22.242,18.270
44.390,77.883,22.242,18.270
44.788,77.644,22.242,18.270
45.983,78.998,22.242,18.270
46.859,78.919,22.242,18.270
48.373,79.476,22.242,18.270
48.612,80.034,22.242,18.270
49.647,79.795,22.242,18.270
50.523,80.990,22.242,18.270
51.186,81.201,22.734,18.674
52.570,80.956,22.734,18.674
53.140,81.201,22.734,18.674
53.710,81.771,22.734,18.674
54.280,81.689,22.734,18.674
55.664,82.096,22.734,18.674
55.420,82.666,22.734,18.674
56.097,83.220,23.237,19.087
57.346,83.969,23.237,19.087
58.038,84.017,23.751,19.510
58.634,84.782,23.751,19.510
58.812,85.007,24.277,19.941
60.290,85.964,24.277,19.941
60.725,86.399,24.277,19.941
60.727,86.629,24.814,20.383
60.282,86.185,24.814,20.383
61.615,85.918,24.814,20.383
61.704,86.185,24.814,20.383
62.859,86.807,24.814,20.383
64.705,87.595,25.363,20.834
64.978,86.959,25.363,20.834
66.340,88.140,25.363,20.834
66.976,88.594,25.363,20.834
68.702,88.504,25.363,20.834
70.246,89.866,25.363,20.834
72.335,89.593,25.363,20.834
72.971,89.866,25.363,20.834
73.607,90.138,25.363,20.834
74.424,91.138,25.363,20.834
75.605,91.410,25.363,20.834
76.967,92.046,25.363,20.834
77.603,91.410,25.363,20.834
78.420,92.954,25.363,20.834
79.930,93.572,25.924,21.295
81.088,93.818,26.497,21.766
82.702,94.482,26.497,21.766
84.884,94.197,26.497,21.766
84.689,94.843,27.084,22.247
84.893,95.502,27.683,22.739
86.578,95.205,27.683,22.739
86.992,95.262,28.295,23.243
86.574,95.530,28.921,23.757
88.127,95.427,28.921,23.757
89.060,95.323,28.921,23.757
91.027,96.255,28.921,23.757
92.374,95.945,28.921,23.757
93.927,96.462,28.921,23.757
96.517,97.395,28.921,23.757
96.949,97.024,29.561,24.282
97.267,97.130,29.561,24.282
98.855,97.448,29.561,24.282
100.019,96.495,29.561,24.282
101.607,97.024,29.561,24.282
103.830,97.554,29.561,24.282
105.206,97.236,29.561,24.282
105.524,98.189,29.561,24.282
108.382,98.083,29.561,24.282
110.394,99.247,29.561,24.282
112.813,98.869,30.215,24.820
114.836,98.707,30.884,25.369
114.283,98.817,30.884,25.369
116.384,99.592,30.884,25.369
117.822,99.702,30.884,25.369
118.154,99.149,30.884,25.369
120.255,99.702,30.884,25.369
120.366,98.928,30.884,25.369
122.025,99.481,30.884,25.369
123.905,98.928,30.884,25.369
125.564,99.702,30.884,25.369
125.232,98.928,30.884,25.369
127.776,99.481,30.884,25.369
129.877,98.707,30.884,25.369
131.979,99.260,30.884,25.369
131.868,100.034,30.884,25.369
133.749,99.481,30.884,25.369
135.186,98.928,30.884,25.369
136.845,99.702,30.884,25.369
138.947,98.928,30.884,25.369
139.057,99.260,30.884,25.369
141.822,99.813,30.884,25.369
144.366,99.039,30.884,25.369
146.910,99.813,30.884,25.369
150.117,98.375,30.884,25.369
150.892,97.601,30.884,25.369
152.551,98.375,30.884,25.369
152.219,98.486,30.884,25.369
153.657,97.711,30.884,25.369
150.446,98.463,31.567,25.930
149.041,99.467,32.265,26.504
150.243,100.252,32.979,27.090
151.471,97.870,33.709,27.690
151.474,98.691,34.455,28.302
153.269,96.969,35.217,28.928
155.161,96.086,35.217,28.928
155.164,96.682,35.996,29.568
156.840,95.007,35.996,29.568
159.547,95.909,35.996,29.568
160.707,93.975,35.996,29.568
161.609,93.331,35.996,29.568
162.254,92.686,35.996,29.568
160.836,93.073,35.996,29.568
162.512,91.913,35.996,29.568
164.445,92.042,35.996,29.568
166.894,92.171,35.996,29.568
168.055,92.042,35.996,29.568
167.668,91.913,35.996,29.568
169.602,91.010,35.996,29.568
169.730,90.881,35.996,29.568
171.481,90.575,35.229,28.938
171.103,89.692,35.229,28.938
171.843,90.852,34.477,28.321
172.213,89.988,34.477,28.321
173.078,89.617,34.477,28.321
173.695,89.000,34.477,28.321
171.905,88.046,35.240,28.947
170.860,87.595,36.020,29.588
171.398,86.866,36.817,30.242
171.794,85.680,36.817,30.242
172.189,83.966,36.817,30.242
170.475,83.043,36.817,30.242
171.299,84.213,37.631,30.912
170.356,82.461,37.631,30.912
170.079,81.420,38.464,31.595
170.493,79.905,38.464,31.595
171.457,81.420,38.464,31.595
171.319,80.180,38.464,31.595
171.457,81.144,38.464,31.595
171.870,80.731,38.464,31.595
169.015,78.524,39.315,32.295
170.113,79.004,38.477,31.606
171.453,78.942,37.656,30.932
171.984,77.842,36.853,30.272
171.324,78.238,36.853,30.272
171.192,77.315,36.853,30.272
170.533,76.391,36.853,30.272
170.137,75.995,36.853,30.272
169.213,75.335,36.853,30.272
168.289,76.523,36.853,30.272
168.685,76.391,36.853,30.272
167.233,75.467,36.853,30.272
167.101,75.335,36.853,30.272
165.913,74.147,36.853,30.272
163.670,74.279,36.853,30.272
161.954,73.355,36.853,30.272
159.710,71.903,36.853,30.272
158.523,72.299,36.853,30.272
159.710,72.431,36.853,30.272
158.259,72.827,36.853,30.272
155.487,71.639,36.853,30.272
153.025,70.346,37.668,30.942
150.732,71.560,37.668,30.942
151.137,70.346,37.668,30.942
148.574,70.751,37.668,30.942
147.899,69.807,37.668,30.942
146.685,69.132,37.668,30.942
146.011,68.188,37.668,30.942
146.416,69.402,37.668,30.942
146.281,68.458,37.668,30.942
145.876,69.672,37.668,30.942
145.201,68.458,37.668,30.942
143.987,69.672,37.668,30.942
143.313,68.458,37.668,30.942
141.289,67.243,37.668,30.942
138.996,67.918,37.668,30.942
139.401,68.323,37.668,30.942
137.647,67.109,37.668,30.942
139.401,68.592,37.668,30.942
137.917,67.648,37.668,30.942
138.861,69.402,37.668,30.942
138.187,68.188,37.668,30.942
138.861,69.941,37.668,30.942
136.905,67.780,38.502,31.627
136.050,67.287,39.354,32.326
135.627,68.837,39.354,32.326
135.046,66.871,40.224,33.042
134.152,66.954,41.114,33.773
133.122,66.218,41.114,33.773
132.208,65.386,42.024,34.520
132.359,64.934,42.024,34.520
120.187,62.836,41.128,33.784
117.644,62.203,40.251,33.063
117.379,63.806,39.392,32.358
116.031,64.015,38.552,31.668
115.617,63.601,38.552,31.668
114.098,62.082,38.552,31.668
111.981,60.956,37.730,30.993
112.116,62.983,37.730,30.993
110.360,62.307,37.730,30.993
110.632,64.070,36.926,30.332
109.971,62.880,36.926,30.332
111.954,64.864,36.926,30.332
110.764,63.144,36.926,30.332
109.309,62.219,36.926,30.332
106.797,60.764,36.926,30.332
103.749,59.176,36.138,29.685
102.762,58.120,35.368,29.052
101.116,59.260,35.368,29.052
100.736,58.120,35.368,29.052
99.089,57.740,35.368,29.052
97.879,56.707,34.613,28.432
98.003,56.583,34.613,28.432
96.640,56.707,34.613,28.432
95.934,57.369,33.875,27.826
96.298,57.490,33.875,27.826
95.139,56.734,33.153,27.233
95.732,57.565,33.153,27.233
93.683,56.597,32.446,26.652
92.125,56.321,31.754,26.084
93.148,57.572,31.754,26.084
90.760,55.866,31.754,26.084
88.600,54.843,31.754,26.084
87.513,53.915,31.077,25.527
86.879,55.367,30.414,24.983
87.728,55.949,29.765,24.450
86.556,54.563,29.765,24.450
86.023,54.883,29.765,24.450
86.343,53.924,29.765,24.450
84.104,52.964,29.765,24.450
84.850,53.710,29.765,24.450
82.825,53.817,29.765,24.450
81.653,52.431,29.765,24.450
81.972,53.391,29.765,24.450
81.365,52.316,29.131,23.929
80.009,52.003,29.131,23.929
79.696,51.690,29.131,23.929
80.009,51.168,29.131,23.929
79.487,52.107,29.131,23.929
79.174,51.585,29.131,23.929
78.235,50.646,29.131,23.929
77.505,50.333,29.131,23.929
76.775,51.272,29.131,23.929
75.778,50.623,28.509,23.418
76.085,51.337,28.509,23.418
75.306,50.111,27.901,22.919
74.159,49.103,27.306,22.430
73.036,49.814,26.724,21.952
74.889,49.402,26.154,21.484
74.046,49.496,26.154,21.484
75.138,50.176,25.597,21.026
74.792,49.605,25.051,20.577
74.627,49.738,24.516,20.139
74.296,49.191,23.994,19.709
73.351,48.933,23.994,19.709
71.546,47.645,23.994,19.709
69.398,46.699,23.994,19.709
69.828,45.754,23.994,19.709
69.226,46.356,23.994,19.709
69.828,46.957,23.994,19.709
68.883,46.012,23.994,19.709
67.766,45.410,23.994,19.709
68.195,46.699,23.994,19.709
67.078,45.582,23.994,19.709
67.508,46.699,23.994,19.709
66.047,45.582,23.994,19.709
65.102,46.184,23.994,19.709
64.157,44.723,23.994,19.709
63.212,43.434,23.994,19.709
63.985,44.379,23.994,19.709
63.330,44.175,23.482,19.289
62.405,43.250,23.482,19.289
60.975,42.998,23.482,19.289
59.882,42.241,23.482,19.289
61.312,43.334,23.482,19.289
60.050,42.409,23.482,19.289
58.116,41.653,23.482,19.289
56.855,41.064,23.482,19.289
55.930,40.307,23.482,19.289
56.350,40.391,23.482,19.289
56.771,40.475,23.482,19.289
55.173,40.391,23.482,19.289
54.584,39.634,23.482,19.289
55.005,40.391,23.482,19.289
53.743,39.634,23.482,19.289
54.500,40.223,23.482,19.289
53.575,39.298,23.482,19.289
52.145,39.550,23.482,19.289
50.716,39.130,23.482,19.289
49.959,38.373,23.482,19.289
49.034,38.625,23.482,19.289
48.277,38.541,23.482,19.289
47.352,38.289,23.482,19.289
46.259,37.868,23.482,19.289
46.175,37.448,23.482,19.289
45.418,38.037,23.482,19.289
45.334,37.448,23.482,19.289
45.250,38.037,23.482,19.289
44.998,37.448,23.482,19.289
44.681,37.411,22.981,18.877
41.800,37.493,22.981,18.877
40.895,36.588,22.981,18.877
40.483,36.999,22.981,18.877
39.907,37.246,22.981,18.877
40.648,36.176,22.981,18.877
39.743,36.423,22.981,18.877
39.167,36.670,22.981,18.877
38.097,37.081,22.981,18.877
36.533,35.847,22.981,18.877
36.615,36.588,22.981,18.877
35.216,36.999,22.981,18.877
32.827,36.363,23.490,19.295
31.734,36.447,23.490,19.295
31.650,36.531,23.490,19.295
31.061,36.616,23.490,19.295
29.967,36.195,23.490,19.295
28.874,35.606,23.490,19.295
27.107,36.027,23.490,19.295
25.004,35.943,23.490,19.295
24.079,36.195,23.490,19.295
23.826,36.111,23.490,19.295
23.574,36.027,23.490,19.295
24.668,35.270,23.490,19.295
25.088,35.690,23.490,19.295
24.331,36.111,23.490,19.295
24.583,35.354,23.490,19.295
25.004,35.774,23.490,19.295
23.910,36.700,23.490,19.295
24.566,37.149,22.989,18.884
24.319,36.902,22.989,18.884
24.072,37.807,22.989,18.884
23.496,38.384,22.989,18.884
24.773,39.775,22.498,18.481
24.209,40.984,22.498,18.481
23.322,40.742,22.498,18.481
22.275,41.145,22.498,18.481
22.356,41.548,22.498,18.481
22.436,41.951,22.498,18.481
22.517,43.159,22.498,18.481
22.436,44.529,22.498,18.481
22.033,44.126,22.498,18.481
22.597,45.173,22.498,18.481
22.356,46.060,22.498,18.481
21.792,45.979,22.498,18.481
22.033,46.221,22.498,18.481
22.275,47.107,22.498,18.481
21.872,47.671,22.498,18.481
22.190,48.567,22.019,18.087
23.215,48.015,22.019,18.087
23.767,49.513,22.019,18.087
23.373,49.119,22.019,18.087
24.240,50.144,22.019,18.087
23.846,50.065,22.019,18.087
23.451,50.775,22.019,18.087
24.634,50.223,22.019,18.087
23.609,51.564,22.019,18.087
22.742,52.273,22.019,18.087
21.401,53.614,22.019,18.087
22.899,53.535,22.019,18.087
21.717,53.456,22.019,18.087
20.376,54.954,22.019,18.087
20.928,55.506,22.019,18.087
21.322,55.112,22.019,18.087
21.717,56.137,22.019,18.087
20.218,56.058,22.019,18.087
20.770,56.610,22.019,18.087
21.322,56.847,22.019,18.087
22.190,57.714,22.019,18.087
22.899,57.478,22.019,18.087
21.874,57.399,22.019,18.087
22.426,58.739,22.019,18.087
23.294,58.660,22.019,18.087
23.688,59.370,22.019,18.087
22.821,59.922,22.019,18.087
23.688,60.001,22.019,18.087
24.017,59.228,22.506,18.487
24.259,60.598,22.506,18.487
23.050,61.485,22.506,18.487
24.455,62.536,22.026,18.093
26.112,63.246,22.026,18.093
26.033,64.430,22.026,18.093
26.269,65.139,22.026,18.093
25.616,64.366,22.513,18.493
26.455,65.417,23.011,18.902
25.878,66.158,23.011,18.902
27.279,66.076,23.011,18.902
26.372,67.147,23.011,18.902
27.333,68.064,22.521,18.499
26.284,68.628,22.521,18.499
26.687,68.547,22.521,18.499
27.413,69.112,22.521,18.499
27.655,69.838,22.521,18.499
28.220,69.435,22.521,18.499
28.784,69.031,22.521,18.499
29.026,71.854,22.521,18.499
29.913,72.741,22.521,18.499
30.962,73.467,22.521,18.499
32.010,73.709,22.521,18.499
30.801,73.951,22.521,18.499
29.430,74.838,22.521,18.499
30.268,75.387,23.019,18.908
31.010,74.645,23.019,18.908
30.223,73.496,22.528,18.505
31.271,74.383,22.528,18.505
30.223,75.109,22.528,18.505
31.271,80.998,22.528,18.505
31.278,82.051,22.048,18.111
31.590,83.538,21.577,17.724
31.447,84.248,21.117,17.346
31.674,85.080,21.117,17.346
31.901,85.005,21.117,17.346
32.279,84.626,21.117,17.346
33.111,85.761,21.117,17.346
33.640,86.744,21.117,17.346
33.111,85.912,21.117,17.346
33.943,87.046,21.117,17.346
35.553,85.701,20.667,16.976
36.959,86.515,20.667,16.976
36.589,87.329,20.667,16.976
37.403,88.143,20.667,16.976
37.033,88.957,20.667,16.976
36.367,92.140,20.667,16.976
36.737,94.138,20.667,16.976
36.219,94.804,20.667,16.976
37.773,96.210,20.667,16.976
38.143,97.765,20.667,16.976
38.958,98.875,20.667,16.976
39.328,99.985,20.667,16.976
39.846,100.207,20.667,16.976
38.772,99.328,21.124,17.352
38.460,98.430,21.592,17.736
37.660,98.956,22.069,18.128
38.154,100.149,22.558,18.529
39.365,101.361,22.558,18.529
39.702,100.737,23.057,18.939
40.446,101.645,23.057,18.939
39.762,100.322,23.567,19.358
40.691,101.081,23.567,19.358
41.957,101.841,23.567,19.358
40.733,103.115,24.088,19.787
41.451,103.702,24.621,20.225
42.185,104.667,25.166,20.672
42.748,103.597,25.723,21.129
42.840,105.716,25.723,21.129
43.798,106.342,26.292,21.597
43.139,106.813,26.292,21.597
44.313,107.453,26.874,22.075
44.515,109.506,27.468,22.563
45.794,110.391,27.468,22.563
44.515,111.473,27.468,22.563
45.794,112.162,27.468,22.563
46.876,113.637,27.468,22.563
45.245,112.673,28.076,23.062
46.954,113.980,28.076,23.062
48.262,114.483,28.076,23.062
46.595,113.706,28.697,23.573
48.342,115.659,28.697,23.573
49.837,115.931,29.332,24.094
50.362,117.087,29.332,24.094
50.677,116.561,29.332,24.094
50.782,117.717,29.332,24.094
51.308,119.503,29.332,24.094
52.182,120.217,29.981,24.627
53.792,119.251,29.981,24.627
53.041,120.861,29.981,24.627
53.792,121.398,29.981,24.627
54.974,121.505,29.981,24.627
55.296,123.331,29.981,24.627
56.906,124.512,29.981,24.627
55.510,124.404,29.981,24.627
57.072,125.803,30.644,25.172
58.441,126.777,31.322,25.729
58.105,128.011,31.322,25.729
59.504,129.006,32.015,26.298
58.243,127.745,32.015,26.298
57.669,129.694,32.015,26.298
58.701,131.184,32.015,26.298
59.180,129.823,32.724,26.880
60.000,131.815,32.724,26.880
60.820,132.401,32.724,26.880
61.641,133.925,32.724,26.880
62.930,135.214,32.724,26.880
64.219,136.268,32.724,26.880
65.039,137.323,32.724,26.880
66.563,138.846,32.724,26.880
64.805,139.667,32.724,26.880
66.328,139.315,32.724,26.880
67.617,139.901,32.724,26.880
69.375,141.190,32.724,26.880
70.664,142.479,32.724,26.880
69.610,143.300,32.724,26.880
71.367,144.354,32.724,26.880
71.953,146.581,32.724,26.880
74.414,148.808,32.724,26.880
74.063,147.518,32.724,26.880
75.525,149.288,33.448,27.475
74.533,149.854,34.188,28.083
76.125,150.956,34.188,28.083
77.227,152.058,34.188,28.083
77.992,153.144,34.944,28.704
80.369,155.021,34.944,28.704
79.493,153.144,34.944,28.704
81.120,155.772,34.944,28.704
82.497,157.900,34.944,28.704
84.124,156.523,34.944,28.704
84.499,157.649,34.944,28.704
85.875,158.275,34.944,28.704
87.956,159.645,35.717,29.339
89.551,160.781,36.507,29.988
89.682,161.434,36.507,29.988
91.041,163.137,37.315,30.652
93.046,165.142,37.315,30.652
94.435,164.109,38.141,31.330
96.139,166.455,38.985,32.023
94.694,166.246,39.847,32.732
96.770,168.401,40.729,33.456
98.666,170.297,40.729,33.456
100.788,171.894,41.630,34.196
101.534,173.534,41.630,34.196
102.279,172.490,41.630,34.196
103.621,174.428,41.630,34.196
103.934,173.895,42.551,34.953
105.000,175.572,42.551,34.953
106.269,174.711,43.492,35.726
108.211,176.739,44.455,36.516
110.858,178.152,45.438,37.324
110.044,177.013,45.438,37.324
112.074,178.795,46.443,38.150
115.234,179.959,46.443,38.150
116.066,180.458,46.443,38.150
118.560,181.290,46.443,38.150
120.635,182.766,47.471,38.994
123.185,183.956,47.471,38.994
126.075,185.486,47.471,38.994
128.285,187.696,47.471,38.994
126.415,185.826,47.471,38.994
129.305,188.376,47.471,38.994
131.175,190.926,47.471,38.994
134.745,192.456,47.471,38.994
134.749,191.143,48.521,39.857
136.556,192.324,49.595,40.739
138.510,193.568,49.595,40.739
140.725,193.301,50.692,41.640
142.722,193.483,50.692,41.640
141.451,193.301,50.692,41.640
145.264,194.572,50.692,41.640
143.267,192.938,50.692,41.640
150.347,194.935,50.692,41.640
149.802,195.117,50.692,41.640
153.977,196.387,50.692,41.640
158.153,196.206,50.692,41.640
161.602,197.477,50.692,41.640
165.414,198.384,50.692,41.640
168.500,197.114,50.692,41.640
167.956,198.747,50.692,41.640
171.042,196.750,50.692,41.640
