276.000,161.000,73.000,74.000
278.026,162.447,73.000,74.000
281.209,162.157,73.000,74.000
284.392,161.289,73.000,74.000
287.575,161.579,73.000,74.000
290.179,161.289,73.000,74.000
294.520,161.579,73.000,74.000
297.124,161.868,73.000,74.000
301.464,162.157,73.000,74.000
304.647,162.447,73.000,74.000
306.673,162.736,73.000,74.000
308.699,162.447,73.000,74.000
309.567,159.264,73.000,74.000
311.013,154.923,73.000,74.000
312.460,150.004,73.000,74.000
314.486,145.085,73.000,74.000
315.354,141.323,73.000,74.000
315.065,142.770,73.000,74.000
314.775,145.953,73.000,74.000
313.907,149.136,73.000,74.000
313.039,151.161,73.000,74.000
312.750,152.608,73.000,74.000
311.882,154.055,73.000,74.000
311.592,154.344,73.000,74.000
310.724,155.213,73.000,74.000
309.856,156.659,73.000,74.000
309.567,158.106,73.000,74.000
308.699,159.553,73.000,74.000
308.409,161.579,73.000,74.000
308.699,163.026,73.000,74.000
307.830,163.894,73.000,74.000
308.120,165.340,73.000,74.000
307.830,165.630,73.000,74.000
306.962,165.919,73.000,74.000
306.673,166.209,73.000,74.000
305.805,164.183,73.000,74.000
305.516,163.894,73.000,74.000
304.647,164.183,73.000,74.000
303.779,164.472,73.000,74.000
302.332,166.498,73.000,74.000
302.043,169.102,73.000,74.000
300.596,169.970,73.000,74.000
300.307,172.575,73.000,74.000
301.175,173.443,73.000,74.000
300.886,174.311,73.000,74.000
300.596,174.021,73.000,74.000
300.886,174.311,73.000,74.000
301.175,174.600,73.000,74.000
302.043,174.890,73.000,74.000
301.175,175.179,73.000,74.000
301.464,174.890,73.000,74.000
301.175,175.758,73.000,74.000
300.307,176.626,73.000,74.000
300.596,176.915,73.000,74.000
299.728,177.205,73.000,74.000
299.439,176.915,73.000,74.000
300.307,177.783,73.000,74.000
300.018,178.651,73.000,74.000
299.728,179.519,73.000,74.000
299.439,180.388,73.000,74.000
300.307,181.834,73.000,74.000
300.018,183.281,73.000,74.000
300.307,182.992,73.000,74.000
302.332,182.703,73.000,74.000
303.779,179.519,73.000,74.000
304.069,176.915,73.000,74.000
304.937,175.468,73.000,74.000
304.647,174.021,73.000,74.000
304.358,174.311,73.000,74.000
305.805,176.336,73.000,74.000
304.937,181.256,73.000,74.000
305.226,187.911,73.000,74.000
305.516,195.145,73.000,74.000
305.226,198.907,73.000,74.000
303.518,199.590,74.615,75.637
302.631,198.702,74.615,75.637
301.743,196.632,74.615,75.637
299.384,197.330,76.266,77.311
296.344,199.297,77.953,79.021
295.417,202.078,77.953,79.021
292.952,204.089,79.678,80.770
291.373,206.300,79.678,80.770
290.164,207.045,81.441,82.557
289.195,209.305,81.441,82.557
288.872,211.565,81.441,82.557
286.297,210.986,83.243,84.383
287.287,209.996,83.243,84.383
286.297,207.027,83.243,84.383
285.967,204.057,83.243,84.383
284.977,201.087,83.243,84.383
285.307,199.437,83.243,84.383
284.977,198.447,83.243,84.383
284.647,197.457,83.243,84.383
283.657,197.128,83.243,84.383
283.327,195.478,83.243,84.383
284.977,195.148,83.243,84.383
283.987,194.158,83.243,84.383
285.637,193.168,83.243,84.383
285.967,193.498,83.243,84.383
286.957,193.828,83.243,84.383
288.607,193.498,83.243,84.383
288.277,195.148,83.243,84.383
289.926,194.158,83.243,84.383
290.256,194.488,83.243,84.383
291.246,194.158,83.243,84.383
291.576,193.168,83.243,84.383
291.246,192.178,83.243,84.383
292.896,191.848,83.243,84.383
292.566,191.518,83.243,84.383
292.236,191.848,83.243,84.383
293.226,190.858,83.243,84.383
293.556,190.528,83.243,84.383
292.566,191.518,83.243,84.383
292.896,190.528,83.243,84.383
292.566,190.198,83.243,84.383
292.236,189.208,83.243,84.383
293.226,188.878,83.243,84.383
292.896,189.208,83.243,84.383
292.566,189.538,83.243,84.383
292.896,190.528,83.243,84.383
293.886,190.198,83.243,84.383
293.556,189.868,83.243,84.383
293.886,188.878,83.243,84.383
294.216,189.208,83.243,84.383
293.886,188.878,83.243,84.383
293.556,188.548,83.243,84.383
292.566,189.538,83.243,84.383
292.236,189.208,83.243,84.383
293.226,188.878,83.243,84.383
292.896,188.548,83.243,84.383
292.566,189.538,83.243,84.383
292.896,188.548,83.243,84.383
293.226,187.558,83.243,84.383
293.556,187.228,83.243,84.383
292.566,186.238,83.243,84.383
292.896,185.249,83.243,84.383
292.566,184.259,83.243,84.383
292.236,183.929,83.243,84.383
293.226,182.279,83.243,84.383
292.896,182.609,83.243,84.383
292.566,182.279,83.243,84.383
292.236,181.289,83.243,84.383
292.566,179.639,83.243,84.383
290.916,179.969,83.243,84.383
289.927,178.319,83.243,84.383
290.256,177.989,83.243,84.383
290.586,176.339,83.243,84.383
290.256,175.349,83.243,84.383
291.246,175.019,83.243,84.383
290.916,174.030,83.243,84.383
290.586,173.700,83.243,84.383
290.257,174.030,83.243,84.383
290.586,173.040,83.243,84.383
289.597,173.370,83.243,84.383
289.927,174.360,83.243,84.383
290.256,174.689,83.243,84.383
290.586,175.679,83.243,84.383
289.597,176.669,83.243,84.383
289.926,176.999,83.243,84.383
290.916,176.669,83.243,84.383
290.586,178.319,83.243,84.383
290.256,177.989,83.243,84.383
291.246,176.999,83.243,84.383
291.576,177.329,83.243,84.383
290.586,177.659,83.243,84.383
290.256,177.329,83.243,84.383
290.586,175.679,83.243,84.383
289.597,175.349,83.243,84.383
289.267,173.040,83.243,84.383
290.256,172.050,83.243,84.383
289.267,171.060,83.243,84.383
288.937,170.070,83.243,84.383
288.607,169.740,83.243,84.383
286.957,172.710,83.243,84.383
287.287,171.060,83.243,84.383
286.957,171.390,83.243,84.383
286.627,173.700,83.243,84.383
285.637,174.030,83.243,84.383
285.967,174.360,83.243,84.383
285.637,176.009,83.243,84.383
285.967,175.679,83.243,84.383
285.637,178.649,83.243,84.383
285.967,178.319,83.243,84.383
285.637,180.629,83.243,84.383
285.967,179.639,83.243,84.383
286.297,181.949,83.243,84.383
286.627,179.639,83.243,84.383
286.297,181.289,83.243,84.383
286.627,179.639,83.243,84.383
286.297,180.629,83.243,84.383
286.627,178.979,83.243,84.383
285.637,177.329,83.243,84.383
286.627,177.659,83.243,84.383
286.957,175.349,83.243,84.383
287.287,173.700,83.243,84.383
288.937,172.710,83.243,84.383
289.926,172.380,83.243,84.383
290.256,174.030,83.243,84.383
291.906,173.040,83.243,84.383
291.576,176.009,83.243,84.383
293.886,174.360,83.243,84.383
294.216,177.989,83.243,84.383
296.526,176.339,83.243,84.383
296.196,179.969,83.243,84.383
298.506,177.659,83.243,84.383
298.176,181.289,83.243,84.383
299.166,179.639,83.243,84.383
298.176,182.609,83.243,84.383
298.506,180.299,83.243,84.383
295.536,181.949,83.243,84.383
295.866,178.319,83.243,84.383
294.216,179.969,83.243,84.383
294.546,176.339,83.243,84.383
292.896,175.349,83.243,84.383
292.566,174.359,83.243,84.383
292.236,172.710,83.243,84.383
291.246,172.380,83.243,84.383
291.576,169.410,83.243,84.383
290.586,167.100,83.243,84.383
290.256,163.470,83.243,84.383
289.927,160.501,83.243,84.383
289.597,158.191,83.243,84.383
287.947,155.221,83.243,84.383
286.683,151.207,85.085,86.250
285.672,153.567,85.085,86.250
283.681,147.365,86.967,88.158
286.783,149.778,86.967,88.158
283.318,144.868,88.891,90.109
288.603,146.630,88.891,90.109
284.329,144.536,90.858,92.103
289.012,145.617,90.858,92.103
285.770,143.096,90.858,92.103
288.291,143.456,90.858,92.103
283.923,139.074,92.868,94.140
280.986,136.123,94.923,96.223
284.373,136.499,94.923,96.223
280.986,129.350,94.923,96.223
276.847,127.469,94.923,96.223
272.708,124.835,94.923,96.223
277.600,125.211,94.923,96.223
272.708,123.330,94.923,96.223
267.817,123.706,94.923,96.223
271.203,120.320,94.923,96.223
265.559,122.201,94.923,96.223
268.193,122.577,94.923,96.223
264.054,119.943,94.923,96.223
265.183,121.825,94.923,96.223
267.817,119.943,94.923,96.223
264.430,121.825,94.923,96.223
267.064,122.954,94.923,96.223
265.183,120.320,94.923,96.223
267.064,123.706,94.923,96.223
269.698,124.835,94.923,96.223
267.064,120.696,94.923,96.223
269.698,124.835,94.923,96.223
270.827,128.221,94.923,96.223
270.948,132.232,97.023,98.352
273.640,137.232,97.023,98.352
270.179,133.001,97.023,98.352
272.102,138.770,97.023,98.352
274.025,142.231,97.023,98.352
271.332,140.308,97.023,98.352
273.052,145.206,99.170,100.528
273.445,147.171,99.170,100.528
273.052,149.923,99.170,100.528
274.232,149.530,99.170,100.528
276.197,154.640,99.170,100.528
277.376,157.392,99.170,100.528
278.556,158.571,99.170,100.528
279.735,162.895,99.170,100.528
279.342,162.502,99.170,100.528
279.735,166.826,99.170,100.528
276.983,164.075,99.170,100.528
276.590,166.826,99.170,100.528
276.197,166.433,99.170,100.528
277.376,168.399,99.170,100.528
276.983,169.578,99.170,100.528
276.590,169.971,99.170,100.528
276.197,170.364,99.170,100.528
277.376,171.543,99.170,100.528
278.556,172.723,99.170,100.528
281.308,175.475,99.170,100.528
280.128,173.509,99.170,100.528
282.880,176.261,99.170,100.528
280.128,171.937,99.170,100.528
283.666,174.688,99.170,100.528
282.487,171.937,99.170,100.528
286.196,174.903,97.055,98.384
287.351,173.749,97.055,98.384
286.966,172.595,97.055,98.384
290.428,173.749,97.055,98.384
286.966,171.056,97.055,98.384
288.890,172.979,97.055,98.384
285.022,169.097,99.202,100.561
285.415,169.490,99.202,100.561
282.662,167.524,99.202,100.561
284.629,167.917,99.202,100.561
281.876,164.378,99.202,100.561
283.842,166.344,99.202,100.561
278.730,162.805,99.202,100.561
278.337,163.985,99.202,100.561
276.371,161.232,99.202,100.561
277.550,161.626,99.202,100.561
275.584,159.659,99.202,100.561
275.977,160.839,99.202,100.561
274.798,157.300,99.202,100.561
275.191,159.266,99.202,100.561
276.371,156.514,99.202,100.561
277.550,158.480,99.202,100.561
274.798,155.727,99.202,100.561
275.191,154.547,99.202,100.561
273.225,153.368,99.202,100.561
270.087,150.215,101.397,102.786
269.383,147.827,103.640,105.060
264.400,143.681,105.934,107.385
262.301,141.582,105.934,107.385
261.041,138.642,105.934,107.385
263.140,141.582,105.934,107.385
257.682,136.963,105.934,107.385
257.262,134.023,105.934,107.385
258.521,135.283,105.934,107.385
256.422,131.504,105.934,107.385
256.002,134.443,105.934,107.385
254.742,131.504,105.934,107.385
254.322,132.764,105.934,107.385
255.582,130.664,105.934,107.385
254.322,131.084,105.934,107.385
257.262,128.984,105.934,107.385
256.842,130.244,105.934,107.385
256.422,129.824,105.934,107.385
257.681,131.084,105.934,107.385
255.582,130.664,105.934,107.385
257.681,133.603,105.934,107.385
257.262,132.344,105.934,107.385
262.843,133.084,103.674,105.095
259.966,135.961,103.674,105.095
264.487,133.906,103.674,105.095
263.612,138.591,101.464,102.854
267.232,135.776,101.464,102.854
265.221,141.005,101.464,102.854
268.036,138.994,101.464,102.854
266.025,143.418,101.464,102.854
263.210,139.798,101.464,102.854
268.438,144.222,101.464,102.854
265.623,141.407,101.464,102.854
262.808,144.222,101.464,102.854
258.383,142.211,101.464,102.854
265.221,144.222,101.464,102.854
259.992,142.211,101.464,102.854
264.563,145.246,99.300,100.660
259.446,142.491,99.300,100.660
261.414,140.523,99.300,100.660
261.808,136.980,99.300,100.660
263.776,139.735,99.300,100.660
263.382,133.831,99.300,100.660
262.201,136.587,99.300,100.660
265.744,136.980,99.300,100.660
262.201,133.438,99.300,100.660
266.531,129.895,99.300,100.660
262.201,132.650,99.300,100.660
267.318,128.320,99.300,100.660
262.989,133.438,99.300,100.660
266.531,129.108,99.300,100.660
262.201,134.225,99.300,100.660
266.531,130.682,99.300,100.660
262.989,135.799,99.300,100.660
266.531,133.044,99.300,100.660
263.417,139.049,97.182,98.514
267.654,140.975,97.182,98.514
263.417,145.983,97.182,98.514
264.572,144.828,97.182,98.514
261.876,146.754,97.182,98.514
261.491,145.598,97.182,98.514
260.335,151.377,97.182,98.514
260.720,151.762,97.182,98.514
260.335,154.458,97.182,98.514
260.720,157.925,97.182,98.514
261.105,159.081,97.182,98.514
262.261,161.778,97.182,98.514
261.105,164.474,97.182,98.514
261.491,167.171,97.182,98.514
260.335,169.097,97.182,98.514
262.261,169.482,97.182,98.514
261.105,171.408,97.182,98.514
259.950,171.794,97.182,98.514
259.564,170.638,97.182,98.514
258.409,173.334,97.182,98.514
261.301,172.528,95.110,96.413
260.170,173.659,95.110,96.413
260.547,172.528,95.110,96.413
259.416,171.397,95.110,96.413
260.547,173.282,95.110,96.413
262.432,171.397,95.110,96.413
262.809,172.528,95.110,96.413
263.186,170.643,95.110,96.413
263.564,174.036,95.110,96.413
263.186,170.643,95.110,96.413
264.318,174.790,95.110,96.413
263.186,172.905,95.110,96.413
262.809,175.544,95.110,96.413
261.678,173.659,95.110,96.413
262.055,176.298,95.110,96.413
263.186,173.659,95.110,96.413
265.072,169.512,95.110,96.413
262.432,166.119,95.110,96.413
264.318,168.758,95.110,96.413
258.662,163.103,95.110,96.413
261.301,166.496,95.110,96.413
256.400,163.103,95.110,96.413
261.301,166.496,95.110,96.413
257.154,165.365,95.110,96.413
262.055,166.496,95.110,96.413
266.957,169.135,95.110,96.413
262.809,164.988,95.110,96.413
267.711,167.627,95.110,96.413
264.317,164.234,95.110,96.413
262.432,162.349,95.110,96.413
266.580,159.710,95.110,96.413
263.186,157.071,95.110,96.413
260.547,155.186,95.110,96.413
257.908,153.301,95.110,96.413
254.515,149.908,95.110,96.413
259.416,145.761,95.110,96.413
255.269,145.384,95.110,96.413
251.876,141.236,95.110,96.413
250.745,138.597,95.110,96.413
249.614,137.466,95.110,96.413
248.483,134.827,95.110,96.413
245.844,132.188,95.110,96.413
243.959,129.549,95.110,96.413
246.598,129.926,95.110,96.413
243.959,125.779,95.110,96.413
241.320,126.910,95.110,96.413
242.451,125.779,95.110,96.413
239.812,127.664,95.110,96.413
242.451,128.795,95.110,96.413
239.812,129.172,95.110,96.413
243.959,131.811,95.110,96.413
244.336,133.696,95.110,96.413
246.221,136.335,95.110,96.413
246.598,138.974,95.110,96.413
248.483,142.367,95.110,96.413
250.368,145.761,95.110,96.413
253.007,149.154,95.110,96.413
257.154,151.039,95.110,96.413
256.023,152.924,95.110,96.413
258.662,154.809,95.110,96.413
258.285,157.448,95.110,96.413
260.924,160.087,95.110,96.413
259.039,164.234,95.110,96.413
263.186,167.627,95.110,96.413
259.793,171.774,95.110,96.413
256.400,176.675,95.110,96.413
262.055,180.823,95.110,96.413
266.956,184.216,95.110,96.413
264.700,187.787,93.082,94.357
268.021,191.108,93.082,94.357
265.438,192.215,93.082,94.357
270.973,189.632,93.082,94.357
270.604,191.477,93.082,94.357
273.785,191.582,95.141,96.444
272.653,192.713,95.141,96.444
271.522,193.844,95.141,96.444
271.899,194.976,95.141,96.444
275.293,193.090,95.141,96.444
272.653,197.239,95.141,96.444
270.768,195.353,95.141,96.444
267.374,197.993,95.141,96.444
274.539,195.353,95.141,96.444
271.145,198.747,95.141,96.444
276.802,198.370,95.141,96.444
280.836,196.129,97.246,98.578
278.909,198.828,97.246,98.578
284.691,195.358,97.246,98.578
281.992,200.370,97.246,98.578
285.316,194.880,99.398,100.759
283.346,198.426,99.398,100.759
286.892,194.880,99.398,100.759
284.134,197.638,99.398,100.759
282.952,196.456,99.398,100.759
280.982,198.426,99.398,100.759
279.012,197.244,99.398,100.759
276.254,200.790,99.398,100.759
282.164,197.244,99.398,100.759
278.618,201.578,99.398,100.759
284.528,198.032,99.398,100.759
288.862,194.486,99.398,100.759
286.892,191.728,99.398,100.759
284.134,195.274,99.398,100.759
289.256,190.940,99.398,100.759
284.922,189.758,99.398,100.759
284.528,191.728,99.398,100.759
287.286,188.182,99.398,100.759
283.740,190.940,99.398,100.759
284.922,194.486,99.398,100.759
284.528,188.576,99.398,100.759
285.710,183.454,99.398,100.759
283.740,182.272,99.398,100.759
284.134,177.150,99.398,100.759
281.376,178.332,99.398,100.759
284.134,172.421,99.398,100.759
280.588,173.603,99.398,100.759
284.134,169.269,99.398,100.759
281.376,170.451,99.398,100.759
284.134,167.693,99.398,100.759
281.376,170.451,99.398,100.759
282.558,168.481,99.398,100.759
281.376,171.239,99.398,100.759
282.558,170.845,99.398,100.759
283.740,172.815,99.398,100.759
284.134,173.997,99.398,100.759
283.740,174.391,99.398,100.759
285.710,172.421,99.398,100.759
284.528,174.391,99.398,100.759
284.922,173.209,99.398,100.759
284.528,172.815,99.398,100.759
286.498,173.209,99.398,100.759
284.528,172.027,99.398,100.759
284.922,172.421,99.398,100.759
282.952,170.451,99.398,100.759
282.558,170.845,99.398,100.759
282.164,170.451,99.398,100.759
280.982,168.481,99.398,100.759
279.012,167.299,99.398,100.759
279.406,165.329,99.398,100.759
276.648,164.147,99.398,100.759
277.830,162.965,99.398,100.759
274.284,162.571,99.398,100.759
276.254,160.601,99.398,100.759
275.072,158.631,99.398,100.759
274.678,157.449,99.398,100.759
275.072,155.479,99.398,100.759
273.890,153.509,99.398,100.759
273.496,152.327,99.398,100.759
274.678,151.145,99.398,100.759
274.284,149.963,99.398,100.759
273.890,151.145,99.398,100.759
274.284,149.175,99.398,100.759
275.466,148.781,99.398,100.759
275.860,149.175,99.398,100.759
274.678,147.205,99.398,100.759
276.648,146.023,99.398,100.759
277.042,147.205,99.398,100.759
275.860,145.235,99.398,100.759
277.830,145.629,99.398,100.759
278.224,144.447,99.398,100.759
278.618,143.265,99.398,100.759
279.800,142.083,99.398,100.759
279.406,143.265,99.398,100.759
279.012,140.507,99.398,100.759
278.618,143.265,99.398,100.759
278.224,141.295,99.398,100.759
277.042,145.629,99.398,100.759
275.860,145.235,99.398,100.759
276.254,148.781,99.398,100.759
275.072,147.599,99.398,100.759
274.678,150.357,99.398,100.759
275.860,147.599,99.398,100.759
274.678,148.781,99.398,100.759
274.284,147.599,99.398,100.759
273.102,147.205,99.398,100.759
273.496,145.235,99.398,100.759
273.890,146.417,99.398,100.759
270.746,144.076,101.597,102.988
272.760,146.895,101.597,102.988
273.163,143.271,101.597,102.988
274.371,146.090,101.597,102.988
273.163,142.465,101.597,102.988
275.176,145.284,101.597,102.988
275.579,141.660,101.597,102.988
276.787,141.257,101.597,102.988
276.384,141.660,101.597,102.988
277.593,139.646,101.597,102.988
277.190,140.854,101.597,102.988
279.203,140.451,101.597,102.988
277.190,143.271,101.597,102.988
280.009,142.062,101.597,102.988
279.606,144.076,101.597,102.988
279.203,142.062,101.597,102.988
280.412,144.076,101.597,102.988
284.036,141.257,101.597,102.988
283.633,145.687,101.597,102.988
288.063,141.257,101.597,102.988
290.077,145.687,101.597,102.988
292.091,142.868,101.597,102.988
293.299,145.687,101.597,102.988
292.896,143.673,101.597,102.988
296.521,144.076,101.597,102.988
294.507,145.284,101.597,102.988
297.326,143.271,101.597,102.988
295.312,144.479,101.597,102.988
295.715,143.271,101.597,102.988
295.312,145.284,101.597,102.988
294.910,144.076,101.597,102.988
296.923,142.868,101.597,102.988
295.715,142.465,101.597,102.988
294.507,145.284,101.597,102.988
296.521,143.271,101.597,102.988
293.702,144.479,101.597,102.988
299.055,143.636,99.430,100.792
294.719,146.395,99.430,100.792
298.266,142.848,99.430,100.792
294.719,144.818,99.430,100.792
295.113,143.636,99.430,100.792
292.354,144.818,99.430,100.792
291.172,144.424,99.430,100.792
289.201,143.242,99.430,100.792
288.019,143.636,99.430,100.792
286.836,143.242,99.430,100.792
284.866,142.848,99.430,100.792
283.683,144.030,99.430,100.792
282.501,142.848,99.430,100.792
281.319,142.454,99.430,100.792
279.348,142.848,99.430,100.792
277.377,143.242,99.430,100.792
276.195,142.059,99.430,100.792
275.012,145.607,99.430,100.792
273.830,143.636,99.430,100.792
271.859,146.395,99.430,100.792
270.677,144.424,99.430,100.792
270.283,147.183,99.430,100.792
269.889,145.213,99.430,100.792
267.918,147.972,99.430,100.792
267.524,146.789,99.430,100.792
265.553,150.336,99.430,100.792
266.736,146.789,99.430,100.792
263.977,151.913,99.430,100.792
262.794,150.730,99.430,100.792
260.035,154.278,99.430,100.792
261.218,151.519,99.430,100.792
258.459,155.854,99.430,100.792
259.641,153.095,99.430,100.792
257.670,156.643,99.430,100.792
257.276,153.095,99.430,100.792
254.517,157.431,99.430,100.792
254.912,153.095,99.430,100.792
254.517,155.066,99.430,100.792
256.488,150.730,99.430,100.792
254.517,154.278,99.430,100.792
256.488,149.154,99.430,100.792
254.517,152.701,99.430,100.792
254.912,149.154,99.430,100.792
253.729,152.701,99.430,100.792
255.700,149.154,99.430,100.792
255.306,151.125,99.430,100.792
255.700,148.366,99.430,100.792
256.882,149.548,99.430,100.792
256.488,148.366,99.430,100.792
258.459,147.183,99.430,100.792
260.429,146.001,99.430,100.792
263.188,144.818,99.430,100.792
267.524,143.636,99.430,100.792
271.859,142.454,99.430,100.792
275.407,142.060,99.430,100.792
279.742,144.030,99.430,100.792
284.078,145.213,99.430,100.792
287.625,145.607,99.430,100.792
291.172,147.577,99.430,100.792
293.143,148.760,99.430,100.792
295.113,149.942,99.430,100.792
297.872,151.125,99.430,100.792
298.266,152.307,99.430,100.792
300.237,152.701,99.430,100.792
300.631,154.672,99.430,100.792
301.025,155.854,99.430,100.792
299.843,156.248,99.430,100.792
298.661,154.278,99.430,100.792
298.266,156.248,99.430,100.792
297.084,154.278,99.430,100.792
294.325,155.460,99.430,100.792
297.084,151.913,99.430,100.792
292.749,155.460,99.430,100.792
297.084,150.336,99.430,100.792
292.749,153.884,99.430,100.792
297.872,149.548,99.430,100.792
293.537,153.884,99.430,100.792
297.872,149.548,99.430,100.792
291.960,154.672,99.430,100.792
287.625,150.336,99.430,100.792
289.595,155.460,99.430,100.792
283.683,151.125,99.430,100.792
281.713,149.942,99.430,100.792
280.530,155.066,99.430,100.792
277.771,149.942,99.430,100.792
274.627,145.965,101.630,103.022
275.030,147.979,101.630,103.022
276.238,144.353,101.630,103.022
277.710,141.957,99.463,100.825
279.682,139.197,99.463,100.825
281.653,137.226,99.463,100.825
284.413,139.986,99.463,100.825
285.596,137.226,99.463,100.825
288.355,140.774,99.463,100.825
287.173,138.015,99.463,100.825
293.087,141.563,99.463,100.825
289.123,138.402,101.663,103.056
287.914,135.581,101.663,103.056
287.511,131.149,101.663,103.056
287.108,137.193,101.663,103.056
288.317,133.566,101.663,103.056
285.102,128.663,103.913,105.336
287.985,134.842,103.913,105.336
285.926,129.487,103.913,105.336
284.690,135.666,103.913,105.336
283.454,130.311,103.913,105.336
286.337,134.018,103.913,105.336
283.051,125.588,106.212,107.667
283.472,128.535,106.212,107.667
287.261,129.798,106.212,107.667
287.682,131.903,106.212,107.667
289.787,130.640,106.212,107.667
288.524,131.903,106.212,107.667
288.945,132.324,106.212,107.667
287.682,131.903,106.212,107.667
289.787,134.008,106.212,107.667
287.682,136.113,106.212,107.667
287.261,138.219,106.212,107.667
286.840,135.271,106.212,107.667
284.735,137.376,106.212,107.667
289.366,133.587,106.212,107.667
286.419,135.692,106.212,107.667
285.998,134.429,106.212,107.667
284.735,135.692,106.212,107.667
288.524,133.587,106.212,107.667
287.261,134.850,106.212,107.667
291.050,132.745,106.212,107.667
293.156,132.324,106.212,107.667
296.103,129.377,106.212,107.667
296.018,133.366,103.947,105.371
298.318,130.121,101.730,103.124
295.495,132.943,101.730,103.124
295.413,131.322,99.561,100.924
292.651,133.296,99.561,100.924
291.050,133.230,97.437,98.772
287.574,134.389,97.437,98.772
292.595,136.320,97.437,98.772
288.346,137.479,97.437,98.772
282.553,137.093,97.437,98.772
288.346,138.252,97.437,98.772
281.780,137.093,97.437,98.772
278.304,136.707,97.437,98.772
281.780,135.548,97.437,98.772
275.214,132.844,97.437,98.772
272.510,131.686,97.437,98.772
272.897,130.527,97.437,98.772
267.875,130.913,97.437,98.772
269.807,130.527,97.437,98.772
265.558,128.596,97.437,98.772
268.262,127.437,97.437,98.772
267.876,127.823,97.437,98.772
266.717,127.437,97.437,98.772
270.965,126.278,97.437,98.772
266.717,126.664,97.437,98.772
271.738,123.961,97.437,98.772
268.262,125.892,97.437,98.772
270.965,121.643,97.437,98.772
269.034,122.802,97.437,98.772
272.510,118.553,97.437,98.772
274.442,119.712,97.437,98.772
277.145,117.781,97.437,98.772
279.076,116.622,97.437,98.772
280.235,115.464,97.437,98.772
281.394,115.850,97.437,98.772
281.008,118.553,97.437,98.772
279.849,122.030,97.437,98.772
280.235,125.506,97.437,98.772
279.849,127.437,97.437,98.772
279.463,128.596,97.437,98.772
279.849,131.299,97.437,98.772
278.690,132.458,97.437,98.772
279.076,134.389,97.437,98.772
277.918,135.548,97.437,98.772
276.759,138.252,97.437,98.772
274.828,140.955,97.437,98.772
272.897,142.886,97.437,98.772
270.965,144.818,97.437,98.772
269.034,147.521,97.437,98.772
269.420,144.045,97.437,98.772
267.489,149.066,97.437,98.772
265.558,154.087,97.437,98.772
262.854,159.108,97.437,98.772
262.979,156.012,99.593,100.958
261.467,160.220,101.797,103.191
262.434,159.497,104.049,105.474
259.547,163.209,104.049,105.474
262.434,165.271,104.049,105.474
260.372,164.034,104.049,105.474
259.135,167.746,104.049,105.474
263.672,167.333,104.049,105.474
261.610,166.921,104.049,105.474
263.672,169.808,104.049,105.474
262.434,167.746,104.049,105.474
264.497,167.333,104.049,105.474
265.734,166.096,104.049,105.474
267.796,167.333,104.049,105.474
267.384,164.446,104.049,105.474
270.271,165.684,104.049,105.474
268.209,161.972,104.049,105.474
271.921,164.034,104.049,105.474
270.683,159.497,104.049,105.474
273.570,160.734,104.049,105.474
272.333,157.847,104.049,105.474
274.395,159.909,104.049,105.474
273.158,155.373,104.049,105.474
275.220,157.435,104.049,105.474
273.158,152.898,104.049,105.474
275.002,150.447,106.351,107.808
270.764,147.943,108.704,110.193
274.479,143.594,111.109,112.631
270.515,142.273,111.109,112.631
274.313,138.742,113.567,115.123
271.161,137.392,113.567,115.123
274.313,136.041,113.567,115.123
272.062,136.491,113.567,115.123
271.612,134.240,113.567,115.123
271.162,135.591,113.567,115.123
270.711,132.440,113.567,115.123
269.361,130.189,113.567,115.123
270.711,131.539,113.567,115.123
269.361,128.388,113.567,115.123
268.911,128.838,113.567,115.123
268.460,124.787,113.567,115.123
268.010,126.137,113.567,115.123
266.660,122.986,113.567,115.123
266.210,122.536,113.567,115.123
268.461,122.086,113.567,115.123
264.409,119.835,113.567,115.123
261.258,117.584,113.567,115.123
266.210,120.735,113.567,115.123
262.158,118.484,113.567,115.123
258.106,115.333,113.567,115.123
263.856,121.065,116.080,117.670
260.635,119.685,116.080,117.670
267.537,124.746,116.080,117.670
263.866,122.012,118.648,120.274
269.039,126.245,118.648,120.274
264.311,121.499,121.274,122.935
264.792,120.057,121.274,122.935
269.118,123.422,121.274,122.935
264.286,119.568,123.957,125.655
265.760,119.077,123.957,125.655
268.217,122.516,123.957,125.655
264.777,120.060,123.957,125.655
268.217,121.534,123.957,125.655
264.777,120.060,123.957,125.655
266.251,119.568,123.957,125.655
263.794,118.094,123.957,125.655
266.251,117.603,123.957,125.655
262.812,115.146,123.957,125.655
266.251,113.672,123.957,125.655
262.812,111.215,123.957,125.655
265.268,108.758,123.957,125.655
263.794,106.302,123.957,125.655
265.268,103.845,123.957,125.655
263.794,102.371,123.957,125.655
265.268,100.897,123.957,125.655
265.760,100.405,123.957,125.655
267.234,98.931,123.957,125.655
266.742,97.457,123.957,125.655
269.199,97.949,123.957,125.655
269.691,100.405,123.957,125.655
270.182,97.949,123.957,125.655
271.656,100.405,123.957,125.655
271.165,98.931,123.957,125.655
271.065,99.797,121.313,122.975
272.508,100.278,121.313,122.975
269.142,100.759,121.313,122.975
271.546,100.278,121.313,122.975
268.180,100.759,121.313,122.975
270.585,104.125,121.313,122.975
270.104,102.683,121.313,122.975
267.699,106.049,121.313,122.975
271.065,104.606,121.313,122.975
269.623,109.896,121.313,122.975
270.104,111.339,121.313,122.975
272.788,115.894,118.726,120.353
271.376,115.424,118.726,120.353
271.847,119.659,118.726,120.353
271.376,123.895,118.726,120.353
270.905,124.366,118.726,120.353
270.435,127.660,118.726,120.353
269.023,127.189,118.726,120.353
268.552,128.601,118.726,120.353
268.082,128.131,118.726,120.353
266.670,130.484,118.726,120.353
266.199,130.013,118.726,120.353
266.670,135.190,118.726,120.353
264.317,131.896,118.726,120.353
261.963,129.542,118.726,120.353
256.787,125.307,118.726,120.353
249.727,121.071,118.726,120.353
243.282,119.179,116.194,117.786
237.294,116.876,116.194,117.786
243.282,118.258,116.194,117.786
237.294,115.955,116.194,117.786
243.282,116.416,116.194,117.786
248.348,118.719,116.194,117.786
244.203,116.416,116.194,117.786
250.191,118.719,116.194,117.786
253.415,119.179,116.194,117.786
247.427,115.034,116.194,117.786
253.415,117.337,116.194,117.786
256.639,119.640,116.194,117.786
249.730,116.416,116.194,117.786
256.639,119.640,116.194,117.786
260.784,123.785,116.194,117.786
254.796,125.167,116.194,117.786
261.705,129.312,116.194,117.786
255.718,131.615,116.194,117.786
262.626,135.760,116.194,117.786
255.718,131.615,116.194,117.786
263.548,137.603,116.194,117.786
258.481,139.906,116.194,117.786
250.651,134.839,116.194,117.786
259.402,139.906,116.194,117.786
266.311,144.051,116.194,117.786
263.087,145.433,116.194,117.786
258.942,147.736,116.194,117.786
266.772,150.960,116.194,117.786
263.548,150.499,116.194,117.786
261.245,151.881,116.194,117.786
256.178,148.657,116.194,117.786
264.929,152.802,116.194,117.786
260.784,149.578,116.194,117.786
255.718,151.881,116.194,117.786
265.390,153.263,116.194,117.786
263.087,152.802,116.194,117.786
269.996,156.026,116.194,117.786
266.772,154.644,116.194,117.786
270.917,157.869,116.194,117.786
269.936,156.905,113.716,115.274
273.092,160.962,113.716,115.274
274.739,160.887,111.291,112.816
276.062,163.093,111.291,112.816
275.621,163.534,111.291,112.816
276.944,166.622,111.291,112.816
276.503,169.710,111.291,112.816
276.944,171.916,111.291,112.816
276.503,175.004,111.291,112.816
279.591,172.799,111.291,112.816
277.386,176.769,111.291,112.816
279.591,176.328,111.291,112.816
277.386,178.534,111.291,112.816
279.591,175.445,111.291,112.816
280.915,177.651,111.291,112.816
277.827,178.092,111.291,112.816
281.797,175.004,111.291,112.816
283.121,177.210,111.291,112.816
281.797,173.240,111.291,112.816
284.885,171.034,111.291,112.816
282.679,171.475,111.291,112.816
285.768,166.622,111.291,112.816
285.326,165.299,111.291,112.816
284.003,163.093,111.291,112.816
281.797,160.887,111.291,112.816
278.709,163.093,111.291,112.816
276.503,159.123,111.291,112.816
271.651,162.211,111.291,112.816
273.856,156.476,111.291,112.816
269.004,160.446,111.291,112.816
272.092,154.711,111.291,112.816
268.121,158.682,111.291,112.816
272.092,152.947,111.291,112.816
268.121,156.917,111.291,112.816
272.974,150.300,111.291,112.816
269.886,152.505,111.291,112.816
273.856,147.653,111.291,112.816
270.768,150.741,111.291,112.816
275.621,145.888,111.291,112.816
273.415,148.976,111.291,112.816
274.739,145.888,111.291,112.816
275.180,148.094,111.291,112.816
275.621,143.241,111.291,112.816
276.944,145.447,111.291,112.816
273.856,147.653,111.291,112.816
273.998,141.370,113.754,115.312
276.253,144.526,113.754,115.312
274.900,146.781,113.754,115.312
276.253,147.232,113.754,115.312
275.802,147.683,113.754,115.312
274.449,149.036,113.754,115.312
274.900,149.487,113.754,115.312
272.646,151.741,113.754,115.312
273.096,145.879,113.754,115.312
274.449,149.937,113.754,115.312
273.998,145.879,113.754,115.312
271.744,149.937,113.754,115.312
272.195,144.977,113.754,115.312
270.842,148.134,113.754,115.312
271.293,142.272,113.754,115.312
270.842,146.330,113.754,115.312
268.587,140.468,113.754,115.312
268.136,144.526,113.754,115.312
265.882,148.585,113.754,115.312
263.627,151.741,113.754,115.312
264.078,145.879,113.754,115.312
260.922,150.839,113.754,115.312
259.569,153.094,113.754,115.312
260.020,149.036,113.754,115.312
255.962,153.996,113.754,115.312
258.216,149.937,113.754,115.312
259.569,147.683,113.754,115.312
262.725,145.428,113.754,115.312
258.667,144.977,113.754,115.312
267.235,140.919,113.754,115.312
264.980,139.566,113.754,115.312
262.725,138.214,113.754,115.312
269.489,135.057,113.754,115.312
267.235,137.312,113.754,115.312
264.078,131.450,113.754,115.312
262.725,130.097,113.754,115.312
258.667,126.941,113.754,115.312
253.707,127.392,113.754,115.312
258.667,121.530,113.754,115.312
253.707,123.784,113.754,115.312
258.667,117.922,113.754,115.312
259.445,118.717,111.328,112.853
263.417,117.394,111.328,112.853
261.211,114.304,111.328,112.853
268.713,112.098,111.328,112.853
267.389,114.304,111.328,112.853
269.595,110.333,111.328,112.853
272.684,113.422,111.328,112.853
271.361,107.685,111.328,112.853
270.037,109.009,111.328,112.853
272.243,109.450,111.328,112.853
273.567,105.478,111.328,112.853
273.126,106.802,111.328,112.853
274.450,106.361,111.328,112.853
274.891,104.155,111.328,112.853
274.450,104.596,111.328,112.853
274.008,104.155,111.328,112.853
273.567,103.713,111.328,112.853
272.243,106.802,111.328,112.853
272.684,109.009,111.328,112.853
275.773,110.333,111.328,112.853
276.215,108.126,111.328,112.853
276.656,110.333,111.328,112.853
274.450,108.126,111.328,112.853
281.069,112.098,111.328,112.853
274.450,109.009,111.328,112.853
281.069,112.981,111.328,112.853
276.215,110.774,111.328,112.853
281.952,114.746,111.328,112.853
277.097,110.774,111.328,112.853
281.069,115.628,111.328,112.853
277.980,112.539,111.328,112.853
279.953,117.243,113.791,115.350
276.796,113.183,113.791,115.350
276.941,116.119,116.309,117.902
273.714,112.892,116.309,117.902
272.331,116.119,116.309,117.902
269.103,111.970,116.309,117.902
272.122,118.797,118.882,120.511
268.823,114.556,118.882,120.511
263.639,111.257,118.882,120.511
265.747,117.258,121.512,123.177
260.448,110.996,121.512,123.177
257.076,109.551,121.512,123.177
258.231,113.685,124.201,125.902
253.800,107.285,124.201,125.902
252.323,111.716,124.201,125.902
250.846,108.270,124.201,125.902
253.308,113.685,124.201,125.902
250.846,108.270,124.201,125.902
251.338,111.716,124.201,125.902
249.861,106.300,124.201,125.902
248.384,109.747,124.201,125.902
246.907,107.285,124.201,125.902
249.369,111.716,124.201,125.902
248.877,109.254,124.201,125.902
249.369,112.701,124.201,125.902
250.846,112.208,124.201,125.902
253.308,115.655,124.201,125.902
255.769,113.193,124.201,125.902
257.246,116.639,124.201,125.902
258.723,115.162,124.201,125.902
261.185,117.624,124.201,125.902
262.662,116.147,124.201,125.902
265.124,117.624,124.201,125.902
265.973,118.492,121.552,123.217
265.492,119.937,121.552,123.217
265.973,121.383,121.552,123.217
268.382,124.756,121.552,123.217
269.828,123.310,121.552,123.217
273.201,125.719,121.552,123.217
275.610,126.201,121.552,123.217
275.128,128.610,121.552,123.217
278.501,128.128,121.552,123.217
277.055,130.537,121.552,123.217
281.602,132.316,118.960,120.590
281.131,134.673,118.960,120.590
284.432,134.202,118.960,120.590
283.017,133.730,118.960,120.590
282.545,132.316,118.960,120.590
282.074,133.730,118.960,120.590
282.545,131.373,118.960,120.590
281.131,133.730,118.960,120.590
279.716,132.316,118.960,120.590
282.348,135.874,116.423,118.018
282.810,136.336,116.423,118.018
282.348,135.874,116.423,118.018
281.887,139.104,116.423,118.018
281.425,136.797,116.423,118.018
286.670,141.169,113.940,115.501
286.218,140.717,113.940,115.501
286.670,142.976,113.940,115.501
290.061,141.160,111.511,113.038
294.233,146.200,109.133,110.628
292.935,144.037,109.133,110.628
292.502,146.200,109.133,110.628
291.204,143.171,109.133,110.628
290.772,144.469,109.133,110.628
289.474,144.902,109.133,110.628
289.041,142.739,109.133,110.628
291.204,144.037,109.133,110.628
289.041,145.334,109.133,110.628
288.609,146.632,109.133,110.628
288.176,146.200,109.133,110.628
290.339,146.632,109.133,110.628
289.042,145.334,109.133,110.628
288.609,146.632,109.133,110.628
288.176,144.469,109.133,110.628
292.070,143.172,109.133,110.628
292.816,145.602,106.805,108.268
292.393,141.792,106.805,108.268
296.388,145.803,104.528,105.960
294.317,146.217,104.528,105.960
296.388,142.488,104.528,105.960
294.317,145.388,104.528,105.960
293.902,141.659,104.528,105.960
292.659,142.902,104.528,105.960
292.245,138.344,104.528,105.960
291.002,135.444,104.528,105.960
289.759,136.687,104.528,105.960
288.516,134.615,104.528,105.960
287.273,133.372,104.528,105.960
286.030,130.472,104.528,105.960
283.958,130.058,104.528,105.960
289.344,126.328,104.528,105.960
285.615,124.257,104.528,105.960
279.400,124.671,104.528,105.960
285.615,121.771,104.528,105.960
276.914,123.842,104.528,105.960
271.528,121.771,104.528,105.960
274.639,122.501,102.299,103.700
276.902,126.343,100.117,101.488
273.331,122.771,100.117,101.488
274.521,121.580,100.117,101.488
274.918,120.390,100.117,101.488
270.553,123.168,100.117,101.488
271.743,120.390,100.117,101.488
268.965,117.612,100.117,101.488
270.156,115.628,100.117,101.488
266.584,113.643,100.117,101.488
267.775,110.072,100.117,101.488
264.608,105.243,102.332,103.734
264.739,100.308,104.596,106.029
265.153,97.406,104.596,106.029
265.568,95.333,104.596,106.029
266.812,94.089,104.596,106.029
268.056,97.820,104.596,106.029
270.129,100.723,104.596,106.029
271.983,97.399,106.910,108.375
274.757,95.760,109.276,110.773
277.789,99.659,109.276,110.773
277.030,96.186,111.694,113.224
271.274,95.743,111.694,113.224
272.335,94.032,114.165,115.729
272.788,94.484,114.165,115.729
273.241,94.937,114.165,115.729
274.598,92.674,114.165,115.729
275.051,91.316,114.165,115.729
277.313,89.959,114.165,115.729
275.581,91.026,116.691,118.289
276.044,90.563,116.691,118.289
277.431,90.101,116.691,118.289
277.580,87.353,119.272,120.906
277.107,88.771,119.272,120.906
276.634,89.244,119.272,120.906
277.107,87.825,119.272,120.906
277.580,87.353,119.272,120.906
278.053,86.880,119.272,120.906
278.526,87.353,119.272,120.906
278.998,85.934,119.272,120.906
278.526,87.353,119.272,120.906
278.998,86.880,119.272,120.906
278.526,88.298,119.272,120.906
278.998,87.825,119.272,120.906
278.526,88.298,119.272,120.906
278.998,87.825,119.272,120.906
277.580,88.298,119.272,120.906
277.107,86.880,119.272,120.906
275.689,86.407,119.272,120.906
272.379,83.098,119.272,120.906
274.743,81.679,119.272,120.906
271.434,80.261,119.272,120.906
275.689,79.788,119.272,120.906
277.107,80.261,119.272,120.906
270.961,80.734,119.272,120.906
271.434,84.043,119.272,120.906
272.852,85.461,119.272,120.906
272.379,83.098,119.272,120.906
271.906,84.516,119.272,120.906
273.325,84.989,119.272,120.906
275.689,85.461,119.272,120.906
278.998,83.098,119.272,120.906
282.308,82.625,119.272,120.906
283.726,83.098,119.272,120.906
284.199,79.788,119.272,120.906
287.509,81.206,119.272,120.906
287.036,76.951,119.272,120.906
290.345,79.315,119.272,120.906
291.764,77.897,119.272,120.906
294.128,79.315,119.272,120.906
292.709,76.006,119.272,120.906
296.019,77.424,119.272,120.906
293.655,74.115,119.272,120.906
296.019,75.533,119.272,120.906
293.655,74.115,119.272,120.906
296.019,75.533,119.272,120.906
292.709,74.115,119.272,120.906
295.073,76.478,119.272,120.906
292.709,76.951,119.272,120.906
294.128,79.315,119.272,120.906
292.709,77.897,119.272,120.906
294.128,81.206,119.272,120.906
290.818,78.842,119.272,120.906
294.128,82.152,119.272,120.906
292.709,80.734,119.272,120.906
296.019,84.989,119.272,120.906
292.709,82.625,119.272,120.906
297.910,84.989,119.272,120.906
292.709,81.679,119.272,120.906
298.856,84.043,119.272,120.906
296.492,80.734,119.272,120.906
302.638,84.989,119.272,120.906
299.328,80.734,119.272,120.906
304.529,78.370,119.272,120.906
299.328,75.060,119.272,120.906
307.366,80.261,119.272,120.906
304.056,74.115,119.272,120.906
309.257,78.370,119.272,120.906
304.056,71.278,119.272,120.906
308.311,76.478,119.272,120.906
303.111,71.278,119.272,120.906
306.420,75.533,119.272,120.906
301.219,69.387,119.272,120.906
298.855,65.132,119.272,120.906
303.111,66.550,119.272,120.906
297.910,64.186,119.272,120.906
299.328,65.604,119.272,120.906
297.410,64.615,116.729,118.328
296.947,66.929,116.729,118.328
295.070,66.852,114.240,115.805
296.429,70.022,114.240,115.805
294.591,72.566,111.803,113.335
295.035,73.010,111.803,113.335
291.932,73.453,111.803,113.335
291.489,74.782,111.803,113.335
290.545,78.127,109.419,110.918
290.979,77.693,109.419,110.918
289.678,78.994,109.419,110.918
290.112,79.428,109.419,110.918
289.678,79.861,109.419,110.918
290.979,80.295,109.419,110.918
289.678,79.861,109.419,110.918
290.979,82.030,109.419,110.918
288.811,81.596,109.419,110.918
290.979,80.295,109.419,110.918
287.943,83.331,109.419,110.918
291.847,82.030,109.419,110.918
287.943,82.464,109.419,110.918
292.714,83.765,109.419,110.918
295.750,84.199,109.419,110.918
292.714,85.500,109.419,110.918
296.618,85.934,109.419,110.918
293.582,88.102,109.419,110.918
295.750,85.934,109.419,110.918
295.317,89.837,109.419,110.918
293.148,86.801,109.419,110.918
292.714,86.367,109.419,110.918
293.148,85.066,109.419,110.918
291.847,85.500,109.419,110.918
290.545,88.536,109.419,110.918
291.847,87.235,109.419,110.918
288.811,87.669,109.419,110.918
291.847,94.175,109.419,110.918
287.943,89.404,109.419,110.918
290.112,96.777,109.419,110.918
288.811,100.681,109.419,110.918
285.774,95.910,109.419,110.918
287.943,101.548,109.419,110.918
285.347,98.132,107.086,108.553
287.470,102.801,107.086,108.553
284.929,98.640,104.802,106.238
287.006,102.379,104.802,106.238
284.929,98.640,104.802,106.238
285.345,99.886,104.802,106.238
283.268,97.809,104.802,106.238
284.514,98.225,104.802,106.238
283.268,96.978,104.802,106.238
282.852,96.563,104.802,106.238
283.268,96.148,104.802,106.238
282.852,97.394,104.802,106.238
283.268,96.148,104.802,106.238
282.021,97.394,104.802,106.238
283.268,97.809,104.802,106.238
282.852,99.056,104.802,106.238
284.929,101.964,104.802,106.238
284.514,102.379,104.802,106.238
285.760,104.456,104.802,106.238
283.683,102.379,104.802,106.238
286.591,105.287,104.802,106.238
284.514,102.379,104.802,106.238
284.929,101.964,104.802,106.238
285.345,100.717,104.802,106.238
284.929,99.471,104.802,106.238
285.345,98.225,104.802,106.238
285.760,99.471,104.802,106.238
287.006,95.732,104.802,106.238
287.422,98.640,104.802,106.238
287.837,96.563,104.802,106.238
288.253,98.640,104.802,106.238
287.837,94.901,104.802,106.238
287.422,96.978,104.802,106.238
286.176,94.070,104.802,106.238
284.929,95.317,104.802,106.238
285.345,91.578,104.802,106.238
284.929,91.162,104.802,106.238
286.176,92.409,104.802,106.238
286.591,86.177,104.802,106.238
287.837,88.254,104.802,106.238
287.422,88.670,104.802,106.238
287.006,84.100,104.802,106.238
289.084,86.177,104.802,106.238
286.176,88.254,104.802,106.238
285.760,89.501,104.802,106.238
286.176,84.931,104.802,106.238
285.760,87.839,104.802,106.238
284.514,89.916,104.802,106.238
283.268,91.162,104.802,106.238
282.021,86.593,104.802,106.238
283.268,89.501,104.802,106.238
281.190,90.747,104.802,106.238
279.944,87.008,104.802,106.238
282.021,90.747,104.802,106.238
280.775,87.008,104.802,106.238
282.021,89.085,104.802,106.238
282.437,91.162,104.802,106.238
282.021,87.423,104.802,106.238
281.606,87.008,104.802,106.238
280.360,85.762,104.802,106.238
280.775,88.670,104.802,106.238
281.190,88.254,104.802,106.238
280.775,91.993,104.802,106.238
282.021,88.254,104.802,106.238
282.437,86.177,104.802,106.238
282.021,85.762,104.802,106.238
281.606,83.685,104.802,106.238
282.021,83.269,104.802,106.238
282.437,83.685,104.802,106.238
282.852,81.607,104.802,106.238
284.098,79.530,104.802,106.238
284.514,79.115,104.802,106.238
284.098,79.530,104.802,106.238
284.514,78.284,104.802,106.238
284.929,77.869,104.802,106.238
284.514,76.622,104.802,106.238
284.929,76.207,104.802,106.238
286.176,76.622,104.802,106.238
287.422,75.376,104.802,106.238
288.668,76.622,104.802,106.238
290.745,75.376,104.802,106.238
291.992,74.961,104.802,106.238
291.576,74.545,104.802,106.238
291.161,74.130,104.802,106.238
292.407,73.714,104.802,106.238
291.992,74.130,104.802,106.238
294.900,72.883,104.802,106.238
291.992,74.961,104.802,106.238
294.900,72.883,104.802,106.238
293.653,74.130,104.802,106.238
295.730,74.545,104.802,106.238
296.977,74.961,104.802,106.238
298.223,77.038,104.802,106.238
296.146,79.946,104.802,106.238
297.664,82.280,102.567,103.972
299.149,83.780,100.380,101.755
301.370,86.783,98.239,99.585
301.759,87.172,98.239,99.585
301.370,89.119,98.239,99.585
301.759,90.288,98.239,99.585
303.707,90.677,98.239,99.585
302.538,93.403,98.239,99.585
302.928,93.013,98.239,99.585
301.759,95.739,98.239,99.585
304.684,95.675,96.144,97.461
304.303,96.056,96.144,97.461
303.921,96.437,96.144,97.461
304.303,93.770,96.144,97.461
301.635,95.675,96.144,97.461
299.729,95.294,96.144,97.461
297.824,94.913,96.144,97.461
296.680,96.056,96.144,97.461
295.537,95.675,96.144,97.461
295.918,94.532,96.144,97.461
295.537,94.151,96.144,97.461
293.631,94.532,96.144,97.461
292.488,93.389,96.144,97.461
289.820,93.007,96.144,97.461
288.677,94.151,96.144,97.461
286.771,93.770,96.144,97.461
285.628,93.388,96.144,97.461
284.485,92.245,96.144,97.461
282.579,94.913,96.144,97.461
285.247,94.532,96.144,97.461
283.341,94.913,96.144,97.461
281.436,96.819,96.144,97.461
281.055,97.200,96.144,97.461
279.911,99.105,96.144,97.461
279.530,101.011,96.144,97.461
279.149,101.392,96.144,97.461
276.481,101.773,96.144,97.461
273.814,103.679,96.144,97.461
277.244,103.297,96.144,97.461
275.338,102.916,96.144,97.461
278.006,103.297,96.144,97.461
277.625,102.916,96.144,97.461
281.055,102.535,96.144,97.461
282.960,101.392,96.144,97.461
281.055,101.773,96.144,97.461
279.911,104.441,96.144,97.461
281.817,105.584,96.144,97.461
279.911,106.727,96.144,97.461
278.768,107.109,96.144,97.461
277.625,108.252,96.144,97.461
279.530,107.109,96.144,97.461
279.149,107.490,96.144,97.461
278.768,107.109,96.144,97.461
281.436,107.490,96.144,97.461
280.293,107.871,96.144,97.461
281.436,109.014,96.144,97.461
280.293,109.395,96.144,97.461
282.198,108.252,96.144,97.461
282.579,110.157,96.144,97.461
282.198,109.776,96.144,97.461
281.817,109.395,96.144,97.461
284.485,109.014,96.144,97.461
282.579,110.157,96.144,97.461
282.198,110.539,96.144,97.461
281.055,110.920,96.144,97.461
283.723,110.539,96.144,97.461
282.579,110.920,96.144,97.461
282.198,112.063,96.144,97.461
283.341,111.682,96.144,97.461
282.960,111.301,96.144,97.461
282.579,110.920,96.144,97.461
282.960,112.063,96.144,97.461
281.055,112.444,96.144,97.461
280.674,112.063,96.144,97.461
282.579,111.682,96.144,97.461
281.436,112.825,96.144,97.461
282.579,112.444,96.144,97.461
282.198,112.825,96.144,97.461
280.293,114.731,96.144,97.461
284.485,112.825,96.144,97.461
282.579,115.493,96.144,97.461
281.436,113.587,96.144,97.461
285.628,110.920,96.144,97.461
282.198,116.636,96.144,97.461
286.390,111.682,96.144,97.461
283.723,116.636,96.144,97.461
288.677,110.157,96.144,97.461
286.009,115.112,96.144,97.461
290.202,110.157,96.144,97.461
288.296,115.112,96.144,97.461
291.726,110.157,96.144,97.461
288.296,114.350,96.144,97.461
284.104,110.157,96.144,97.461
288.296,112.825,96.144,97.461
281.301,108.979,98.272,99.618
285.586,111.706,98.272,99.618
279.743,109.758,98.272,99.618
283.249,112.485,98.272,99.618
279.743,110.537,98.272,99.618
284.028,114.043,98.272,99.618
278.964,115.212,98.272,99.618
284.028,112.485,98.272,99.618
278.964,116.770,98.272,99.618
284.807,120.276,98.272,99.618
288.313,115.991,98.272,99.618
284.807,120.276,98.272,99.618
281.301,126.119,98.272,99.618
284.807,130.404,98.272,99.618
288.313,126.898,98.272,99.618
285.586,133.520,98.272,99.618
289.092,129.236,98.272,99.618
287.924,134.300,98.272,99.618
289.092,131.573,98.272,99.618
289.482,135.079,98.272,99.618
291.429,132.352,98.272,99.618
294.156,131.962,98.272,99.618
292.209,133.910,98.272,99.618
293.377,131.962,98.272,99.618
291.429,133.910,98.272,99.618
291.040,131.962,98.272,99.618
289.092,134.689,98.272,99.618
288.703,132.741,98.272,99.618
290.126,137.934,96.176,97.493
288.220,139.077,96.176,97.493
287.839,142.508,96.176,97.493
288.982,145.177,96.176,97.493
287.839,148.608,96.176,97.493
292.032,151.277,96.176,97.493
289.363,149.371,96.176,97.493
292.032,153.564,96.176,97.493
290.888,150.896,96.176,97.493
292.795,155.089,96.176,97.493
291.651,152.421,96.176,97.493
293.044,156.767,94.125,95.414
291.925,152.663,94.125,95.414
293.044,156.021,94.125,95.414
291.925,151.917,94.125,95.414
294.536,150.798,94.125,95.414
291.925,153.409,94.125,95.414
295.282,148.559,94.125,95.414
293.417,150.424,94.125,95.414
296.775,145.574,94.125,95.414
296.402,145.947,94.125,95.414
297.521,141.843,94.125,95.414
297.894,139.977,94.125,95.414
298.267,136.620,94.125,95.414
298.640,133.262,94.125,95.414
300.506,131.396,94.125,95.414
300.879,127.292,94.125,95.414
298.267,129.157,94.125,95.414
298.640,123.561,94.125,95.414
298.267,120.203,94.125,95.414
294.163,119.830,94.125,95.414
290.805,116.472,94.125,95.414
288.940,118.337,94.125,95.414
286.328,114.979,94.125,95.414
283.716,119.084,94.125,95.414
284.089,115.726,94.125,95.414
279.985,119.084,94.125,95.414
279.612,115.726,94.125,95.414
278.493,119.084,94.125,95.414
280.358,117.218,94.125,95.414
277.000,121.322,94.125,95.414
278.120,117.218,94.125,95.414
275.508,122.068,94.125,95.414
277.373,118.710,94.125,95.414
274.762,122.068,94.125,95.414
276.627,118.710,94.125,95.414
274.015,122.068,94.125,95.414
275.881,118.710,94.125,95.414
274.762,121.322,94.125,95.414
276.627,117.964,94.125,95.414
275.508,121.322,94.125,95.414
278.120,117.218,94.125,95.414
275.508,121.322,94.125,95.414
278.120,116.472,94.125,95.414
277.000,119.084,94.125,95.414
278.120,117.218,94.125,95.414
278.493,118.337,94.125,95.414
280.358,116.472,94.125,95.414
279.985,116.099,94.125,95.414
280.358,115.726,94.125,95.414
279.985,116.845,94.125,95.414
279.612,116.472,94.125,95.414
280.731,116.099,94.125,95.414
281.104,116.472,94.125,95.414
280.731,116.099,94.125,95.414
281.851,116.472,94.125,95.414
280.731,116.099,94.125,95.414
281.851,116.472,94.125,95.414
282.224,114.606,94.125,95.414
281.851,114.233,94.125,95.414
282.970,115.352,94.125,95.414
282.597,114.233,94.125,95.414
283.716,115.352,94.125,95.414
282.597,114.979,94.125,95.414
283.716,116.099,94.125,95.414
282.597,117.218,94.125,95.414
282.224,118.337,94.125,95.414
281.851,118.710,94.125,95.414
282.224,119.830,94.125,95.414
281.104,120.203,94.125,95.414
279.985,122.068,94.125,95.414
278.866,123.188,94.125,95.414
279.985,125.799,94.125,95.414
278.866,126.173,94.125,95.414
279.239,128.038,94.125,95.414
278.866,128.411,94.125,95.414
279.985,128.784,94.125,95.414
278.866,128.411,94.125,95.414
280.731,128.784,94.125,95.414
281.104,128.411,94.125,95.414
281.478,128.038,94.125,95.414
283.343,127.665,94.125,95.414
283.716,126.546,94.125,95.414
286.328,125.426,94.125,95.414
288.940,122.068,94.125,95.414
293.044,117.218,94.125,95.414
288.940,123.561,94.125,95.414
288.567,120.203,94.125,95.414
288.194,125.053,94.125,95.414
289.313,123.188,94.125,95.414
286.701,128.784,94.125,95.414
289.313,128.411,94.125,95.414
288.940,126.546,94.125,95.414
290.805,124.680,94.125,95.414
292.671,124.307,94.125,95.414
292.298,123.934,94.125,95.414
293.417,124.307,94.125,95.414
294.536,123.934,94.125,95.414
295.656,125.053,94.125,95.414
298.267,126.173,94.125,95.414
299.387,127.292,94.125,95.414
301.252,128.411,94.125,95.414
303.118,128.784,94.125,95.414
305.730,128.411,94.125,95.414
307.595,129.531,94.125,95.414
309.461,129.904,94.125,95.414
311.326,131.023,94.125,95.414
313.192,131.396,94.125,95.414
314.311,130.277,94.125,95.414
315.430,130.650,94.125,95.414
315.803,128.784,94.125,95.414
316.177,127.665,94.125,95.414
314.311,126.546,94.125,95.414
314.684,124.680,94.125,95.414
313.565,123.561,94.125,95.414
311.699,122.442,94.125,95.414
310.580,121.322,94.125,95.414
308.714,119.457,94.125,95.414
306.849,117.591,94.125,95.414
304.983,115.726,94.125,95.414
302.372,113.860,94.125,95.414
300.506,112.741,94.125,95.414
298.641,111.621,94.125,95.414
297.521,109.756,94.125,95.414
295.656,108.637,94.125,95.414
294.536,108.264,94.125,95.414
292.671,109.383,94.125,95.414
290.805,109.010,94.125,95.414
289.686,110.875,94.125,95.414
287.820,111.248,94.125,95.414
286.701,113.114,94.125,95.414
285.582,114.233,94.125,95.414
284.462,114.606,94.125,95.414
282.597,114.979,94.125,95.414
282.224,116.099,94.125,95.414
281.104,117.218,94.125,95.414
279.985,116.845,94.125,95.414
281.104,115.726,94.125,95.414
279.985,121.322,94.125,95.414
281.851,122.442,94.125,95.414
284.462,117.591,94.125,95.414
281.104,117.218,94.125,95.414
284.462,123.561,94.125,95.414
289.313,121.695,94.125,95.414
288.940,125.800,94.125,95.414
290.059,124.680,94.125,95.414
291.925,125.800,94.125,95.414
293.790,126.919,94.125,95.414
295.656,128.038,94.125,95.414
296.775,128.411,94.125,95.414
297.894,128.784,94.125,95.414
298.267,129.157,94.125,95.414
297.148,130.277,94.125,95.414
296.775,129.904,94.125,95.414
298.641,128.784,94.125,95.414
297.521,128.411,94.125,95.414
299.387,128.038,94.125,95.414
299.760,129.157,94.125,95.414
300.879,128.784,94.125,95.414
300.506,128.411,94.125,95.414
300.879,128.784,94.125,95.414
301.252,129.157,94.125,95.414
299.387,130.277,94.125,95.414
299.014,131.396,94.125,95.414
297.894,130.277,94.125,95.414
297.521,132.142,94.125,95.414
295.656,131.023,94.125,95.414
293.790,130.650,94.125,95.414
292.671,130.277,94.125,95.414
290.805,130.650,94.125,95.414
290.432,129.531,94.125,95.414
289.313,129.157,94.125,95.414
290.432,130.277,94.125,95.414
290.805,130.650,94.125,95.414
291.925,131.023,94.125,95.414
293.044,131.396,94.125,95.414
291.925,131.769,94.125,95.414
293.790,133.635,94.125,95.414
292.671,132.515,94.125,95.414
293.044,133.635,94.125,95.414
291.925,133.262,94.125,95.414
293.790,135.127,94.125,95.414
293.417,134.754,94.125,95.414
293.044,135.127,94.125,95.414
291.925,135.500,94.125,95.414
293.044,135.873,94.125,95.414
291.925,136.246,94.125,95.414
292.298,137.366,94.125,95.414
291.925,135.500,94.125,95.414
293.044,135.873,94.125,95.414
291.178,136.247,94.125,95.414
291.551,135.873,94.125,95.414
291.925,136.247,94.125,95.414
291.551,136.620,94.125,95.414
291.178,136.247,94.125,95.414
290.805,138.112,94.125,95.414
291.925,136.247,94.125,95.414
291.551,137.366,94.125,95.414
291.178,135.500,94.125,95.414
290.059,136.620,94.125,95.414
289.686,135.500,94.125,95.414
290.059,135.127,94.125,95.414
288.940,136.993,94.125,95.414
287.820,138.112,94.125,95.414
286.701,139.978,94.125,95.414
284.836,141.097,94.125,95.414
282.970,142.216,94.125,95.414
281.104,143.336,94.125,95.414
279.239,144.455,94.125,95.414
279.612,147.067,94.125,95.414
281.478,150.425,94.125,95.414
281.104,151.544,94.125,95.414
279.239,151.171,94.125,95.414
278.866,153.036,94.125,95.414
278.493,154.902,94.125,95.414
277.373,154.529,94.125,95.414
276.254,154.156,94.125,95.414
277.373,154.529,94.125,95.414
273.622,151.538,96.207,97.525
277.817,153.445,96.207,97.525
274.385,150.775,96.207,97.525
272.478,150.394,96.207,97.525
267.853,148.128,98.336,99.683
262.317,149.856,100.512,101.889
265.106,147.067,100.512,101.889
258.620,147.180,102.735,104.143
262.285,145.144,102.735,104.143
257.806,146.365,102.735,104.143
260.656,145.144,102.735,104.143
256.991,147.180,102.735,104.143
259.027,146.773,102.735,104.143
257.806,148.809,102.735,104.143
259.027,150.031,102.735,104.143
258.620,148.809,102.735,104.143
261.471,152.474,102.735,104.143
259.435,151.252,102.735,104.143
263.100,154.917,102.735,104.143
261.878,153.696,102.735,104.143
263.100,155.732,102.735,104.143
263.507,153.696,102.735,104.143
266.358,152.474,102.735,104.143
263.108,150.054,105.009,106.447
265.190,148.806,105.009,106.447
264.773,148.389,105.009,106.447
264.357,150.471,105.009,106.447
266.438,150.054,105.009,106.447
266.855,149.638,105.009,106.447
267.271,151.719,105.009,106.447
267.687,151.303,105.009,106.447
270.601,147.557,105.009,106.447
268.520,152.136,105.009,106.447
271.433,145.892,105.009,106.447
270.185,142.146,105.009,106.447
267.271,145.892,105.009,106.447
266.855,141.313,105.009,106.447
271.585,137.233,102.769,104.177
266.289,140.899,102.769,104.177
263.438,136.418,102.769,104.177
259.342,142.450,105.043,106.482
263.272,138.368,102.803,104.211
262.049,142.036,102.803,104.211
265.109,138.041,100.611,101.989
269.642,139.513,98.465,99.814
268.811,140.953,96.365,97.685
270.943,137.945,94.310,95.602
275.912,140.045,92.299,93.563
275.133,141.396,90.331,91.568
273.342,143.186,90.331,91.568
275.849,144.260,90.331,91.568
274.775,145.334,90.331,91.568
273.700,146.409,90.331,91.568
272.626,147.483,90.331,91.568
271.864,146.734,88.404,89.615
279.223,128.161,88.404,89.615
282.377,128.511,88.404,89.615
284.830,127.460,88.404,89.615
284.479,127.810,88.404,89.615
286.231,126.759,88.404,89.615
284.479,126.409,88.404,89.615
287.633,123.255,88.404,89.615
285.881,120.802,88.404,89.615
289.736,119.750,88.404,89.615
286.582,117.297,88.404,89.615
290.437,113.443,88.404,89.615
292.890,113.793,88.404,89.615
287.633,112.742,88.404,89.615
292.189,113.092,88.404,89.615
296.044,114.844,88.404,89.615
291.488,115.195,88.404,89.615
296.744,114.144,88.404,89.615
294.291,115.896,88.404,89.615
298.146,115.545,88.404,89.615
294.291,115.195,88.404,89.615
298.847,114.144,88.404,89.615
296.394,115.896,88.404,89.615
300.249,116.246,88.404,89.615
302.001,115.896,88.404,89.615
305.308,118.540,86.519,87.704
301.535,120.941,86.519,87.704
303.936,121.284,86.519,87.704
307.172,123.872,84.674,85.834
302.809,126.892,84.674,85.834
306.624,126.837,82.868,84.004
304.024,128.683,81.101,82.212
300.488,129.004,81.101,82.212
301.453,127.397,81.101,82.212
297.916,127.075,81.101,82.212
300.810,124.825,81.101,82.212
297.646,127.251,79.372,80.459
299.849,126.307,79.372,80.459
296.388,128.509,79.372,80.459
298.590,130.082,79.372,80.459
295.758,131.026,79.372,80.459
300.478,131.341,79.372,80.459
298.275,132.914,79.372,80.459
302.995,133.229,79.372,80.459
301.422,134.802,79.372,80.459
303.624,135.746,79.372,80.459
301.422,136.060,79.372,80.459
298.590,135.746,79.372,80.459
302.680,136.060,79.372,80.459
305.512,134.487,79.372,80.459
302.680,134.802,79.372,80.459
299.849,133.229,79.372,80.459
303.424,134.390,77.679,78.743
306.811,134.698,77.679,78.743
310.814,138.085,77.679,78.743
313.585,140.240,77.679,78.743
310.490,141.605,79.398,80.485
314.581,145.067,79.398,80.485
311.417,144.504,81.154,82.266
307.516,145.262,82.950,84.086
305.575,145.355,84.785,85.947
309.272,144.347,84.785,85.947
304.498,144.443,86.661,87.848
299.619,145.253,88.578,89.792
296.818,143.895,90.538,91.779
295.023,144.972,90.538,91.779
295.382,145.331,90.538,91.779
292.152,147.125,90.538,91.779
293.946,147.484,90.538,91.779
291.434,148.561,90.538,91.779
292.511,148.202,90.538,91.779
289.999,149.278,90.538,91.779
292.511,148.202,90.538,91.779
290.717,149.996,90.538,91.779
291.793,146.766,90.538,91.779
290.717,149.278,90.538,91.779
288.922,149.637,90.538,91.779
288.563,147.125,90.538,91.779
286.769,146.766,90.538,91.779
286.410,144.972,90.538,91.779
284.615,143.895,90.538,91.779
284.257,141.383,90.538,91.779
281.744,142.460,90.538,91.779
279.950,141.383,90.538,91.779
280.309,139.588,90.538,91.779
279.950,139.230,90.538,91.779
279.591,137.435,90.538,91.779
279.232,136.358,90.538,91.779
278.873,134.564,90.538,91.779
279.232,133.487,90.538,91.779
278.155,132.411,90.538,91.779
278.514,131.334,90.538,91.779
277.438,128.822,90.538,91.779
277.079,127.027,90.538,91.779
276.720,124.515,90.538,91.779
276.361,123.438,90.538,91.779
275.284,121.644,90.538,91.779
274.925,119.850,90.538,91.779
276.002,120.926,90.538,91.779
274.925,119.132,90.538,91.779
274.567,121.644,90.538,91.779
272.772,118.414,90.538,91.779
273.131,121.644,90.538,91.779
272.772,118.414,90.538,91.779
273.131,120.208,90.538,91.779
273.490,117.696,90.538,91.779
272.413,115.902,90.538,91.779
273.490,117.696,90.538,91.779
271.696,114.466,90.538,91.779
274.208,117.696,90.538,91.779
271.344,113.330,92.541,93.809
272.985,115.717,94.589,95.885
271.110,111.593,94.589,95.885
274.343,115.589,96.682,98.006
270.894,110.607,96.682,98.006
275.876,116.356,96.682,98.006
272.427,112.140,96.682,98.006
277.409,117.889,96.682,98.006
273.960,115.972,96.682,98.006
278.059,121.648,98.821,100.174
274.533,119.689,98.821,100.174
276.285,124.677,101.007,102.391
273.482,122.675,101.007,102.391
269.879,123.876,101.007,102.391
268.678,125.077,101.007,102.391
271.480,127.079,101.007,102.391
268.678,125.878,101.007,102.391
267.477,125.478,101.007,102.391
267.076,125.878,101.007,102.391
267.477,127.880,101.007,102.391
269.479,129.081,101.007,102.391
269.078,128.681,101.007,102.391
270.279,129.882,101.007,102.391
271.480,130.282,101.007,102.391
275.084,132.284,101.007,102.391
273.551,133.229,103.242,104.656
275.597,133.638,103.242,104.656
274.031,134.603,105.526,106.972
276.122,130.838,105.526,106.972
274.031,132.093,105.526,106.972
272.776,130.002,105.526,106.972
270.684,130.420,105.526,106.972
270.266,126.655,105.526,106.972
268.175,124.564,105.526,106.972
267.756,121.636,105.526,106.972
266.501,120.381,105.526,106.972
264.410,119.126,105.526,106.972
264.828,117.035,105.526,106.972
263.573,115.780,105.526,106.972
261.104,115.030,107.861,109.338
260.676,112.892,107.861,109.338
257.265,112.126,110.247,111.758
256.828,110.815,110.247,111.758
253.769,109.504,110.247,111.758
249.376,108.721,112.687,114.230
245.355,105.595,112.687,114.230
240.442,103.361,112.687,114.230
234.098,100.707,115.180,116.758
227.613,96.100,117.728,119.341
222.479,92.833,117.728,119.341
218.279,89.566,117.728,119.341
213.588,86.794,120.333,121.981
208.792,80.990,122.995,124.680
207.330,76.603,122.995,124.680
203.440,71.682,125.717,127.439
206.928,68.194,125.717,127.439
206.430,64.706,125.717,127.439
210.915,62.214,125.717,127.439
210.417,59.722,125.717,127.439
212.908,57.231,125.717,127.439
208.933,57.372,128.498,130.258
212.498,51.769,128.498,130.258
207.914,55.335,128.498,130.258
205.964,58.650,131.341,133.140
211.691,59.170,131.341,133.140
207.005,66.980,131.341,133.140
212.574,70.368,134.247,136.086
217.364,74.093,134.247,136.086
212.014,73.140,137.217,139.097
211.470,72.596,137.217,139.097
209.838,67.701,137.217,139.097
208.206,64.981,137.217,139.097
215.277,61.174,137.217,139.097
209.809,52.299,140.253,142.174
213.449,44.381,143.356,145.320
219.700,38.130,143.356,145.320
223.420,30.038,146.528,148.535
228.647,28.295,146.528,148.535
235.036,24.229,146.528,148.535
240.264,22.487,146.528,148.535
242.006,19.583,146.528,148.535
249.557,17.840,146.528,148.535
249.744,15.594,149.770,151.822
249.935,13.299,153.084,155.181
251.755,16.333,153.084,155.181
251.951,12.728,156.470,158.614
251.330,12.107,156.470,158.614
251.530,12.283,159.932,162.123
253.432,10.381,159.932,162.123
254.066,9.747,159.932,162.123
254.700,9.113,159.932,162.123
255.334,7.211,159.932,162.123
253.432,6.578,159.932,162.123
255.334,4.676,159.932,162.123
254.700,4.042,159.932,162.123
256.602,7.211,159.932,162.123
