225.000,135.000,61.000,71.000
222.663,135.260,61.000,71.000
220.326,137.597,61.000,71.000
223.182,132.663,61.000,71.000
225.519,128.768,61.000,71.000
222.144,126.431,61.000,71.000
218.768,127.730,61.000,71.000
216.951,123.835,61.000,71.000
215.849,120.337,59.699,69.486
212.322,116.424,58.426,68.004
205.741,105.093,59.719,69.509
202.179,98.786,61.040,71.047
200.360,95.928,61.040,71.047
198.022,92.030,61.040,71.047
195.164,88.133,61.040,71.047
191.557,84.132,59.738,69.531
190.479,81.687,58.464,68.049
190.230,80.941,58.464,68.049
190.479,81.687,58.464,68.049
190.727,81.936,58.464,68.049
190.976,84.176,58.464,68.049
191.225,84.425,58.464,68.049
192.967,86.167,58.464,68.049
193.216,87.909,58.464,68.049
194.460,90.646,58.464,68.049
194.709,94.379,58.464,68.049
195.870,97.499,59.758,69.554
197.056,100.689,61.080,71.093
198.876,103.029,61.080,71.093
200.176,103.809,61.080,71.093
201.476,101.989,61.080,71.093
202.256,100.169,61.080,71.093
204.076,96.269,61.080,71.093
204.856,90.809,61.080,71.093
205.116,83.789,61.080,71.093
206.416,78.849,61.080,71.093
208.756,74.429,61.080,71.093
210.056,71.569,61.080,71.093
212.396,68.709,61.080,71.093
214.736,68.969,61.080,71.093
215.516,69.749,61.080,71.093
215.776,72.089,61.080,71.093
216.556,75.989,61.080,71.093
215.776,80.409,61.080,71.093
214.996,85.349,61.080,71.093
215.256,90.809,61.080,71.093
216.556,95.229,61.080,71.093
216.816,101.209,61.080,71.093
218.636,106.668,61.080,71.093
219.936,111.608,61.080,71.093
222.276,116.548,61.080,71.093
224.616,119.408,61.080,71.093
226.956,118.628,61.080,71.093
228.776,115.248,61.080,71.093
231.067,109.876,62.431,72.666
233.409,102.179,63.813,74.274
234.113,93.185,65.225,75.917
232.724,82.913,65.225,75.917
229.670,75.416,65.225,75.917
232.169,71.252,65.225,75.917
237.444,74.861,65.225,75.917
239.943,80.136,65.225,75.917
242.442,84.301,65.225,75.917
243.275,86.800,65.225,75.917
245.218,89.298,65.225,75.917
246.051,89.576,65.225,75.917
243.552,92.630,65.225,75.917
242.164,94.573,65.225,75.917
242.997,94.851,65.225,75.917
243.275,96.794,65.225,75.917
244.663,97.627,65.225,75.917
245.496,100.126,65.225,75.917
245.774,103.180,65.225,75.917
246.051,106.789,65.225,75.917
246.329,109.844,65.225,75.917
247.717,110.121,65.225,75.917
245.774,106.512,65.225,75.917
247.162,103.458,65.225,75.917
247.995,98.738,65.225,75.917
248.272,93.463,65.225,75.917
249.660,82.080,65.225,75.917
250.493,71.807,65.225,75.917
251.882,65.977,65.225,75.917
253.270,61.257,65.225,75.917
254.658,57.092,65.225,75.917
255.491,55.149,65.225,75.917
257.434,54.871,65.225,75.917
260.488,55.704,65.225,75.917
263.542,57.647,65.225,75.917
268.262,58.480,65.225,75.917
263.542,60.979,65.225,75.917
260.488,64.588,65.225,75.917
261.877,68.198,65.225,75.917
259.378,71.807,65.225,75.917
257.434,75.972,65.225,75.917
254.936,80.136,65.225,75.917
250.771,84.856,65.225,75.917
247.162,94.018,65.225,75.917
244.663,97.627,65.225,75.917
240.197,97.652,66.668,77.597
234.454,97.088,68.143,79.314
229.788,92.900,69.650,81.068
227.120,85.488,69.650,81.068
230.963,73.210,71.191,82.862
232.376,60.032,72.766,84.695
235.749,53.632,74.376,86.569
239.288,50.588,72.790,84.723
240.838,49.039,72.790,84.723
243.626,56.165,72.790,84.723
245.795,60.193,72.790,84.723
247.964,65.460,72.790,84.723
246.415,70.728,72.790,84.723
244.866,75.375,72.790,84.723
243.316,78.784,72.790,84.723
241.767,80.333,72.790,84.723
243.316,78.164,72.790,84.723
240.528,77.854,72.790,84.723
239.598,80.023,72.790,84.723
238.049,78.474,72.790,84.723
234.021,81.882,72.790,84.723
228.754,89.009,72.790,84.723
224.726,94.276,72.790,84.723
222.956,94.946,74.401,86.598
224.433,94.317,76.047,88.514
227.994,92.051,76.047,88.514
229.612,88.490,76.047,88.514
234.468,77.160,76.047,88.514
239.971,69.067,76.047,88.514
246.769,62.270,76.047,88.514
249.682,58.061,76.047,88.514
253.243,60.327,76.047,88.514
257.451,61.946,76.047,88.514
260.364,67.449,76.047,88.514
260.688,73.599,76.047,88.514
260.364,79.102,76.047,88.514
261.983,84.605,76.047,88.514
260.364,87.519,76.047,88.514
261.983,87.842,76.047,88.514
259.717,88.814,76.047,88.514
255.509,87.195,76.047,88.514
251.301,89.461,76.047,88.514
249.682,91.727,76.047,88.514
246.769,94.640,76.047,88.514
243.208,98.201,76.047,88.514
245.389,99.573,77.729,90.472
238.694,101.661,79.449,92.474
231.148,103.094,81.207,94.520
225.588,99.538,83.004,96.611
228.061,93.532,83.004,96.611
230.534,85.406,83.004,96.611
233.714,76.573,83.004,96.611
238.307,68.446,83.004,96.611
237.954,63.147,83.004,96.611
243.254,57.847,83.004,96.611
245.727,58.907,83.004,96.611
248.200,63.500,83.004,96.611
249.260,69.506,83.004,96.611
250.320,76.926,83.004,96.611
249.967,83.639,83.004,96.611
249.830,89.096,81.234,94.551
251.030,93.771,79.501,92.534
247.307,91.402,79.501,92.534
245.219,90.758,77.806,90.561
242.239,87.777,77.806,90.561
237.933,85.458,77.806,90.561
233.627,84.465,77.806,90.561
228.660,86.121,77.806,90.561
225.016,83.802,77.806,90.561
220.049,90.095,77.806,90.561
217.068,95.725,77.806,90.561
217.399,98.044,77.806,90.561
218.944,94.637,79.527,92.565
219.282,90.236,79.527,92.565
220.975,83.804,79.527,92.565
224.698,77.372,79.527,92.565
225.714,70.940,79.527,92.565
228.761,62.477,79.527,92.565
232.484,58.753,79.527,92.565
234.854,59.769,79.527,92.565
238.578,64.170,79.527,92.565
239.593,68.571,79.527,92.565
240.609,74.325,79.527,92.565
241.624,80.080,79.527,92.565
242.640,85.158,79.527,92.565
242.302,88.882,79.527,92.565
239.255,89.897,79.527,92.565
236.885,90.913,79.527,92.565
233.838,90.574,79.527,92.565
231.469,92.267,79.527,92.565
227.745,91.251,79.527,92.565
226.053,93.621,79.527,92.565
223.683,96.668,79.527,92.565
223.344,99.714,79.527,92.565
224.923,95.530,81.287,94.613
224.577,93.107,81.287,94.613
220.079,89.301,81.287,94.613
221.809,84.803,81.287,94.613
216.619,80.997,81.287,94.613
215.581,70.963,81.287,94.613
211.775,59.544,81.287,94.613
210.974,52.883,79.554,92.595
208.885,47.669,77.857,90.620
206.565,44.023,77.857,90.620
207.559,43.692,77.857,90.620
208.553,42.035,77.857,90.620
209.064,47.153,76.197,88.688
210.037,49.424,76.197,88.688
211.010,52.992,76.197,88.688
211.983,56.559,76.197,88.688
212.307,62.073,76.197,88.688
210.686,65.641,76.197,88.688
211.010,71.155,76.197,88.688
211.334,76.020,76.197,88.688
211.659,80.885,76.197,88.688
211.983,85.750,76.197,88.688
212.956,90.615,76.197,88.688
213.929,95.480,76.197,88.688
214.902,99.048,76.197,88.688
216.524,97.427,76.197,88.688
218.794,96.454,76.197,88.688
220.416,91.588,76.197,88.688
221.389,84.777,76.197,88.688
222.362,76.669,76.197,88.688
223.335,69.857,76.197,88.688
224.308,63.695,76.197,88.688
224.632,56.884,76.197,88.688
226.903,50.072,76.197,88.688
227.876,43.261,76.197,88.688
230.795,37.099,76.197,88.688
233.714,30.288,76.197,88.688
235.984,24.774,76.197,88.688
236.957,20.557,76.197,88.688
237.930,21.530,76.197,88.688
239.552,21.206,76.197,88.688
241.174,22.828,76.197,88.688
241.498,25.098,76.197,88.688
243.769,26.071,76.197,88.688
243.444,28.990,76.197,88.688
243.769,33.207,76.197,88.688
244.742,38.720,76.197,88.688
245.715,44.883,76.197,88.688
246.214,50.518,74.572,86.797
241.767,53.180,76.222,88.717
238.847,48.963,76.222,88.717
232.281,44.278,77.908,90.680
225.570,38.802,79.632,92.686
220.117,31.799,81.394,94.737
215.613,25.909,81.394,94.737
209.724,22.097,81.394,94.737
205.219,19.672,81.394,94.737
202.101,20.019,81.394,94.737
198.983,22.444,81.394,94.737
195.865,25.562,81.394,94.737
193.440,27.987,81.394,94.737
190.322,29.720,81.394,94.737
187.203,32.145,81.394,94.737
184.778,35.263,81.394,94.737
181.660,38.381,81.394,94.737
177.156,41.500,81.394,94.737
173.345,44.618,81.394,94.737
168.841,48.429,81.394,94.737
162.951,52.933,81.394,94.737
157.754,56.744,81.394,94.737
150.743,62.526,83.194,96.833
147.555,69.254,83.194,96.833
149.326,73.150,83.194,96.833
153.182,69.506,85.035,98.975
157.888,64.801,85.035,98.975
158.074,56.571,86.917,101.165
158.444,49.541,86.917,101.165
164.719,37.426,85.063,99.008
170.875,29.822,85.063,99.008
178.479,23.666,85.063,99.008
182.461,18.235,85.063,99.008
187.893,16.425,85.063,99.008
191.151,14.614,85.063,99.008
198.031,10.631,85.063,99.008
202.738,11.718,85.063,99.008
207.445,9.907,85.063,99.008
212.152,10.994,85.063,99.008
215.411,13.528,85.063,99.008
218.670,16.787,85.063,99.008
221.204,20.770,85.063,99.008
225.187,24.753,85.063,99.008
227.722,30.184,85.063,99.008
230.256,37.064,85.063,99.008
231.194,45.360,86.945,101.198
228.312,51.536,88.869,103.437
222.638,57.967,88.869,103.437
213.937,55.319,88.869,103.437
205.237,54.184,88.869,103.437
198.806,47.753,88.869,103.437
195.401,36.783,88.869,103.437
191.240,22.786,88.869,103.437
187.836,14.086,88.869,103.437
182.585,8.990,86.974,101.232
182.775,5.182,88.898,103.471
173.315,4.047,88.898,103.471
177.477,8.966,88.898,103.471
186.181,12.372,88.898,103.471
187.493,18.946,87.002,101.265
183.067,23.952,85.147,99.105
185.023,28.851,83.331,96.992
178.993,31.334,83.331,96.992
176.120,33.394,81.554,94.923
172.996,36.519,81.554,94.923
166.400,39.643,81.554,94.923
154.250,42.073,81.554,94.923
147.654,46.586,81.554,94.923
145.224,53.876,81.554,94.923
142.794,61.166,81.554,94.923
141.753,69.845,81.554,94.923
139.770,74.197,83.358,97.024
138.480,72.756,85.203,99.170
141.744,68.766,85.203,99.170
145.733,60.425,85.203,99.170
149.723,45.555,85.203,99.170
152.987,35.037,85.203,99.170
156.251,23.069,85.203,99.170
159.515,16.903,85.203,99.170
161.329,12.188,85.203,99.170
163.142,8.199,85.203,99.170
165.681,7.836,85.203,99.170
168.945,8.924,85.203,99.170
172.209,6.386,85.203,99.170
175.473,7.474,85.203,99.170
178.737,7.836,85.203,99.170
182.001,10.375,85.203,99.170
183.089,13.639,85.203,99.170
183.452,18.354,85.203,99.170
185.265,22.343,85.203,99.170
184.177,27.784,85.203,99.170
185.265,33.949,85.203,99.170
186.353,40.840,85.203,99.170
185.991,47.005,85.203,99.170
185.628,51.720,85.203,99.170
185.991,54.984,85.203,99.170
184.177,51.720,85.203,99.170
183.089,50.632,85.203,99.170
180.550,46.643,85.203,99.170
179.462,40.477,85.203,99.170
179.825,34.312,85.203,99.170
178.012,28.146,85.203,99.170
181.276,24.157,85.203,99.170
178.012,20.893,85.203,99.170
174.022,22.706,85.203,99.170
179.462,20.893,85.203,99.170
175.473,20.530,85.203,99.170
172.209,21.618,85.203,99.170
177.649,19.805,85.203,99.170
179.462,18.717,85.203,99.170
177.649,18.354,85.203,99.170
176.561,20.893,85.203,99.170
173.297,22.706,85.203,99.170
171.483,22.343,85.203,99.170
165.318,27.784,85.203,99.170
160.603,40.477,85.203,99.170
155.888,52.446,85.203,99.170
151.174,61.513,85.203,99.170
147.184,69.129,85.203,99.170
145.646,75.430,83.386,97.055
143.456,81.596,81.607,94.986
141.312,86.962,79.867,92.960
137.573,92.061,79.867,92.960
133.833,96.481,79.867,92.960
