298.000,149.000,67.000,122.000
296.160,150.104,67.000,122.000
295.055,149.000,67.000,122.000
295.423,147.160,67.000,122.000
294.319,148.264,67.000,122.000
293.215,147.896,67.000,122.000
293.583,147.528,67.000,122.000
291.006,146.423,67.000,122.000
290.638,148.264,67.000,122.000
291.742,146.423,67.000,122.000
292.847,147.528,67.000,122.000
290.270,151.577,67.000,122.000
288.430,147.528,67.000,122.000
291.889,143.505,68.482,124.699
289.256,144.633,68.482,124.699
286.622,145.762,68.482,124.699
286.998,143.881,68.482,124.699
277.212,147.749,67.022,122.040
268.007,145.172,67.022,122.040
263.220,144.067,67.022,122.040
260.031,144.304,65.593,119.437
257.508,141.781,65.593,119.437
257.148,137.096,65.593,119.437
254.626,141.781,65.593,119.437
253.544,141.421,65.593,119.437
251.022,139.619,65.593,119.437
249.941,138.538,65.593,119.437
247.418,139.619,65.593,119.437
244.175,139.979,65.593,119.437
242.443,141.600,64.194,116.890
239.269,144.069,64.194,116.890
236.095,140.895,64.194,116.890
233.041,143.161,62.825,114.398
231.315,140.055,62.825,114.398
229.656,138.280,61.485,111.958
231.288,144.358,60.174,109.571
230.297,139.399,60.174,109.571
228.644,136.424,60.174,109.571
228.313,136.754,60.174,109.571
226.660,137.085,60.174,109.571
219.718,135.432,60.174,109.571
222.590,138.193,58.891,107.234
220.325,138.517,58.891,107.234
217.413,138.840,58.891,107.234
214.501,137.223,58.891,107.234
214.825,135.605,58.891,107.234
214.501,134.634,58.891,107.234
214.178,132.370,58.891,107.234
212.623,131.330,57.635,104.947
211.673,129.747,57.635,104.947
210.723,130.064,57.635,104.947
209.140,128.480,57.635,104.947
209.449,132.346,56.406,102.709
208.520,132.656,56.406,102.709
208.210,134.206,56.406,102.709
207.318,135.002,55.203,100.519
207.014,134.092,55.203,100.519
205.498,130.150,55.203,100.519
201.117,120.990,54.026,98.375
203.789,124.255,54.026,98.375
205.273,125.146,54.026,98.375
203.789,122.474,54.026,98.375
202.267,121.694,55.221,100.552
202.570,124.424,55.221,100.552
201.660,117.447,55.221,100.552
200.105,122.315,56.443,102.777
201.035,132.548,56.443,102.777
200.725,135.338,56.443,102.777
199.136,131.306,57.692,105.050
199.445,133.343,56.461,102.810
199.756,131.171,56.461,102.810
199.445,127.759,56.461,102.810
199.135,124.347,56.461,102.810
199.445,120.315,56.461,102.810
196.568,113.706,57.711,105.085
197.574,118.794,58.987,107.410
195.954,120.414,58.987,107.410
196.926,123.979,58.987,107.410
197.250,130.784,58.987,107.410
195.589,130.605,60.293,109.786
195.258,124.974,60.293,109.786
194.935,117.917,61.626,112.215
196.627,115.547,61.626,112.215
258.961,180.378,60.312,109.822
257.967,178.721,60.312,109.822
257.635,177.727,60.312,109.822
257.959,177.940,59.026,107.480
256.986,176.967,59.026,107.480
261.202,180.534,59.026,107.480
258.283,177.615,59.026,107.480
257.294,174.744,60.332,109.858
254.907,173.185,61.667,112.289
254.576,171.591,63.031,114.773
252.845,172.630,63.031,114.773
254.518,173.520,61.687,112.326
252.824,171.148,61.687,112.326
251.790,168.851,63.052,114.811
250.014,165.784,64.447,117.351
247.464,164.118,65.873,119.948
246.379,163.032,65.873,119.948
248.128,160.474,64.468,117.390
247.773,154.453,64.468,117.390
246.002,147.724,64.468,117.390
244.922,143.853,65.894,119.987
242.315,136.892,67.352,122.642
239.650,130.544,68.843,125.355
239.281,130.335,70.366,128.129
234.256,123.763,70.366,128.129
232.274,122.747,71.923,130.963
225.557,108.917,71.923,130.963
225.952,116.425,71.923,130.963
221.606,116.820,71.923,130.963
217.940,116.601,73.514,133.861
213.498,117.005,73.514,133.861
210.670,115.793,73.514,133.861
209.459,117.812,73.514,133.861
208.247,119.832,73.514,133.861
205.420,116.197,73.514,133.861
204.188,115.135,75.140,136.823
202.949,109.769,75.140,136.823
200.833,106.970,76.803,139.850
198.724,107.392,76.803,139.850
194.810,102.781,78.502,142.944
194.378,106.662,78.502,142.944
187.693,100.159,80.239,146.107
185.489,103.245,80.239,146.107
180.821,98.429,78.528,142.991
175.029,99.980,80.265,146.155
177.234,102.185,80.265,146.155
178.633,102.856,82.041,149.388
179.084,95.194,82.041,149.388
181.337,98.349,82.041,149.388
182.768,99.969,83.856,152.693
182.330,94.937,82.068,149.437
181.032,99.572,80.318,146.250
184.121,105.309,80.318,146.250
178.385,96.925,80.318,146.250
179.785,147.954,82.095,149.486
184.573,135.202,80.344,146.298
185.004,133.784,78.631,143.179
185.436,130.760,78.631,143.179
186.807,120.661,80.371,146.346
186.366,108.739,80.371,146.346
185.924,100.350,80.371,146.346
188.132,101.674,80.371,146.346
192.106,103.882,80.371,146.346
192.547,99.025,80.371,146.346
189.368,98.781,82.149,149.584
191.624,101.940,82.149,149.584
190.270,103.294,82.149,149.584
190.722,105.550,82.149,149.584
193.881,108.709,82.149,149.584
191.624,107.355,82.149,149.584
195.686,109.612,82.149,149.584
199.748,109.161,82.149,149.584
202.117,107.974,83.966,152.894
208.114,125.042,83.966,152.894
211.343,115.355,83.966,152.894
217.593,117.014,85.824,156.277
219.950,120.314,85.824,156.277
225.360,126.902,87.723,159.734
227.770,132.203,87.723,159.734
226.299,131.936,89.664,163.268
230.733,125.532,89.664,163.268
229.255,130.951,89.664,163.268
236.383,126.519,87.752,159.787
236.866,128.930,87.752,159.787
243.397,120.660,89.693,163.322
242.905,124.109,89.693,163.322
246.354,118.689,89.693,163.322
246.847,124.109,89.693,163.322
250.296,119.674,89.693,163.322
250.789,125.095,89.693,163.322
252.267,123.616,89.693,163.322
250.789,126.080,89.693,163.322
248.325,127.558,89.693,163.322
256.406,130.725,87.780,159.839
259.781,128.314,87.780,159.839
265.086,131.689,87.780,159.839
274.622,135.425,89.723,163.375
279.255,131.060,91.708,166.990
312.769,128.470,89.752,163.429
323.124,125.019,89.752,163.429
327.562,123.540,89.752,163.429
309.318,129.950,89.752,163.429
318.686,134.387,89.752,163.429
328.055,128.963,89.752,163.429
316.714,135.374,89.752,163.429
302.414,139.811,89.752,163.429
297.977,137.346,89.752,163.429
296.497,139.811,89.752,163.429
297.930,140.128,87.838,159.944
300.343,137.715,87.838,159.944
300.825,135.302,87.838,159.944
300.343,135.785,87.838,159.944
304.535,134.235,85.965,156.533
309.730,129.039,85.965,156.533
308.313,135.179,85.965,156.533
313.732,130.998,87.867,159.996
314.263,126.723,89.811,163.536
314.805,124.402,91.798,167.154
312.220,124.123,93.829,170.853
314.925,120.628,95.905,174.633
313.318,118.150,98.027,178.497
313.856,115.457,98.027,178.497
314.395,114.919,98.027,178.497
314.933,113.303,98.027,178.497
316.549,113.842,98.027,178.497
319.242,112.226,98.027,178.497
321.934,114.919,98.027,178.497
324.627,113.303,98.027,178.497
325.166,112.764,98.027,178.497
324.627,113.303,98.027,178.497
328.397,111.687,98.027,178.497
325.704,114.380,98.027,178.497
330.766,109.612,100.196,182.446
329.181,112.088,98.059,178.555
331.875,109.394,98.059,178.555
336.723,111.010,98.059,178.555
340.495,110.472,98.059,178.555
345.558,109.055,100.229,182.506
348.448,108.750,102.446,186.544
345.634,111.564,102.446,186.544
350.924,105.413,104.713,190.671
346.897,109.440,104.713,190.671
350.924,106.564,104.713,190.671
346.897,109.440,104.713,190.671
336.786,98.378,107.030,194.889
331.332,124.895,109.398,199.201
345.710,100.867,111.818,203.609
350.010,97.795,111.818,203.609
351.853,97.181,111.818,203.609
350.010,101.481,111.818,203.609
357.996,95.952,111.818,203.609
353.696,101.481,111.818,203.609
359.225,99.638,111.818,203.609
353.696,105.167,111.818,203.609
355.539,102.095,111.818,203.609
352.587,110.779,109.433,199.267
353.247,102.961,111.855,203.675
347.717,104.805,111.855,203.675
347.102,102.961,111.855,203.675
346.518,108.094,109.469,199.332
347.119,107.493,109.469,199.332
349.028,104.664,111.891,203.742
345.955,107.738,111.891,203.742
347.799,107.123,111.891,203.742
343.496,110.196,111.891,203.742
342.911,114.146,109.505,199.397
338.700,115.951,109.505,199.397
336.895,115.349,109.505,199.397
331.684,97.181,107.170,195.145
326.385,104.835,107.170,195.145
335.217,112.489,107.170,195.145
335.806,114.255,107.170,195.145
336.381,118.038,104.885,190.984
335.805,117.462,104.885,190.984
342.143,118.038,104.885,190.984
336.957,119.767,104.885,190.984
343.569,114.665,107.205,195.209
339.446,119.966,107.205,195.209
343.569,115.843,107.205,195.209
339.446,117.610,107.205,195.209
341.213,114.665,107.205,195.209
345.336,112.898,107.205,195.209
350.636,114.665,107.205,195.209
355.937,116.432,107.205,195.209
360.251,109.995,109.577,199.528
363.261,113.005,109.577,199.528
363.863,113.607,109.577,199.528
366.873,111.801,109.577,199.528
361.455,109.995,109.577,199.528
371.326,112.703,107.240,195.273
376.629,112.114,107.240,195.273
378.396,111.524,107.240,195.273
371.916,101.509,107.240,195.273
376.040,111.524,107.240,195.273
381.158,108.496,104.953,191.109
374.816,114.838,104.953,191.109
371.933,109.649,104.953,191.109
366.743,117.145,104.953,191.109
377.699,106.189,104.953,191.109
377.122,106.766,104.953,191.109
373.086,96.964,104.953,191.109
366.541,93.055,107.275,195.337
365.952,91.287,107.275,195.337
360.847,97.346,104.988,191.172
351.906,94.633,107.311,195.401
342.767,95.530,109.685,199.725
342.165,93.722,109.685,199.725
335.536,95.530,109.685,199.725
332.523,94.927,109.685,199.725
327.100,99.145,109.685,199.725
322.882,100.953,109.685,199.725
318.664,101.555,109.685,199.725
312.035,102.158,109.685,199.725
302.996,106.376,109.685,199.725
296.615,110.248,107.346,195.465
294.816,101.355,109.721,199.790
309.886,107.986,109.721,199.790
284.282,108.903,112.148,204.210
279.845,102.169,114.630,208.729
279.215,101.539,114.630,208.729
277.326,105.948,114.630,208.729
275.436,114.135,114.630,208.729
273.515,105.945,117.166,213.347
276.733,100.152,117.166,213.347
272.228,104.658,117.166,213.347
279.061,98.867,114.667,208.797
273.391,103.277,114.667,208.797
268.981,112.726,114.667,208.797
268.351,104.537,114.667,208.797
263.942,113.986,114.667,208.797
268.351,105.797,114.667,208.797
266.429,110.676,117.204,213.417
260.456,100.967,119.797,218.138
265.063,112.155,119.797,218.138
258.958,106.328,122.448,222.965
256.906,100.372,125.157,227.898
254.843,94.184,125.157,227.898
251.318,89.522,127.926,232.940
254.832,93.036,127.926,232.940
249.771,86.814,130.757,238.094
266.294,55.924,130.757,238.094
237.271,85.338,133.650,243.362
228.937,80.360,136.607,248.746
148.783,67.486,139.629,254.250
145.096,67.979,136.651,248.828
141.342,62.724,136.651,248.828
61.013,99.510,136.651,248.828
51.254,83.745,136.651,248.828
61.013,81.493,136.651,248.828
63.265,82.243,136.651,248.828
64.090,77.154,139.675,254.333
70.997,74.852,139.675,254.333
74.833,72.550,139.675,254.333
70.900,65.756,142.765,259.960
79.226,76.843,139.720,254.416
83.064,71.470,139.720,254.416
85.367,78.379,139.720,254.416
87.670,77.611,139.720,254.416
91.508,78.379,139.720,254.416
98.416,82.217,139.720,254.416
105.324,82.984,139.720,254.416
114.953,87.916,136.741,248.991
121.714,90.170,136.741,248.991
126.972,90.921,136.741,248.991
134.947,95.749,133.825,243.681
163.215,83.137,136.786,249.072
153.446,86.894,136.786,249.072
166.221,86.143,136.786,249.072
251.138,91.403,136.786,249.072
262.410,98.166,136.786,249.072
263.236,91.513,139.812,254.583
259.396,95.353,139.812,254.583
266.309,94.585,139.812,254.583
267.077,95.353,139.812,254.583
267.845,89.976,139.812,254.583
267.077,89.208,139.812,254.583
272.454,86.904,139.812,254.583
262.468,81.527,139.812,254.583
263.236,83.832,139.812,254.583
268.613,89.208,139.812,254.583
272.645,88.783,142.905,260.216
273.507,76.944,146.067,265.973
277.520,84.166,146.067,265.973
