51.000,53.000,87.000,290.000
51.715,56.574,87.000,290.000
55.288,53.000,87.000,290.000
58.862,55.144,87.000,290.000
61.006,53.000,87.000,290.000
64.580,55.144,87.000,290.000
68.153,53.000,87.000,290.000
71.727,52.285,87.000,290.000
72.442,53.000,87.000,290.000
76.015,56.574,87.000,290.000
76.730,53.000,87.000,290.000
80.304,55.144,87.000,290.000
86.736,53.000,87.000,290.000
87.451,55.144,87.000,290.000
91.025,54.429,87.000,290.000
91.739,55.144,87.000,290.000
93.883,55.859,87.000,290.000
96.028,59.433,87.000,290.000
101.031,54.429,87.000,290.000
104.025,58.210,85.145,283.816
106.955,60.563,83.329,277.763
110.378,63.985,83.329,277.763
114.566,61.009,81.552,271.840
116.576,65.698,81.552,271.840
119.926,63.689,81.552,271.840
123.275,65.698,81.552,271.840
126.625,63.689,81.552,271.840
128.635,64.358,81.552,271.840
131.985,62.349,81.552,271.840
133.995,61.679,81.552,271.840
136.005,65.028,81.552,271.840
138.015,64.358,81.552,271.840
141.365,62.349,81.552,271.840
142.035,60.339,81.552,271.840
146.724,59.669,81.552,271.840
143.374,64.358,81.552,271.840
148.064,61.009,81.552,271.840
151.414,65.698,81.552,271.840
151.638,64.077,79.813,266.043
157.539,66.044,79.813,266.043
160.286,66.984,78.111,260.369
162.211,68.910,78.111,260.369
163.662,67.356,76.445,254.817
161.778,66.728,76.445,254.817
166.174,67.356,76.445,254.817
171.227,65.836,74.815,249.383
171.432,65.533,73.219,244.065
174.440,68.541,73.219,244.065
171.432,66.736,73.219,244.065
179.252,70.947,73.219,244.065
175.041,66.736,73.219,244.065
181.658,70.947,73.219,244.065
178.650,67.939,73.219,244.065
184.705,70.856,74.839,249.465
181.631,67.782,74.839,249.465
188.394,69.626,74.839,249.465
189.009,69.011,74.839,249.465
190.853,72.086,74.839,249.465
192.698,71.471,74.839,249.465
194.542,70.856,74.839,249.465
197.616,71.471,74.839,249.465
197.001,69.626,74.839,249.465
198.846,72.700,74.839,249.465
203.150,70.856,74.839,249.465
201.305,71.471,74.839,249.465
207.437,72.353,73.243,244.145
206.835,74.158,73.243,244.145
211.047,74.760,73.243,244.145
209.242,72.955,73.243,244.145
211.047,73.556,73.243,244.145
210.445,72.955,73.243,244.145
212.250,73.556,73.243,244.145
212.852,71.751,73.243,244.145
213.454,72.353,73.243,244.145
215.259,71.751,73.243,244.145
214.657,71.149,73.243,244.145
217.666,72.955,73.243,244.145
217.064,69.946,73.243,244.145
218.869,74.158,73.243,244.145
221.878,72.353,73.243,244.145
223.683,72.955,73.243,244.145
222.724,76.138,71.681,238.938
228.024,76.727,71.681,238.938
222.724,73.782,71.681,238.938
229.201,77.904,71.681,238.938
227.128,81.020,70.153,233.843
232.315,82.749,70.153,233.843
229.433,84.478,70.153,233.843
235.181,86.416,68.657,228.856
236.456,90.487,67.193,223.976
237.008,91.039,67.193,223.976
241.976,88.279,67.193,223.976
244.289,91.199,65.760,219.199
242.668,90.659,65.760,219.199
245.369,87.957,65.760,219.199
242.668,90.659,65.760,219.199
246.450,87.957,65.760,219.199
244.829,87.417,65.760,219.199
249.691,85.797,65.760,219.199
248.070,86.337,65.760,219.199
249.691,85.797,65.760,219.199
250.231,87.417,65.760,219.199
255.093,82.555,65.760,219.199
255.634,84.176,65.760,219.199
257.254,82.555,65.760,219.199
253.473,86.337,65.760,219.199
256.174,86.877,65.760,219.199
257.795,85.256,65.760,219.199
260.496,84.716,65.760,219.199
259.955,83.095,65.760,219.199
262.657,83.636,65.760,219.199
263.197,83.095,65.760,219.199
264.818,82.555,65.760,219.199
266.438,80.934,65.760,219.199
263.494,85.875,64.357,214.525
261.908,84.289,64.357,214.525
264.552,82.703,64.357,214.525
262.966,85.347,64.357,214.525
263.495,84.818,64.357,214.525
264.023,84.289,64.357,214.525
264.552,83.760,64.357,214.525
266.138,81.117,64.357,214.525
264.552,79.531,64.357,214.525
266.138,80.059,64.357,214.525
265.609,78.473,64.357,214.525
265.081,79.002,64.357,214.525
265.609,77.416,64.357,214.525
266.138,75.830,64.357,214.525
264.552,75.301,64.357,214.525
267.196,73.715,64.357,214.525
265.609,74.244,64.357,214.525
266.805,71.945,62.985,209.950
265.253,74.532,62.985,209.950
266.805,71.945,62.985,209.950
265.253,74.532,62.985,209.950
266.805,70.910,62.985,209.950
265.253,73.497,62.985,209.950
268.875,74.014,62.985,209.950
268.358,71.427,62.985,209.950
267.840,72.979,62.985,209.950
272.497,70.392,62.985,209.950
270.675,74.127,61.642,205.473
276.245,71.595,61.642,205.473
274.462,74.274,60.327,201.091
279.405,75.941,59.041,196.803
277.949,75.456,59.041,196.803
281.345,74.970,59.041,196.803
281.507,76.601,57.782,192.606
284.830,76.127,57.782,192.606
284.988,78.638,56.550,188.498
288.240,78.173,56.550,188.498
285.917,79.567,56.550,188.498
290.098,77.244,56.550,188.498
288.705,80.496,56.550,188.498
293.338,82.058,55.344,184.479
291.974,84.332,55.344,184.479
293.338,82.058,55.344,184.479
293.792,83.422,55.344,184.479
296.975,80.240,55.344,184.479
292.883,81.604,55.344,184.479
296.975,80.240,55.344,184.479
293.792,78.876,55.344,184.479
296.975,81.149,55.344,184.479
294.702,81.604,55.344,184.479
296.975,81.149,55.344,184.479
296.520,79.785,55.344,184.479
297.884,78.421,55.344,184.479
298.913,80.826,54.163,180.545
298.468,81.271,54.163,180.545
297.133,79.936,54.163,180.545
302.917,81.271,54.163,180.545
299.802,79.936,54.163,180.545
298.468,80.381,54.163,180.545
305.478,81.020,53.008,176.694
303.301,84.068,53.008,176.694
307.644,83.853,51.878,172.926
306.964,84.465,50.772,169.239
311.928,86.672,49.689,165.630
309.071,87.896,49.689,165.630
308.662,86.672,49.689,165.630
313.520,88.044,48.629,162.097
312.322,87.645,48.629,162.097
311.922,90.441,48.629,162.097
311.523,90.841,48.629,162.097
315.507,91.414,47.592,158.641
314.130,91.975,46.577,155.258
316.809,92.357,46.577,155.258
314.130,91.975,46.577,155.258
316.043,89.296,46.577,155.258
315.661,91.975,46.577,155.258
317.574,90.827,46.577,155.258
317.191,90.444,46.577,155.258
320.635,90.062,46.577,155.258
318.722,92.740,46.577,155.258
321.400,93.888,46.577,155.258
318.722,91.975,46.577,155.258
322.931,90.827,46.577,155.258
321.018,92.740,46.577,155.258
323.696,92.357,46.577,155.258
321.018,91.210,46.577,155.258
325.227,93.123,46.577,155.258
321.783,91.210,46.577,155.258
325.227,92.357,46.577,155.258
323.879,93.644,45.584,151.947
326.892,93.460,44.612,148.706
325.792,93.826,44.612,148.706
327.625,94.926,44.612,148.706
325.792,94.559,44.612,148.706
328.741,95.085,43.661,145.535
326.230,94.726,43.661,145.535
328.741,95.802,43.661,145.535
326.230,94.009,43.661,145.535
329.458,95.085,43.661,145.535
328.382,95.444,43.661,145.535
330.893,96.520,43.661,145.535
328.382,95.444,43.661,145.535
329.458,94.368,43.661,145.535
330.270,96.956,42.729,142.432
332.417,98.137,41.818,139.394
331.386,98.480,41.818,139.394
333.104,97.450,41.818,139.394
331.894,99.267,40.926,136.422
333.575,98.931,40.926,136.422
331.222,97.922,40.926,136.422
333.575,99.603,40.926,136.422
331.222,97.922,40.926,136.422
335.223,100.997,40.054,133.512
333.430,102.104,39.200,130.665
335.684,101.138,39.200,130.665
333.430,101.460,39.200,130.665
333.752,99.849,39.200,130.665
333.859,102.174,38.364,127.879
334.805,101.228,38.364,127.879
336.125,104.111,37.545,125.152
334.583,102.569,37.545,125.152
336.125,103.494,37.545,125.152
336.434,101.952,37.545,125.152
336.125,103.494,37.545,125.152
338.284,102.569,37.545,125.152
335.508,102.260,37.545,125.152
337.051,103.185,37.545,125.152
337.154,103.628,36.745,122.483
338.418,105.225,35.961,119.871
336.941,104.339,35.961,119.871
339.009,105.225,35.961,119.871
337.532,104.930,35.961,119.871
337.237,105.816,35.961,119.871
336.941,105.520,35.961,119.871
337.237,104.634,35.961,119.871
336.350,106.111,35.961,119.871
336.646,104.634,35.961,119.871
336.941,106.111,35.961,119.871
337.237,105.816,35.961,119.871
336.350,107.293,35.961,119.871
336.055,106.407,35.961,119.871
336.350,106.702,35.961,119.871
336.646,106.998,35.961,119.871
336.941,107.293,35.961,119.871
337.040,108.286,35.194,117.315
336.751,108.575,35.194,117.315
339.077,110.105,34.444,114.813
337.096,109.822,34.444,114.813
337.945,108.973,34.444,114.813
336.530,108.124,34.444,114.813
338.511,108.973,34.444,114.813
338.228,107.558,34.444,114.813
341.050,110.146,33.709,112.364
338.557,109.869,33.709,112.364
339.942,109.592,33.709,112.364
338.004,107.654,33.709,112.364
339.388,109.039,33.709,112.364
339.665,107.654,33.709,112.364
338.834,106.823,33.709,112.364
341.062,109.890,32.990,109.968
339.707,108.535,32.990,109.968
342.146,109.348,32.990,109.968
340.249,110.703,32.990,109.968
341.385,111.092,32.287,107.623
341.473,111.983,31.598,105.328
340.694,111.205,31.598,105.328
341.473,110.426,31.598,105.328
341.214,109.647,31.598,105.328
342.512,109.907,31.598,105.328
341.733,109.647,31.598,105.328
343.550,109.907,31.598,105.328
342.252,109.128,31.598,105.328
341.992,110.426,31.598,105.328
343.809,109.128,31.598,105.328
343.031,110.426,31.598,105.328
343.809,108.609,31.598,105.328
343.031,109.907,31.598,105.328
345.119,110.279,30.925,103.082
343.849,111.041,30.925,103.082
344.913,111.406,30.265,100.884
344.517,112.721,29.620,98.732
345.247,113.451,29.620,98.732
344.517,113.208,29.620,98.732
345.734,113.938,29.620,98.732
344.030,114.668,29.620,98.732
345.247,114.425,29.620,98.732
345.004,113.695,29.620,98.732
346.492,114.044,28.988,96.627
345.778,114.282,28.988,96.627
345.063,114.520,28.988,96.627
346.254,115.234,28.988,96.627
345.540,114.996,28.988,96.627
344.825,114.758,28.988,96.627
346.016,114.520,28.988,96.627
344.825,114.758,28.988,96.627
345.063,114.044,28.988,96.627
345.301,113.806,28.988,96.627
345.063,114.044,28.988,96.627
344.825,114.282,28.988,96.627
344.587,114.520,28.988,96.627
343.873,114.282,28.988,96.627
344.587,114.044,28.988,96.627
343.396,113.806,28.988,96.627
345.540,113.567,28.988,96.627
343.396,114.758,28.988,96.627
344.853,114.641,28.370,94.566
344.154,114.408,28.370,94.566
344.387,113.709,28.370,94.566
343.222,114.408,28.370,94.566
344.853,114.175,28.370,94.566
343.222,114.874,28.370,94.566
344.853,114.175,28.370,94.566
343.688,114.874,28.370,94.566
343.921,113.709,28.370,94.566
344.154,113.942,28.370,94.566
343.921,113.709,28.370,94.566
343.688,113.475,28.370,94.566
343.455,113.242,28.370,94.566
343.222,113.009,28.370,94.566
343.921,114.175,28.370,94.566
343.688,113.942,28.370,94.566
342.989,114.175,28.370,94.566
343.688,114.408,28.370,94.566
343.766,114.293,27.765,92.549
343.538,114.977,27.765,92.549
343.309,114.293,27.765,92.549
343.538,114.977,27.765,92.549
343.309,114.749,27.765,92.549
343.538,114.521,27.765,92.549
343.766,115.661,27.765,92.549
343.402,115.109,27.173,90.576
346.059,116.721,26.593,88.644
344.529,115.628,26.593,88.644
346.059,117.594,26.593,88.644
344.529,116.939,26.593,88.644
346.708,117.252,26.026,86.754
345.639,117.466,26.026,86.754
