289.000,67.000,64.000,236.000
288.434,66.434,64.000,236.000
287.868,65.868,64.000,236.000
283.908,66.434,64.000,236.000
281.079,67.000,64.000,236.000
277.119,68.697,64.000,236.000
275.422,70.395,64.000,236.000
270.330,72.092,64.000,236.000
267.501,73.789,64.000,236.000
262.409,75.486,64.000,236.000
261.843,77.184,64.000,236.000
256.751,80.013,64.000,236.000
255.054,81.710,64.000,236.000
249.962,83.407,64.000,236.000
244.870,87.368,64.000,236.000
237.705,75.952,65.416,241.221
231.344,104.288,65.416,241.221
227.296,101.397,65.416,241.221
231.972,69.330,66.863,246.559
236.110,62.828,66.863,246.559
241.430,64.601,66.863,246.559
238.474,69.921,66.863,246.559
235.519,64.601,66.863,246.559
230.487,66.166,68.343,252.014
226.257,70.395,68.343,252.014
220.820,102.415,68.343,252.014
217.799,109.061,68.343,252.014
218.924,103.139,69.855,257.589
217.510,98.368,71.400,263.289
220.666,95.212,71.400,263.289
250.654,64.140,72.980,269.114
259.041,59.624,72.980,269.114
258.396,49.947,72.980,269.114
256.461,46.721,72.980,269.114
250.654,42.205,72.980,269.114
253.880,44.141,72.980,269.114
248.387,47.188,74.595,275.068
249.047,49.166,74.595,275.068
251.025,53.782,74.595,275.068
256.960,61.036,74.595,275.068
268.560,78.587,73.004,269.202
258.880,89.558,73.004,269.202
271.477,85.586,71.447,263.461
275.898,73.586,71.447,263.461
290.425,56.533,71.447,263.461
303.971,59.951,69.924,257.843
299.644,58.096,69.924,257.843
305.752,61.441,68.432,252.344
299.097,64.466,68.432,252.344
302.742,67.740,66.973,246.963
299.462,64.096,65.545,241.696
298.883,64.675,65.545,241.696
307.574,67.572,65.545,241.696
310.471,70.470,65.545,241.696
304.097,65.255,65.545,241.696
309.312,69.311,65.545,241.696
302.939,64.096,65.545,241.696
309.312,69.311,65.545,241.696
304.097,66.414,65.545,241.696
308.153,65.834,65.545,241.696
312.839,67.368,66.995,247.044
306.324,60.854,66.995,247.044
311.654,61.446,66.995,247.044
310.656,61.226,65.566,241.776
305.439,56.009,65.566,241.776
306.019,56.589,65.566,241.776
303.121,49.054,65.566,241.776
299.064,48.475,65.566,241.776
291.529,39.780,65.566,241.776
287.471,41.519,65.566,241.776
279.937,42.099,65.566,241.776
275.879,44.997,65.566,241.776
267.336,47.734,67.017,247.125
271.483,50.696,67.017,247.125
272.076,56.028,67.017,247.125
267.929,47.142,67.017,247.125
264.967,45.365,67.017,247.125
259.635,48.327,67.017,247.125
243.527,56.042,68.500,252.593
238.077,62.703,68.500,252.593
233.838,64.520,68.500,252.593
238.077,59.070,68.500,252.593
244.738,60.886,68.500,252.593
244.133,60.281,68.500,252.593
277.438,60.886,68.500,252.593
286.521,56.648,68.500,252.593
285.915,54.831,68.500,252.593
293.325,52.665,70.015,258.181
290.230,55.760,70.015,258.181
301.990,62.568,70.015,258.181
303.847,69.376,70.015,258.181
301.990,65.044,70.015,258.181
299.754,71.973,68.522,252.675
296.725,70.155,68.522,252.675
285.216,64.704,68.522,252.675
272.518,71.485,67.061,247.287
278.376,81.550,65.631,242.014
285.918,91.413,65.631,242.014
299.480,93.434,64.231,236.853
309.132,91.731,64.231,236.853
309.700,90.027,64.231,236.853
310.268,88.324,64.231,236.853
304.022,90.027,64.231,236.853
298.912,86.053,64.231,236.853
290.395,80.942,64.231,236.853
284.149,75.832,64.231,236.853
279.038,71.857,64.231,236.853
276.199,74.696,64.231,236.853
271.089,72.993,64.231,236.853
265.979,71.289,64.231,236.853
256.326,57.094,64.231,236.853
247.809,46.306,64.231,236.853
243.834,48.009,64.231,236.853
246.673,50.848,64.231,236.853
242.699,53.687,64.231,236.853
245.538,57.662,64.231,236.853
241.563,49.145,64.231,236.853
245.538,54.255,64.231,236.853
249.512,59.365,64.231,236.853
252.351,57.662,64.231,236.853
255.190,55.959,64.231,236.853
256.894,54.255,64.231,236.853
260.868,58.230,64.231,236.853
264.843,54.255,64.231,236.853
268.818,48.009,64.231,236.853
270.521,48.577,64.231,236.853
274.496,52.552,64.231,236.853
277.335,55.391,64.231,236.853
282.445,62.772,64.231,236.853
287.556,67.883,64.231,236.853
289.259,71.857,64.231,236.853
289.827,74.696,64.231,236.853
291.530,77.535,64.231,236.853
294.369,78.103,64.231,236.853
300.615,77.535,64.231,236.853
296.640,76.968,64.231,236.853
293.801,68.450,64.231,236.853
300.047,62.205,64.231,236.853
294.937,59.365,64.231,236.853
290.962,58.798,64.231,236.853
281.249,52.019,62.861,231.802
275.136,54.798,62.861,231.802
271.246,62.022,62.861,231.802
272.913,67.023,62.861,231.802
279.026,69.802,62.861,231.802
281.805,69.246,62.861,231.802
279.026,58.688,62.861,231.802
281.805,55.909,62.861,231.802
279.026,54.242,62.861,231.802
278.470,52.575,62.861,231.802
273.469,59.799,62.861,231.802
275.136,61.466,62.861,231.802
284.583,58.688,62.861,231.802
277.359,58.132,62.861,231.802
287.135,58.997,61.521,226.858
296.380,61.716,61.521,226.858
288.222,64.435,61.521,226.858
284.415,67.155,61.521,226.858
291.070,67.466,62.882,231.878
294.961,64.687,62.882,231.878
297.741,63.019,62.882,231.878
300.520,61.351,62.882,231.878
305.523,55.237,62.882,231.878
297.185,50.234,62.882,231.878
301.076,53.013,62.882,231.878
306.079,55.793,62.882,231.878
312.194,49.678,62.882,231.878
314.973,48.010,62.882,231.878
323.680,52.090,61.541,226.933
318.784,51.546,61.541,226.933
321.504,53.178,61.541,226.933
319.872,54.810,61.541,226.933
320.416,49.914,61.541,226.933
322.048,49.370,61.541,226.933
318.240,48.826,61.541,226.933
318.784,49.370,61.541,226.933
311.712,51.002,61.541,226.933
312.256,51.546,61.541,226.933
317.152,51.002,61.541,226.933
319.872,52.634,61.541,226.933
321.504,48.826,61.541,226.933
327.489,43.930,61.541,226.933
332.385,40.121,61.541,226.933
337.281,38.489,61.541,226.933
333.473,40.121,61.541,226.933
324.224,45.018,61.541,226.933
320.416,45.562,61.541,226.933
317.696,43.930,61.541,226.933
320.416,42.298,61.541,226.933
326.401,47.194,61.541,226.933
324.768,46.650,61.541,226.933
327.489,45.018,61.541,226.933
323.680,45.562,61.541,226.933
321.715,44.311,60.229,222.093
325.949,45.139,58.944,217.357
321.260,43.576,58.944,217.357
318.654,40.971,58.944,217.357
312.922,39.408,58.944,217.357
311.359,36.802,58.944,217.357
300.417,34.197,58.944,217.357
297.811,33.676,58.944,217.357
291.911,33.482,57.687,212.722
264.509,38.208,56.457,208.186
263.011,39.705,56.457,208.186
263.510,39.206,56.457,208.186
293.436,45.706,57.706,212.792
293.327,42.823,58.983,217.500
295.934,44.387,58.983,217.500
295.823,40.358,60.288,222.312
292.391,30.710,61.622,227.231
290.757,24.718,61.622,227.231
291.771,18.248,62.985,232.258
294.555,27.714,62.985,232.258
296.746,25.722,64.379,237.397
297.315,27.429,64.379,237.397
297.884,32.551,64.379,237.397
300.730,31.982,64.379,237.397
297.884,35.966,64.379,237.397
300.730,39.950,64.379,237.397
295.608,46.210,64.379,237.397
292.762,43.365,64.379,237.397
294.470,49.625,64.379,237.397
292.762,41.088,64.379,237.397
292.193,35.966,64.379,237.397
295.039,29.706,64.379,237.397
293.332,35.966,64.379,237.397
298.454,28.568,64.379,237.397
302.437,32.551,64.379,237.397
304.145,35.397,64.379,237.397
313.059,47.253,63.006,232.334
309.160,43.355,63.006,232.334
318.629,36.114,63.006,232.334
319.666,23.720,64.400,237.475
319.096,32.259,64.400,237.475
315.111,22.581,64.400,237.475
311.957,46.514,63.027,232.410
311.018,53.825,61.683,227.454
302.839,51.099,61.683,227.454
299.022,46.191,61.683,227.454
308.291,51.099,61.683,227.454
309.927,49.463,61.683,227.454
302.839,43.465,61.683,227.454
296.841,30.923,61.683,227.454
286.480,20.563,61.683,227.454
281.573,23.289,61.683,227.454
279.937,30.378,61.683,227.454
280.482,35.286,61.683,227.454
276.665,30.378,61.683,227.454
280.482,28.742,61.683,227.454
284.299,41.284,61.683,227.454
282.663,44.010,61.683,227.454
286.480,42.374,61.683,227.454
289.207,46.191,61.683,227.454
295.646,42.835,60.367,222.604
300.449,35.898,60.367,222.604
293.511,43.902,60.367,222.604
299.381,48.705,60.367,222.604
306.319,60.979,60.367,222.604
304.718,64.715,60.367,222.604
307.933,70.689,59.080,217.857
305.322,69.122,59.080,217.857
308.978,70.689,59.080,217.857
305.322,69.122,59.080,217.857
292.206,43.412,60.387,222.677
287.661,34.857,61.723,227.603
283.015,28.376,63.089,232.639
256.803,34.511,63.089,232.639
240.811,42.904,61.743,227.678
234.631,70.058,60.427,222.823
230.641,70.889,59.138,218.071
228.752,74.726,57.877,213.421
220.054,82.401,57.877,213.421
209.329,82.211,56.643,208.869
199.798,83.955,55.435,204.415
202.751,86.607,54.252,200.056
208.026,85.168,54.252,200.056
212.343,83.730,54.252,200.056
219.855,85.400,53.095,195.790
221.779,87.036,51.963,191.614
230.745,86.865,50.855,187.528
237.488,90.012,50.855,187.528
244.232,93.159,50.855,187.528
245.581,94.508,50.855,187.528
252.324,93.159,50.855,187.528
255.471,94.508,50.855,187.528
256.820,97.655,50.855,187.528
255.471,99.003,50.855,187.528
256.308,97.395,51.980,191.677
257.163,95.751,53.130,195.918
265.147,89.646,53.130,195.918
270.314,87.297,53.130,195.918
276.420,84.949,53.130,195.918
273.132,85.419,53.130,195.918
272.662,82.131,53.130,195.918
275.011,80.722,53.130,195.918
281.116,74.616,53.130,195.918
276.889,70.389,53.130,195.918
282.056,74.616,53.130,195.918
275.950,68.510,53.130,195.918
283.934,76.495,53.130,195.918
289.101,84.479,53.130,195.918
286.752,90.585,53.130,195.918
286.283,94.812,53.130,195.918
280.177,99.979,53.130,195.918
276.889,100.448,53.130,195.918
272.662,99.039,53.130,195.918
269.374,98.570,53.130,195.918
265.147,97.160,53.130,195.918
259.042,93.873,53.130,195.918
248.239,91.524,53.130,195.918
239.315,89.176,53.130,195.918
229.469,81.648,54.306,200.253
228.989,81.168,54.306,200.253
230.429,80.688,54.306,200.253
232.829,78.288,54.306,200.253
236.190,75.888,54.306,200.253
240.072,72.178,55.507,204.683
244.488,77.576,55.507,204.683
243.997,76.104,55.507,204.683
247.432,83.464,55.507,204.683
244.979,88.862,55.507,204.683
254.557,89.625,54.324,200.318
259.302,97.778,53.165,196.047
262.591,101.068,53.165,196.047
257.422,102.478,53.165,196.047
261.651,100.128,53.165,196.047
264.001,97.778,53.165,196.047
267.291,95.428,53.165,196.047
269.641,94.018,53.165,196.047
272.931,92.608,53.165,196.047
276.221,95.898,53.165,196.047
284.211,92.608,53.165,196.047
289.381,87.439,53.165,196.047
289.850,84.149,53.165,196.047
290.320,81.799,53.165,196.047
293.610,85.089,53.165,196.047
294.080,84.619,53.165,196.047
296.430,91.669,53.165,196.047
300.168,97.836,52.031,191.866
296.948,97.376,52.031,191.866
303.848,103.355,52.031,191.866
296.114,96.938,53.183,196.111
282.480,73.901,53.183,196.111
274.488,65.909,53.183,196.111
269.509,56.423,54.359,200.450
265.185,60.748,54.359,200.450
265.665,80.450,54.359,200.450
263.262,84.775,54.359,200.450
261.821,86.216,54.359,200.450
265.185,87.658,54.359,200.450
272.062,85.939,55.562,204.885
268.899,82.144,56.791,209.418
240.665,79.306,58.048,214.051
230.972,79.600,59.332,218.787
228.350,83.272,59.332,218.787
232.021,82.747,59.332,218.787
234.644,76.978,59.332,218.787
232.021,76.453,59.332,218.787
226.252,69.635,59.332,218.787
221.531,62.816,59.332,218.787
215.761,67.537,59.332,218.787
213.139,75.404,59.332,218.787
216.811,81.174,59.332,218.787
219.433,84.845,59.332,218.787
225.203,80.125,59.332,218.787
227.825,80.649,59.332,218.787
232.546,78.027,59.332,218.787
236.217,81.698,59.332,218.787
243.036,75.929,59.332,218.787
247.756,78.551,59.332,218.787
255.972,68.245,58.067,214.121
261.618,70.812,58.067,214.121
261.105,111.364,58.067,214.121
266.752,119.064,58.067,214.121
274.451,118.550,58.067,214.121
279.071,114.957,58.067,214.121
283.691,71.325,58.067,214.121
286.258,65.679,58.067,214.121
280.611,64.139,58.067,214.121
279.071,66.706,58.067,214.121
281.638,71.325,58.067,214.121
280.098,76.972,58.067,214.121
276.793,80.461,59.352,218.859
280.465,87.282,59.352,218.859
278.891,83.609,59.352,218.859
277.317,78.887,59.352,218.859
273.645,72.067,59.352,218.859
269.972,73.641,59.352,218.859
276.793,74.165,59.352,218.859
278.367,77.838,59.352,218.859
285.187,72.067,59.352,218.859
290.959,76.789,59.352,218.859
298.829,71.017,59.352,218.859
295.156,79.937,59.352,218.859
287.286,85.708,59.352,218.859
283.613,80.986,59.352,218.859
260.003,53.178,59.352,218.859
256.084,46.915,58.086,214.192
249.409,50.509,58.086,214.192
253.004,55.131,58.086,214.192
255.571,59.752,58.086,214.192
264.300,62.319,58.086,214.192
276.976,53.024,59.371,218.931
269.103,45.152,59.371,218.931
262.280,48.826,59.371,218.931
257.557,49.350,59.371,218.931
253.883,55.124,59.371,218.931
254.408,59.847,59.371,218.931
251.784,61.422,59.371,218.931
257.557,54.599,59.371,218.931
253.883,53.024,59.371,218.931
249.159,55.649,59.371,218.931
243.386,57.223,59.371,218.931
237.613,59.847,59.371,218.931
227.641,60.372,59.371,218.931
215.569,66.145,59.371,218.931
204.548,65.621,59.371,218.931
198.774,66.145,59.371,218.931
201.398,61.422,59.371,218.931
193.526,64.046,59.371,218.931
197.770,64.347,60.685,223.774
193.202,65.767,62.027,228.725
199.234,67.412,62.027,228.725
195.703,68.864,63.400,233.786
192.901,71.666,63.400,233.786
188.978,73.348,63.400,233.786
177.208,73.908,63.400,233.786
167.680,69.985,63.400,233.786
165.999,67.183,63.400,233.786
159.834,67.743,63.400,233.786
152.736,75.042,64.802,238.958
146.671,76.559,66.236,244.245
140.470,78.109,67.702,249.649
147.538,76.733,66.258,244.326
140.120,73.423,67.724,249.731
145.508,69.232,67.724,249.731
139.169,59.637,69.222,255.257
144.676,68.816,69.222,255.257
153.855,65.756,69.222,255.257
163.034,60.249,69.222,255.257
175.601,50.441,70.754,260.904
188.736,57.322,70.754,260.904
199.369,65.453,70.754,260.904
196.241,59.823,70.754,260.904
198.118,69.205,70.754,260.904
200.681,77.413,69.245,255.340
203.189,84.266,67.768,249.895
202.590,78.874,67.768,249.895
200.425,87.890,66.323,244.566
195.149,94.340,66.323,244.566
186.354,84.373,66.323,244.566
181.975,92.066,64.909,239.350
187.645,84.110,63.524,234.246
183.714,89.164,63.524,234.246
191.014,79.618,63.524,234.246
183.714,83.549,63.524,234.246
193.593,93.083,62.170,229.251
188.647,101.327,62.170,229.251
196.196,112.776,60.844,224.362
195.289,114.650,59.546,219.577
191.605,106.754,59.546,219.577
194.237,96.753,59.546,219.577
200.027,86.751,59.546,219.577
203.712,91.489,59.546,219.577
218.977,83.593,59.546,219.577
225.820,94.647,59.546,219.577
236.630,80.749,60.864,224.436
242.098,81.057,62.211,229.401
248.827,85.937,63.587,234.477
245.207,85.093,64.994,239.665
243.892,80.653,66.432,244.967
247.422,78.553,67.902,250.387
252.276,78.896,69.404,255.927
