347.000,58.000,103.000,251.000
344.956,57.319,103.000,251.000
344.274,58.000,103.000,251.000
340.867,55.956,103.000,251.000
337.460,58.000,103.000,251.000
331.327,60.044,103.000,251.000
329.282,60.726,103.000,251.000
320.423,64.133,103.000,251.000
317.016,63.452,103.000,251.000
309.520,66.859,103.000,251.000
311.564,66.177,103.000,251.000
305.431,68.222,103.000,251.000
306.113,67.540,103.000,251.000
298.617,69.585,103.000,251.000
296.572,67.540,103.000,251.000
294.528,68.222,103.000,251.000
289.758,70.266,103.000,251.000
290.439,65.496,103.000,251.000
288.395,64.815,103.000,251.000
289.076,61.407,103.000,251.000
285.669,60.726,103.000,251.000
282.262,62.770,103.000,251.000
291.121,56.637,103.000,251.000
282.204,60.223,105.279,256.553
280.317,62.444,107.608,262.230
286.724,58.884,107.608,262.230
283.318,61.154,109.989,268.031
292.778,58.971,109.989,268.031
302.238,50.966,109.989,268.031
301.510,51.694,109.989,268.031
306.604,43.689,109.989,268.031
298.600,51.694,109.989,268.031
294.961,48.055,109.989,268.031
298.600,44.417,109.989,268.031
290.595,43.689,109.989,268.031
295.689,38.595,109.989,268.031
300.783,40.778,109.989,268.031
308.787,37.140,109.989,268.031
309.515,40.778,109.989,268.031
308.787,48.783,109.989,268.031
312.064,59.356,107.643,262.316
305.655,74.312,107.643,262.316
317.099,72.304,105.348,256.722
326.956,66.308,103.101,251.247
333.095,57.440,103.101,251.247
336.505,58.122,103.101,251.247
344.009,60.169,103.101,251.247
348.784,56.758,103.101,251.247
352.194,60.169,103.101,251.247
350.148,58.122,103.101,251.247
344.009,51.983,103.101,251.247
337.870,54.030,103.101,251.247
350.830,58.804,103.101,251.247
354.241,60.851,103.101,251.247
357.651,56.076,103.101,251.247
359.698,56.758,103.101,251.247
364.472,60.169,103.101,251.247
366.519,54.030,103.101,251.247
363.108,58.804,103.101,251.247
366.519,62.215,103.101,251.247
371.294,54.712,103.101,251.247
376.069,58.122,103.101,251.247
376.751,53.347,103.101,251.247
376.069,51.301,103.101,251.247
367.201,46.526,103.101,251.247
362.426,43.116,103.101,251.247
353.558,41.069,103.101,251.247
348.784,40.387,103.101,251.247
341.280,38.341,103.101,251.247
335.141,40.387,103.101,251.247
327.638,42.433,103.101,251.247
322.863,44.480,103.101,251.247
318.088,47.890,103.101,251.247
317.406,45.844,103.101,251.247
319.452,45.162,103.101,251.247
316.042,41.751,103.101,251.247
308.538,41.069,103.101,251.247
302.399,41.751,103.101,251.247
294.896,42.433,103.101,251.247
299.671,39.023,103.101,251.247
296.260,42.433,103.101,251.247
298.306,44.480,103.101,251.247
303.081,43.798,103.101,251.247
305.128,47.208,103.101,251.247
311.267,49.255,103.101,251.247
316.968,49.961,100.903,245.889
318.688,45.505,98.751,240.645
321.954,48.772,98.751,240.645
329.141,52.039,98.751,240.645
333.715,56.612,98.751,240.645
348.741,62.492,98.751,240.645
340.248,55.305,98.751,240.645
326.528,61.185,98.751,240.645
318.135,69.419,96.645,235.514
322.611,59.828,96.645,235.514
327.087,65.582,96.645,235.514
334.120,66.222,96.645,235.514
343.711,59.188,96.645,235.514
330.284,64.943,96.645,235.514
337.317,55.352,96.645,235.514
326.447,57.270,96.645,235.514
329.644,51.515,96.645,235.514
320.053,49.597,96.645,235.514
323.250,52.794,96.645,235.514
309.822,43.203,96.645,235.514
302.789,43.842,96.645,235.514
295.755,40.645,96.645,235.514
292.558,40.006,96.645,235.514
286.804,36.809,96.645,235.514
287.443,37.448,96.645,235.514
281.688,32.972,96.645,235.514
284.885,36.169,96.645,235.514
281.688,34.251,96.645,235.514
282.328,34.891,96.645,235.514
280.410,31.694,96.645,235.514
283.607,36.169,96.645,235.514
285.253,29.436,94.584,230.491
287.131,32.565,94.584,230.491
294.014,33.191,94.584,230.491
295.892,36.320,94.584,230.491
304.027,38.197,94.584,230.491
307.156,32.565,94.584,230.491
314.039,38.197,94.584,230.491
315.916,45.081,94.584,230.491
321.548,41.952,94.584,230.491
320.923,43.829,94.584,230.491
329.058,50.713,94.584,230.491
329.683,45.081,94.584,230.491
334.064,54.467,94.584,230.491
332.057,55.115,92.567,225.576
335.119,64.302,92.567,225.576
335.515,68.478,90.593,220.765
333.717,66.680,90.593,220.765
333.118,62.484,90.593,220.765
336.115,60.686,90.593,220.765
336.714,58.888,90.593,220.765
334.916,48.699,90.593,220.765
333.118,42.106,90.593,220.765
326.574,16.152,88.661,216.058
321.300,12.237,86.770,211.450
316.133,17.403,86.770,211.450
316.505,23.531,84.920,206.941
313.696,30.835,84.920,206.941
314.258,40.386,84.920,206.941
310.325,29.711,84.920,206.941
314.258,14.542,84.920,206.941
314.622,4.293,83.109,202.528
316.271,4.843,83.109,202.528
310.268,2.233,81.337,198.209
304.348,3.847,81.337,198.209
303.810,2.233,81.337,198.209
302.196,3.847,81.337,198.209
308.768,8.554,79.602,193.982
306.249,10.233,81.363,198.274
301.404,57.065,81.363,198.274
304.095,64.063,81.363,198.274
305.710,72.138,81.363,198.274
310.555,74.829,81.363,198.274
318.630,77.521,81.363,198.274
315.938,75.906,81.363,198.274
322.936,74.291,81.363,198.274
333.164,78.059,81.363,198.274
329.396,68.908,81.363,198.274
323.474,64.063,81.363,198.274
332.626,71.061,81.363,198.274
336.394,73.753,81.363,198.274
344.468,69.985,81.363,198.274
351.466,69.446,81.363,198.274
358.041,67.929,79.628,194.046
351.192,64.241,79.628,194.046
359.095,66.875,79.628,194.046
348.922,63.089,81.390,198.339
345.153,60.396,81.390,198.339
349.999,56.627,81.390,198.339
355.922,52.857,81.390,198.339
351.076,53.396,81.390,198.339
358.076,52.857,81.390,198.339
352.153,53.396,81.390,198.339
362.384,55.011,81.390,198.339
358.615,54.473,81.390,198.339
365.615,52.857,81.390,198.339
368.307,50.165,81.390,198.339
369.923,49.626,81.390,198.339
370.461,45.857,81.390,198.339
369.772,47.453,79.654,194.109
367.137,51.142,79.654,194.109
366.610,52.723,79.654,194.109
369.245,50.088,79.654,194.109
368.718,52.723,79.654,194.109
374.515,51.142,79.654,194.109
371.809,55.751,77.956,189.970
370.261,53.173,77.956,189.970
373.872,55.751,77.956,189.970
369.230,51.110,77.956,189.970
372.840,51.625,77.956,189.970
367.167,48.015,77.956,189.970
372.840,46.468,77.956,189.970
369.230,46.983,77.956,189.970
374.903,47.499,77.956,189.970
366.014,43.792,79.680,194.173
361.304,38.910,81.443,198.469
365.076,34.060,81.443,198.469
362.498,36.896,83.245,202.860
368.556,42.954,83.245,202.860
365.728,49.895,81.470,198.534
368.423,52.590,81.470,198.534
365.728,54.207,81.470,198.534
363.033,51.512,81.470,198.534
359.260,47.739,81.470,198.534
356.681,39.391,83.273,202.927
355.028,33.331,83.273,202.927
356.965,28.228,85.115,207.416
355.276,27.665,85.115,207.416
360.344,34.985,85.115,207.416
354.149,36.675,85.115,207.416
353.586,43.995,85.115,207.416
350.771,44.559,85.115,207.416
347.955,49.627,85.115,207.416
342.887,53.569,85.115,207.416
341.197,59.763,85.115,207.416
340.634,60.326,85.115,207.416
337.819,62.016,85.115,207.416
337.256,59.200,85.115,207.416
333.314,64.268,85.115,207.416
338.382,58.074,85.115,207.416
337.819,51.879,85.115,207.416
342.887,45.685,85.115,207.416
347.955,50.753,85.115,207.416
349.644,50.190,85.115,207.416
356.965,49.627,85.115,207.416
350.771,52.442,85.115,207.416
359.217,47.374,85.115,207.416
365.412,43.432,85.115,207.416
361.470,41.743,85.115,207.416
358.654,35.549,85.115,207.416
354.712,42.869,85.115,207.416
356.163,49.966,83.300,202.993
352.305,43.903,83.300,202.993
347.345,41.148,83.300,202.993
357.263,51.280,81.524,198.664
362.118,55.056,81.524,198.664
351.870,48.044,81.524,198.664
342.701,43.190,81.524,198.664
338.925,38.336,81.524,198.664
337.307,39.954,81.524,198.664
331.374,45.887,81.524,198.664
326.520,45.347,81.524,198.664
322.744,43.729,81.524,198.664
324.133,49.487,79.785,194.428
320.438,53.182,79.785,194.428
326.245,56.877,79.785,194.428
325.569,61.494,78.084,190.281
332.285,58.911,78.084,190.281
326.602,54.261,78.084,190.281
324.019,53.745,78.084,190.281
331.768,60.460,78.084,190.281
322.986,56.844,78.084,190.281
325.569,61.494,78.084,190.281
325.052,64.077,78.084,190.281
329.702,71.826,78.084,190.281
324.019,71.309,78.084,190.281
322.469,69.759,78.084,190.281
324.019,71.309,78.084,190.281
327.635,69.759,78.084,190.281
330.218,68.210,78.084,190.281
321.590,69.741,76.418,186.224
312.995,74.291,76.418,186.224
312.490,78.841,76.418,186.224
315.018,79.347,76.418,186.224
310.472,80.845,74.789,182.252
306.019,80.350,74.789,182.252
299.586,83.814,74.789,182.252
301.071,86.288,74.789,182.252
309.997,89.919,76.443,186.285
310.726,87.333,78.135,190.406
304.005,86.816,78.135,190.406
299.387,82.028,79.864,194.619
274.931,76.038,81.631,198.925
273.311,75.498,81.631,198.925
284.174,69.375,83.437,203.326
290.247,74.343,83.437,203.326
283.070,75.999,83.437,203.326
277.043,84.020,81.657,198.990
282.986,87.802,81.657,198.990
287.848,87.262,81.657,198.990
281.905,89.963,81.657,198.990
286.768,91.584,81.657,198.990
280.825,89.963,81.657,198.990
286.768,89.423,81.657,198.990
298.113,84.560,81.657,198.990
307.297,81.859,81.657,198.990
305.676,79.158,81.657,198.990
306.026,78.676,79.916,194.747
309.727,74.975,79.916,194.747
311.089,78.580,78.212,190.594
312.641,74.958,78.212,190.594
311.089,71.336,78.212,190.594
313.676,68.749,78.212,190.594
313.159,60.987,78.212,190.594
311.607,67.714,78.212,190.594
313.159,58.917,78.212,190.594
316.781,82.202,78.212,190.594
313.159,92.034,78.212,190.594
308.502,99.796,78.212,190.594
312.124,98.243,78.212,190.594
307.467,97.726,78.212,190.594
305.915,96.174,78.212,190.594
300.223,94.621,78.212,190.594
294.531,90.999,78.212,190.594
282.629,85.307,78.212,190.594
275.902,78.580,78.212,190.594
270.210,71.853,78.212,190.594
268.658,70.301,78.212,190.594
273.315,67.714,78.212,190.594
271.763,66.161,78.212,190.594
273.315,69.783,78.212,190.594
277.972,66.161,78.212,190.594
282.629,64.609,78.212,190.594
275.902,70.301,78.212,190.594
281.594,77.028,78.212,190.594
287.286,72.371,78.212,190.594
292.978,67.714,78.212,190.594
300.740,60.987,78.212,190.594
303.327,50.120,78.212,190.594
304.660,43.674,76.544,186.529
300.107,48.103,74.911,182.551
300.602,48.599,74.911,182.551
297.102,51.023,73.314,178.658
299.286,53.395,71.751,174.848
297.862,54.820,71.751,174.848
299.286,55.294,71.751,174.848
303.559,58.617,71.751,174.848
306.881,59.092,71.751,174.848
309.535,60.605,73.338,178.717
311.241,64.166,74.961,182.671
316.696,69.621,74.961,182.671
321.527,73.260,76.619,186.713
326.089,61.601,76.619,186.713
321.527,65.149,76.619,186.713
318.993,62.615,76.619,186.713
323.555,65.149,76.619,186.713
317.979,68.698,76.619,186.713
312.403,71.232,76.619,186.713
301.757,71.739,76.619,186.713
294.154,73.260,76.619,186.713
290.605,75.795,76.619,186.713
296.181,78.329,76.619,186.713
292.633,82.892,76.619,186.713
295.167,87.454,76.619,186.713
293.647,91.002,76.619,186.713
287.057,95.564,76.619,186.713
283.508,100.127,76.619,186.713
280.974,91.509,76.619,186.713
283.508,86.947,76.619,186.713
286.043,83.398,76.619,186.713
281.481,85.933,76.619,186.713
283.001,82.385,76.619,186.713
277.425,85.933,76.619,186.713
273.877,79.343,76.619,186.713
269.348,80.959,78.314,190.844
262.568,75.085,80.047,195.066
257.802,80.911,80.047,195.066
253.036,88.854,80.047,195.066
260.979,81.970,80.047,195.066
268.923,83.559,80.047,195.066
266.275,88.325,80.047,195.066
272.101,87.795,80.047,195.066
276.161,83.989,81.818,199.382
282.115,80.200,81.818,199.382
286.987,82.906,81.818,199.382
294.024,74.787,81.818,199.382
298.896,76.411,81.818,199.382
305.933,80.200,81.818,199.382
312.970,82.906,81.818,199.382
320.007,73.704,81.818,199.382
323.796,78.576,81.818,199.382
329.069,70.193,83.628,203.793
329.622,75.172,83.628,203.793
329.069,69.086,83.628,203.793
328.515,72.959,83.628,203.793
330.175,79.045,83.628,203.793
332.942,80.705,83.628,203.793
334.602,85.685,83.628,203.793
337.368,85.131,83.628,203.793
330.175,86.791,83.628,203.793
332.942,84.025,83.628,203.793
325.749,81.258,83.628,203.793
325.398,76.134,85.479,208.302
323.701,77.830,85.479,208.302
325.398,76.134,85.479,208.302
332.080,67.375,87.370,212.911
336.126,74.890,87.370,212.911
342.485,83.560,87.370,212.911
344.219,91.075,87.370,212.911
337.855,84.522,89.303,217.621
330.124,71.693,91.279,222.436
299.325,65.050,91.279,222.436
295.097,57.200,91.279,222.436
298.117,61.427,91.279,222.436
299.929,62.031,91.279,222.436
292.078,67.466,91.279,222.436
293.890,62.031,91.279,222.436
295.701,56.596,91.279,222.436
287.851,51.161,91.279,222.436
293.286,46.933,91.279,222.436
295.097,43.914,91.279,222.436
291.996,51.524,89.332,217.693
296.133,54.479,89.332,217.693
288.450,59.799,89.332,217.693
280.767,55.661,89.332,217.693
275.447,62.163,89.332,217.693
274.856,67.482,89.332,217.693
269.537,70.437,89.332,217.693
264.218,73.392,89.332,217.693
252.988,78.711,89.332,217.693
246.487,79.302,89.332,217.693
242.350,73.983,89.332,217.693
240.577,73.392,89.332,217.693
238.804,68.073,89.332,217.693
237.031,69.846,89.332,217.693
234.076,71.619,89.332,217.693
234.667,72.210,89.332,217.693
234.076,75.165,89.332,217.693
234.667,76.938,89.332,217.693
230.529,79.893,89.332,217.693
227.574,78.120,89.332,217.693
224.619,73.983,89.332,217.693
220.482,73.392,89.332,217.693
215.163,71.619,89.332,217.693
208.661,73.392,89.332,217.693
203.342,76.347,89.332,217.693
209.843,76.938,89.332,217.693
217.527,79.893,89.332,217.693
213.390,82.849,89.332,217.693
211.617,81.076,89.332,217.693
206.297,81.667,89.332,217.693
199.796,79.893,89.332,217.693
203.933,78.120,89.332,217.693
209.252,79.893,89.332,217.693
212.208,76.938,89.332,217.693
216.008,79.829,87.427,213.050
211.959,79.251,87.427,213.050
217.165,78.672,87.427,213.050
222.371,80.408,87.427,213.050
229.891,82.143,87.427,213.050
236.955,87.202,85.563,208.507
241.687,92.154,83.738,204.061
236.701,92.708,83.738,204.061
239.471,93.262,83.738,204.061
234.490,97.039,81.952,199.709
227.525,101.782,80.205,195.450
229.914,99.263,78.494,191.282
230.251,105.807,76.820,187.203
226.661,112.212,75.182,183.211
224.107,116.563,73.579,179.304
228.488,118.023,73.579,179.304
236.763,126.299,73.579,179.304
242.118,128.733,73.579,179.304
242.605,126.299,73.579,179.304
239.167,131.495,72.010,175.480
232.973,126.255,72.010,175.480
241.072,123.872,72.010,175.480
245.360,120.538,72.010,175.480
250.601,121.014,72.010,175.480
258.700,118.632,72.010,175.480
266.799,122.920,72.010,175.480
274.898,121.490,72.010,175.480
284.482,116.089,73.603,179.363
304.382,93.391,75.231,183.331
299.902,94.884,75.231,183.331
304.382,94.386,75.231,183.331
309.857,94.884,75.231,183.331
316.327,91.400,75.231,183.331
