302.000,135.000,67.000,81.000
303.455,139.365,67.000,81.000
301.418,144.312,67.000,81.000
301.709,149.260,67.000,81.000
303.164,153.043,67.000,81.000
304.619,150.424,67.000,81.000
305.991,147.414,68.482,82.792
308.668,147.117,68.482,82.792
310.156,148.604,68.482,82.792
309.263,151.876,68.482,82.792
311.283,153.737,69.998,84.624
314.628,152.217,69.998,84.624
320.404,147.657,69.998,84.624
327.397,142.488,69.998,84.624
333.782,137.320,69.998,84.624
335.302,133.367,69.998,84.624
338.038,131.847,69.998,84.624
336.317,133.750,71.546,86.496
339.736,130.332,71.546,86.496
343.776,125.049,71.546,86.496
347.175,119.900,73.129,88.410
351.305,114.501,73.129,88.410
355.434,110.371,73.129,88.410
360.834,112.595,73.129,88.410
370.680,119.900,73.129,88.410
378.769,130.456,74.747,90.366
382.321,131.141,76.401,92.365
377.689,126.332,78.091,94.409
365.817,111.069,78.091,94.409
356.659,97.162,78.091,94.409
347.501,89.361,78.091,94.409
341.057,83.594,78.091,94.409
338.682,83.934,78.091,94.409
334.951,86.986,78.091,94.409
338.004,94.109,78.091,94.409
343.092,109.373,78.091,94.409
356.656,124.868,79.819,96.498
368.790,137.002,79.819,96.498
368.267,131.259,81.585,98.633
361.534,117.438,81.585,98.633
365.478,112.001,79.845,96.529
359.310,97.319,78.143,94.471
360.328,92.228,78.143,94.471
359.111,93.648,79.871,96.561
353.549,95.099,81.639,98.697
353.194,96.163,81.639,98.697
348.980,107.947,83.445,100.881
354.416,124.257,83.445,100.881
370.001,139.117,83.445,100.881
374.713,143.104,83.445,100.881
367.397,146.876,85.291,103.113
364.063,133.910,85.291,103.113
360.729,121.685,85.291,103.113
361.100,116.869,85.291,103.113
354.061,112.053,85.291,103.113
350.727,116.128,85.291,103.113
345.911,121.685,85.291,103.113
338.131,127.242,85.291,103.113
332.574,142.431,85.291,103.113
305.110,184.722,87.178,105.395
315.334,191.159,87.178,105.395
321.014,164.275,87.178,105.395
315.334,138.147,87.178,105.395
311.169,122.622,87.178,105.395
308.240,116.349,89.107,107.726
303.595,113.395,87.207,105.429
299.778,116.344,85.347,103.181
294.959,117.456,85.347,103.181
291.323,129.007,87.235,105.464
287.913,142.268,87.235,105.464
286.018,158.561,87.235,105.464
284.882,178.643,87.235,105.464
281.471,183.569,87.235,105.464
274.272,166.518,87.235,105.464
269.346,148.710,87.235,105.464
265.178,129.386,87.235,105.464
261.361,122.841,85.375,103.215
266.203,120.010,83.554,101.014
262.546,116.539,81.773,98.859
258.283,122.044,80.029,96.751
253.764,129.344,80.029,96.751
253.613,148.802,78.322,94.688
255.994,164.791,78.322,94.688
252.932,178.739,78.322,94.688
250.551,181.120,78.322,94.688
246.809,177.378,78.322,94.688
243.381,172.158,76.652,92.669
238.734,163.879,78.348,94.719
234.310,160.816,78.348,94.719
233.289,165.921,78.348,94.719
278.549,129.508,78.348,94.719
281.612,142.100,78.348,94.719
283.994,168.303,78.348,94.719
287.057,180.213,78.348,94.719
285.596,183.519,76.677,92.699
283.931,180.522,76.677,92.699
281.355,177.078,78.373,94.750
286.461,174.014,78.373,94.750
283.687,174.696,76.702,92.729
289.964,180.502,75.066,90.752
287.936,175.498,73.466,88.817
283.788,180.285,73.466,88.817
273.192,165.546,71.899,86.923
275.312,162.316,73.490,88.846
340.748,157.528,73.490,88.846
334.683,145.080,73.490,88.846
329.257,152.421,73.490,88.846
330.215,157.209,73.490,88.846
310.525,143.311,75.116,90.811
319.334,151.467,75.116,90.811
311.644,131.366,73.514,88.875
315.795,145.735,73.514,88.875
307.813,149.247,73.514,88.875
310.048,154.037,73.514,88.875
309.728,159.465,73.514,88.875
304.939,166.170,73.514,88.875
301.807,158.230,75.140,90.841
288.426,136.364,75.140,90.841
302.459,149.745,75.140,90.841
278.409,140.332,73.538,88.904
277.927,97.925,75.165,90.871
272.750,121.866,73.562,88.933
299.269,147.107,73.562,88.933
294.818,149.595,71.993,87.037
307.341,164.086,70.458,85.181
300.528,148.221,72.017,87.065
307.628,151.863,70.481,85.209
311.608,157.680,70.481,85.209
290.229,135.868,68.978,83.391
210.235,82.838,68.978,83.391
216.526,77.745,68.978,83.391
222.749,54.088,67.507,81.613
221.490,76.720,66.068,79.873
216.038,96.520,66.068,79.873
219.232,101.521,64.659,78.169
217.266,106.295,64.659,78.169
222.557,93.864,63.280,76.502
222.832,104.584,63.280,76.502
223.656,91.666,63.280,76.502
228.305,73.672,61.930,74.871
228.574,74.479,61.930,74.871
223.271,80.722,60.610,73.274
221.126,91.907,59.317,71.712
223.445,100.409,59.317,71.712
217.004,99.121,59.317,71.712
211.593,98.348,59.317,71.712
197.938,117.156,59.317,71.712
185.253,120.372,60.629,73.298
178.031,123.946,59.337,71.735
172.104,130.904,59.337,71.735
165.660,133.224,59.337,71.735
159.733,132.451,59.337,71.735
156.382,133.739,59.337,71.735
149.939,135.028,59.337,71.735
136.795,131.677,59.337,71.735
137.179,137.162,58.071,70.205
141.972,103.615,58.071,70.205
139.197,105.381,58.071,70.205
135.918,125.307,58.071,70.205
146.991,114.629,56.833,68.708
135.862,123.858,58.090,70.228
130.769,141.667,59.375,71.782
133.606,147.082,59.375,71.782
141.448,151.079,58.109,70.251
146.748,142.245,58.109,70.251
157.096,148.051,58.109,70.251
167.950,154.360,58.109,70.251
157.618,150.703,59.395,71.806
170.259,160.764,59.395,71.806
181.868,164.118,59.395,71.806
187.286,154.573,59.395,71.806
192.703,160.506,59.395,71.806
199.669,164.892,59.395,71.806
206.118,176.501,59.395,71.806
209.988,179.855,59.395,71.806
214.889,178.049,59.395,71.806
223.728,177.074,58.128,70.274
220.204,176.034,59.414,71.829
219.096,181.029,58.147,70.298
226.289,172.285,56.907,68.798
229.997,157.701,56.907,68.798
186.541,178.225,58.166,70.321
198.920,189.089,58.166,70.321
202.710,189.847,58.166,70.321
200.941,205.258,58.166,70.321
190.117,166.802,56.926,68.821
194.320,170.017,56.926,68.821
194.689,164.792,55.712,67.353
192.027,158.259,55.712,67.353
197.985,146.615,54.524,65.917
201.991,143.438,53.361,64.511
205.467,146.451,53.361,64.511
205.235,156.881,53.361,64.511
207.290,160.736,54.542,65.939
202.509,164.676,55.749,67.398
200.069,159.560,54.560,65.960
195.566,145.104,54.560,65.960
204.551,156.914,55.767,67.420
201.403,154.734,55.767,67.420
204.098,149.616,54.578,65.982
206.737,161.516,53.414,64.575
208.825,167.780,53.414,64.575
208.129,171.260,53.414,64.575
206.041,186.804,53.414,64.575
196.993,174.044,53.414,64.575
200.473,157.108,53.414,64.575
202.097,155.020,53.414,64.575
200.009,155.716,53.414,64.575
194.209,158.268,53.414,64.575
198.191,162.126,54.596,66.004
202.202,167.173,53.431,64.596
206.147,169.726,53.431,64.596
251.866,143.037,53.431,64.596
245.600,147.911,53.431,64.596
240.262,153.248,53.431,64.596
236.781,163.692,53.431,64.596
233.764,174.599,53.431,64.596
236.317,179.473,53.431,64.596
238.375,185.259,54.613,66.025
238.612,181.701,54.613,66.025
242.166,181.719,53.449,64.617
245.184,141.557,53.449,64.617
248.202,140.860,53.449,64.617
247.653,139.983,52.309,63.239
249.244,143.391,52.309,63.239
249.471,141.801,52.309,63.239
249.600,122.479,53.466,64.638
247.322,123.451,54.649,66.068
244.993,111.638,55.858,67.530
244.627,113.156,57.094,69.024
244.997,118.433,55.877,67.552
241.105,116.427,57.113,69.047
235.896,110.225,57.113,69.047
229.859,100.454,58.377,70.575
277.354,38.905,59.668,72.136
283.736,35.427,58.396,70.598
285.004,40.754,58.396,70.598
280.692,53.690,58.396,70.598
299.715,49.885,58.396,70.598
295.648,44.104,59.688,72.160
305.240,54.215,59.688,72.160
306.127,57.733,58.415,70.621
308.410,60.524,58.415,70.621
311.201,56.718,58.415,70.621
314.500,47.838,58.415,70.621
318.305,42.002,58.415,70.621
323.086,36.152,57.169,69.115
319.858,30.441,57.169,69.115
319.749,29.503,55.950,67.641
318.238,32.332,54.757,66.199
316.573,34.948,54.757,66.199
320.616,44.699,54.757,66.199
318.000,47.791,54.757,66.199
320.616,44.224,54.757,66.199
324.183,33.521,54.757,66.199
326.800,22.819,54.757,66.199
323.232,19.727,54.757,66.199
321.753,16.077,53.589,64.787
316.089,10.772,54.775,66.220
306.844,7.324,55.987,67.685
303.196,16.808,55.987,67.685
298.576,27.265,55.987,67.685
297.063,31.971,54.793,66.242
247.799,95.515,54.793,66.242
244.484,99.203,53.624,64.829
241.688,106.854,52.481,63.447
238.269,117.567,52.481,63.447
235.305,122.354,52.481,63.447
230.974,113.920,52.481,63.447
227.555,105.486,52.481,63.447
230.532,101.988,51.362,62.094
229.416,99.534,51.362,62.094
231.469,101.701,50.266,60.770
232.997,104.976,50.266,60.770
236.272,114.364,50.266,60.770
239.544,119.432,49.194,59.474
243.176,121.355,49.194,59.474
249.262,126.726,48.145,58.205
253.235,130.281,48.145,58.205
255.535,133.417,48.145,58.205
257.823,134.292,49.210,59.493
261.029,137.071,49.210,59.493
256.815,135.851,48.161,58.225
250.331,92.968,48.161,58.225
248.448,90.249,48.161,58.225
249.912,89.621,48.161,58.225
249.703,90.249,48.161,58.225
247.999,90.668,47.134,56.983
247.120,90.683,46.129,55.768
245.874,93.402,45.145,54.578
246.070,90.069,45.145,54.578
247.835,89.088,45.145,54.578
250.384,88.108,45.145,54.578
251.364,87.912,45.145,54.578
253.129,88.108,45.145,54.578
255.286,91.049,45.145,54.578
257.443,88.892,45.145,54.578
260.381,87.395,44.182,53.415
258.499,84.216,45.160,54.596
260.304,82.718,44.197,53.432
257.259,81.993,43.254,52.293
254.817,90.072,43.254,52.293
256.884,89.132,43.254,52.293
255.193,90.447,43.254,52.293
254.629,92.890,43.254,52.293
255.193,97.211,43.254,52.293
254.386,104.831,42.332,51.177
255.635,102.166,43.269,52.310
253.379,99.644,42.346,51.194
250.462,97.886,41.443,50.102
229.402,126.146,41.443,50.102
227.422,129.927,41.443,50.102
226.162,132.987,41.443,50.102
225.622,139.647,41.443,50.102
226.882,148.107,41.443,50.102
223.822,155.127,41.443,50.102
221.121,158.907,41.443,50.102
221.661,156.567,41.443,50.102
219.154,148.947,40.559,49.034
220.739,142.077,40.559,49.034
222.677,139.786,40.559,49.034
221.444,143.486,40.559,49.034
220.211,150.004,40.559,49.034
221.796,156.875,40.559,49.034
219.154,161.279,40.559,49.034
217.568,161.103,40.559,49.034
217.040,159.165,40.559,49.034
218.273,151.590,40.559,49.034
220.563,145.071,40.559,49.034
222.853,142.429,40.559,49.034
224.791,142.957,40.559,49.034
224.967,144.895,40.559,49.034
222.513,149.663,39.694,47.988
220.962,157.422,39.694,47.988
221.479,163.456,39.694,47.988
222.401,164.466,38.848,46.965
224.257,160.923,38.848,46.965
226.453,152.525,39.707,48.004
197.921,104.219,40.586,49.066
195.094,100.567,41.484,50.152
200.320,107.955,41.484,50.152
203.039,109.830,42.401,51.261
206.906,114.434,42.401,51.261
210.832,110.619,43.340,52.396
211.020,134.526,43.340,52.396
212.714,132.455,43.340,52.396
227.873,134.647,42.415,51.278
230.637,142.569,42.415,51.278
227.136,155.649,42.415,51.278
228.476,158.859,41.511,50.185
231.181,160.482,41.511,50.185
233.525,162.826,41.511,50.185
231.181,156.155,41.511,50.185
234.246,148.402,41.511,50.185
237.311,146.058,41.511,50.185
238.970,145.029,40.626,49.114
240.934,147.423,39.759,48.067
242.190,150.100,38.911,47.042
243.711,153.311,38.911,47.042
246.244,160.492,38.082,46.039
245.215,164.012,37.269,45.057
237.967,162.152,36.475,44.096
231.790,156.056,35.697,43.156
229.154,152.180,35.697,43.156
228.598,150.576,36.487,44.111
230.973,155.476,35.709,43.170
227.716,161.525,35.709,43.170
221.047,174.088,35.709,43.170
220.582,180.137,35.709,43.170
221.047,183.084,35.709,43.170
217.790,179.206,35.709,43.170
216.704,176.880,35.709,43.170
220.224,176.593,34.947,42.249
225.233,178.262,34.947,42.249
227.207,176.289,34.947,42.249
228.876,175.530,34.947,42.249
229.635,179.325,34.947,42.249
231.001,182.209,34.947,42.249
232.975,187.218,34.947,42.249
237.984,192.227,34.947,42.249
244.207,202.701,34.947,42.249
249.823,201.942,34.947,42.249
253.011,199.968,34.947,42.249
258.504,202.906,34.202,41.348
257.047,196.130,34.958,42.263
255.984,175.631,34.958,42.263
258.869,181.553,34.958,42.263
261.161,188.805,35.732,43.198
262.868,195.478,35.732,43.198
261.023,202.246,36.523,44.154
260.954,209.903,35.744,43.212
258.936,213.164,35.744,43.212
