275.000,137.000,23.000,26.000
277.025,134.397,23.000,26.000
277.892,133.336,23.000,26.000
278.953,133.818,23.000,26.000
280.013,134.108,23.000,26.000
275.868,136.132,23.000,26.000
271.915,141.435,23.000,26.000
269.119,149.244,23.000,26.000
268.058,149.726,23.000,26.000
268.733,152.522,23.000,26.000
272.493,151.847,23.000,26.000
276.253,150.208,23.000,26.000
277.892,143.556,23.000,26.000
278.760,142.495,23.000,26.000
278.471,131.987,23.000,26.000
277.410,118.393,23.000,26.000
276.157,104.027,23.000,26.000
274.132,87.734,23.000,26.000
274.422,86.480,23.000,26.000
274.904,75.972,23.000,26.000
278.085,66.041,23.000,26.000
279.339,58.232,23.000,26.000
280.785,53.315,23.000,26.000
281.652,52.447,23.000,26.000
281.363,53.315,23.000,26.000
282.616,57.653,23.000,26.000
285.027,62.763,23.000,26.000
285.123,69.608,23.000,26.000
285.412,70.090,23.000,26.000
282.231,71.922,23.000,26.000
279.435,69.705,23.000,26.000
278.182,62.474,23.000,26.000
278.278,57.750,23.000,26.000
277.989,56.304,23.000,26.000
278.278,55.243,23.000,26.000
276.446,53.026,23.000,26.000
277.314,48.880,23.000,26.000
278.760,47.241,23.000,26.000
279.628,47.530,23.000,26.000
277.796,44.734,23.000,26.000
273.457,40.396,23.000,26.000
267.962,33.358,23.000,26.000
264.202,27.284,23.000,26.000
263.334,26.223,23.000,26.000
261.695,28.248,23.000,26.000
257.742,32.394,23.000,26.000
252.440,33.454,23.000,26.000
251.186,34.322,23.000,26.000
250.511,33.454,23.000,26.000
257.935,42.228,23.000,26.000
267.865,53.315,23.000,26.000
275.482,60.546,23.000,26.000
283.677,64.499,23.000,26.000
284.737,65.945,23.000,26.000
293.704,73.176,23.000,26.000
298.042,84.841,23.000,26.000
293.318,95.736,23.000,26.000
283.195,100.460,23.000,26.000
282.520,101.521,23.000,26.000
272.397,97.375,23.000,26.000
262.081,88.987,23.000,26.000
253.886,79.057,23.000,26.000
248.969,74.525,23.000,26.000
248.487,73.272,23.000,26.000
244.920,72.597,23.000,26.000
244.052,71.537,23.000,26.000
242.991,70.476,23.000,26.000
243.473,69.416,23.000,26.000
242.991,69.898,23.000,26.000
243.473,66.523,23.000,26.000
242.413,64.884,23.000,26.000
241.931,63.824,23.000,26.000
241.256,64.691,23.000,26.000
240.388,64.016,23.000,26.000
241.449,68.548,23.000,26.000
243.088,73.272,23.000,26.000
241.256,79.924,23.000,26.000
236.146,87.927,23.000,26.000
235.664,89.180,23.000,26.000
231.326,98.917,23.000,26.000
225.637,103.449,23.000,26.000
218.985,104.702,23.000,26.000
211.368,102.870,23.000,26.000
210.115,102.388,23.000,26.000
199.799,103.642,23.000,26.000
193.147,104.509,23.000,26.000
189.772,100.749,23.000,26.000
190.833,96.796,23.000,26.000
189.965,95.929,23.000,26.000
191.604,96.411,23.000,26.000
192.279,99.399,23.000,26.000
193.725,100.460,23.000,26.000
197.871,98.050,23.000,26.000
198.353,96.604,23.000,26.000
200.377,92.458,23.000,26.000
197.582,94.290,23.000,26.000
191.122,98.050,23.000,26.000
183.891,99.110,23.000,26.000
184.180,99.399,23.000,26.000
180.999,99.882,23.000,26.000
180.710,98.628,23.000,26.000
177.142,99.882,23.000,26.000
170.104,102.292,23.000,26.000
169.815,103.352,23.000,26.000
167.598,107.691,23.000,26.000
168.080,108.751,23.000,26.000
167.790,106.727,23.000,26.000
165.435,99.137,23.509,26.575
163.957,97.856,23.509,26.575
159.917,90.071,23.509,26.575
155.482,82.483,23.509,26.575
151.245,75.486,23.509,26.575
148.387,67.307,23.509,26.575
145.726,63.464,23.509,26.575
137.941,50.161,23.509,26.575
131.649,45.061,24.029,27.163
131.488,43.402,24.561,27.764
135.382,41.706,25.104,28.378
135.868,42.375,25.659,29.006
137.267,40.762,25.659,29.006
138.665,42.590,25.659,29.006
143.290,47.430,25.659,29.006
149.206,56.143,25.659,29.006
150.389,57.971,25.659,29.006
155.659,66.684,25.659,29.006
157.488,75.181,25.659,29.006
157.811,84.754,25.659,29.006
160.284,93.466,25.659,29.006
161.468,94.649,25.659,29.006
170.000,101.805,26.227,29.648
182.142,103.416,26.807,30.304
190.570,101.955,26.807,30.304
198.548,96.674,26.807,30.304
199.335,95.213,26.807,30.304
207.089,89.707,26.807,30.304
211.805,80.861,27.401,30.975
211.621,68.721,28.007,31.660
206.104,52.872,28.007,31.660
205.282,47.119,28.007,31.660
199.060,37.845,28.007,31.660
194.012,28.335,28.007,31.660
191.546,20.000,28.007,31.660
189.316,11.665,28.007,31.660
189.668,9.669,28.007,31.660
186.968,3.212,28.007,31.660
186.146,0.981,28.007,31.660
187.907,5.325,28.007,31.660
185.441,10.138,28.007,31.660
185.559,10.725,28.007,31.660
176.754,16.478,28.007,31.660
166.775,29.744,28.007,31.660
158.909,46.532,28.007,31.660
153.157,62.851,28.007,31.660
153.509,64.846,28.007,31.660
144.469,74.121,28.007,31.660
138.678,79.252,28.626,32.360
136.992,79.765,29.260,33.076
135.269,73.673,29.907,33.808
136.146,72.294,29.907,33.808
132.009,62.641,29.907,33.808
125.866,49.728,29.907,33.808
120.203,40.120,30.569,34.556
114.949,36.916,30.569,34.556
113.796,35.250,30.569,34.556
112.642,40.248,30.569,34.556
116.615,46.270,30.569,34.556
122.894,48.705,30.569,34.556
132.504,51.396,30.569,34.556
134.426,52.293,30.569,34.556
144.549,52.934,30.569,34.556
153.647,51.524,30.569,34.556
160.438,46.270,30.569,34.556
163.898,39.223,30.569,34.556
163.514,37.301,30.569,34.556
162.104,30.253,30.569,34.556
160.438,27.306,30.569,34.556
161.592,29.997,30.569,34.556
164.026,36.019,30.569,34.556
163.898,37.172,30.569,34.556
168.127,47.295,30.569,34.556
172.868,61.006,30.569,34.556
176.071,71.642,30.569,34.556
180.812,79.202,30.569,34.556
181.197,80.355,30.569,34.556
183.631,82.277,30.569,34.556
184.785,83.174,30.569,34.556
183.119,83.559,30.569,34.556
183.760,84.199,30.569,34.556
182.606,83.046,30.569,34.556
184.016,84.456,30.569,34.556
185.425,90.478,30.569,34.556
189.398,98.551,30.569,34.556
194.139,107.905,30.569,34.556
194.267,107.777,30.569,34.556
198.752,113.287,30.569,34.556
201.699,116.747,30.569,34.556
205.928,119.950,30.569,34.556
206.568,124.948,30.569,34.556
206.953,125.076,30.569,34.556
204.005,127.767,30.569,34.556
201.571,131.739,30.569,34.556
200.161,133.917,30.569,34.556
197.470,133.020,30.569,34.556
198.111,132.892,30.569,34.556
195.933,131.739,30.569,34.556
195.036,132.380,30.569,34.556
196.445,131.995,30.569,34.556
197.855,130.073,30.569,34.556
197.983,128.151,30.569,34.556
199.393,122.641,30.569,34.556
204.239,112.288,31.245,35.321
205.680,105.870,31.245,35.321
206.859,101.286,31.245,35.321
208.299,99.060,31.245,35.321
210.264,97.095,31.245,35.321
212.491,99.060,31.245,35.321
214.717,101.286,31.245,35.321
216.138,102.934,31.937,36.102
217.035,102.118,32.643,36.901
218.803,99.296,33.365,37.717
223.418,95.520,33.365,37.717
228.593,90.625,33.365,37.717
231.530,85.170,33.365,37.717
232.509,83.911,33.365,37.717
234.048,78.457,33.365,37.717
232.789,75.520,33.365,37.717
233.489,74.261,33.365,37.717
231.670,76.639,33.365,37.717
232.370,77.338,33.365,37.717
232.509,79.995,33.365,37.717
229.013,87.128,33.365,37.717
226.915,92.303,33.365,37.717
225.936,93.842,33.365,37.717
226.915,95.100,33.365,37.717
225.097,96.079,33.365,37.717
227.474,93.422,33.365,37.717
230.691,82.932,33.365,37.717
237.265,73.841,33.365,37.717
237.964,71.743,33.365,37.717
242.020,62.373,33.365,37.717
244.398,55.520,33.365,37.717
247.055,52.582,33.365,37.717
251.950,49.645,33.365,37.717
252.090,49.226,33.365,37.717
256.426,43.212,33.365,37.717
259.922,37.757,33.365,37.717
264.817,34.820,33.365,37.717
269.153,31.883,33.365,37.717
269.852,31.743,33.365,37.717
272.230,29.086,33.365,37.717
274.048,30.065,33.365,37.717
274.188,31.883,33.365,37.717
273.489,37.338,33.365,37.717
272.789,36.359,33.365,37.717
272.370,43.771,33.365,37.717
270.272,54.261,33.365,37.717
270.412,63.352,33.365,37.717
269.153,69.646,33.365,37.717
270.412,70.904,33.365,37.717
268.314,72.722,33.365,37.717
269.013,71.464,33.365,37.717
269.433,69.366,33.365,37.717
270.132,65.869,33.365,37.717
270.552,65.170,33.365,37.717
271.531,59.436,33.365,37.717
271.391,55.939,33.365,37.717
270.692,53.282,33.365,37.717
271.671,50.345,33.365,37.717
270.971,49.366,33.365,37.717
272.510,47.547,33.365,37.717
273.489,44.610,33.365,37.717
275.307,43.072,33.365,37.717
277.685,44.890,33.365,37.717
277.265,45.310,33.365,37.717
277.405,46.009,33.365,37.717
274.468,47.827,33.365,37.717
273.209,49.925,33.365,37.717
272.510,53.422,33.365,37.717
272.090,53.282,33.365,37.717
269.713,57.338,33.365,37.717
266.496,61.953,33.365,37.717
261.321,64.051,33.365,37.717
253.629,64.471,33.365,37.717
252.929,63.212,33.365,37.717
244.677,63.911,33.365,37.717
235.866,65.729,33.365,37.717
229.293,65.310,33.365,37.717
223.558,63.771,33.365,37.717
222.579,65.030,33.365,37.717
216.006,66.569,33.365,37.717
209.153,70.345,33.365,37.717
204.258,79.156,33.365,37.717
201.600,87.128,33.365,37.717
200.901,88.946,33.365,37.717
200.202,94.960,33.365,37.717
200.901,99.576,33.365,37.717
201.320,102.793,33.365,37.717
203.698,108.807,33.365,37.717
204.677,109.506,33.365,37.717
208.733,113.842,33.365,37.717
211.111,119.856,33.365,37.717
212.649,125.031,33.365,37.717
213.908,127.688,33.365,37.717
214.887,128.107,33.365,37.717
213.069,129.087,33.365,37.717
213.768,129.786,33.365,37.717
212.789,131.324,33.365,37.717
213.726,133.084,34.104,38.552
212.439,134.084,34.104,38.552
213.397,133.213,34.858,39.405
212.374,135.405,34.858,39.405
210.767,135.843,34.858,39.405
209.744,137.743,34.858,39.405
210.475,137.304,34.858,39.405
211.790,138.912,34.858,39.405
212.228,141.688,34.858,39.405
213.835,148.263,34.858,39.405
214.858,155.423,34.858,39.405
215.296,155.277,34.858,39.405
216.027,159.514,34.858,39.405
215.296,161.998,34.858,39.405
217.791,160.198,35.629,40.277
222.820,156.808,36.418,41.168
223.584,156.350,36.418,41.168
226.179,148.870,36.418,41.168
228.469,138.948,36.418,41.168
230.148,127.804,36.418,41.168
235.796,120.324,36.418,41.168
234.422,118.644,36.418,41.168
239.460,112.996,36.418,41.168
241.444,105.821,36.418,41.168
243.124,98.952,36.418,41.168
245.413,91.166,36.418,41.168
243.734,89.487,36.418,41.168
247.856,83.534,36.418,41.168
254.420,78.801,36.418,41.168
258.237,73.153,36.418,41.168
262.358,67.199,36.418,41.168
261.595,66.436,36.418,41.168
263.885,61.093,36.418,41.168
266.785,54.834,36.418,41.168
268.770,52.239,36.418,41.168
269.533,49.949,36.418,41.168
269.380,49.186,36.418,41.168
268.312,51.171,36.418,41.168
268.259,54.111,35.641,40.290
270.500,57.547,35.641,40.290
275.729,60.386,35.641,40.290
275.965,61.823,34.881,39.431
280.790,63.724,34.881,39.431
286.492,64.455,34.881,39.431
292.779,63.432,34.881,39.431
297.604,64.748,34.881,39.431
297.458,64.601,34.881,39.431
303.161,66.210,34.881,39.431
309.740,71.620,34.881,39.431
318.367,74.398,34.881,39.431
328.456,76.006,34.881,39.431
329.187,76.737,34.881,39.431
337.228,74.836,34.881,39.431
346.440,75.860,34.881,39.431
352.727,77.176,34.881,39.431
354.920,76.152,34.881,39.431
355.067,77.176,34.881,39.431
356.967,72.058,34.881,39.431
357.406,69.573,34.881,39.431
356.510,70.134,34.137,38.590
353.505,72.567,34.137,38.590
352.503,72.710,34.137,38.590
349.784,75.142,34.137,38.590
352.503,78.147,34.137,38.590
355.508,83.728,34.137,38.590
352.606,90.279,34.892,39.444
350.551,94.243,35.664,40.316
360.568,111.436,35.664,40.316
370.883,126.236,35.664,40.316
