142.000,125.000,91.000,40.000
141.747,125.759,91.000,40.000
138.459,125.000,91.000,40.000
133.147,125.759,91.000,40.000
128.341,126.012,91.000,40.000
124.041,124.241,91.000,40.000
119.235,125.000,91.000,40.000
114.429,123.229,91.000,40.000
109.624,123.482,91.000,40.000
104.818,122.724,91.000,40.000
100.012,120.953,91.000,40.000
95.206,120.700,91.000,40.000
90.400,119.435,91.000,40.000
85.594,120.700,91.000,40.000
80.788,118.424,91.000,40.000
75.982,118.676,91.000,40.000
71.176,116.906,91.000,40.000
66.371,117.159,91.000,40.000
61.059,116.906,91.000,40.000
55.747,116.147,91.000,40.000
50.435,115.894,91.000,40.000
45.124,114.629,91.000,40.000
38.800,115.388,91.000,40.000
32.476,114.124,91.000,40.000
27.165,115.894,91.000,40.000
20.335,116.147,91.000,40.000
14.518,117.412,91.000,40.000
8.700,119.182,91.000,40.000
1.365,119.941,91.000,40.000
-4.453,121.712,91.000,40.000
-9.765,121.965,91.000,40.000
-13.559,123.735,91.000,40.000
-16.847,124.494,91.000,40.000
-20.135,126.771,91.000,40.000
-22.412,127.024,91.000,40.000
-23.148,128.181,89.059,39.147
-20.920,129.419,89.059,39.147
-23.643,128.181,89.059,39.147
-22.405,128.924,89.059,39.147
-22.649,127.671,87.160,38.312
-20.552,129.247,85.301,37.495
-19.871,129.419,83.482,36.696
-17.318,126.866,83.482,36.696
-18.015,125.706,83.482,36.696
-16.390,124.546,83.482,36.696
-15.694,124.778,83.482,36.696
-14.534,122.225,83.482,36.696
-12.910,121.065,83.482,36.696
-10.821,120.833,83.482,36.696
-9.197,117.816,83.482,36.696
-7.572,118.512,83.482,36.696
-7.805,116.424,83.482,36.696
-5.252,115.264,83.482,36.696
-4.556,114.568,83.482,36.696
-3.794,111.995,85.329,37.507
1.187,111.283,85.329,37.507
5.219,109.623,85.329,37.507
11.148,107.963,85.329,37.507
16.129,106.777,85.329,37.507
21.110,105.591,85.329,37.507
27.514,105.828,85.329,37.507
31.546,104.168,85.329,37.507
37.475,103.931,85.329,37.507
42.456,104.168,85.329,37.507
46.962,103.457,85.329,37.507
52.892,104.642,85.329,37.507
56.449,104.880,85.329,37.507
60.956,105.117,85.329,37.507
61.667,107.251,85.329,37.507
63.328,108.912,85.329,37.507
63.090,109.149,85.329,37.507
63.328,111.758,85.329,37.507
63.565,111.995,85.329,37.507
64.751,113.655,85.329,37.507
63.561,115.947,87.217,38.337
63.318,116.190,87.217,38.337
65.015,117.887,87.217,38.337
64.288,118.614,87.217,38.337
65.015,120.311,87.217,38.337
64.288,120.068,87.217,38.337
65.985,121.281,87.217,38.337
66.712,122.493,87.217,38.337
65.015,123.220,87.217,38.337
66.712,124.432,87.217,38.337
64.530,124.190,87.217,38.337
66.712,125.402,87.217,38.337
64.530,126.614,87.217,38.337
65.743,127.341,87.217,38.337
64.530,128.069,87.217,38.337
64.773,128.796,87.217,38.337
64.046,130.008,87.217,38.337
65.743,130.250,87.217,38.337
63.561,130.978,87.217,38.337
64.288,132.675,87.217,38.337
64.530,133.887,87.217,38.337
62.833,134.614,87.217,38.337
64.530,135.341,87.217,38.337
66.712,137.038,87.217,38.337
68.409,137.766,87.217,38.337
71.076,138.493,87.217,38.337
72.773,140.190,87.217,38.337
74.955,139.948,87.217,38.337
76.652,141.645,87.217,38.337
77.864,142.372,87.217,38.337
80.046,143.584,87.217,38.337
84.167,144.796,87.217,38.337
87.319,145.523,87.217,38.337
92.409,147.220,87.217,38.337
94.591,148.432,87.217,38.337
98.713,149.160,87.217,38.337
100.011,150.999,89.147,39.186
104.224,151.247,89.147,39.186
108.436,152.982,89.147,39.186
112.153,154.221,89.147,39.186
116.861,154.468,89.147,39.186
120.578,155.707,89.147,39.186
124.790,155.955,89.147,39.186
129.003,157.194,89.147,39.186
131.729,157.937,89.147,39.186
134.950,158.681,89.147,39.186
136.277,159.533,91.119,40.052
138.685,159.878,93.135,40.939
144.122,160.655,93.135,40.939
148.005,161.949,93.135,40.939
152.406,162.726,93.135,40.939
156.807,161.949,93.135,40.939
161.726,163.761,93.135,40.939
165.609,162.467,93.135,40.939
169.492,163.761,93.135,40.939
174.410,165.056,93.135,40.939
177.258,164.797,93.135,40.939
182.177,165.573,93.135,40.939
185.542,166.868,93.135,40.939
188.908,167.644,93.135,40.939
192.273,166.868,93.135,40.939
195.638,169.715,93.135,40.939
199.522,169.974,93.135,40.939
204.440,171.269,93.135,40.939
205.735,172.045,93.135,40.939
208.582,171.269,93.135,40.939
210.394,174.116,93.135,40.939
211.689,171.786,93.135,40.939
214.536,174.634,93.135,40.939
212.206,175.411,93.135,40.939
215.054,175.669,93.135,40.939
217.384,177.482,93.135,40.939
218.161,178.258,93.135,40.939
216.866,179.035,93.135,40.939
214.536,179.811,93.135,40.939
211.689,181.106,93.135,40.939
210.390,180.384,95.196,41.844
209.067,182.237,95.196,41.844
207.744,181.972,95.196,41.844
208.008,182.237,95.196,41.844
206.156,185.147,95.196,41.844
206.421,184.353,95.196,41.844
206.156,186.735,95.196,41.844
203.246,185.941,95.196,41.844
204.039,188.323,95.196,41.844
201.065,186.487,97.302,42.770
201.335,189.462,97.302,42.770
202.146,190.273,97.302,42.770
198.630,192.708,97.302,42.770
198.957,191.393,99.455,43.717
194.702,192.343,101.656,44.684
195.550,190.930,101.656,44.684
193.007,192.343,101.656,44.684
191.029,192.060,101.656,44.684
188.486,192.908,101.656,44.684
188.203,192.060,101.656,44.684
189.616,190.648,101.656,44.684
187.073,190.930,101.656,44.684
183.399,191.213,101.656,44.684
182.552,189.235,101.656,44.684
183.399,187.822,101.656,44.684
180.291,188.670,101.656,44.684
178.879,186.127,101.656,44.684
179.161,184.714,101.656,44.684
180.009,183.301,101.656,44.684
180.291,181.888,101.656,44.684
174.923,179.910,101.656,44.684
175.205,178.498,101.656,44.684
173.792,177.085,101.656,44.684
172.945,176.237,101.656,44.684
172.662,174.259,101.656,44.684
172.380,172.846,101.656,44.684
170.402,170.869,101.656,44.684
170.119,168.891,101.656,44.684
168.141,168.608,101.656,44.684
167.859,166.065,101.656,44.684
165.881,165.217,101.656,44.684
165.033,163.239,101.656,44.684
165.881,162.392,101.656,44.684
162.208,162.674,101.656,44.684
161.360,160.131,101.656,44.684
161.642,159.284,101.656,44.684
159.099,157.306,101.656,44.684
159.947,157.588,101.656,44.684
159.099,157.306,101.656,44.684
157.121,154.763,101.656,44.684
156.839,156.175,101.656,44.684
153.731,153.632,101.656,44.684
148.362,152.785,101.656,44.684
149.775,151.372,101.656,44.684
148.927,148.829,101.656,44.684
146.384,151.937,101.656,44.684
143.794,148.804,103.905,45.672
142.350,150.248,103.905,45.672
142.639,147.072,103.905,45.672
145.816,145.627,103.905,45.672
140.328,147.072,103.905,45.672
133.108,145.627,103.905,45.672
132.241,145.339,103.905,45.672
131.953,143.317,103.905,45.672
129.353,145.339,103.905,45.672
121.275,144.434,101.689,44.698
119.862,144.151,101.689,44.698
119.014,144.999,101.689,44.698
118.166,143.021,101.689,44.698
117.883,145.564,101.689,44.698
117.035,143.586,101.689,44.698
115.622,143.303,101.689,44.698
115.339,141.890,101.689,44.698
114.491,143.303,101.689,44.698
114.209,141.325,101.689,44.698
112.230,142.738,101.689,44.698
113.078,141.325,101.689,44.698
114.491,142.173,101.689,44.698
107.990,139.629,101.689,44.698
105.447,141.042,101.689,44.698
104.033,140.194,101.689,44.698
101.489,139.911,101.689,44.698
100.641,139.629,101.689,44.698
98.663,139.911,101.689,44.698
95.554,140.759,101.689,44.698
94.706,139.346,101.689,44.698
91.597,140.759,101.689,44.698
91.879,139.911,101.689,44.698
89.901,141.325,101.689,44.698
89.618,139.911,101.689,44.698
92.727,140.759,101.689,44.698
92.445,141.607,101.689,44.698
91.597,139.063,101.689,44.698
95.271,141.042,101.689,44.698
97.250,138.498,101.689,44.698
103.185,136.520,101.689,44.698
106.294,137.368,101.689,44.698
108.838,134.258,101.689,44.698
113.078,133.976,101.689,44.698
117.318,133.128,101.689,44.698
121.558,132.280,101.689,44.698
125.232,129.736,101.689,44.698
128.907,128.323,101.689,44.698
132.016,126.909,101.689,44.698
134.560,126.061,101.689,44.698
138.234,125.779,101.689,44.698
140.213,124.366,101.689,44.698
146.148,123.518,101.689,44.698
146.431,124.366,101.689,44.698
152.932,122.952,101.689,44.698
154.911,124.366,101.689,44.698
156.889,122.387,101.689,44.698
162.259,121.539,101.689,44.698
164.803,121.822,101.689,44.698
167.347,120.408,101.689,44.698
170.456,119.560,101.689,44.698
173.566,118.712,101.689,44.698
174.979,119.560,101.689,44.698
175.827,118.712,101.689,44.698
175.544,120.126,101.689,44.698
177.523,121.539,101.689,44.698
179.501,119.560,101.689,44.698
178.653,122.104,101.689,44.698
177.805,121.822,101.689,44.698
175.261,123.800,101.689,44.698
171.587,125.213,101.689,44.698
171.870,126.061,101.689,44.698
167.065,128.605,101.689,44.698
165.086,129.453,101.689,44.698
164.803,131.997,101.689,44.698
159.433,134.541,101.689,44.698
160.846,134.824,101.689,44.698
154.910,137.933,101.689,44.698
153.497,139.346,101.689,44.698
147.562,142.455,101.689,44.698
147.279,143.303,101.689,44.698
142.474,144.716,101.689,44.698
141.626,147.260,101.689,44.698
140.213,145.282,101.689,44.698
137.669,147.826,101.689,44.698
136.255,146.978,101.689,44.698
135.973,146.130,101.689,44.698
132.298,145.282,101.689,44.698
130.320,143.303,101.689,44.698
130.037,143.021,101.689,44.698
124.667,141.042,101.689,44.698
123.819,140.194,101.689,44.698
121.275,137.650,101.689,44.698
119.862,136.802,101.689,44.698
119.014,135.389,101.689,44.698
113.078,133.410,101.689,44.698
112.795,131.432,101.689,44.698
111.382,130.584,101.689,44.698
109.404,128.605,101.689,44.698
108.556,127.757,101.689,44.698
106.012,128.040,101.689,44.698
104.033,127.757,101.689,44.698
102.620,127.475,101.689,44.698
102.903,127.757,101.689,44.698
102.620,128.040,101.689,44.698
104.033,129.453,101.689,44.698
104.316,128.040,101.689,44.698
105.164,130.019,101.689,44.698
107.142,128.605,101.689,44.698
107.990,127.757,101.689,44.698
109.969,128.605,101.689,44.698
113.078,127.192,101.689,44.698
115.057,126.344,101.689,44.698
117.600,126.061,101.689,44.698
122.406,126.344,101.689,44.698
125.515,123.800,101.689,44.698
129.754,122.952,101.689,44.698
132.864,122.670,101.689,44.698
134.378,120.709,103.939,45.687
137.556,118.686,103.939,45.687
140.156,117.820,103.939,45.687
143.334,114.642,103.939,45.687
146.512,112.042,103.939,45.687
148.534,110.597,103.939,45.687
150.557,106.841,103.939,45.687
152.001,105.397,103.939,45.687
153.446,103.374,103.939,45.687
154.890,102.508,103.939,45.687
154.024,103.952,103.939,45.687
153.157,104.819,103.939,45.687
152.868,105.686,103.939,45.687
154.312,107.130,103.939,45.687
155.179,107.419,103.939,45.687
155.468,107.708,103.939,45.687
157.490,109.730,103.939,45.687
158.357,109.442,103.939,45.687
158.068,111.464,103.939,45.687
156.624,110.597,103.939,45.687
158.646,112.042,103.939,45.687
159.513,113.486,103.939,45.687
161.535,112.042,103.939,45.687
164.713,115.220,103.939,45.687
161.535,113.775,103.939,45.687
164.135,116.953,103.939,45.687
159.802,118.975,103.939,45.687
159.513,117.531,103.939,45.687
159.224,118.975,103.939,45.687
161.246,118.109,103.939,45.687
158.646,120.131,103.939,45.687
161.824,118.686,103.939,45.687
164.424,119.553,103.939,45.687
165.869,120.420,103.939,45.687
169.047,118.975,103.939,45.687
161.246,121.576,103.939,45.687
163.269,120.131,103.939,45.687
164.135,122.153,103.939,45.687
166.158,121.287,103.939,45.687
167.024,119.842,103.939,45.687
168.469,123.020,103.939,45.687
168.758,120.998,103.939,45.687
168.469,123.020,103.939,45.687
169.913,121.576,103.939,45.687
168.469,122.442,103.939,45.687
168.758,122.153,103.939,45.687
166.158,123.598,103.939,45.687
164.135,123.309,103.939,45.687
163.269,121.864,103.939,45.687
158.935,125.042,103.939,45.687
159.802,123.020,103.939,45.687
154.890,125.620,103.939,45.687
152.868,124.753,103.939,45.687
150.268,125.620,103.939,45.687
147.668,126.487,103.939,45.687
147.957,124.465,103.939,45.687
145.356,126.487,103.939,45.687
143.334,125.042,103.939,45.687
141.312,126.487,103.939,45.687
144.369,125.582,101.722,44.713
139.563,125.299,101.722,44.713
143.645,124.958,99.553,43.760
139.494,123.575,99.553,43.760
134.237,126.618,99.553,43.760
131.193,125.788,99.553,43.760
128.702,124.958,99.553,43.760
125.105,127.449,99.553,43.760
125.382,127.172,99.553,43.760
122.338,129.109,99.553,43.760
122.615,127.172,99.553,43.760
117.911,128.555,99.553,43.760
113.206,129.939,99.553,43.760
115.143,127.449,99.553,43.760
110.439,129.939,99.553,43.760
109.609,127.449,99.553,43.760
107.672,129.939,99.553,43.760
102.968,129.662,99.553,43.760
100.478,128.279,99.553,43.760
96.880,131.323,99.553,43.760
93.283,129.386,99.553,43.760
95.220,131.323,99.553,43.760
89.962,130.492,99.553,43.760
88.025,131.323,99.553,43.760
83.321,131.046,99.553,43.760
84.705,129.662,99.553,43.760
80.001,131.599,99.553,43.760
75.296,131.876,99.553,43.760
75.573,132.153,99.553,43.760
71.422,132.429,99.553,43.760
71.699,131.046,99.553,43.760
66.442,132.983,99.553,43.760
63.951,131.046,99.553,43.760
60.907,132.983,99.553,43.760
55.096,133.813,99.553,43.760
55.373,132.429,99.553,43.760
52.329,134.366,99.553,43.760
50.392,133.536,99.553,43.760
47.902,134.366,99.553,43.760
44.304,134.643,99.553,43.760
41.814,132.153,99.553,43.760
39.324,135.197,99.553,43.760
36.833,133.813,99.553,43.760
35.450,134.090,99.553,43.760
34.066,133.813,99.553,43.760
31.576,132.983,99.553,43.760
29.639,133.813,99.553,43.760
27.702,132.983,99.553,43.760
24.658,133.813,99.553,43.760
24.934,131.876,99.553,43.760
20.784,132.153,99.553,43.760
18.847,130.216,99.553,43.760
15.803,131.046,99.553,43.760
14.419,129.662,99.553,43.760
12.482,128.279,99.553,43.760
11.099,129.109,99.553,43.760
7.501,127.172,99.553,43.760
5.564,126.342,99.553,43.760
4.181,125.512,99.553,43.760
5.564,123.021,99.553,43.760
6.948,121.638,99.553,43.760
7.225,119.701,99.553,43.760
9.162,117.210,99.553,43.760
10.545,116.380,99.553,43.760
11.929,114.996,99.553,43.760
13.312,112.506,99.553,43.760
14.696,111.676,99.553,43.760
16.633,109.739,99.553,43.760
19.123,107.248,99.553,43.760
15.526,108.632,99.553,43.760
17.463,106.142,99.553,43.760
19.954,107.525,99.553,43.760
16.356,108.909,99.553,43.760
18.293,106.418,99.553,43.760
19.677,108.355,99.553,43.760
21.060,106.972,99.553,43.760
19.677,108.909,99.553,43.760
21.060,109.185,99.553,43.760
20.230,109.462,99.553,43.760
22.167,111.953,99.553,43.760
22.997,110.569,99.553,43.760
23.274,113.613,99.553,43.760
24.658,115.550,99.553,43.760
26.041,115.273,99.553,43.760
26.871,117.210,99.553,43.760
23.274,115.827,99.553,43.760
26.318,117.210,99.553,43.760
28.255,116.933,99.553,43.760
29.085,117.210,99.553,43.760
27.123,118.736,101.756,44.728
29.102,119.019,101.756,44.728
31.082,121.564,101.756,44.728
31.365,120.716,101.756,44.728
32.779,123.827,101.756,44.728
32.496,124.675,101.756,44.728
33.911,126.089,101.756,44.728
34.759,127.504,101.756,44.728
36.173,129.484,101.756,44.728
36.456,130.332,101.756,44.728
37.870,130.615,101.756,44.728
36.456,132.595,101.756,44.728
38.436,133.443,101.756,44.728
39.850,134.857,101.756,44.728
41.830,135.706,101.756,44.728
43.810,137.120,101.756,44.728
44.658,138.534,101.756,44.728
45.507,138.817,101.756,44.728
48.053,139.100,101.756,44.728
48.901,141.080,101.756,44.728
50.881,141.363,101.756,44.728
53.426,141.080,101.756,44.728
55.972,142.494,101.756,44.728
57.386,141.080,101.756,44.728
62.560,141.829,99.586,43.774
62.284,140.999,99.586,43.774
59.792,144.597,99.586,43.774
58.962,147.642,99.586,43.774
60.290,145.174,97.462,42.840
63.157,147.459,95.383,41.927
62.892,149.845,95.383,41.927
67.231,151.570,93.349,41.033
70.086,153.905,93.349,41.033
73.978,155.202,93.349,41.033
76.832,157.538,93.349,41.033
76.053,157.278,93.349,41.033
67.491,156.500,93.349,41.033
72.421,157.278,93.349,41.033
70.086,156.500,93.349,41.033
77.610,158.835,93.349,41.033
82.021,160.132,93.349,41.033
87.180,162.640,95.415,41.941
98.584,162.905,95.415,41.941
105.215,163.700,95.415,41.941
109.193,163.966,95.415,41.941
95.137,159.987,95.415,41.941
94.871,159.722,95.415,41.941
105.215,157.335,95.415,41.941
115.028,159.192,95.415,41.941
124.840,159.987,95.415,41.941
135.184,161.313,95.415,41.941
137.155,163.876,97.526,42.869
142.305,161.437,97.526,42.869
151.251,163.334,97.526,42.869
160.578,167.079,99.684,43.817
179.142,169.572,99.684,43.817
189.394,168.741,99.684,43.817
220.776,178.893,101.889,44.786
226.994,175.753,104.143,45.777
231.336,174.305,104.143,45.777
225.679,171.096,106.448,46.790
227.750,167.841,106.448,46.790
232.188,164.587,106.448,46.790
236.627,160.740,106.448,46.790
232.780,165.178,106.448,46.790
231.301,161.332,106.448,46.790
224.905,165.419,108.803,47.825
217.739,168.341,111.210,48.884
222.376,173.596,111.210,48.884
224.032,169.528,113.670,49.965
225.069,171.270,116.185,51.071
227.242,154.694,113.708,49.981
230.719,151.217,113.708,49.981
233.454,148.399,111.283,48.916
234.939,145.641,108.910,47.872
229.187,140.495,108.910,47.872
226.463,137.771,108.910,47.872
214.894,139.440,111.319,48.932
127.949,143.072,113.782,50.014
116.247,139.593,113.782,50.014
122.888,138.011,113.782,50.014
131.428,135.798,113.782,50.014
139.334,138.011,113.782,50.014
147.873,134.532,113.782,50.014
160.208,134.849,113.782,50.014
169.380,133.267,113.782,50.014
179.816,134.849,113.782,50.014
204.169,139.593,113.782,50.014
208.280,136.746,113.782,50.014
212.392,139.593,113.782,50.014
212.708,136.114,113.782,50.014
214.289,137.063,113.782,50.014
211.443,133.584,113.782,50.014
216.187,135.798,113.782,50.014
219.033,136.746,113.782,50.014
222.512,135.165,113.782,50.014
227.079,136.003,111.356,48.948
229.758,133.243,108.981,47.904
234.302,134.152,108.981,47.904
183.108,130.820,108.981,47.904
184.102,131.861,111.392,48.964
187.688,130.356,113.857,50.047
194.334,128.141,113.857,50.047
199.082,127.191,113.857,50.047
203.829,128.141,113.857,50.047
208.576,126.558,113.857,50.047
211.424,127.508,113.857,50.047
216.804,125.292,113.857,50.047
221.551,124.343,113.857,50.047
224.290,122.741,111.429,48.980
229.956,122.965,109.053,47.935
227.835,123.875,109.053,47.935
226.319,121.146,109.053,47.935
230.260,120.237,109.053,47.935
227.531,122.965,109.053,47.935
224.197,123.268,109.053,47.935
228.138,124.178,109.053,47.935
231.472,121.450,109.053,47.935
235.849,120.500,106.727,46.913
233.179,117.830,106.727,46.913
235.174,119.760,104.451,45.913
237.207,117.147,104.451,45.913
234.594,117.437,104.451,45.913
235.465,117.147,104.451,45.913
239.097,116.797,102.224,44.933
234.723,117.184,104.485,45.928
232.061,115.170,106.797,46.944
232.420,114.342,109.160,47.982
228.379,115.386,111.575,49.044
230.550,113.215,111.575,49.044
228.379,112.284,111.575,49.044
229.309,113.835,111.575,49.044
228.379,111.664,111.575,49.044
229.309,113.215,111.575,49.044
231.993,111.645,109.196,47.998
231.695,111.279,106.867,46.975
231.992,110.982,106.867,46.975
233.477,110.685,106.867,46.975
233.774,109.794,106.867,46.975
237.491,110.009,104.588,45.973
233.016,110.405,106.902,46.990
235.096,109.513,106.902,46.990
231.755,107.452,109.267,48.030
146.413,164.585,111.685,49.092
161.625,162.412,111.685,49.092
178.078,160.860,111.685,49.092
201.360,162.412,111.685,49.092
217.814,163.964,111.685,49.092
230.541,161.170,111.685,49.092
239.213,161.993,109.303,48.045
236.478,158.651,109.303,48.045
233.744,163.208,109.303,48.045
231.010,102.141,109.303,48.045
228.275,99.407,109.303,48.045
231.010,100.318,109.303,48.045
229.491,98.192,109.303,48.045
232.225,99.103,109.303,48.045
229.491,99.407,109.303,48.045
231.617,100.318,109.303,48.045
231.314,98.799,109.303,48.045
235.115,100.776,106.972,47.021
233.628,99.289,106.972,47.021
236.201,101.797,104.691,46.018
234.164,100.924,104.691,46.018
236.201,100.051,104.691,46.018
235.328,101.506,104.691,46.018
236.201,100.051,104.691,46.018
234.138,99.843,107.007,47.036
232.645,101.483,109.375,48.077
231.751,98.743,111.795,49.141
228.902,101.746,114.268,50.228
139.654,108.111,116.797,51.339
124.396,109.734,116.797,51.339
125.370,108.111,116.797,51.339
128.941,107.786,116.797,51.339
132.376,107.395,114.306,50.244
136.351,107.012,111.868,49.173
136.040,107.945,111.868,49.173
131.376,107.634,111.868,49.173
126.090,106.701,111.868,49.173
120.989,108.124,109.483,48.124
112.773,105.385,109.483,48.124
108.208,106.298,109.483,48.124
104.860,104.168,109.483,48.124
106.908,104.388,107.148,47.098
101.249,102.899,107.148,47.098
79.508,105.579,107.148,47.098
75.041,104.686,107.148,47.098
71.169,104.984,107.148,47.098
74.445,103.494,107.148,47.098
86.656,103.792,107.148,47.098
104.823,101.707,107.148,47.098
120.012,100.814,107.148,47.098
132.819,101.112,107.148,47.098
146.221,97.836,107.148,47.098
160.218,98.729,107.148,47.098
174.812,96.644,107.148,47.098
182.853,97.538,107.148,47.098
188.512,95.453,107.148,47.098
192.979,94.560,107.148,47.098
198.042,94.262,107.148,47.098
203.105,91.581,107.148,47.098
208.168,93.071,107.148,47.098
212.040,90.390,107.148,47.098
220.081,88.901,107.148,47.098
222.085,87.968,104.863,46.094
227.417,86.493,102.627,45.111
223.287,83.949,100.438,44.149
226.780,84.151,98.296,43.207
237.436,81.692,98.296,43.207
244.541,81.889,96.200,42.286
246.413,77.878,96.200,42.286
242.297,74.359,98.328,43.221
165.498,96.849,100.504,44.178
165.256,98.389,102.728,45.155
171.823,96.391,102.728,45.155
182.960,94.392,102.728,45.155
192.382,92.393,102.728,45.155
195.523,94.392,102.728,45.155
198.093,94.677,102.728,45.155
201.234,93.250,102.728,45.155
203.233,94.106,102.728,45.155
199.521,93.821,102.728,45.155
196.951,92.964,102.728,45.155
194.381,94.392,102.728,45.155
196.951,93.535,102.728,45.155
197.808,92.679,102.728,45.155
196.380,92.393,102.728,45.155
197.236,93.250,102.728,45.155
195.238,94.677,102.728,45.155
196.665,92.108,102.728,45.155
194.096,94.106,102.728,45.155
194.952,92.679,102.728,45.155
192.953,92.393,102.728,45.155
191.526,94.392,102.728,45.155
193.524,92.964,102.728,45.155
194.381,92.679,102.728,45.155
191.811,91.822,102.728,45.155
191.526,92.108,102.728,45.155
191.811,92.393,102.728,45.155
188.670,92.679,102.728,45.155
185.529,92.393,102.728,45.155
182.959,93.250,102.728,45.155
180.390,92.964,102.728,45.155
177.820,92.679,102.728,45.155
174.108,92.964,102.728,45.155
170.967,93.821,102.728,45.155
166.684,93.535,102.728,45.155
162.972,94.392,102.728,45.155
159.260,96.391,102.728,45.155
160.116,96.105,102.728,45.155
152.978,96.962,102.728,45.155
148.124,96.105,102.728,45.155
142.127,97.533,102.728,45.155
134.418,98.389,102.728,45.155
128.422,98.104,102.728,45.155
122.425,101.245,102.728,45.155
115.858,100.388,102.728,45.155
109.862,101.816,102.728,45.155
101.581,103.815,102.728,45.155
95.014,103.529,102.728,45.155
87.875,104.957,102.728,45.155
77.881,107.527,102.728,45.155
73.027,105.528,102.728,45.155
67.602,108.669,102.728,45.155
65.603,108.954,102.728,45.155
64.746,110.953,102.728,45.155
65.603,110.668,102.728,45.155
67.602,110.382,102.728,45.155
69.601,111.810,102.728,45.155
69.886,111.524,102.728,45.155
71.885,111.239,102.728,45.155
72.170,112.666,102.728,45.155
75.311,111.239,102.728,45.155
76.739,111.524,102.728,45.155
77.025,111.239,102.728,45.155
79.594,112.095,102.728,45.155
82.735,110.668,102.728,45.155
80.118,112.242,105.000,46.154
82.744,112.534,105.000,46.154
85.371,112.242,105.000,46.154
85.663,114.868,105.000,46.154
88.873,112.825,105.000,46.154
90.333,114.868,105.000,46.154
91.208,114.577,105.000,46.154
94.419,114.285,105.000,46.154
94.710,116.328,105.000,46.154
99.088,115.452,105.000,46.154
97.624,117.667,107.324,47.175
100.309,116.772,107.324,47.175
102.994,118.263,107.324,47.175
104.485,116.772,107.324,47.175
107.170,118.860,107.324,47.175
110.451,116.772,107.324,47.175
114.330,118.263,107.324,47.175
118.208,116.175,107.324,47.175
119.699,117.070,107.324,47.175
121.191,115.579,107.324,47.175
122.682,117.070,107.324,47.175
126.560,114.982,107.324,47.175
129.842,115.280,107.324,47.175
134.317,114.385,107.324,47.175
142.074,115.751,105.035,46.169
148.541,116.525,102.795,45.185
150.541,111.667,102.795,45.185
154.255,108.524,102.795,45.185
157.970,109.381,102.795,45.185
148.541,105.667,102.795,45.185
147.112,102.524,102.795,45.185
139.397,99.381,102.795,45.185
140.826,101.381,102.795,45.185
143.398,99.381,102.795,45.185
150.541,101.953,102.795,45.185
156.541,98.810,102.795,45.185
162.541,95.667,102.795,45.185
169.113,95.381,102.795,45.185
172.827,95.667,102.795,45.185
97.110,114.810,102.795,45.185
100.824,115.096,102.795,45.185
102.253,112.524,102.795,45.185
105.967,112.810,102.795,45.185
102.824,111.953,102.795,45.185
95.110,111.096,102.795,45.185
90.253,112.524,102.795,45.185
87.110,111.667,102.795,45.185
84.538,111.382,102.795,45.185
81.966,112.810,102.795,45.185
79.395,110.810,102.795,45.185
75.680,112.239,102.795,45.185
73.109,111.953,102.795,45.185
72.252,110.524,102.795,45.185
73.109,109.096,102.795,45.185
70.537,110.524,102.795,45.185
72.538,109.096,102.795,45.185
69.966,110.524,102.795,45.185
71.395,109.096,102.795,45.185
68.823,110.524,102.795,45.185
71.395,108.524,102.795,45.185
69.966,110.524,102.795,45.185
68.537,108.524,102.795,45.185
67.680,109.953,102.795,45.185
65.109,109.667,102.795,45.185
68.823,108.239,102.795,45.185
68.537,109.096,102.795,45.185
73.395,107.667,102.795,45.185
69.680,106.810,102.795,45.185
70.537,108.239,102.795,45.185
60.537,110.239,102.795,45.185
54.360,108.257,105.069,46.184
49.396,109.717,105.069,46.184
46.767,110.593,105.069,46.184
44.090,110.991,107.394,47.206
44.985,108.902,107.394,47.206
49.463,107.409,107.394,47.206
46.776,109.499,107.394,47.206
35.732,110.394,107.394,47.206
31.254,108.901,107.394,47.206
31.552,108.603,107.394,47.206
30.060,110.096,107.394,47.206
29.164,108.603,107.394,47.206
28.269,110.096,107.394,47.206
29.761,108.006,107.394,47.206
30.060,108.901,107.394,47.206
29.761,108.006,107.394,47.206
30.060,108.304,107.394,47.206
29.164,109.200,107.394,47.206
30.657,107.110,107.394,47.206
29.761,108.006,107.394,47.206
30.657,107.707,107.394,47.206
30.358,108.603,107.394,47.206
28.269,110.096,107.394,47.206
30.358,108.006,107.394,47.206
30.060,107.707,107.394,47.206
29.164,109.200,107.394,47.206
31.254,107.110,107.394,47.206
32.149,108.603,107.394,47.206
31.851,107.707,107.394,47.206
33.940,108.006,107.394,47.206
31.254,107.110,107.394,47.206
33.940,106.215,107.394,47.206
31.254,108.902,107.394,47.206
34.537,106.215,107.394,47.206
31.851,108.304,107.394,47.206
29.164,109.200,107.394,47.206
31.851,108.304,107.394,47.206
27.970,110.394,107.394,47.206
30.060,108.902,107.394,47.206
27.373,109.797,107.394,47.206
24.687,110.693,107.394,47.206
27.373,110.991,107.394,47.206
24.687,109.499,107.394,47.206
26.179,110.991,107.394,47.206
23.493,110.096,107.394,47.206
22.597,111.588,107.394,47.206
24.090,110.096,107.394,47.206
20.209,112.185,107.394,47.206
19.313,110.693,107.394,47.206
20.209,112.185,107.394,47.206
17.522,112.484,107.394,47.206
18.418,110.991,107.394,47.206
16.925,113.081,107.394,47.206
16.030,110.991,107.394,47.206
18.716,112.484,107.394,47.206
15.433,113.976,107.394,47.206
18.119,111.290,107.394,47.206
20.209,113.976,107.394,47.206
23.368,111.890,105.104,46.199
24.829,113.935,105.104,46.199
26.874,113.643,105.104,46.199
26.582,115.688,105.104,46.199
28.627,114.811,105.104,46.199
27.750,116.272,105.104,46.199
29.795,117.149,105.104,46.199
32.425,116.272,105.104,46.199
30.964,117.733,105.104,46.199
34.762,115.688,105.104,46.199
37.975,116.564,105.104,46.199
35.346,117.441,105.104,46.199
39.728,115.980,105.104,46.199
41.773,118.609,105.104,46.199
39.144,117.733,105.104,46.199
42.942,117.441,105.104,46.199
42.065,119.486,105.104,46.199
45.863,116.272,105.104,46.199
47.908,119.486,105.104,46.199
46.448,118.025,105.104,46.199
49.661,118.901,105.104,46.199
52.875,118.025,105.104,46.199
53.751,118.317,105.104,46.199
56.965,119.194,105.104,46.199
54.335,118.901,105.104,46.199
58.718,118.025,105.104,46.199
59.010,118.317,105.104,46.199
64.354,117.402,102.862,45.214
62.925,118.260,102.862,45.214
66.641,116.830,102.862,45.214
67.499,119.403,102.862,45.214
68.357,116.830,102.862,45.214
70.358,119.403,102.862,45.214
68.357,118.546,102.862,45.214
72.646,118.831,102.862,45.214
71.216,119.689,102.862,45.214
74.361,118.260,102.862,45.214
76.362,119.117,102.862,45.214
73.789,119.403,102.862,45.214
78.078,119.117,102.862,45.214
78.364,119.975,102.862,45.214
80.365,119.117,102.862,45.214
82.939,119.403,102.862,45.214
84.368,121.405,102.862,45.214
84.654,121.119,102.862,45.214
86.655,120.833,102.862,45.214
88.085,122.834,102.862,45.214
88.371,123.120,102.862,45.214
93.601,122.224,100.669,44.250
92.202,123.623,100.669,44.250
95.280,123.344,100.669,44.250
97.239,123.064,100.669,44.250
99.198,122.784,100.669,44.250
100.597,124.183,100.669,44.250
103.115,123.344,100.669,44.250
103.955,124.743,100.669,44.250
105.354,126.142,100.669,44.250
103.395,126.422,100.669,44.250
108.514,125.545,98.522,43.306
110.431,125.819,98.522,43.306
112.348,126.093,98.522,43.306
114.812,126.366,98.522,43.306
111.800,127.188,98.522,43.306
114.812,126.366,98.522,43.306
117.825,124.997,98.522,43.306
114.812,128.010,98.522,43.306
121.934,126.096,96.421,42.383
127.870,125.773,94.365,41.479
