122.000,51.000,51.000,61.000
120.899,51.220,51.000,61.000
120.678,51.441,51.000,61.000
120.458,52.542,51.000,61.000
121.119,52.762,51.000,61.000
120.458,54.304,51.000,61.000
120.678,55.846,51.000,61.000
120.018,56.066,51.000,61.000
120.238,56.727,51.000,61.000
120.018,56.506,51.000,61.000
119.798,56.727,51.000,61.000
119.137,57.387,51.000,61.000
119.798,58.489,51.000,61.000
119.137,58.709,51.000,61.000
119.357,58.048,51.000,61.000
119.577,58.709,51.000,61.000
118.476,58.489,51.000,61.000
119.577,60.030,51.000,61.000
118.035,59.370,51.000,61.000
118.696,60.471,51.000,61.000
118.035,60.691,51.000,61.000
118.256,59.590,51.000,61.000
118.476,60.251,51.000,61.000
118.256,61.352,51.000,61.000
118.035,61.572,51.000,61.000
117.375,60.911,51.000,61.000
118.035,61.572,51.000,61.000
116.934,60.911,51.000,61.000
116.714,61.572,51.000,61.000
116.494,60.911,51.000,61.000
116.714,60.691,51.000,61.000
115.172,59.590,51.000,61.000
114.071,58.929,51.000,61.000
112.529,58.268,51.000,61.000
110.547,57.608,51.000,61.000
109.005,56.066,51.000,61.000
107.904,55.405,51.000,61.000
107.243,55.185,51.000,61.000
107.023,54.524,51.000,61.000
105.922,53.863,51.000,61.000
106.582,53.643,51.000,61.000
105.922,53.423,51.000,61.000
107.023,54.084,51.000,61.000
107.684,52.982,51.000,61.000
107.904,52.322,51.000,61.000
109.446,51.220,51.000,61.000
111.428,50.559,51.000,61.000
112.089,49.899,51.000,61.000
111.868,50.119,51.000,61.000
112.089,51.220,51.000,61.000
112.309,52.322,51.000,61.000
112.529,53.863,51.000,61.000
111.868,55.405,51.000,61.000
112.970,57.828,51.000,61.000
113.190,59.370,51.000,61.000
113.851,62.233,51.000,61.000
113.190,64.656,51.000,61.000
113.851,65.757,51.000,61.000
112.749,68.180,51.000,61.000
112.529,70.602,51.000,61.000
111.428,72.144,51.000,61.000
111.648,74.567,51.000,61.000
110.547,76.990,51.000,61.000
111.208,79.413,51.000,61.000
112.749,81.395,51.000,61.000
112.529,82.496,51.000,61.000
113.190,82.716,51.000,61.000
114.732,83.377,51.000,61.000
115.392,84.478,51.000,61.000
116.934,85.580,51.000,61.000
117.595,84.478,51.000,61.000
119.577,86.020,51.000,61.000
121.559,84.919,51.000,61.000
123.101,85.139,51.000,61.000
124.643,84.038,51.000,61.000
123.542,82.496,51.000,61.000
122.441,80.954,51.000,61.000
122.220,77.651,51.000,61.000
121.119,74.787,51.000,61.000
120.458,72.365,51.000,61.000
121.119,70.823,51.000,61.000
120.018,68.400,51.000,61.000
120.238,67.739,51.000,61.000
120.458,66.197,51.000,61.000
120.678,66.418,51.000,61.000
119.577,65.757,51.000,61.000
119.797,64.656,51.000,61.000
119.577,63.995,51.000,61.000
118.916,63.775,51.000,61.000
119.137,62.673,51.000,61.000
118.476,61.572,51.000,61.000
118.256,60.030,51.000,61.000
117.154,58.929,51.000,61.000
115.613,57.387,51.000,61.000
113.630,56.286,51.000,61.000
112.089,55.185,51.000,61.000
110.547,54.084,51.000,61.000
108.565,52.982,51.000,61.000
107.023,52.321,51.000,61.000
105.922,52.542,51.000,61.000
104.820,51.440,51.000,61.000
103.719,52.542,51.000,61.000
103.499,51.440,51.000,61.000
103.719,52.101,51.000,61.000
102.177,51.881,51.000,61.000
102.838,51.220,51.000,61.000
101.296,51.440,51.000,61.000
102.838,51.661,51.000,61.000
102.177,51.000,51.000,61.000
103.719,51.661,51.000,61.000
103.058,51.881,51.000,61.000
104.600,52.542,51.000,61.000
104.820,52.762,51.000,61.000
105.481,53.863,51.000,61.000
106.582,54.965,51.000,61.000
106.362,56.066,51.000,61.000
108.344,57.608,51.000,61.000
109.005,58.268,51.000,61.000
109.666,60.691,51.000,61.000
109.005,60.911,51.000,61.000
109.666,62.453,51.000,61.000
109.005,63.995,51.000,61.000
109.666,63.334,51.000,61.000
109.005,65.316,51.000,61.000
110.987,65.537,51.000,61.000
111.208,65.757,51.000,61.000
111.868,66.418,51.000,61.000
111.208,67.519,51.000,61.000
111.428,65.977,51.000,61.000
111.208,65.757,51.000,61.000
110.987,65.096,51.000,61.000
110.327,64.876,51.000,61.000
110.987,64.656,51.000,61.000
110.327,63.995,51.000,61.000
110.987,65.537,51.000,61.000
110.767,64.435,51.000,61.000
110.547,65.977,51.000,61.000
109.886,65.316,51.000,61.000
109.666,65.977,51.000,61.000
108.565,64.876,51.000,61.000
107.463,64.656,51.000,61.000
108.124,63.554,51.000,61.000
106.142,63.334,51.000,61.000
104.600,63.554,51.000,61.000
102.618,61.572,51.000,61.000
101.076,62.673,51.000,61.000
100.856,62.013,51.000,61.000
100.636,63.114,51.000,61.000
100.415,62.894,51.000,61.000
101.517,61.792,51.000,61.000
100.415,62.894,51.000,61.000
102.398,62.673,51.000,61.000
102.618,63.334,51.000,61.000
101.957,64.876,51.000,61.000
103.058,64.215,51.000,61.000
103.279,65.757,51.000,61.000
104.380,65.537,51.000,61.000
104.600,65.757,51.000,61.000
103.939,65.977,51.000,61.000
104.600,66.197,51.000,61.000
104.380,65.977,51.000,61.000
105.481,65.316,51.000,61.000
105.261,65.977,51.000,61.000
105.041,65.316,51.000,61.000
104.820,65.537,51.000,61.000
105.041,64.876,51.000,61.000
105.261,64.656,51.000,61.000
105.922,64.435,51.000,61.000
105.261,65.537,51.000,61.000
105.481,64.435,51.000,61.000
105.261,65.537,51.000,61.000
105.041,64.435,51.000,61.000
104.380,64.656,51.000,61.000
104.160,63.995,51.000,61.000
103.939,63.775,51.000,61.000
103.279,63.114,51.000,61.000
103.058,62.894,51.000,61.000
102.398,62.673,51.000,61.000
102.618,62.013,51.000,61.000
101.517,62.233,51.000,61.000
101.296,62.453,51.000,61.000
101.957,62.673,51.000,61.000
101.296,61.572,51.000,61.000
101.517,61.792,51.000,61.000
100.856,62.453,51.000,61.000
101.517,63.114,51.000,61.000
100.856,62.894,51.000,61.000
101.517,63.114,51.000,61.000
100.856,62.894,51.000,61.000
101.517,63.114,51.000,61.000
101.296,62.894,51.000,61.000
102.398,63.114,51.000,61.000
103.058,62.894,51.000,61.000
102.398,62.673,51.000,61.000
103.499,62.894,51.000,61.000
104.600,63.114,51.000,61.000
103.058,64.215,51.000,61.000
104.600,64.876,51.000,61.000
103.939,64.656,51.000,61.000
105.041,64.876,51.000,61.000
105.261,65.537,51.000,61.000
105.922,65.757,51.000,61.000
105.261,66.858,51.000,61.000
106.362,67.519,51.000,61.000
106.582,67.299,51.000,61.000
105.481,68.840,51.000,61.000
107.023,68.620,51.000,61.000
105.481,69.281,51.000,61.000
106.582,69.942,51.000,61.000
104.600,70.602,51.000,61.000
105.261,69.501,51.000,61.000
105.922,70.162,51.000,61.000
103.939,71.263,51.000,61.000
105.041,71.043,51.000,61.000
104.098,71.906,49.912,59.699
105.607,70.397,49.912,59.699
103.667,71.475,49.912,59.699
105.176,70.828,49.912,59.699
103.667,71.043,49.912,59.699
104.745,69.966,49.912,59.699
102.805,70.612,49.912,59.699
104.314,70.828,49.912,59.699
102.374,69.750,49.912,59.699
103.883,68.241,49.912,59.699
101.943,69.750,49.912,59.699
101.296,68.241,49.912,59.699
102.374,68.888,49.912,59.699
100.434,68.241,49.912,59.699
101.512,68.888,49.912,59.699
100.003,67.379,49.912,59.699
100.649,68.457,49.912,59.699
98.709,68.672,49.912,59.699
100.649,67.163,49.912,59.699
100.003,68.672,49.912,59.699
101.512,68.026,49.912,59.699
102.252,70.117,48.848,58.426
101.197,71.171,48.848,58.426
101.830,70.960,48.848,58.426
99.931,71.593,48.848,58.426
100.564,72.226,48.848,58.426
101.619,71.171,48.848,58.426
99.298,71.804,48.848,58.426
101.197,70.328,48.848,58.426
100.564,71.382,48.848,58.426
102.041,70.749,48.848,58.426
100.986,71.804,48.848,58.426
102.041,69.906,48.848,58.426
101.830,70.960,48.848,58.426
101.197,71.171,48.848,58.426
102.252,71.382,48.848,58.426
101.197,72.015,48.848,58.426
101.408,70.117,48.848,58.426
100.775,69.906,48.848,58.426
99.298,67.585,48.848,58.426
100.353,65.686,48.848,58.426
99.298,65.054,48.848,58.426
99.931,62.311,48.848,58.426
98.876,60.834,48.848,58.426
99.509,58.514,48.848,58.426
100.564,57.037,48.848,58.426
99.509,55.139,48.848,58.426
100.142,53.240,48.848,58.426
99.087,51.341,48.848,58.426
100.142,49.443,48.848,58.426
99.509,47.544,48.848,58.426
100.564,45.645,48.848,58.426
99.931,44.591,48.848,58.426
99.720,42.692,48.848,58.426
100.444,41.892,47.806,57.180
101.551,40.312,46.787,55.961
101.349,40.514,46.787,55.961
101.551,40.312,46.787,55.961
102.157,40.918,46.787,55.961
102.359,40.716,46.787,55.961
103.774,41.727,46.787,55.961
104.784,43.141,46.787,55.961
105.390,44.960,46.787,55.961
105.592,46.374,46.787,55.961
106.602,48.193,46.787,55.961
107.613,50.011,46.787,55.961
108.623,51.425,46.787,55.961
109.633,52.840,46.787,55.961
110.644,52.638,46.787,55.961
111.250,53.648,46.787,55.961
111.452,54.254,46.787,55.961
112.462,55.265,46.787,55.961
112.260,55.871,46.787,55.961
112.462,55.669,46.787,55.961
113.068,56.275,46.787,55.961
114.079,57.689,46.787,55.961
114.685,57.891,46.787,55.961
114.887,59.306,46.787,55.961
116.301,61.124,46.787,55.961
116.099,62.539,46.787,55.961
117.918,63.145,46.787,55.961
118.120,65.367,46.787,55.961
117.109,67.186,46.787,55.961
117.716,68.600,46.787,55.961
118.322,69.206,46.787,55.961
116.907,71.429,46.787,55.961
117.918,73.652,46.787,55.961
116.099,74.258,46.787,55.961
117.109,76.481,46.787,55.961
114.483,77.895,46.787,55.961
115.089,77.693,46.787,55.961
114.483,78.299,46.787,55.961
113.472,78.905,46.787,55.961
112.866,78.703,46.787,55.961
113.877,78.905,46.787,55.961
112.866,79.107,46.787,55.961
112.978,78.279,47.822,57.199
111.945,78.898,47.822,57.199
111.325,77.865,47.822,57.199
110.293,77.659,47.822,57.199
109.673,76.626,47.822,57.199
109.467,75.594,47.822,57.199
107.866,74.318,48.880,58.464
106.230,73.452,49.962,59.758
105.152,73.237,49.962,59.758
104.504,72.589,49.962,59.758
102.994,72.373,49.962,59.758
101.052,72.158,49.962,59.758
99.542,71.079,49.962,59.758
97.600,70.432,49.962,59.758
96.089,69.784,49.962,59.758
95.010,68.274,49.962,59.758
93.500,68.058,49.962,59.758
92.421,66.979,49.962,59.758
90.911,66.764,49.962,59.758
89.401,65.685,49.962,59.758
88.322,65.037,49.962,59.758
87.545,65.048,51.067,61.080
85.119,64.827,51.067,61.080
84.458,63.725,51.067,61.080
83.796,63.945,51.067,61.080
81.811,63.284,51.067,61.080
80.267,63.504,51.067,61.080
79.165,63.284,51.067,61.080
77.621,64.386,51.067,61.080
75.636,63.725,51.067,61.080
74.092,63.063,51.067,61.080
73.430,64.166,51.067,61.080
72.769,63.945,51.067,61.080
70.784,62.842,51.067,61.080
69.681,63.504,51.067,61.080
68.137,62.401,51.067,61.080
67.917,63.945,51.067,61.080
66.666,63.498,52.197,62.431
65.854,63.042,53.352,63.813
62.859,62.350,53.352,63.813
62.030,62.362,54.532,65.225
60.381,61.655,54.532,65.225
57.791,62.362,54.532,65.225
57.432,62.862,55.739,66.668
55.474,61.484,54.550,65.246
55.238,63.133,54.550,65.246
53.589,60.542,54.550,65.246
54.767,61.720,54.550,65.246
52.647,60.071,54.550,65.246
53.825,60.778,54.550,65.246
54.060,60.071,54.550,65.246
54.296,59.835,54.550,65.246
52.647,60.071,54.550,65.246
54.296,57.951,54.550,65.246
55.559,56.149,53.387,63.855
57.173,54.996,53.387,63.855
59.248,56.149,53.387,63.855
60.862,54.074,53.387,63.855
62.014,52.921,53.387,63.855
63.695,52.490,52.248,62.493
64.904,51.199,51.134,61.160
66.008,50.537,51.134,61.160
67.113,48.549,51.134,61.160
68.658,47.004,51.134,61.160
69.321,45.899,51.134,61.160
70.867,44.354,51.134,61.160
71.529,43.249,51.134,61.160
73.075,41.704,51.134,61.160
74.621,40.158,51.134,61.160
75.725,39.495,51.134,61.160
77.271,37.950,51.134,61.160
79.258,37.287,51.134,61.160
80.804,37.066,51.134,61.160
82.350,36.404,51.134,61.160
84.779,37.066,51.134,61.160
86.325,36.404,51.134,61.160
88.754,38.391,51.134,61.160
89.858,38.170,51.134,61.160
91.846,39.716,51.134,61.160
93.392,40.379,51.134,61.160
95.379,42.366,51.134,61.160
96.483,43.912,51.134,61.160
96.704,45.016,51.134,61.160
98.250,46.562,51.134,61.160
99.796,47.666,51.134,61.160
100.016,49.212,51.134,61.160
101.121,51.199,51.134,61.160
101.783,53.187,51.134,61.160
102.004,54.733,51.134,61.160
102.666,56.279,51.134,61.160
102.446,58.708,51.134,61.160
102.225,60.253,51.134,61.160
103.329,63.566,51.134,61.160
103.108,64.670,51.134,61.160
103.329,67.541,51.134,61.160
103.550,69.528,51.134,61.160
102.887,71.516,51.134,61.160
103.991,73.945,51.134,61.160
104.212,75.932,51.134,61.160
104.875,78.362,51.134,61.160
104.212,81.232,51.134,61.160
104.433,83.662,51.134,61.160
102.887,86.091,51.134,61.160
103.550,88.961,51.134,61.160
102.446,91.832,51.134,61.160
101.783,94.261,51.134,61.160
101.562,97.132,51.134,61.160
100.900,99.561,51.134,61.160
102.887,101.107,51.134,61.160
101.341,103.536,51.134,61.160
102.446,105.082,51.134,61.160
100.900,107.953,51.134,61.160
102.004,110.382,51.134,61.160
102.225,113.253,51.134,61.160
100.972,115.097,52.265,62.513
102.552,118.031,52.265,62.513
102.326,120.514,52.265,62.513
103.455,122.997,52.265,62.513
102.174,123.944,53.422,63.896
102.866,126.482,53.422,63.896
102.174,129.020,53.422,63.896
102.866,131.096,53.422,63.896
100.790,132.711,53.422,63.896
101.943,134.326,53.422,63.896
99.198,136.253,54.604,65.310
100.377,138.375,54.604,65.310
98.726,140.497,54.604,65.310
97.547,142.148,54.604,65.310
99.198,143.327,54.604,65.310
97.076,145.449,54.604,65.310
96.840,146.628,54.604,65.310
96.132,148.279,54.604,65.310
96.368,149.930,54.604,65.310
95.661,151.109,54.604,65.310
95.897,152.288,54.604,65.310
93.774,153.939,54.604,65.310
92.123,154.646,54.604,65.310
91.416,155.354,54.604,65.310
90.237,156.061,54.604,65.310
89.530,156.297,54.604,65.310
91.180,155.589,54.604,65.310
92.359,153.467,54.604,65.310
90.237,155.118,54.604,65.310
89.058,156.768,54.604,65.310
87.407,158.419,54.604,65.310
90.473,154.410,54.604,65.310
86.936,155.118,54.604,65.310
88.586,150.637,54.604,65.310
86.464,147.572,54.604,65.310
89.530,143.563,54.604,65.310
86.936,141.912,54.604,65.310
89.058,137.903,54.604,65.310
87.407,135.309,54.604,65.310
86.558,130.428,55.812,66.755
86.317,125.848,55.812,66.755
85.112,120.786,55.812,66.755
82.461,117.171,55.812,66.755
84.094,113.181,57.047,68.232
84.230,109.104,58.309,69.742
83.324,104.413,59.599,71.285
83.581,100.038,59.599,71.285
84.791,96.312,60.917,72.862
85.054,93.944,60.917,72.862
82.686,94.207,60.917,72.862
84.469,91.490,62.265,74.474
85.276,90.146,62.265,74.474
87.158,88.801,62.265,74.474
88.502,87.457,62.265,74.474
87.696,87.726,62.265,74.474
89.137,86.187,60.937,72.886
92.032,83.819,60.937,72.886
93.348,84.608,60.937,72.886
95.716,85.398,60.937,72.886
98.085,86.187,60.937,72.886
99.401,86.450,60.937,72.886
102.296,87.240,60.937,72.886
103.611,87.503,60.937,72.886
105.454,85.661,60.937,72.886
107.822,85.924,60.937,72.886
109.138,85.661,60.937,72.886
110.454,84.345,60.937,72.886
113.387,84.868,59.638,71.332
114.674,83.581,59.638,71.332
116.477,82.293,59.638,71.332
117.765,83.066,59.638,71.332
120.083,81.778,59.638,71.332
122.401,81.005,59.638,71.332
124.204,81.263,59.638,71.332
126.007,81.005,59.638,71.332
128.840,79.717,59.638,71.332
131.158,78.945,59.638,71.332
133.476,79.717,59.638,71.332
134.764,79.460,59.638,71.332
137.597,79.717,59.638,71.332
140.467,81.223,58.366,69.810
142.231,81.475,58.366,69.810
144.069,84.406,57.121,68.322
144.315,83.666,57.121,68.322
146.042,85.886,57.121,68.322
146.782,88.106,57.121,68.322
149.056,90.499,55.903,66.865
149.419,93.772,54.711,65.439
151.597,96.974,53.544,64.043
152.836,100.555,52.403,62.678
154.486,104.059,51.285,61.341
156.527,107.061,50.191,60.033
157.689,109.582,49.121,58.753
159.235,113.275,48.073,57.500
161.949,114.488,47.048,56.273
163.821,114.109,46.045,55.073
164.120,115.655,45.063,53.899
165.483,113.514,45.063,53.899
164.120,111.373,45.063,53.899
166.261,108.843,45.063,53.899
167.234,105.924,45.063,53.899
167.818,102.616,45.063,53.899
168.013,98.918,45.063,53.899
168.596,95.610,45.063,53.899
168.791,92.690,45.063,53.899
168.986,90.550,45.063,53.899
169.180,88.409,45.063,53.899
169.375,86.268,45.063,53.899
169.959,83.349,45.063,53.899
167.818,81.598,45.063,53.899
168.791,78.678,45.063,53.899
167.429,76.538,45.063,53.899
169.570,72.840,45.063,53.899
170.484,68.407,46.060,55.091
171.420,64.702,47.079,56.310
172.797,60.915,48.121,57.556
170.927,58.214,48.121,57.556
172.797,58.421,48.121,57.556
170.756,54.550,49.185,58.830
170.118,55.188,49.185,58.830
172.455,52.001,49.185,58.830
168.844,53.488,49.185,58.830
165.658,54.126,49.185,58.830
163.746,54.763,49.185,58.830
161.409,56.250,49.185,58.830
159.498,57.737,49.185,58.830
158.011,58.799,49.185,58.830
157.373,59.861,49.185,58.830
156.311,60.923,49.185,58.830
154.400,62.410,49.185,58.830
152.913,64.322,49.185,58.830
151.001,65.809,49.185,58.830
149.514,64.746,49.185,58.830
147.177,64.959,49.185,58.830
145.690,65.596,49.185,58.830
143.779,64.534,49.185,58.830
141.442,65.596,49.185,58.830
139.530,64.109,49.185,58.830
137.619,65.596,49.185,58.830
135.282,63.684,49.185,58.830
132.946,65.171,49.185,58.830
129.096,66.945,50.274,60.131
125.839,67.596,50.274,60.131
123.885,70.419,50.274,60.131
121.301,72.231,51.386,61.462
121.080,72.009,51.386,61.462
122.633,70.456,51.386,61.462
125.074,69.346,51.386,61.462
127.071,67.793,51.386,61.462
130.400,66.683,51.386,61.462
134.173,68.237,51.386,61.462
136.614,68.015,51.386,61.462
139.055,69.124,51.386,61.462
138.389,70.234,51.386,61.462
140.387,70.456,51.386,61.462
141.496,71.565,51.386,61.462
142.162,71.344,51.386,61.462
140.608,71.565,51.386,61.462
140.830,69.568,51.386,61.462
137.945,69.346,51.386,61.462
135.948,69.568,51.386,61.462
133.951,71.122,51.386,61.462
131.954,72.231,51.386,61.462
130.400,74.672,51.386,61.462
129.291,76.226,51.386,61.462
128.952,76.697,52.523,62.822
126.457,77.831,52.523,62.822
123.962,78.965,52.523,62.822
120.560,80.553,52.523,62.822
118.064,82.141,52.523,62.822
115.836,79.799,53.685,64.211
114.213,82.349,53.685,64.211
114.909,83.972,53.685,64.211
115.141,84.667,53.685,64.211
117.227,85.363,53.685,64.211
119.314,87.450,53.685,64.211
117.691,89.073,53.685,64.211
115.604,93.014,53.685,64.211
116.763,96.955,53.685,64.211
114.677,100.433,53.685,64.211
116.300,102.983,53.685,64.211
116.909,106.843,54.873,65.632
119.006,110.789,56.087,67.084
121.186,99.404,56.087,67.084
118.304,94.390,57.328,68.568
115.085,94.638,57.328,68.568
112.362,96.866,57.328,68.568
110.629,95.133,57.328,68.568
106.655,97.714,58.596,70.086
104.884,96.448,58.596,70.086
105.643,96.701,58.596,70.086
106.909,96.954,58.596,70.086
107.668,95.689,58.596,70.086
108.427,93.918,58.596,70.086
105.643,95.183,58.596,70.086
107.975,95.199,57.347,68.591
108.112,94.697,58.615,70.109
109.884,95.456,58.615,70.109
107.337,105.231,57.365,68.613
103.621,105.975,57.365,68.613
100.896,102.754,57.365,68.613
98.666,100.524,57.365,68.613
99.409,98.790,57.365,68.613
97.394,97.850,56.142,67.150
96.182,96.153,56.142,67.150
96.424,93.971,56.142,67.150
96.667,91.304,56.142,67.150
95.939,89.606,56.142,67.150
94.727,86.939,56.142,67.150
95.939,84.757,56.142,67.150
96.667,82.090,56.142,67.150
97.879,79.908,56.142,67.150
97.637,78.211,56.142,67.150
97.879,76.514,56.142,67.150
97.637,73.362,56.142,67.150
96.424,71.180,56.142,67.150
96.667,68.513,56.142,67.150
96.909,65.845,56.142,67.150
97.152,63.663,56.142,67.150
95.939,61.966,56.142,67.150
95.212,60.269,56.142,67.150
94.485,59.057,56.142,67.150
93.272,57.359,56.142,67.150
91.575,56.147,56.142,67.150
90.363,54.935,56.142,67.150
88.181,53.722,56.142,67.150
86.484,52.510,56.142,67.150
84.511,52.058,54.945,65.718
84.869,52.530,53.773,64.317
84.172,51.369,53.773,64.317
83.011,50.207,53.773,64.317
84.172,49.511,53.773,64.317
81.617,50.207,53.773,64.317
82.779,49.511,53.773,64.317
81.617,51.136,53.773,64.317
82.314,50.904,53.773,64.317
80.689,52.530,53.773,64.317
80.921,54.620,53.773,64.317
80.224,55.781,53.773,64.317
79.063,56.942,53.773,64.317
79.673,57.917,54.963,65.740
78.486,56.730,54.963,65.740
78.249,58.867,54.963,65.740
77.536,60.528,54.963,65.740
76.824,61.715,54.963,65.740
74.492,63.204,56.179,67.194
73.279,65.388,56.179,67.194
71.581,67.571,56.179,67.194
72.309,67.814,56.179,67.194
69.640,70.483,56.179,67.194
70.368,71.211,56.179,67.194
68.184,72.909,56.179,67.194
69.397,76.063,56.179,67.194
68.670,78.246,56.179,67.194
69.883,79.945,56.179,67.194
70.611,78.732,56.179,67.194
70.853,77.033,56.179,67.194
72.066,74.850,56.179,67.194
73.279,72.181,56.179,67.194
75.463,69.997,56.179,67.194
79.587,67.814,56.179,67.194
83.712,65.145,56.179,67.194
85.859,62.136,57.422,68.681
88.091,59.904,57.422,68.681
89.257,56.829,58.692,70.201
92.045,54.548,58.692,70.201
94.326,52.267,58.692,70.201
96.608,51.506,58.692,70.201
97.875,51.760,58.692,70.201
96.963,51.246,59.991,71.754
97.222,50.987,59.991,71.754
96.963,49.692,59.991,71.754
96.186,48.396,59.991,71.754
96.445,48.137,59.991,71.754
96.186,46.842,59.991,71.754
95.408,45.546,59.991,71.754
95.667,44.769,59.991,71.754
94.372,42.955,59.991,71.754
94.762,42.971,58.711,70.224
94.508,40.689,58.711,70.224
95.776,39.929,58.711,70.224
94.001,38.154,58.711,70.224
94.255,36.886,58.711,70.224
92.987,36.632,58.711,70.224
92.391,36.648,57.459,68.726
91.150,35.407,57.459,68.726
91.398,37.144,57.459,68.726
88.669,35.407,57.459,68.726
87.428,37.144,57.459,68.726
85.691,35.407,57.459,68.726
86.065,35.423,56.234,67.260
84.365,35.180,56.234,67.260
82.665,33.965,56.234,67.260
80.965,32.751,56.234,67.260
79.265,32.023,56.234,67.260
79.022,29.351,56.234,67.260
77.322,26.680,56.234,67.260
76.107,24.980,56.234,67.260
75.379,22.308,56.234,67.260
74.165,20.608,56.234,67.260
72.657,19.219,55.035,65.826
73.370,20.882,55.035,65.826
70.281,18.268,55.035,65.826
70.518,20.407,55.035,65.826
69.330,18.743,55.035,65.826
70.518,20.882,55.035,65.826
68.855,19.219,55.035,65.826
70.994,22.784,55.035,65.826
68.855,20.645,55.035,65.826
70.994,23.735,55.035,65.826
69.805,23.497,55.035,65.826
71.944,26.587,55.035,65.826
73.133,29.677,55.035,65.826
73.846,31.816,55.035,65.826
75.510,34.905,55.035,65.826
77.173,38.471,55.035,65.826
78.362,41.560,55.035,65.826
79.550,43.224,55.035,65.826
80.739,44.413,55.035,65.826
82.402,45.601,55.035,65.826
83.115,44.888,55.035,65.826
84.304,46.552,55.035,65.826
85.967,46.789,55.035,65.826
88.107,45.601,55.035,65.826
89.770,43.937,55.035,65.826
92.385,43.224,55.035,65.826
94.049,42.511,55.035,65.826
95.712,41.798,55.035,65.826
98.327,40.134,55.035,65.826
100.466,38.946,55.035,65.826
103.080,37.282,55.035,65.826
105.219,36.094,55.035,65.826
107.358,34.905,55.035,65.826
109.973,33.242,55.035,65.826
113.063,33.004,55.035,65.826
114.251,31.340,55.035,65.826
116.866,31.578,55.035,65.826
119.480,31.340,55.035,65.826
121.144,30.152,55.035,65.826
122.808,30.390,55.035,65.826
125.422,30.152,55.035,65.826
127.561,30.390,55.035,65.826
130.176,31.103,55.035,65.826
132.315,28.964,55.035,65.826
134.454,31.103,55.035,65.826
136.593,31.816,55.035,65.826
138.257,29.201,55.035,65.826
139.445,32.291,55.035,65.826
142.059,30.152,55.035,65.826
141.346,32.291,55.035,65.826
143.961,29.677,55.035,65.826
146.151,32.898,53.861,64.422
147.314,31.735,53.861,64.422
148.477,34.759,53.861,64.422
150.106,35.922,53.861,64.422
151.269,34.294,53.861,64.422
151.966,37.318,53.861,64.422
153.130,38.946,53.861,64.422
152.897,39.179,53.861,64.422
154.990,40.807,53.861,64.422
155.688,42.435,53.861,64.422
157.317,44.529,53.861,64.422
157.549,46.622,53.861,64.422
159.643,48.251,53.861,64.422
160.340,49.879,53.861,64.422
160.108,51.042,53.861,64.422
161.271,52.670,53.861,64.422
161.969,54.764,53.861,64.422
163.132,56.857,53.861,64.422
162.899,58.485,53.861,64.422
163.597,60.114,53.861,64.422
162.434,58.020,53.861,64.422
161.271,60.114,53.861,64.422
160.108,61.742,53.861,64.422
158.480,62.440,53.861,64.422
156.386,59.416,53.861,64.422
154.758,60.114,53.861,64.422
153.130,57.555,53.861,64.422
151.501,58.253,53.861,64.422
152.664,55.694,53.861,64.422
150.571,56.857,53.861,64.422
150.338,55.229,53.861,64.422
147.780,56.392,53.861,64.422
146.616,57.090,53.861,64.422
143.127,55.927,53.861,64.422
140.103,56.625,53.861,64.422
137.080,57.788,53.861,64.422
134.056,58.485,53.861,64.422
131.962,57.788,53.861,64.422
129.403,57.555,53.861,64.422
126.845,57.788,53.861,64.422
124.286,58.951,53.861,64.422
121.262,57.788,53.861,64.422
117.308,60.812,53.861,64.422
114.284,60.114,53.861,64.422
110.795,62.207,53.861,64.422
108.236,61.509,53.861,64.422
105.212,63.603,53.861,64.422
102.653,63.835,53.861,64.422
101.025,63.603,53.861,64.422
99.397,65.696,53.861,64.422
96.838,67.325,53.861,64.422
95.210,68.488,53.861,64.422
93.407,69.464,55.053,65.848
91.072,70.956,56.271,67.305
89.857,71.199,56.271,67.305
88.641,71.928,56.271,67.305
86.940,71.685,56.271,67.305
87.669,72.900,56.271,67.305
86.454,72.171,56.271,67.305
86.697,73.872,56.271,67.305
86.940,75.573,56.271,67.305
86.211,79.218,56.271,67.305
84.328,83.264,57.516,68.794
85.073,87.487,57.516,68.794
86.812,92.206,57.516,68.794
87.557,96.429,57.516,68.794
89.296,100.155,57.516,68.794
91.035,103.384,57.516,68.794
92.774,106.613,57.516,68.794
94.512,109.842,57.516,68.794
92.277,114.562,57.516,68.794
94.512,118.785,57.516,68.794
93.270,121.517,57.516,68.794
95.009,123.752,57.516,68.794
96.251,124.498,57.516,68.794
93.519,126.733,57.516,68.794
95.754,124.001,57.516,68.794
95.009,122.759,57.516,68.794
94.761,119.033,57.516,68.794
92.028,113.817,57.516,68.794
94.761,103.633,57.516,68.794
90.041,99.410,57.516,68.794
86.584,95.595,56.289,67.327
86.828,90.976,56.289,67.327
87.071,85.385,56.289,67.327
87.314,80.766,56.289,67.327
87.071,77.119,56.289,67.327
86.341,72.500,56.289,67.327
86.239,69.235,55.089,65.891
87.904,66.618,55.089,65.891
89.179,64.798,53.914,64.486
89.412,62.703,53.914,64.486
91.973,62.004,53.914,64.486
95.000,60.840,53.914,64.486
97.561,60.141,53.914,64.486
100.123,59.909,53.914,64.486
103.150,59.210,53.914,64.486
106.642,60.374,53.914,64.486
110.135,61.073,53.914,64.486
111.765,60.840,53.914,64.486
114.326,62.470,53.914,64.486
115.956,63.634,53.914,64.486
118.051,64.332,53.914,64.486
116.421,65.497,53.914,64.486
118.983,65.264,53.914,64.486
120.612,65.031,53.914,64.486
119.448,64.332,53.914,64.486
120.612,64.100,53.914,64.486
118.517,63.867,53.914,64.486
118.284,63.168,53.914,64.486
116.189,62.935,53.914,64.486
114.559,62.703,53.914,64.486
112.929,62.935,53.914,64.486
111.765,62.237,53.914,64.486
109.203,63.867,53.914,64.486
106.176,62.703,53.914,64.486
103.615,63.867,53.914,64.486
101.054,63.168,53.914,64.486
98.493,64.332,53.914,64.486
96.863,65.497,53.914,64.486
94.767,67.127,53.914,64.486
92.672,67.825,53.914,64.486
90.576,68.058,53.914,64.486
88.946,70.153,53.914,64.486
87.142,71.614,55.107,65.912
86.286,72.120,56.326,67.371
84.905,73.646,57.573,68.861
82.668,73.894,57.573,68.861
83.321,75.970,58.846,70.385
81.542,78.257,58.846,70.385
81.796,81.053,58.846,70.385
80.017,84.357,58.846,70.385
80.779,87.661,58.846,70.385
80.017,90.964,58.846,70.385
80.779,93.252,58.846,70.385
81.033,96.555,58.846,70.385
79.763,99.859,58.846,70.385
78.675,102.324,57.591,68.884
81.447,98.983,56.363,67.415
84.611,98.253,56.363,67.415
84.855,98.983,56.363,67.415
87.046,98.253,56.363,67.415
88.263,98.983,56.363,67.415
90.940,96.306,56.363,67.415
88.491,98.667,55.161,65.977
91.588,96.523,55.161,65.977
94.702,98.375,53.985,64.570
98.199,100.007,53.985,64.570
103.561,103.504,53.985,64.570
107.059,105.602,53.985,64.570
109.157,103.504,53.985,64.570
108.318,99.645,55.179,65.999
110.463,94.641,55.179,65.999
109.271,89.636,55.179,65.999
110.463,86.538,55.179,65.999
107.841,83.917,55.179,65.999
107.126,81.772,55.179,65.999
105.935,79.151,55.179,65.999
103.314,76.530,55.179,65.999
102.122,74.385,55.179,65.999
99.977,73.193,55.179,65.999
98.309,71.049,55.179,65.999
96.641,69.380,55.179,65.999
94.973,69.142,55.179,65.999
93.305,67.474,55.179,65.999
92.113,65.806,55.179,65.999
90.922,64.614,55.179,65.999
90.207,62.946,55.179,65.999
90.922,61.755,55.179,65.999
90.683,60.087,55.179,65.999
90.922,57.465,55.179,65.999
91.280,57.021,54.003,64.592
92.447,56.787,54.003,64.592
93.613,56.554,54.003,64.592
93.379,57.254,54.003,64.592
95.478,57.487,54.003,64.592
97.111,58.187,54.003,64.592
98.277,58.886,54.003,64.592
99.910,57.720,54.003,64.592
100.609,57.487,54.003,64.592
100.842,56.787,54.003,64.592
102.475,57.021,54.003,64.592
104.108,57.254,54.003,64.592
105.274,56.088,54.003,64.592
107.839,57.254,54.003,64.592
109.005,55.621,54.003,64.592
110.171,55.855,54.003,64.592
111.337,56.554,54.003,64.592
112.504,56.787,54.003,64.592
112.148,56.799,55.198,66.021
113.817,57.991,55.198,66.021
115.962,57.276,55.198,66.021
118.108,57.991,55.198,66.021
120.253,58.229,55.198,66.021
122.398,58.467,55.198,66.021
124.544,57.752,55.198,66.021
122.398,57.991,55.198,66.021
125.497,55.845,55.198,66.021
123.352,56.560,55.198,66.021
125.974,55.845,55.198,66.021
126.689,56.560,55.198,66.021
127.881,55.368,55.198,66.021
127.166,55.607,55.198,66.021
129.311,55.845,55.198,66.021
128.596,56.084,55.198,66.021
129.788,54.415,55.198,66.021
129.073,55.607,55.198,66.021
131.218,56.322,55.198,66.021
130.503,57.037,55.198,66.021
133.160,58.890,54.020,64.613
131.993,61.456,54.020,64.613
134.593,65.968,52.868,63.235
132.082,69.849,52.868,63.235
130.940,74.187,52.868,63.235
129.342,78.982,52.868,63.235
125.204,80.888,54.038,64.634
120.974,82.352,55.234,66.064
122.644,84.976,55.234,66.064
125.268,85.692,55.234,66.064
121.212,88.793,55.234,66.064
117.879,91.774,56.456,67.526
114.472,95.834,57.705,69.020
116.715,97.080,57.705,69.020
114.472,98.326,57.705,69.020
117.213,99.572,57.705,69.020
113.214,100.618,58.982,70.547
111.940,99.344,58.982,70.547
111.176,98.071,58.982,70.547
107.865,99.344,58.982,70.547
104.553,95.014,58.982,70.547
105.827,91.193,58.982,70.547
107.100,86.354,58.982,70.547
109.902,81.004,58.982,70.547
106.082,81.769,58.982,70.547
110.412,75.401,58.982,70.547
114.233,71.070,58.982,70.547
117.544,67.759,58.982,70.547
120.855,62.919,58.982,70.547
120.091,59.608,58.982,70.547
117.799,57.315,58.982,70.547
118.563,54.004,58.982,70.547
116.270,53.749,58.982,70.547
113.978,51.966,58.982,70.547
111.685,52.221,58.982,70.547
109.393,51.966,58.982,70.547
107.100,50.692,58.982,70.547
104.808,49.419,58.982,70.547
102.006,48.145,58.982,70.547
99.204,48.400,58.982,70.547
95.383,47.636,58.982,70.547
91.562,47.381,58.982,70.547
88.251,46.617,58.982,70.547
84.940,46.362,58.982,70.547
82.138,46.107,58.982,70.547
78.826,46.872,58.982,70.547
76.754,47.378,57.724,69.042
73.514,47.628,57.724,69.042
71.270,48.874,57.724,69.042
68.281,48.889,56.493,67.570
66.086,50.597,56.493,67.570
65.042,51.553,55.288,66.129
62.893,50.836,55.288,66.129
62.177,51.075,55.288,66.129
62.996,51.550,54.109,64.719
61.997,52.015,52.955,63.339
61.900,53.793,51.826,61.988
61.676,53.569,51.826,61.988
63.307,54.014,50.721,60.666
66.155,54.233,50.721,60.666
69.003,54.890,50.721,60.666
72.288,54.671,50.721,60.666
76.450,57.081,50.721,60.666
80.612,58.614,50.721,60.666
84.336,60.585,50.721,60.666
88.060,61.242,50.721,60.666
92.221,62.338,50.721,60.666
96.433,62.348,51.843,62.008
101.135,63.916,51.843,62.008
104.941,64.140,51.843,62.008
108.747,65.259,51.843,62.008
113.052,63.876,52.990,63.380
116.484,65.478,52.990,63.380
120.832,63.876,52.990,63.380
124.723,64.105,52.990,63.380
128.613,65.249,52.990,63.380
132.503,65.020,52.990,63.380
135.936,65.249,52.990,63.380
138.453,65.936,52.990,63.380
141.428,66.165,52.990,63.380
144.861,67.502,51.860,62.028
147.357,68.379,50.754,60.706
151.067,70.506,49.672,59.411
154.284,72.173,48.612,58.144
156.594,75.322,48.612,58.144
160.163,79.311,48.612,58.144
164.572,83.300,48.612,58.144
168.125,88.169,47.576,56.904
170.385,91.251,47.576,56.904
171.824,93.922,47.576,56.904
173.673,98.237,47.576,56.904
175.522,101.319,47.576,56.904
172.266,105.292,46.561,55.691
171.019,109.956,45.568,54.503
172.396,113.695,45.568,54.503
172.593,121.370,45.568,54.503
173.577,128.258,45.568,54.503
171.218,131.684,44.596,53.341
169.484,134.958,44.596,53.341
171.218,143.625,44.596,53.341
171.795,149.596,44.596,53.341
172.373,153.640,44.596,53.341
170.081,157.247,45.583,54.521
169.781,163.383,46.592,55.727
165.958,166.804,46.592,55.727
165.757,169.420,46.592,55.727
164.751,168.011,46.592,55.727
165.279,165.933,47.622,56.960
166.719,164.082,47.622,56.960
167.747,162.231,47.622,56.960
168.364,161.203,47.622,56.960
168.570,161.409,47.622,56.960
165.269,160.565,48.676,58.220
162.332,157.958,49.753,59.509
161.558,154.848,50.854,60.825
157.122,149.846,51.979,62.171
155.102,145.581,51.979,62.171
152.633,141.315,51.979,62.171
128.069,146.450,53.129,63.547
118.662,147.597,53.129,63.547
115.220,151.039,53.129,63.547
117.285,121.440,53.129,63.547
118.432,118.458,53.129,63.547
119.580,115.016,53.129,63.547
117.973,112.492,53.129,63.547
119.580,109.968,53.129,63.547
119.350,108.362,53.129,63.547
117.744,106.297,53.129,63.547
137.247,87.712,53.129,63.547
138.394,85.188,53.129,63.547
135.411,84.958,53.129,63.547
132.888,85.188,53.129,63.547
131.281,85.417,53.129,63.547
128.299,85.647,53.129,63.547
124.857,86.335,53.129,63.547
119.270,85.394,54.305,64.952
113.876,87.036,54.305,64.952
108.951,87.270,54.305,64.952
104.964,87.036,54.305,64.952
101.446,85.863,54.305,64.952
97.928,86.567,54.305,64.952
93.472,88.208,54.305,64.952
89.304,89.579,53.146,63.567
86.110,90.035,52.013,62.212
83.190,90.709,52.013,62.212
82.966,88.688,52.013,62.212
85.902,87.835,50.904,60.885
83.044,90.254,50.904,60.885
85.917,88.572,49.818,59.587
83.551,90.939,49.818,59.587
85.057,89.002,49.818,59.587
83.120,91.369,49.818,59.587
84.626,89.433,49.818,59.587
82.260,91.369,49.818,59.587
85.072,89.309,48.756,58.316
84.171,85.262,47.716,57.072
86.438,81.759,47.716,57.072
84.762,82.964,46.699,55.855
86.577,80.745,46.699,55.855
86.103,81.535,45.703,54.664
87.542,80.786,44.728,53.498
88.507,80.207,44.728,53.498
88.314,80.786,44.728,53.498
88.605,78.936,43.774,52.358
89.550,77.991,43.774,52.358
90.199,79.096,42.841,51.241
90.014,77.801,42.841,51.241
89.829,77.246,42.841,51.241
90.821,76.187,41.927,50.148
90.278,75.282,41.927,50.148
89.735,74.377,41.927,50.148
90.278,73.471,41.927,50.148
90.201,72.784,41.033,49.079
89.670,72.253,41.033,49.079
88.429,72.075,41.033,49.079
90.746,70.378,40.158,48.032
90.572,70.899,40.158,48.032
89.011,72.113,40.158,48.032
85.148,73.920,41.047,49.095
76.817,82.252,41.047,49.095
77.349,81.366,41.047,49.095
77.957,80.351,40.171,48.048
79.865,79.484,40.171,48.048
82.815,79.310,40.171,48.048
87.152,77.749,40.171,48.048
93.007,73.438,41.060,49.111
96.048,69.399,41.969,50.198
99.533,66.023,42.897,51.308
101.942,62.188,43.846,52.443
104.403,59.347,43.846,52.443
104.901,56.999,44.816,53.604
103.802,56.607,45.808,54.790
105.553,53.743,46.821,56.002
104.826,51.236,47.857,57.241
105.446,48.962,47.857,57.241
105.239,46.689,47.857,57.241
105.446,45.242,47.857,57.241
106.479,45.035,47.857,57.241
107.099,43.588,47.857,57.241
107.719,42.968,47.857,57.241
109.166,43.175,47.857,57.241
109.373,42.968,47.857,57.241
110.819,42.348,47.857,57.241
112.266,42.142,47.857,57.241
112.886,41.935,47.857,57.241
115.160,42.142,47.857,57.241
114.540,42.348,47.857,57.241
117.226,41.728,47.857,57.241
118.260,40.695,47.857,57.241
120.120,40.488,47.857,57.241
121.567,40.281,47.857,57.241
123.427,42.142,47.857,57.241
125.287,42.762,47.857,57.241
126.734,43.795,47.857,57.241
129.007,45.242,47.857,57.241
131.281,46.689,47.857,57.241
133.141,46.482,47.857,57.241
135.001,46.689,47.857,57.241
133.554,46.482,47.857,57.241
131.694,45.862,47.857,57.241
128.806,46.730,48.916,58.507
126.060,47.363,48.916,58.507
124.158,47.152,48.916,58.507
122.257,47.786,48.916,58.507
121.201,47.575,48.916,58.507
119.722,49.476,48.916,58.507
117.821,48.420,48.916,58.507
115.745,49.307,49.998,59.802
113.802,49.091,49.998,59.802
111.859,50.170,49.998,59.802
109.484,50.818,49.998,59.802
107.108,51.898,49.998,59.802
103.869,54.705,49.998,59.802
100.631,56.648,49.998,59.802
97.392,59.023,49.998,59.802
95.448,61.399,49.998,59.802
93.505,62.910,49.998,59.802
91.130,63.558,49.998,59.802
90.050,65.501,49.998,59.802
88.970,65.717,49.998,59.802
87.891,66.365,49.998,59.802
86.379,68.308,49.998,59.802
85.300,70.683,49.998,59.802
83.626,72.038,51.105,61.125
82.523,73.583,51.105,61.125
82.302,74.245,51.105,61.125
82.523,76.231,51.105,61.125
80.537,78.218,51.105,61.125
81.199,79.763,51.105,61.125
81.861,80.866,51.105,61.125
82.523,81.970,51.105,61.125
84.068,82.190,51.105,61.125
86.054,82.853,51.105,61.125
86.716,83.073,51.105,61.125
87.820,83.735,51.105,61.125
88.923,84.397,51.105,61.125
90.027,85.060,51.105,61.125
91.130,84.839,51.105,61.125
91.793,85.060,51.105,61.125
92.013,84.839,51.105,61.125
94.000,84.177,51.105,61.125
93.779,84.397,51.105,61.125
94.882,83.294,51.105,61.125
95.986,82.190,51.105,61.125
97.089,81.087,51.105,61.125
98.193,79.101,51.105,61.125
98.414,77.556,51.105,61.125
99.076,75.128,51.105,61.125
98.414,74.024,51.105,61.125
99.517,71.597,51.105,61.125
99.296,69.169,51.105,61.125
100.841,68.065,51.105,61.125
101.062,66.962,51.105,61.125
103.490,66.300,51.105,61.125
105.476,67.403,51.105,61.125
107.463,68.507,51.105,61.125
109.890,68.286,51.105,61.125
111.877,70.714,51.105,61.125
113.863,71.376,51.105,61.125
115.408,72.921,51.105,61.125
117.394,73.142,51.105,61.125
117.615,73.804,51.105,61.125
117.394,73.142,51.105,61.125
119.381,74.245,51.105,61.125
117.670,72.424,52.235,62.477
118.347,72.650,52.235,62.477
119.475,72.875,52.235,62.477
118.347,73.552,52.235,62.477
121.731,75.131,52.235,62.477
123.310,77.161,52.235,62.477
127.145,78.740,52.235,62.477
132.334,81.222,52.235,62.477
137.607,83.573,53.391,63.860
144.294,87.032,53.391,63.860
149.136,90.029,53.391,63.860
154.439,93.027,53.391,63.860
165.276,96.486,53.391,63.860
169.196,97.177,53.391,63.860
173.116,98.330,53.391,63.860
176.113,99.944,53.391,63.860
179.111,102.020,53.391,63.860
182.108,103.634,53.391,63.860
183.722,104.786,53.391,63.860
186.259,105.478,53.391,63.860
188.795,106.170,53.391,63.860
185.337,106.862,53.391,63.860
186.951,107.092,53.391,63.860
189.026,105.939,53.391,63.860
186.028,107.092,53.391,63.860
187.642,105.939,53.391,63.860
185.106,107.092,53.391,63.860
186.720,105.478,53.391,63.860
184.645,106.170,53.391,63.860
183.031,105.478,53.391,63.860
182.339,106.170,53.391,63.860
181.186,105.939,53.391,63.860
181.878,107.092,53.391,63.860
180.725,106.401,53.391,63.860
180.494,107.092,53.391,63.860
180.264,107.323,53.391,63.860
181.878,107.553,53.391,63.860
180.725,108.245,53.391,63.860
182.339,107.092,53.391,63.860
180.725,107.784,53.391,63.860
182.339,108.476,53.391,63.860
180.725,108.706,53.391,63.860
182.800,108.015,53.391,63.860
182.108,109.167,53.391,63.860
183.722,107.553,53.391,63.860
181.647,108.706,53.391,63.860
181.417,109.398,53.391,63.860
180.725,108.706,53.391,63.860
181.417,109.398,53.391,63.860
180.264,109.168,53.391,63.860
182.800,108.015,53.391,63.860
181.647,109.168,53.391,63.860
180.494,109.398,53.391,63.860
181.186,109.168,53.391,63.860
182.339,108.937,53.391,63.860
180.725,110.090,53.391,63.860
182.800,108.476,53.391,63.860
181.647,110.090,53.391,63.860
182.339,109.398,53.391,63.860
180.725,110.551,53.391,63.860
182.800,109.398,53.391,63.860
181.186,110.551,53.391,63.860
183.261,109.398,53.391,63.860
181.647,110.090,53.391,63.860
182.339,108.937,53.391,63.860
181.186,110.090,53.391,63.860
183.261,108.937,53.391,63.860
182.108,110.090,53.391,63.860
182.339,109.398,53.391,63.860
180.725,110.090,53.391,63.860
182.339,109.398,53.391,63.860
180.725,110.551,53.391,63.860
182.800,109.859,53.391,63.860
181.647,111.012,53.391,63.860
182.339,110.782,53.391,63.860
181.186,111.473,53.391,63.860
183.723,109.859,53.391,63.860
