32.000,60.000,68.000,78.000
36.883,62.585,68.000,78.000
41.191,67.468,68.000,78.000
46.649,72.351,68.000,78.000
55.553,77.234,68.000,78.000
62.734,77.521,68.000,78.000
73.936,79.532,68.000,78.000
80.542,79.245,68.000,78.000
92.065,84.229,66.550,76.337
103.883,89.649,65.131,74.709
113.328,91.772,63.742,73.116
118.982,89.348,63.742,73.116
126.252,88.002,63.742,73.116
130.829,85.040,63.742,73.116
135.945,81.540,63.742,73.116
141.599,77.501,63.742,73.116
148.869,75.078,63.742,73.116
155.061,72.117,63.742,73.116
166.100,69.693,63.742,73.116
179.293,68.347,63.742,73.116
194.102,70.770,63.742,73.116
211.603,71.578,63.742,73.116
225.873,69.155,63.742,73.116
243.912,68.347,63.742,73.116
257.644,67.539,63.742,73.116
272.597,68.059,62.382,71.556
285.509,68.850,62.382,71.556
295.258,65.951,62.382,71.556
298.157,63.580,62.382,71.556
297.552,63.073,61.052,70.030
292.652,63.331,61.052,70.030
278.984,65.136,61.052,70.030
264.801,62.815,61.052,70.030
251.649,62.557,61.052,70.030
237.981,60.236,61.052,70.030
225.344,63.073,61.052,70.030
207.550,64.362,61.052,70.030
195.430,68.746,61.052,70.030
182.793,73.131,61.052,70.030
170.157,70.810,61.052,70.030
165.588,92.684,59.750,68.537
156.755,95.965,59.750,68.537
149.435,96.218,59.750,68.537
140.602,97.480,59.750,68.537
137.826,91.675,59.750,68.537
127.478,89.908,59.750,68.537
122.683,89.151,59.750,68.537
119.401,88.898,59.750,68.537
116.625,87.636,59.750,68.537
114.354,86.879,59.750,68.537
116.625,88.141,59.750,68.537
120.411,88.898,59.750,68.537
125.711,88.141,59.750,68.537
139.088,86.879,59.750,68.537
157.007,85.617,59.750,68.537
175.431,86.879,59.750,68.537
194.865,84.608,59.750,68.537
212.279,82.841,59.750,68.537
229.189,81.074,59.750,68.537
246.604,79.813,59.750,68.537
259.475,78.046,59.750,68.537
273.861,76.279,59.750,68.537
290.267,73.503,59.750,68.537
301.119,69.212,59.750,68.537
310.962,64.417,59.750,68.537
314.748,61.136,59.750,68.537
316.010,58.865,59.750,68.537
311.719,58.612,59.750,68.537
301.876,62.398,59.750,68.537
290.014,67.193,59.750,68.537
277.142,73.503,59.750,68.537
258.718,79.813,59.750,68.537
240.294,84.103,59.750,68.537
214.803,85.870,59.750,68.537
194.865,88.646,59.750,68.537
174.926,90.917,59.750,68.537
154.627,88.326,61.072,70.053
133.878,84.072,62.423,71.603
113.047,80.117,62.423,71.603
83.632,72.486,63.804,73.187
61.955,67.482,65.216,74.807
43.498,68.859,65.216,74.807
23.940,72.440,65.216,74.807
14.298,76.021,65.216,74.807
4.106,80.154,65.216,74.807
-1.128,80.980,65.216,74.807
-3.608,79.052,65.216,74.807
0.525,77.123,65.216,74.807
3.004,74.093,65.216,74.807
14.585,70.908,63.825,73.211
19.164,72.468,62.464,71.650
23.121,72.204,62.464,71.650
27.079,72.996,62.464,71.650
23.649,77.481,62.464,71.650
26.024,76.162,62.464,71.650
28.926,79.592,62.464,71.650
34.467,82.494,62.464,71.650
45.547,85.808,63.846,73.235
57.683,87.156,63.846,73.235
68.740,85.808,63.846,73.235
81.955,86.617,63.846,73.235
101.642,91.202,63.846,73.235
119.711,94.708,63.846,73.235
140.477,95.517,63.846,73.235
161.782,96.865,63.846,73.235
182.548,99.832,63.846,73.235
212.484,102.798,63.846,73.235
233.882,107.304,65.259,74.856
249.594,104.272,65.259,74.856
277.986,109.510,65.259,74.856
301.417,111.439,65.259,74.856
322.091,108.958,65.259,74.856
340.560,106.477,65.259,74.856
352.965,104.548,65.259,74.856
358.753,99.862,65.259,74.856
361.234,92.970,65.259,74.856
358.753,87.182,65.259,74.856
354.067,81.944,65.259,74.856
350.484,78.361,65.259,74.856
339.733,75.880,65.259,74.856
326.777,75.604,65.259,74.856
313.270,74.777,65.259,74.856
302.520,75.053,65.259,74.856
295.628,71.469,65.259,74.856
294.250,68.988,65.259,74.856
290.667,72.572,65.259,74.856
283.224,77.258,65.259,74.856
272.492,80.720,66.703,76.512
260.939,83.674,68.179,78.205
247.337,87.888,69.687,79.935
222.905,82.884,69.687,79.935
203.771,82.001,69.687,79.935
189.937,83.472,69.687,79.935
176.102,81.412,69.687,79.935
163.444,85.239,69.687,79.935
166.682,88.477,69.687,79.935
179.928,85.827,69.687,79.935
203.183,81.412,69.687,79.935
225.260,84.061,69.687,79.935
238.506,89.065,69.687,79.935
250.575,93.481,69.687,79.935
256.167,96.130,69.687,79.935
258.228,93.481,69.687,79.935
257.345,97.307,69.687,79.935
254.107,99.957,69.687,79.935
250.280,102.606,69.687,79.935
244.099,102.900,69.687,79.935
241.153,104.604,68.201,78.230
233.375,100.282,68.201,78.230
227.902,91.352,68.201,78.230
223.004,83.574,68.201,78.230
229.562,80.798,66.747,76.562
243.377,78.825,66.747,76.562
257.192,76.851,66.747,76.562
276.646,77.133,66.747,76.562
290.130,75.504,65.323,74.929
300.891,72.468,65.323,74.929
307.789,66.122,65.323,74.929
312.480,56.465,65.323,74.929
316.634,54.338,63.930,73.332
314.973,53.819,62.567,71.768
309.423,58.840,62.567,71.768
302.816,69.147,62.567,71.768
297.795,82.625,62.567,71.768
293.302,95.575,62.567,71.768
287.752,102.711,62.567,71.768
285.373,106.147,62.567,71.768
281.409,105.354,62.567,71.768
267.931,101.390,62.567,71.768
249.167,90.025,62.567,71.768
238.860,83.947,62.567,71.768
232.252,78.397,62.567,71.768
238.860,69.147,62.567,71.768
237.010,69.411,62.567,71.768
242.031,66.504,62.567,71.768
239.652,69.411,62.567,71.768
236.745,70.204,62.567,71.768
250.752,74.168,62.567,71.768
246.496,69.810,63.951,73.356
242.705,67.037,65.366,74.979
246.295,66.761,65.366,74.979
246.571,67.589,65.366,74.979
246.295,67.313,65.366,74.979
188.566,91.405,66.812,76.638
201.266,87.172,66.812,76.638
203.806,90.277,66.812,76.638
207.474,88.301,66.812,76.638
210.014,84.068,66.812,76.638
212.554,80.963,66.812,76.638
222.432,77.859,66.812,76.638
227.229,69.110,66.812,76.638
222.996,62.619,66.812,76.638
218.763,60.079,66.812,76.638
217.352,64.313,66.812,76.638
222.714,67.417,66.812,76.638
227.512,70.521,66.812,76.638
229.487,72.497,66.812,76.638
225.254,76.166,66.812,76.638
223.843,80.399,66.812,76.638
228.636,78.768,65.387,75.003
232.226,75.730,65.387,75.003
244.103,72.139,65.387,75.003
263.713,69.101,65.387,75.003
277.799,66.063,65.387,75.003
288.570,63.577,65.387,75.003
282.770,67.720,65.387,75.003
267.027,70.206,65.387,75.003
250.543,72.528,66.834,76.663
242.921,76.763,66.834,76.663
246.026,79.304,66.834,76.663
248.567,75.069,66.834,76.663
251.108,73.657,66.834,76.663
239.533,77.892,66.834,76.663
226.265,76.481,66.834,76.663
207.350,80.151,66.834,76.663
188.435,85.514,66.834,76.663
174.602,94.831,66.834,76.663
168.109,101.888,66.834,76.663
164.439,108.381,66.834,76.663
160.769,113.181,66.834,76.663
165.568,109.511,66.834,76.663
176.014,103.018,66.834,76.663
183.071,91.443,66.834,76.663
192.952,80.997,66.834,76.663
203.962,71.117,66.834,76.663
215.537,61.801,66.834,76.663
227.676,55.307,66.834,76.663
234.734,52.202,66.834,76.663
240.098,54.178,66.834,76.663
243.203,57.848,66.834,76.663
238.969,62.083,66.834,76.663
232.475,69.141,66.834,76.663
222.595,79.586,66.834,76.663
214.408,83.256,66.834,76.663
203.962,87.491,66.834,76.663
191.258,94.548,66.834,76.663
189.282,100.477,66.834,76.663
193.517,98.501,66.834,76.663
197.187,94.266,66.834,76.663
201.986,89.467,66.834,76.663
213.561,80.151,66.834,76.663
227.394,76.481,66.834,76.663
233.887,64.906,66.834,76.663
238.686,65.753,66.834,76.663
244.050,77.892,66.834,76.663
247.155,82.127,66.834,76.663
250.261,85.797,66.834,76.663
252.802,87.773,66.834,76.663
251.390,90.878,66.834,76.663
241.509,91.725,66.834,76.663
230.499,88.620,66.834,76.663
225.700,93.419,66.834,76.663
218.224,98.136,68.313,78.359
213.896,96.116,68.313,78.359
210.145,99.867,68.313,78.359
207.548,102.464,68.313,78.359
210.145,103.330,68.313,78.359
216.781,100.733,68.313,78.359
224.572,96.982,68.313,78.359
230.632,90.345,68.313,78.359
233.863,83.671,66.856,76.688
231.887,79.435,66.856,76.688
225.956,75.199,66.856,76.688
216.637,72.093,66.856,76.688
199.197,73.881,68.335,78.384
187.940,71.861,68.335,78.384
184.764,62.913,68.335,78.384
185.053,49.923,68.335,78.384
187.591,42.767,69.847,80.119
188.961,38.514,71.393,81.891
190.362,41.675,72.972,83.703
185.738,40.134,72.972,83.703
181.731,44.141,72.972,83.703
183.802,47.373,74.587,85.555
186.637,52.098,74.587,85.555
184.092,54.529,72.996,83.731
172.092,58.691,71.439,81.945
159.719,62.614,71.439,81.945
150.968,65.330,71.439,81.945
145.838,63.821,71.439,81.945
142.519,60.501,71.439,81.945
146.442,57.786,71.439,81.945
152.175,56.277,71.439,81.945
158.512,57.182,71.439,81.945
160.021,59.294,71.439,81.945
180.239,57.182,71.439,81.945
202.871,61.105,71.439,81.945
244.972,65.521,73.020,83.758
266.255,68.297,73.020,83.758
272.732,66.138,73.020,83.758
274.804,69.371,74.635,85.611
271.336,64.012,74.635,85.611
266.607,88.917,74.635,85.611
259.987,92.385,74.635,85.611
263.455,68.110,74.635,85.611
258.377,69.453,76.287,87.505
251.610,68.486,76.287,87.505
245.487,72.030,76.287,87.505
232.920,67.841,76.287,87.505
225.509,70.097,76.287,87.505
218.097,72.997,76.287,87.505
211.975,77.186,76.287,87.505
214.230,82.664,76.287,87.505
230.020,87.498,76.287,87.505
243.232,91.042,76.287,87.505
249.354,92.654,76.287,87.505
255.477,93.620,76.287,87.505
253.630,87.637,77.975,89.441
249.348,81.380,77.975,89.441
246.384,73.804,77.975,89.441
246.713,69.522,77.975,89.441
243.090,64.582,77.975,89.441
240.785,66.229,77.975,89.441
206.775,67.631,79.700,91.420
182.873,65.275,79.700,91.420
159.644,68.305,79.700,91.420
154.594,65.948,79.700,91.420
160.991,68.978,79.700,91.420
196.783,62.727,81.463,93.443
237.651,55.625,83.266,95.510
278.802,59.493,83.266,95.510
298.146,55.625,83.266,95.510
300.608,51.052,83.266,95.510
278.105,47.664,81.490,93.474
239.897,53.515,81.490,93.474
214.770,61.432,81.490,93.474
221.998,76.922,81.490,93.474
226.473,75.889,81.490,93.474
225.683,61.293,79.752,91.480
201.765,87.232,79.752,91.480
214.229,90.264,79.752,91.480
228.041,77.799,79.752,91.480
240.505,63.988,79.752,91.480
242.190,60.282,79.752,91.480
229.726,65.335,79.752,91.480
213.892,77.126,79.752,91.480
206.144,81.505,79.752,91.480
201.765,92.622,79.752,91.480
219.619,105.086,79.752,91.480
235.452,107.444,79.752,91.480
263.413,105.760,79.752,91.480
300.806,98.012,79.752,91.480
333.483,84.200,79.752,91.480
339.883,66.346,79.752,91.480
314.618,55.229,79.752,91.480
289.168,61.075,78.051,89.530
263.122,64.701,78.051,89.530
227.186,70.965,78.051,89.530
201.140,76.570,78.051,89.530
218.614,86.791,78.051,89.530
208.394,89.758,78.051,89.530
202.789,87.450,78.051,89.530
158.281,102.286,78.051,89.530
163.226,115.144,78.051,89.530
188.612,129.980,78.051,89.530
212.020,135.585,78.051,89.530
205.756,99.648,78.051,89.530
198.173,88.109,78.051,89.530
181.359,80.526,78.051,89.530
159.270,81.515,78.051,89.530
145.752,87.120,78.051,89.530
130.257,92.725,78.051,89.530
133.884,96.352,78.051,89.530
148.720,86.791,78.051,89.530
161.578,73.933,78.051,89.530
