152.000,102.000,40.000,67.000
151.791,101.791,40.000,67.000
152.836,102.836,40.000,67.000
153.881,104.298,40.000,67.000
154.089,105.761,40.000,67.000
154.716,105.552,40.000,67.000
154.507,106.597,40.000,67.000
151.373,108.059,40.000,67.000
147.570,110.586,39.147,65.571
144.637,112.665,38.312,64.173
140.434,111.665,38.312,64.173
137.564,110.613,37.495,62.804
134.626,108.850,37.495,62.804
135.213,109.046,37.495,62.804
137.760,107.675,37.495,62.804
139.522,105.912,37.495,62.804
143.244,103.758,37.495,62.804
151.666,105.129,37.495,62.804
160.088,105.716,37.495,62.804
166.160,108.654,37.495,62.804
175.702,111.414,38.325,64.194
183.109,114.417,38.325,64.194
187.313,116.219,38.325,64.194
191.117,115.218,38.325,64.194
192.118,113.816,38.325,64.194
194.810,115.806,39.173,65.614
192.890,116.991,40.039,67.066
187.890,113.862,40.925,68.550
185.885,112.882,41.831,70.066
182.928,109.160,42.756,71.617
181.297,104.892,43.702,73.201
176.959,100.098,43.702,73.201
170.339,96.673,43.702,73.201
163.262,95.532,43.702,73.201
157.099,98.043,43.702,73.201
149.109,96.445,43.702,73.201
142.230,93.030,44.669,74.821
135.684,90.024,45.657,76.476
129.721,89.308,45.657,76.476
120.323,92.192,44.684,74.845
114.955,95.227,44.684,74.845
110.520,98.261,44.684,74.845
107.486,99.895,44.684,74.845
105.385,100.595,44.684,74.845
106.085,102.696,44.684,74.845
108.653,103.863,44.684,74.845
112.154,106.897,44.684,74.845
114.808,109.702,45.672,76.501
111.085,110.588,46.683,78.194
112.339,107.952,47.716,79.924
109.484,102.672,48.771,81.692
105.663,97.322,48.771,81.692
107.956,95.539,48.771,81.692
111.268,97.322,48.771,81.692
108.465,96.558,48.771,81.692
111.268,96.812,48.771,81.692
111.522,96.558,48.771,81.692
117.382,98.851,48.771,81.692
139.547,80.762,48.771,81.692
150.373,75.365,49.851,83.500
163.653,76.667,49.851,83.500
177.989,81.824,48.787,81.719
179.264,85.647,48.787,81.719
176.873,82.363,49.867,83.527
179.738,81.582,49.867,83.527
183.032,86.238,48.803,81.746
185.326,85.984,48.803,81.746
188.131,82.160,48.803,81.746
193.994,80.885,48.803,81.746
203.426,84.709,48.803,81.746
207.250,82.924,48.803,81.746
211.584,71.452,48.803,81.746
215.918,74.257,48.803,81.746
227.987,84.711,47.763,80.002
234.028,103.600,46.744,78.296
241.109,105.309,46.744,78.296
247.701,104.089,46.744,78.296
246.969,106.286,46.744,78.296
245.185,109.220,47.778,80.029
238.183,110.147,48.835,81.799
228.909,110.036,49.916,83.609
223.433,106.647,49.916,83.609
216.393,105.343,49.916,83.609
210.396,103.518,49.916,83.609
205.963,104.821,49.916,83.609
202.574,101.432,49.916,83.609
198.663,98.564,49.916,83.609
195.273,94.131,49.916,83.609
192.405,84.483,49.916,83.609
187.972,79.008,49.916,83.609
175.184,80.151,48.851,81.826
164.722,79.385,48.851,81.826
153.239,76.578,48.851,81.826
144.307,75.812,48.851,81.826
137.928,75.047,48.851,81.826
132.058,75.302,48.851,81.826
128.231,74.026,48.851,81.826
124.913,71.729,48.851,81.826
122.106,69.943,48.851,81.826
115.216,67.647,48.851,81.826
109.857,65.350,48.851,81.826
107.050,64.074,48.851,81.826
101.691,60.246,48.851,81.826
89.698,56.929,48.851,81.826
85.870,42.894,48.851,81.826
80.511,37.024,48.851,81.826
76.173,34.728,48.851,81.826
74.387,31.921,48.851,81.826
73.621,29.624,48.851,81.826
70.304,25.796,48.851,81.826
66.986,20.438,48.851,81.826
68.773,21.203,48.851,81.826
67.968,19.504,49.932,83.637
65.098,18.199,49.932,83.637
67.968,22.634,49.932,83.637
68.228,27.068,49.932,83.637
70.018,29.719,48.867,81.853
72.390,29.079,49.949,83.664
53.160,47.914,51.054,85.515
53.425,48.352,52.183,87.407
57.090,48.799,53.338,89.341
61.414,50.412,54.518,91.318
65.834,53.243,55.724,93.338
76.022,56.445,55.724,93.338
81.552,58.482,55.724,93.338
84.754,61.102,55.724,93.338
97.124,63.392,56.957,95.403
109.150,66.349,58.217,97.514
101.856,71.786,56.976,95.434
113.886,73.509,58.236,97.546
125.942,71.324,56.994,95.466
128.622,67.453,56.994,95.466
125.499,66.462,55.779,93.430
126.936,66.054,54.590,91.437
123.945,65.105,53.425,89.488
120.480,63.101,52.286,87.579
154.075,13.665,52.286,87.579
148.051,13.809,51.171,85.712
141.640,17.042,50.080,83.884
138.392,23.231,49.012,82.095
137.681,29.289,47.967,80.344
134.087,31.353,46.944,78.631
131.987,36.209,45.943,76.954
125.987,38.369,45.943,76.954
117.108,37.649,45.943,76.954
108.228,35.489,45.943,76.954
100.309,33.330,45.943,76.954
89.029,23.010,45.943,76.954
83.292,20.914,46.959,78.657
79.773,21.516,45.958,76.979
74.252,23.197,45.958,76.979
65.369,25.357,45.958,76.979
54.649,22.762,46.975,78.682
48.515,23.498,46.975,78.682
44.343,22.271,46.975,78.682
39.681,19.081,46.975,78.682
38.945,16.873,46.975,78.682
39.681,13.683,46.975,78.682
43.852,11.965,46.975,78.682
50.478,10.738,46.975,78.682
56.121,10.002,46.975,78.682
61.765,12.211,46.975,78.682
66.918,10.002,46.975,78.682
72.562,12.701,46.975,78.682
75.752,14.910,46.975,78.682
80.578,11.239,48.014,80.423
80.829,14.500,48.014,80.423
84.090,16.757,48.014,80.423
88.855,19.516,48.014,80.423
93.477,24.966,46.990,78.708
96.177,27.176,46.990,78.708
101.331,32.821,46.990,78.708
112.271,37.808,48.030,80.450
126.070,48.596,48.030,80.450
131.841,56.374,48.030,80.450
133.132,59.388,49.092,82.230
134.927,62.722,49.092,82.230
139.286,68.107,49.092,82.230
138.574,89.499,48.045,80.476
140.331,94.770,48.045,80.476
142.536,100.708,47.021,78.760
142.327,109.834,46.018,77.080
146.895,119.208,46.018,77.080
155.789,132.430,46.018,77.080
160.018,136.315,47.036,78.786
169.440,121.933,48.077,80.529
171.647,111.899,47.052,78.811
199.912,121.976,47.052,78.811
202.706,118.299,48.093,80.555
192.406,113.526,48.093,80.555
178.581,114.981,49.157,82.337
162.319,117.533,50.244,84.159
145.153,120.142,51.356,86.021
128.721,115.016,52.492,87.924
115.907,112.052,53.654,89.870
109.789,108.440,54.841,91.858
102.346,101.777,56.054,93.890
98.384,97.397,57.294,95.968
94.335,91.057,58.562,98.091
93.417,93.810,58.562,98.091
91.388,99.279,57.313,95.999
87.671,100.014,56.091,93.952
85.727,98.474,54.895,91.949
80.508,100.283,53.724,89.988
77.024,101.513,52.578,88.069
82.085,102.717,51.457,86.191
87.556,103.377,50.360,84.353
92.028,106.271,50.360,84.353
93.869,109.164,50.360,84.353
95.711,104.166,50.360,84.353
99.793,101.868,51.474,86.219
114.044,100.524,51.474,86.219
122.681,98.733,52.613,88.126
133.949,97.359,52.613,88.126
144.118,98.184,52.613,88.126
164.730,102.856,52.613,88.126
178.197,106.978,52.613,88.126
197.710,100.657,52.613,88.126
212.825,92.687,52.613,88.126
222.994,84.717,52.613,88.126
232.962,75.473,53.777,90.076
248.397,85.843,54.967,92.069
245.813,86.704,54.967,92.069
239.545,84.196,56.183,94.106
226.439,84.678,57.426,96.188
203.707,86.415,58.696,98.316
180.711,84.882,58.696,98.316
166.301,86.415,58.696,98.316
155.569,90.401,58.696,98.316
141.878,88.995,59.995,100.492
129.655,88.681,59.995,100.492
112.409,93.097,61.322,102.715
99.276,93.417,61.322,102.715
85.502,95.660,61.322,102.715
67.209,88.209,62.679,104.988
57.059,86.572,62.679,104.988
55.422,85.590,62.679,104.988
11.594,107.853,61.343,102.749
18.323,104.969,61.343,102.749
34.599,102.835,62.700,105.022
59.818,107.093,62.700,105.022
74.557,105.455,62.700,105.022
86.020,106.438,62.700,105.022
101.414,110.696,62.700,105.022
121.392,113.643,62.700,105.022
139.406,120.521,62.700,105.022
154.145,118.884,62.700,105.022
170.848,121.831,62.700,105.022
183.622,121.504,62.700,105.022
192.465,123.142,62.700,105.022
198.033,119.539,62.700,105.022
224.184,107.163,64.087,107.346
223.849,104.151,64.087,107.346
209.454,109.172,64.087,107.346
190.372,108.837,64.087,107.346
175.977,109.172,64.087,107.346
162.140,106.767,62.720,105.057
149.363,105.129,62.720,105.057
142.768,101.513,61.383,102.816
132.606,97.973,60.074,100.624
128.105,92.694,58.793,98.478
109.985,89.930,58.793,98.478
95.551,85.323,58.793,98.478
90.553,73.645,57.539,96.378
74.637,71.643,58.812,98.510
67.571,67.649,58.812,98.510
66.125,64.258,57.558,96.409
63.419,61.552,57.558,96.409
58.727,57.054,58.831,98.542
55.504,54.254,57.577,96.441
58.812,49.743,57.577,96.441
