125.000,162.000,74.000,55.000
123.227,161.747,74.000,55.000
123.481,162.506,74.000,55.000
123.227,162.253,74.000,55.000
122.974,162.000,74.000,55.000
123.227,162.760,74.000,55.000
122.974,162.506,74.000,55.000
122.721,162.253,74.000,55.000
122.468,162.000,74.000,55.000
124.747,162.760,74.000,55.000
122.974,162.506,74.000,55.000
122.721,162.253,74.000,55.000
122.467,162.000,74.000,55.000
124.747,162.760,74.000,55.000
122.467,162.506,74.000,55.000
124.747,162.253,74.000,55.000
122.467,162.000,74.000,55.000
124.747,162.253,74.000,55.000
122.974,162.000,74.000,55.000
123.227,162.760,74.000,55.000
122.974,162.506,74.000,55.000
123.227,162.253,74.000,55.000
123.480,162.000,74.000,55.000
123.734,162.253,74.000,55.000
122.467,162.000,74.000,55.000
124.747,162.253,74.000,55.000
122.467,162.000,74.000,55.000
124.747,162.253,74.000,55.000
122.974,162.000,74.000,55.000
123.227,162.253,74.000,55.000
123.480,162.000,74.000,55.000
123.734,162.253,74.000,55.000
122.467,162.000,74.000,55.000
124.747,162.253,74.000,55.000
122.467,162.000,74.000,55.000
124.240,162.253,74.000,55.000
122.974,162.000,74.000,55.000
122.721,162.253,74.000,55.000
122.467,162.000,74.000,55.000
124.240,162.253,74.000,55.000
122.467,161.493,74.000,55.000
124.240,161.747,74.000,55.000
122.974,162.000,74.000,55.000
122.721,161.747,74.000,55.000
121.961,161.493,74.000,55.000
122.214,160.734,74.000,55.000
122.974,160.480,74.000,55.000
122.214,159.721,74.000,55.000
123.480,159.974,74.000,55.000
123.227,159.721,74.000,55.000
123.480,159.467,74.000,55.000
124.240,159.214,74.000,55.000
123.987,159.467,74.000,55.000
123.734,159.721,74.000,55.000
123.987,159.974,74.000,55.000
124.240,160.227,74.000,55.000
124.493,159.467,74.000,55.000
125.253,159.721,74.000,55.000
124.493,159.467,74.000,55.000
125.253,159.214,74.000,55.000
124.493,158.961,74.000,55.000
125.253,159.721,74.000,55.000
124.493,159.467,74.000,55.000
125.760,159.214,74.000,55.000
124.493,158.961,74.000,55.000
125.760,159.721,74.000,55.000
124.493,159.467,74.000,55.000
125.760,159.214,74.000,55.000
124.493,158.454,74.000,55.000
126.266,158.708,74.000,55.000
125.000,158.454,74.000,55.000
124.747,157.695,74.000,55.000
125.000,156.935,74.000,55.000
125.760,156.175,74.000,55.000
125.506,153.896,74.000,55.000
126.773,154.149,74.000,55.000
127.532,152.377,74.000,55.000
127.786,152.123,74.000,55.000
129.558,150.857,74.000,55.000
128.799,150.604,74.000,55.000
130.571,148.831,74.000,55.000
129.812,147.058,74.000,55.000
131.584,144.779,74.000,55.000
131.838,144.526,74.000,55.000
132.597,142.247,74.000,55.000
134.607,142.589,72.422,53.827
135.618,140.535,70.878,52.679
136.346,140.293,70.878,52.679
137.803,138.750,69.366,51.556
138.771,138.156,67.887,50.456
139.933,136.530,67.887,50.456
140.165,135.368,67.887,50.456
139.004,134.206,67.887,50.456
140.847,133.625,66.439,49.380
141.775,133.494,65.022,48.327
140.662,131.936,65.022,48.327
141.330,130.378,65.022,48.327
141.552,129.266,65.022,48.327
139.994,128.153,65.022,48.327
141.552,127.041,65.022,48.327
141.173,126.912,63.636,47.297
143.321,126.787,62.279,46.288
144.601,126.664,60.950,45.301
142.307,126.038,60.950,45.301
144.766,126.320,59.651,44.335
144.418,126.203,58.379,43.390
144.848,126.473,57.134,42.464
147.154,126.360,55.915,41.559
146.090,126.988,54.723,40.672
146.277,126.052,54.723,40.672
145.597,126.666,53.556,39.805
146.880,126.116,53.556,39.805
146.214,126.364,52.414,38.956
147.984,126.606,51.296,38.125
147.808,126.431,51.296,38.125
147.632,125.904,51.296,38.125
148.010,126.480,50.202,37.312
148.182,125.621,50.202,37.312
148.883,125.853,49.132,36.517
149.893,126.080,48.084,35.738
150.057,125.916,48.084,35.738
150.729,126.138,47.058,34.976
151.212,125.655,47.058,34.976
151.051,126.138,47.058,34.976
150.890,125.655,47.058,34.976
152.017,125.494,47.058,34.976
151.856,125.655,47.058,34.976
152.983,125.494,47.058,34.976
152.178,125.333,47.058,34.976
152.661,125.172,47.058,34.976
153.145,125.011,47.058,34.976
153.181,126.160,46.055,34.230
153.023,125.372,46.055,34.230
153.181,125.845,46.055,34.230
153.338,126.318,46.055,34.230
153.181,126.160,46.055,34.230
153.338,126.318,46.055,34.230
153.496,126.475,46.055,34.230
153.338,126.948,46.055,34.230
153.181,127.106,46.055,34.230
153.023,127.578,46.055,34.230
152.865,128.366,46.055,34.230
153.338,128.839,46.055,34.230
152.865,129.312,46.055,34.230
152.708,129.155,46.055,34.230
152.550,129.312,46.055,34.230
152.393,129.785,46.055,34.230
152.550,130.573,46.055,34.230
153.023,130.731,46.055,34.230
152.865,131.203,46.055,34.230
153.969,131.046,46.055,34.230
154.126,131.519,46.055,34.230
153.023,132.622,46.055,34.230
152.865,133.410,46.055,34.230
153.969,133.883,46.055,34.230
153.496,135.301,46.055,34.230
152.169,134.432,47.074,34.987
151.041,135.560,47.074,34.987
150.353,136.009,48.115,35.761
150.675,136.125,49.180,36.553
148.909,137.293,50.268,37.361
148.049,138.497,50.268,37.361
148.385,138.262,51.380,38.188
147.506,139.141,51.380,38.188
148.737,140.372,51.380,38.188
147.986,140.862,52.517,39.033
148.337,141.735,53.679,39.897
148.153,142.654,53.679,39.897
149.807,144.307,53.679,39.897
149.022,144.437,54.867,40.779
149.586,145.376,54.867,40.779
149.773,146.315,54.867,40.779
150.712,147.630,54.867,40.779
149.910,146.204,56.080,41.681
150.102,149.083,56.080,41.681
151.062,149.275,56.080,41.681
150.242,148.217,57.321,42.604
149.812,149.170,58.590,43.546
149.372,148.064,59.886,44.510
149.347,146.934,61.211,45.495
149.322,147.952,62.565,46.501
149.741,145.883,63.949,47.530
149.084,149.165,63.949,47.530
148.604,146.596,65.364,48.582
149.275,145.925,65.364,48.582
148.784,144.227,66.810,49.656
149.927,143.084,66.810,49.656
150.848,141.823,68.289,50.755
149.366,140.534,69.799,51.878
148.346,137.730,71.344,53.026
148.316,132.837,72.922,54.199
149.564,128.594,72.922,54.199
148.316,125.849,72.922,54.199
149.564,123.603,72.922,54.199
147.817,121.357,72.922,54.199
147.568,119.111,72.922,54.199
147.817,115.867,72.922,54.199
149.065,112.123,72.922,54.199
147.318,112.872,72.922,54.199
146.569,112.622,72.922,54.199
145.322,112.373,72.922,54.199
144.573,112.123,72.922,54.199
141.954,111.265,74.536,55.398
140.168,112.540,74.536,55.398
139.913,113.305,74.536,55.398
140.168,114.581,74.536,55.398
141.444,115.856,74.536,55.398
145.435,116.693,72.946,54.217
150.303,117.993,71.391,53.061
146.149,117.748,71.391,53.061
150.443,118.550,69.868,51.929
155.106,118.412,68.378,50.822
155.158,118.728,66.920,49.738
154.929,118.041,66.920,49.738
158.512,119.675,65.493,48.677
155.695,117.974,66.942,49.754
159.721,119.609,65.514,48.693
158.152,120.281,65.514,48.693
159.721,120.506,65.514,48.693
157.255,121.178,65.514,48.693
156.134,121.402,65.514,48.693
158.600,121.627,65.514,48.693
156.134,122.299,65.514,48.693
159.048,122.075,65.514,48.693
156.938,123.675,64.117,47.655
160.794,121.010,62.750,46.638
158.861,122.514,62.750,46.638
161.807,124.046,61.412,45.644
159.915,123.415,61.412,45.644
163.068,123.626,61.412,45.644
160.756,124.676,61.412,45.644
163.488,126.148,61.412,45.644
159.538,124.988,62.771,46.654
158.464,124.774,62.771,46.654
158.249,124.129,62.771,46.654
138.701,112.744,62.771,46.654
134.194,112.620,61.432,45.659
133.563,112.830,61.432,45.659
132.932,110.938,61.432,45.659
130.620,111.149,61.432,45.659
131.671,111.779,61.432,45.659
131.881,112.410,61.432,45.659
129.569,113.041,61.432,45.659
131.237,114.135,60.122,44.685
131.443,114.753,60.122,44.685
131.237,113.724,60.122,44.685
132.869,115.589,58.840,43.732
131.460,115.790,58.840,43.732
132.064,116.394,58.840,43.732
133.662,118.607,57.585,42.800
134.846,121.533,56.357,41.887
131.953,119.797,56.357,41.887
131.374,116.518,56.357,41.887
132.904,120.497,55.155,40.994
133.848,124.838,55.155,40.994
134.618,128.004,53.979,40.119
132.217,125.603,53.979,40.119
134.618,123.571,53.979,40.119
135.172,127.081,53.979,40.119
136.835,130.960,53.979,40.119
136.520,129.429,52.828,39.264
135.748,119.054,53.997,40.133
134.455,120.347,53.997,40.133
136.634,122.022,52.845,39.277
137.720,125.404,51.718,38.439
136.395,122.914,50.615,37.619
138.103,126.153,49.536,36.817
138.951,129.035,49.536,36.817
139.459,131.239,49.536,36.817
138.517,131.795,48.480,36.032
139.347,134.284,48.480,36.032
138.104,135.147,47.446,35.264
138.267,135.310,47.446,35.264
139.079,135.797,47.446,35.264
138.267,136.284,47.446,35.264
139.728,136.122,47.446,35.264
141.330,135.715,46.434,34.512
139.264,134.921,46.434,34.512
141.330,134.762,46.434,34.512
142.124,134.285,46.434,34.512
143.554,133.490,46.434,34.512
141.752,133.399,45.444,33.776
143.463,132.932,45.444,33.776
144.551,132.777,45.444,33.776
145.640,132.310,45.444,33.776
145.075,131.921,44.475,33.055
146.445,131.464,44.475,33.055
145.306,131.670,43.526,32.351
146.944,131.223,43.526,32.351
145.255,131.999,42.598,31.661
146.973,132.477,41.690,30.985
145.905,132.395,40.800,30.325
147.441,131.976,40.800,30.325
146.934,132.434,39.930,29.678
147.891,132.571,39.930,29.678
146.604,133.546,39.079,29.045
148.075,133.412,39.079,29.045
148.363,133.593,38.246,28.426
149.402,134.022,37.430,27.820
148.505,133.638,37.430,27.820
150.015,133.070,36.632,27.226
149.077,133.723,35.851,26.646
149.936,132.864,35.851,26.646
151.285,132.741,35.851,26.646
150.181,132.373,35.851,26.646
150.445,133.249,35.086,26.077
151.526,132.888,35.086,26.077
151.886,132.528,35.086,26.077
152.246,132.168,35.086,26.077
151.347,132.793,34.338,25.521
151.935,131.971,34.338,25.521
152.757,131.853,34.338,25.521
152.640,131.736,34.338,25.521
153.119,133.254,33.606,24.977
153.924,132.909,33.606,24.977
154.499,133.024,33.606,24.977
153.924,133.369,33.606,24.977
154.729,133.944,33.606,24.977
155.304,133.599,33.606,24.977
155.330,133.976,32.889,24.444
156.874,134.779,32.188,23.923
156.474,134.928,31.501,23.413
157.229,135.898,31.501,23.413
156.043,135.359,31.501,23.413
156.151,137.192,31.501,23.413
154.965,139.240,31.501,23.413
154.952,136.856,32.198,23.931
153.338,137.849,32.910,24.460
152.623,138.396,33.639,25.002
152.371,139.194,34.383,25.555
149.900,143.548,34.383,25.555
148.605,145.313,34.383,25.555
147.782,146.843,34.383,25.555
147.523,149.124,35.144,26.120
145.479,149.966,35.144,26.120
144.466,153.794,35.921,26.698
143.606,154.655,35.921,26.698
141.805,158.313,36.716,27.289
139.167,165.978,36.716,27.289
136.277,168.366,36.716,27.289
133.387,168.240,36.716,27.289
130.999,167.863,36.716,27.289
129.366,167.486,36.716,27.289
126.476,166.858,36.716,27.289
126.461,165.904,37.528,27.893
123.507,165.262,37.528,27.893
120.810,164.106,37.528,27.893
118.113,162.950,37.528,27.893
115.432,160.909,38.359,28.510
123.316,159.096,39.207,29.140
122.743,158.356,40.075,29.785
121.019,157.030,40.961,30.444
118.384,156.257,41.868,31.118
116.522,154.681,41.868,31.118
115.519,154.538,41.868,31.118
114.516,152.389,41.868,31.118
115.519,151.386,41.868,31.118
114.516,149.523,41.868,31.118
113.226,147.374,41.868,31.118
111.937,144.365,41.868,31.118
110.647,141.929,41.868,31.118
109.358,142.359,41.868,31.118
108.928,139.350,41.868,31.118
108.211,136.914,41.868,31.118
106.708,136.719,42.794,31.806
106.268,134.522,42.794,31.806
108.465,135.547,42.794,31.806
107.733,133.936,42.794,31.806
107.001,135.254,42.794,31.806
106.854,133.350,42.794,31.806
105.536,131.446,42.794,31.806
104.511,129.835,42.794,31.806
106.520,130.598,41.881,31.128
107.810,129.881,41.881,31.128
110.329,129.522,40.988,30.464
109.279,128.901,40.114,29.815
111.691,130.145,39.259,29.179
111.019,128.398,39.259,29.179
112.497,127.458,39.259,29.179
114.512,127.861,39.259,29.179
114.916,127.189,39.259,29.179
117.018,128.148,38.421,28.556
118.464,128.542,38.421,28.556
118.332,126.833,38.421,28.556
120.042,127.490,38.421,28.556
121.488,126.833,38.421,28.556
122.672,127.490,38.421,28.556
123.855,127.359,38.421,28.556
125.301,127.753,38.421,28.556
126.485,128.411,38.421,28.556
127.931,129.068,38.421,28.556
129.640,130.252,38.421,28.556
131.350,130.646,38.421,28.556
133.059,131.304,38.421,28.556
135.294,131.698,38.421,28.556
136.741,132.355,38.421,28.556
138.450,131.961,38.421,28.556
139.897,133.144,38.421,28.556
141.343,133.802,38.421,28.556
142.526,134.196,38.421,28.556
142.921,133.802,38.421,28.556
144.104,133.407,38.421,28.556
145.025,133.276,38.421,28.556
145.945,133.144,38.421,28.556
147.128,134.591,38.421,28.556
148.049,135.774,38.421,28.556
146.123,136.140,39.272,29.188
147.333,137.081,39.272,29.188
147.363,137.004,38.434,28.566
148.810,137.398,38.434,28.566
149.467,136.215,38.434,28.566
148.633,136.308,39.284,29.198
147.961,137.518,39.284,29.198
148.902,135.770,39.284,29.198
148.498,136.980,39.284,29.198
149.439,136.039,39.284,29.198
146.885,105.252,39.284,29.198
147.952,107.248,38.447,28.575
148.482,108.160,39.297,29.207
150.230,109.640,39.297,29.207
149.377,110.851,40.167,29.854
150.614,112.913,40.167,29.854
149.652,114.700,40.167,29.854
150.206,113.942,41.055,30.514
149.314,114.333,41.964,31.189
148.403,115.031,42.892,31.879
148.844,116.646,42.892,31.879
149.578,118.848,42.892,31.879
148.646,119.866,43.841,32.585
149.696,120.616,43.841,32.585
150.447,121.666,43.841,32.585
149.806,120.839,44.811,33.306
150.879,120.992,44.811,33.306
152.260,120.532,44.811,33.306
151.493,120.072,44.811,33.306
151.646,120.225,44.811,33.306
152.720,121.606,44.811,33.306
153.486,122.679,44.811,33.306
153.333,122.526,44.811,33.306
154.100,122.066,44.811,33.306
152.809,120.265,45.803,34.043
126.632,118.228,45.803,34.043
124.594,118.071,45.803,34.043
125.064,117.914,45.803,34.043
124.594,117.757,45.803,34.043
124.437,117.914,45.803,34.043
124.280,117.757,45.803,34.043
124.437,117.287,45.803,34.043
124.594,118.384,45.803,34.043
125.378,118.855,45.803,34.043
125.221,118.071,45.803,34.043
125.064,117.601,45.803,34.043
124.594,116.817,45.803,34.043
124.437,116.660,45.803,34.043
124.280,116.503,45.803,34.043
124.124,116.033,45.803,34.043
123.967,116.817,45.803,34.043
123.810,116.974,45.803,34.043
123.340,117.444,45.803,34.043
124.124,117.914,45.803,34.043
123.967,117.757,45.803,34.043
124.124,117.914,45.803,34.043
124.280,118.698,45.803,34.043
124.751,119.168,45.803,34.043
124.280,120.265,45.803,34.043
125.064,121.049,45.803,34.043
125.221,121.519,45.803,34.043
125.691,121.362,45.803,34.043
125.534,122.460,45.803,34.043
126.817,121.920,46.816,34.796
126.465,121.037,47.852,35.566
126.301,120.873,47.852,35.566
