692.000,439.000,24.000,79.000
689.099,439.545,24.531,80.748
686.902,438.147,24.531,80.748
684.306,438.746,24.531,80.748
680.911,438.547,24.531,80.748
678.314,437.947,24.531,80.748
674.520,437.348,24.531,80.748
671.124,435.551,24.531,80.748
668.927,433.354,24.531,80.748
666.331,434.752,24.531,80.748
663.735,431.756,24.531,80.748
661.538,430.358,24.531,80.748
658.143,428.960,24.531,80.748
656.345,430.757,24.531,80.748
652.966,427.585,25.074,82.534
649.904,428.197,25.074,82.534
647.658,428.810,25.074,82.534
644.596,427.789,25.074,82.534
641.534,427.177,25.074,82.534
638.472,427.789,25.074,82.534
635.410,426.360,25.074,82.534
632.348,424.523,25.074,82.534
629.694,423.094,25.074,82.534
627.448,423.298,25.074,82.534
625.203,420.644,25.074,82.534
622.549,420.032,25.074,82.534
619.895,419.011,25.074,82.534
617.650,420.032,25.074,82.534
614.996,420.236,25.074,82.534
611.934,419.215,25.074,82.534
610.097,421.053,25.074,82.534
606.218,420.032,25.074,82.534
603.156,420.644,25.074,82.534
600.094,419.215,25.074,82.534
597.440,418.195,25.074,82.534
595.603,417.582,25.074,82.534
593.766,414.928,25.074,82.534
591.520,413.091,25.074,82.534
588.866,412.887,25.074,82.534
587.029,413.091,25.074,82.534
583.967,412.070,25.074,82.534
581.313,412.275,25.074,82.534
579.068,412.070,25.074,82.534
576.414,413.091,25.074,82.534
573.760,412.479,25.074,82.534
571.515,411.458,25.074,82.534
568.453,411.254,25.074,82.534
565.799,409.008,25.074,82.534
563.962,409.621,25.074,82.534
562.124,407.375,25.074,82.534
559.062,405.946,25.074,82.534
556.409,404.517,25.074,82.534
554.163,403.497,25.074,82.534
551.918,404.926,25.074,82.534
550.080,405.538,25.074,82.534
547.018,404.926,25.074,82.534
544.364,405.946,25.074,82.534
542.119,405.334,25.074,82.534
539.057,404.313,25.074,82.534
536.403,403.293,25.074,82.534
534.566,402.272,25.074,82.534
533.137,400.843,25.074,82.534
530.891,399.414,25.074,82.534
529.054,397.577,25.074,82.534
525.584,396.964,25.074,82.534
524.155,397.577,25.074,82.534
521.501,396.556,25.074,82.534
519.664,396.352,25.074,82.534
517.418,397.373,25.074,82.534
514.765,397.168,25.074,82.534
512.111,398.189,25.074,82.534
509.049,397.577,25.074,82.534
506.395,396.148,25.074,82.534
504.966,396.352,25.074,82.534
502.312,394.106,25.074,82.534
500.475,393.494,25.074,82.534
498.638,391.248,25.074,82.534
496.800,389.819,25.074,82.534
494.963,389.207,25.074,82.534
492.309,389.819,25.074,82.534
490.472,390.024,25.074,82.534
488.635,390.228,25.074,82.534
487.206,390.840,25.074,82.534
485.369,389.411,25.074,82.534
482.715,387.982,25.074,82.534
480.061,386.553,25.074,82.534
477.407,387.166,25.074,82.534
475.978,388.186,25.074,82.534
473.325,385.533,25.074,82.534
471.079,383.695,25.074,82.534
469.242,384.308,25.074,82.534
467.813,383.287,25.074,82.534
466.384,383.083,25.074,82.534
464.138,383.695,25.074,82.534
461.893,384.308,25.074,82.534
460.056,384.512,25.074,82.534
457.402,384.308,25.074,82.534
455.156,383.287,25.074,82.534
453.319,382.675,25.074,82.534
451.074,382.471,25.074,82.534
448.828,381.042,25.074,82.534
447.807,381.654,25.074,82.534
446.378,379.000,25.074,82.534
444.541,378.796,25.074,82.534
442.704,376.551,25.074,82.534
440.867,376.755,25.074,82.534
439.029,377.367,25.074,82.534
437.132,378.444,24.539,80.774
435.334,378.644,24.539,80.774
432.737,378.444,24.539,80.774
430.939,377.845,24.539,80.774
429.141,378.044,24.539,80.774
427.743,377.845,24.539,80.774
426.344,376.846,24.539,80.774
424.146,375.048,24.539,80.774
422.748,374.049,24.539,80.774
420.550,373.849,24.539,80.774
418.752,373.250,24.539,80.774
416.954,372.251,24.539,80.774
415.483,372.919,24.016,79.052
413.332,373.897,24.016,79.052
411.181,374.484,24.016,79.052
409.031,373.897,24.016,79.052
406.489,375.266,24.016,79.052
405.120,373.897,24.016,79.052
402.969,372.919,24.016,79.052
401.992,372.333,24.016,79.052
400.232,371.746,24.016,79.052
398.081,369.986,24.016,79.052
395.930,369.009,24.016,79.052
394.562,367.640,24.016,79.052
392.802,367.054,24.016,79.052
391.362,368.462,23.504,77.366
389.257,368.653,23.504,77.366
387.535,369.610,23.504,77.366
385.430,369.036,23.504,77.366
383.325,369.993,23.504,77.366
381.603,369.036,23.504,77.366
380.264,368.845,23.504,77.366
378.541,369.036,23.504,77.366
377.202,367.314,23.504,77.366
375.862,365.591,23.504,77.366
373.757,364.635,23.504,77.366
371.979,366.751,23.002,75.716
370.294,365.814,23.002,75.716
368.983,365.253,23.002,75.716
366.923,365.440,23.002,75.716
364.863,366.376,23.002,75.716
362.803,366.189,23.002,75.716
361.117,366.002,23.002,75.716
359.432,367.313,23.002,75.716
358.870,365.253,23.002,75.716
356.810,363.942,23.002,75.716
355.125,364.878,23.002,75.716
353.814,363.193,23.002,75.716
352.128,361.507,23.002,75.716
350.388,362.134,22.512,74.101
348.685,362.041,22.032,72.521
347.710,364.024,21.562,70.975
346.755,364.273,21.102,69.461
345.209,364.102,21.102,69.461
344.006,365.648,21.102,69.461
342.460,364.445,21.102,69.461
340.570,364.273,21.102,69.461
339.024,363.071,21.102,69.461
337.821,364.617,21.102,69.461
336.275,362.384,21.102,69.461
334.729,360.837,21.102,69.461
332.801,362.406,20.652,67.980
330.915,361.672,20.212,66.530
329.763,362.495,20.212,66.530
327.953,361.014,20.212,66.530
326.472,361.508,20.212,66.530
324.942,363.327,19.781,65.111
322.849,363.810,19.781,65.111
320.433,363.971,19.781,65.111
319.628,362.522,19.781,65.111
317.534,362.039,19.781,65.111
316.407,360.590,19.781,65.111
314.958,361.395,19.781,65.111
313.186,359.945,19.781,65.111
311.415,358.174,19.781,65.111
309.965,357.047,19.781,65.111
308.469,356.965,19.359,63.723
306.735,358.383,19.359,63.723
305.632,357.910,19.359,63.723
303.898,359.014,19.359,63.723
302.164,359.171,19.359,63.723
300.746,358.068,19.359,63.723
299.281,360.418,18.946,62.364
297.893,359.030,18.946,62.364
296.196,358.567,18.946,62.364
295.117,359.030,18.946,62.364
293.420,357.333,18.946,62.364
292.032,356.254,18.946,62.364
290.026,354.865,18.946,62.364
288.638,355.945,18.946,62.364
286.941,355.174,18.946,62.364
285.553,355.328,18.946,62.364
283.239,356.716,18.946,62.364
281.234,356.871,18.946,62.364
279.846,355.482,18.946,62.364
278.149,356.562,18.946,62.364
276.452,354.865,18.946,62.364
275.064,353.477,18.946,62.364
273.367,354.557,18.946,62.364
271.979,353.169,18.946,62.364
270.282,351.780,18.946,62.364
268.894,352.243,18.946,62.364
266.889,349.929,18.946,62.364
265.192,349.158,18.946,62.364
264.112,350.546,18.946,62.364
262.976,351.657,18.542,61.034
261.618,351.808,18.542,61.034
260.259,352.261,18.542,61.034
258.297,351.205,18.542,61.034
256.334,351.658,18.542,61.034
254.976,352.412,18.542,61.034
253.617,350.148,18.542,61.034
252.505,348.907,18.147,59.732
250.847,347.978,17.760,58.459
249.225,349.019,17.381,57.212
248.183,348.129,17.010,55.992
246.936,349.652,17.010,55.992
245.136,350.899,17.010,55.992
243.059,351.037,17.010,55.992
240.981,349.514,17.010,55.992
238.904,351.037,17.010,55.992
237.381,349.514,17.010,55.992
235.857,349.652,17.010,55.992
234.057,349.514,17.010,55.992
233.087,348.821,17.010,55.992
232.118,349.514,17.010,55.992
230.595,348.267,17.010,55.992
228.794,347.575,17.010,55.992
226.994,346.328,17.010,55.992
225.748,345.359,17.010,55.992
224.224,346.605,17.010,55.992
222.978,347.575,17.010,55.992
221.454,347.159,17.010,55.992
219.931,347.298,17.010,55.992
218.131,347.159,17.010,55.992
216.884,346.190,17.010,55.992
215.361,346.605,17.010,55.992
214.115,346.744,17.010,55.992
212.868,345.221,17.010,55.992
210.791,344.251,17.010,55.992
209.267,344.667,17.010,55.992
208.298,345.359,17.010,55.992
207.052,344.113,17.010,55.992
205.528,344.251,17.010,55.992
203.728,345.221,17.010,55.992
202.205,344.528,17.010,55.992
200.958,345.497,17.010,55.992
199.989,345.082,17.010,55.992
199.019,344.390,17.010,55.992
197.219,344.805,17.010,55.992
195.973,344.390,17.010,55.992
194.726,343.697,17.010,55.992
193.480,343.836,17.010,55.992
192.233,343.420,17.010,55.992
190.710,341.897,17.010,55.992
188.910,340.650,17.010,55.992
187.663,342.451,17.010,55.992
186.140,341.758,17.010,55.992
185.170,342.728,17.010,55.992
183.924,342.589,17.010,55.992
182.401,341.620,17.010,55.992
181.431,340.927,17.010,55.992
180.185,340.235,17.010,55.992
178.938,339.265,17.010,55.992
177.415,338.573,17.010,55.992
175.327,337.702,16.647,54.798
174.329,338.155,16.292,53.629
173.135,339.349,16.292,53.629
171.676,338.155,16.292,53.629
170.217,339.084,16.292,53.629
168.758,338.951,16.292,53.629
167.299,339.349,16.292,53.629
165.574,339.217,16.292,53.629
164.381,338.553,16.292,53.629
162.922,339.217,16.292,53.629
161.197,338.023,16.292,53.629
159.738,338.951,16.292,53.629
158.810,337.757,16.292,53.629
157.616,338.155,16.292,53.629
155.891,336.962,16.292,53.629
153.902,335.768,16.292,53.629
153.180,334.933,15.945,52.486
152.012,336.361,15.945,52.486
150.844,335.712,15.945,52.486
149.156,336.880,15.945,52.486
147.988,337.530,15.945,52.486
146.560,336.361,15.945,52.486
145.132,335.712,15.945,52.486
144.223,337.140,15.945,52.486
143.314,336.751,15.945,52.486
142.146,335.063,15.945,52.486
140.718,334.933,15.945,52.486
139.030,334.025,15.945,52.486
138.122,334.933,15.945,52.486
137.213,334.025,15.945,52.486
136.045,334.414,15.945,52.486
134.876,333.505,15.945,52.486
133.448,334.154,15.945,52.486
132.020,334.803,15.945,52.486
130.073,333.895,15.945,52.486
129.164,334.544,15.945,52.486
127.996,333.116,15.945,52.486
126.828,334.024,15.945,52.486
125.400,332.856,15.945,52.486
124.751,332.207,15.945,52.486
123.323,332.856,15.945,52.486
122.674,331.428,15.945,52.486
121.246,329.741,15.945,52.486
120.337,329.611,15.945,52.486
119.428,329.221,15.945,52.486
118.520,330.649,15.945,52.486
117.870,330.779,15.945,52.486
116.442,330.909,15.945,52.486
115.534,330.519,15.945,52.486
114.106,329.092,15.945,52.486
113.197,330.519,15.945,52.486
112.548,328.572,15.945,52.486
111.120,328.442,15.945,52.486
110.211,326.755,15.945,52.486
109.303,328.183,15.945,52.486
108.654,327.793,15.945,52.486
107.485,326.885,15.945,52.486
106.836,327.534,15.945,52.486
105.408,326.885,15.945,52.486
104.499,327.793,15.945,52.486
103.591,327.404,15.945,52.486
101.903,326.755,15.945,52.486
100.994,327.404,15.945,52.486
100.086,326.495,15.945,52.486
98.917,326.106,15.945,52.486
97.749,327.014,15.945,52.486
96.321,325.587,15.945,52.486
95.672,324.418,15.945,52.486
94.504,323.769,15.945,52.486
93.595,323.639,15.945,52.486
92.167,322.990,15.945,52.486
91.518,323.899,15.945,52.486
91.128,324.288,15.945,52.486
89.960,323.380,15.945,52.486
88.792,324.029,15.945,52.486
87.883,324.678,15.945,52.486
86.974,322.990,15.945,52.486
86.066,323.639,15.945,52.486
85.157,322.211,15.945,52.486
84.248,323.120,15.945,52.486
83.339,321.432,15.945,52.486
82.431,321.822,15.945,52.486
81.782,321.432,15.945,52.486
80.873,320.783,15.945,52.486
79.964,321.432,15.945,52.486
78.796,320.524,15.945,52.486
77.627,321.432,15.945,52.486
76.459,321.562,15.945,52.486
76.070,320.913,15.945,52.486
75.161,321.562,15.945,52.486
74.252,319.875,15.945,52.486
73.344,321.043,15.945,52.486
72.175,320.134,15.945,52.486
71.007,320.264,15.945,52.486
69.838,318.317,15.945,52.486
68.670,317.668,15.945,52.486
67.502,317.798,15.945,52.486
68.411,316.889,15.945,52.486
66.983,317.798,15.945,52.486
65.555,318.187,15.945,52.486
64.386,319.096,15.945,52.486
63.737,318.187,15.945,52.486
62.828,318.836,15.945,52.486
61.920,317.927,15.945,52.486
61.011,317.797,15.945,52.486
60.102,317.408,15.945,52.486
59.194,316.240,15.945,52.486
58.738,317.425,15.605,51.366
57.595,317.552,15.605,51.366
56.959,316.663,15.605,51.366
56.070,317.044,15.605,51.366
55.435,316.154,15.605,51.366
54.744,317.804,15.272,50.271
53.874,318.177,15.272,50.271
53.003,317.307,15.272,50.271
52.382,317.929,15.272,50.271
51.014,316.312,15.272,50.271
51.138,317.431,15.272,50.271
50.222,316.409,14.947,49.199
48.884,316.774,14.947,49.199
48.032,316.653,14.947,49.199
46.693,315.801,14.947,49.199
45.842,314.949,14.947,49.199
44.990,313.854,14.947,49.199
44.138,314.706,14.947,49.199
42.799,314.341,14.947,49.199
42.678,315.192,14.947,49.199
41.826,314.341,14.947,49.199
41.218,314.949,14.947,49.199
40.122,314.097,14.947,49.199
39.271,314.462,14.947,49.199
38.419,313.611,14.947,49.199
37.810,312.515,14.947,49.199
37.202,312.880,14.947,49.199
36.306,313.991,14.628,48.150
35.472,312.920,14.628,48.150
35.115,313.039,14.628,48.150
34.281,312.205,14.628,48.150
33.447,312.562,14.628,48.150
32.852,313.396,14.628,48.150
