130.000,132.000,31.000,115.000
130.275,129.523,31.000,115.000
130.000,130.899,31.000,115.000
129.174,131.725,31.000,115.000
129.449,130.899,31.000,115.000
129.174,130.624,31.000,115.000
128.899,128.697,31.000,115.000
128.073,127.321,31.000,115.000
128.348,127.596,31.000,115.000
128.073,126.770,31.000,115.000
127.247,127.045,31.000,115.000
126.972,127.321,31.000,115.000
126.697,128.146,31.000,115.000
125.321,127.871,31.000,115.000
126.697,128.146,31.000,115.000
124.220,126.220,31.000,115.000
124.495,125.394,31.000,115.000
124.220,124.018,31.000,115.000
123.394,122.091,31.000,115.000
123.669,122.366,31.000,115.000
123.394,122.091,31.000,115.000
124.770,121.265,31.000,115.000
123.944,122.091,31.000,115.000
124.770,122.917,31.000,115.000
123.944,122.091,31.000,115.000
123.669,122.366,31.000,115.000
122.293,120.990,31.000,115.000
123.119,119.063,31.000,115.000
122.293,119.338,31.000,115.000
122.568,116.861,31.000,115.000
121.192,116.586,31.000,115.000
122.568,115.760,31.000,115.000
121.192,116.586,31.000,115.000
122.018,115.210,31.000,115.000
121.192,117.687,31.000,115.000
121.467,115.760,31.000,115.000
121.192,116.035,31.000,115.000
120.366,114.109,31.000,115.000
121.192,113.283,31.000,115.000
120.366,112.457,31.000,115.000
121.192,111.631,31.000,115.000
120.917,110.255,31.000,115.000
121.192,111.631,31.000,115.000
121.467,109.704,31.000,115.000
122.293,110.530,31.000,115.000
122.018,110.805,31.000,115.000
121.742,111.631,31.000,115.000
120.917,110.255,31.000,115.000
121.192,110.530,31.000,115.000
120.917,107.502,31.000,115.000
120.091,107.227,31.000,115.000
120.917,105.851,31.000,115.000
120.091,106.677,31.000,115.000
120.917,105.300,31.000,115.000
119.540,107.227,31.000,115.000
119.816,105.851,31.000,115.000
119.540,106.677,31.000,115.000
118.715,105.300,31.000,115.000
118.439,106.126,31.000,115.000
119.265,104.199,31.000,115.000
117.889,103.374,31.000,115.000
118.164,103.098,31.000,115.000
118.439,101.722,31.000,115.000
119.265,101.447,31.000,115.000
118.990,102.273,31.000,115.000
119.265,101.447,31.000,115.000
120.091,101.722,31.000,115.000
119.816,101.997,31.000,115.000
119.540,101.722,31.000,115.000
118.715,100.896,31.000,115.000
118.990,99.520,31.000,115.000
118.715,98.694,31.000,115.000
117.889,97.318,31.000,115.000
118.164,97.043,31.000,115.000
118.439,96.768,31.000,115.000
118.164,96.492,31.000,115.000
117.889,97.318,31.000,115.000
117.614,97.043,31.000,115.000
116.788,96.768,31.000,115.000
117.063,95.942,31.000,115.000
116.788,95.667,31.000,115.000
115.962,93.189,31.000,115.000
116.027,95.211,30.339,112.548
115.758,93.326,30.339,112.548
117.105,94.134,30.339,112.548
116.297,92.787,30.339,112.548
117.105,93.595,30.339,112.548
116.835,93.864,30.339,112.548
117.105,92.518,30.339,112.548
117.374,94.942,30.339,112.548
117.644,93.595,30.339,112.548
117.374,94.403,30.339,112.548
116.566,91.979,30.339,112.548
117.374,92.248,30.339,112.548
116.027,90.363,30.339,112.548
116.297,90.632,30.339,112.548
116.027,90.363,30.339,112.548
116.297,89.016,30.339,112.548
116.566,89.285,30.339,112.548
116.835,90.093,30.339,112.548
115.489,89.285,30.339,112.548
117.110,90.745,29.692,110.147
116.319,88.899,29.692,110.147
114.857,89.820,29.059,107.799
116.147,88.529,29.059,107.799
115.889,88.271,29.059,107.799
116.147,88.013,29.059,107.799
116.405,88.271,29.059,107.799
116.663,86.981,29.059,107.799
115.373,88.788,29.059,107.799
117.179,88.013,29.059,107.799
116.405,89.304,29.059,107.799
117.179,87.497,29.059,107.799
115.889,87.755,29.059,107.799
116.147,87.497,29.059,107.799
116.405,85.691,29.059,107.799
116.147,85.433,29.059,107.799
115.373,84.143,29.059,107.799
116.147,83.885,29.059,107.799
114.857,85.175,29.059,107.799
114.599,83.369,29.059,107.799
113.825,84.659,29.059,107.799
114.083,84.401,29.059,107.799
112.652,85.302,28.439,105.500
113.686,84.723,27.833,103.250
112.450,85.465,27.833,103.250
113.686,83.735,27.833,103.250
111.956,84.476,27.833,103.250
113.191,83.735,27.833,103.250
112.944,84.476,27.833,103.250
112.697,83.240,27.833,103.250
112.450,83.488,27.833,103.250
113.686,83.735,27.833,103.250
111.956,84.476,27.833,103.250
113.191,83.735,27.833,103.250
111.821,83.645,27.239,101.048
112.546,83.403,27.239,101.048
111.337,82.677,27.239,101.048
112.546,80.984,27.239,101.048
110.853,81.710,27.239,101.048
112.063,80.500,27.239,101.048
111.337,80.742,27.239,101.048
111.579,80.984,27.239,101.048
109.886,82.193,27.239,101.048
110.611,81.468,27.239,101.048
108.918,82.193,27.239,101.048
109.160,80.984,27.239,101.048
108.918,79.775,27.239,101.048
108.193,79.049,27.239,101.048
108.435,78.807,27.239,101.048
107.225,78.082,27.239,101.048
108.918,79.291,27.239,101.048
108.193,78.566,27.239,101.048
108.918,77.840,27.239,101.048
108.193,79.533,27.239,101.048
108.918,78.324,27.239,101.048
107.709,80.017,27.239,101.048
107.951,78.324,27.239,101.048
107.709,79.049,27.239,101.048
106.983,76.389,27.239,101.048
107.709,76.147,27.239,101.048
106.500,75.421,27.239,101.048
106.258,75.180,27.239,101.048
107.467,73.970,27.239,101.048
106.126,76.680,26.658,98.893
106.363,74.549,26.658,98.893
106.126,77.153,26.658,98.893
105.416,75.496,26.658,98.893
105.179,76.206,26.658,98.893
104.469,73.602,26.658,98.893
105.179,72.419,26.658,98.893
103.522,74.076,26.658,98.893
104.706,72.419,26.658,98.893
103.522,74.549,26.658,98.893
105.179,72.892,26.658,98.893
104.942,74.076,26.658,98.893
104.706,73.366,26.658,98.893
104.469,75.023,26.658,98.893
105.652,72.892,26.658,98.893
105.252,73.262,26.090,96.784
105.307,72.731,25.533,94.720
104.924,71.775,24.989,92.700
105.832,73.405,24.456,90.724
104.209,73.326,23.934,88.789
105.898,74.887,23.424,86.895
103.194,75.095,23.424,86.895
100.490,74.055,23.424,86.895
99.450,75.511,23.424,86.895
98.826,76.551,23.424,86.895
97.787,75.927,23.424,86.895
99.242,74.471,23.424,86.895
97.787,75.511,23.424,86.895
98.411,75.719,23.424,86.895
89.883,91.733,23.424,86.895
90.923,94.437,23.424,86.895
92.379,95.061,23.424,86.895
93.419,96.101,23.424,86.895
94.459,97.557,23.424,86.895
95.499,96.101,23.424,86.895
96.539,94.645,23.424,86.895
97.995,94.853,23.424,86.895
97.787,95.477,23.424,86.895
100.074,94.437,23.424,86.895
99.034,95.477,23.424,86.895
101.322,97.349,23.424,86.895
102.142,99.625,23.942,88.818
102.980,101.950,24.472,90.783
104.936,103.471,24.472,90.783
106.457,103.689,24.472,90.783
105.510,105.164,25.013,92.792
106.176,104.942,25.013,92.792
109.063,106.053,25.013,92.792
109.017,108.022,25.567,94.845
108.336,102.346,25.567,94.845
109.925,98.941,25.567,94.845
108.336,100.530,25.567,94.845
111.287,101.665,25.567,94.845
111.060,103.254,25.567,94.845
112.195,103.935,25.567,94.845
111.968,105.978,25.567,94.845
112.649,107.114,25.567,94.845
113.784,107.341,25.567,94.845
112.195,105.751,25.567,94.845
113.330,106.887,25.567,94.845
112.649,105.297,25.567,94.845
114.238,102.800,25.567,94.845
112.649,104.389,25.567,94.845
115.146,104.616,25.567,94.845
113.215,105.216,26.132,96.943
114.375,106.840,26.132,96.943
113.215,104.288,26.132,96.943
115.303,106.840,26.132,96.943
115.736,107.453,26.711,99.088
114.702,107.587,27.302,101.280
116.664,108.227,27.906,103.521
114.556,108.881,28.523,105.811
117.131,115.331,29.154,108.153
115.465,117.626,29.799,110.545
117.606,114.481,30.459,112.991
115.305,112.390,31.132,115.491
116.395,109.678,31.821,118.046
117.242,107.135,31.821,118.046
116.960,110.243,31.821,118.046
116.112,113.351,31.821,118.046
117.525,116.459,31.821,118.046
117.242,113.351,31.821,118.046
117.183,117.029,32.525,120.658
118.050,118.472,32.525,120.658
117.761,117.029,32.525,120.658
118.050,119.050,32.525,120.658
118.339,117.606,32.525,120.658
118.878,114.174,33.245,123.328
120.944,118.011,33.245,123.328
120.649,115.945,33.245,123.328
121.200,114.274,33.980,126.056
120.898,117.593,33.980,126.056
122.713,114.634,34.732,128.845
121.788,116.176,34.732,128.845
123.947,115.250,34.732,128.845
123.639,116.176,34.732,128.845
123.330,115.250,34.732,128.845
126.722,114.942,34.732,128.845
125.180,112.783,34.732,128.845
127.956,115.559,34.732,128.845
126.414,113.400,34.732,128.845
127.956,116.792,34.732,128.845
127.031,114.017,34.732,128.845
127.956,114.942,34.732,128.845
128.264,114.017,34.732,128.845
129.190,114.325,34.732,128.845
128.264,114.017,34.732,128.845
128.840,112.912,35.501,131.696
128.525,110.705,35.501,131.696
130.101,112.912,35.501,131.696
127.894,109.444,35.501,131.696
129.137,110.931,36.286,134.610
128.170,110.608,36.286,134.610
128.772,112.796,37.089,137.588
129.760,114.443,37.089,137.588
130.089,114.114,37.089,137.588
129.101,115.101,37.089,137.588
129.430,112.138,37.089,137.588
131.077,112.467,37.089,137.588
130.089,113.455,37.089,137.588
131.077,111.808,37.089,137.588
130.089,110.820,37.089,137.588
131.736,108.515,37.089,137.588
131.406,110.162,37.089,137.588
131.736,106.539,37.089,137.588
132.065,108.186,37.089,137.588
133.363,109.055,37.910,140.632
133.700,106.699,37.910,140.632
135.383,106.363,37.910,140.632
134.373,105.353,37.910,140.632
136.056,105.016,37.910,140.632
133.700,103.333,37.910,140.632
136.729,104.343,37.910,140.632
136.392,104.680,37.910,140.632
136.729,105.016,37.910,140.632
137.066,104.006,37.910,140.632
134.709,104.343,37.910,140.632
137.066,103.333,37.910,140.632
133.363,104.343,37.910,140.632
135.046,104.680,37.910,140.632
132.690,103.670,37.910,140.632
135.046,104.006,37.910,140.632
133.363,101.650,37.910,140.632
134.373,100.640,37.910,140.632
133.363,99.631,37.910,140.632
133.700,99.967,37.910,140.632
134.036,98.284,37.910,140.632
134.373,97.274,37.910,140.632
132.690,96.938,37.910,140.632
135.046,96.601,37.910,140.632
133.363,96.938,37.910,140.632
135.046,96.601,37.910,140.632
133.363,96.938,37.910,140.632
135.719,95.928,37.910,140.632
136.729,95.591,37.910,140.632
137.739,95.928,37.910,140.632
138.749,94.245,37.910,140.632
139.085,93.908,37.910,140.632
138.075,92.898,37.910,140.632
139.758,91.215,37.910,140.632
140.768,91.552,37.910,140.632
141.105,91.889,37.910,140.632
140.095,90.206,37.910,140.632
141.105,91.215,37.910,140.632
141.441,91.552,37.910,140.632
142.451,91.215,37.910,140.632
141.441,90.879,37.910,140.632
142.451,90.542,37.910,140.632
140.768,92.225,37.910,140.632
142.451,89.196,37.910,140.632
141.441,87.513,37.910,140.632
142.451,87.849,37.910,140.632
142.788,86.166,37.910,140.632
142.451,86.503,37.910,140.632
141.441,86.840,37.910,140.632
142.451,85.157,37.910,140.632
140.768,86.166,37.910,140.632
142.451,85.157,37.910,140.632
140.095,86.166,37.910,140.632
141.105,85.157,37.910,140.632
140.095,86.166,37.910,140.632
141.473,86.044,37.101,137.633
141.143,83.738,37.101,137.633
139.496,82.749,37.101,137.633
139.825,81.761,37.101,137.633
138.837,82.749,37.101,137.633
138.508,81.761,37.101,137.633
136.861,82.749,37.101,137.633
137.190,81.102,37.101,137.633
135.363,84.157,36.310,134.698
134.396,83.190,36.310,134.698
132.784,84.157,36.310,134.698
134.396,83.835,36.310,134.698
130.205,83.513,36.310,134.698
127.303,83.190,36.310,134.698
125.691,82.223,36.310,134.698
124.724,80.611,36.310,134.698
125.691,82.223,36.310,134.698
120.855,78.677,36.310,134.698
117.824,77.938,35.536,131.826
114.984,77.622,35.536,131.826
112.776,79.200,35.536,131.826
110.567,80.777,35.536,131.826
109.620,79.831,35.536,131.826
107.412,81.408,35.536,131.826
104.572,79.831,35.536,131.826
101.101,78.884,35.536,131.826
102.392,81.810,34.778,129.014
97.703,84.079,34.036,126.263
94.280,84.551,33.310,123.571
91.026,83.073,33.310,123.571
88.364,81.594,33.310,123.571
88.068,82.481,33.310,123.571
84.718,85.224,32.600,120.935
80.376,85.513,32.600,120.935
74.876,86.961,32.600,120.935
71.113,90.145,32.600,120.935
67.350,91.592,32.600,120.935
63.008,89.566,32.600,120.935
59.245,90.434,32.600,120.935
55.482,87.250,32.600,120.935
53.456,81.172,32.600,120.935
54.324,79.724,32.600,120.935
50.561,81.750,32.600,120.935
48.398,85.551,31.905,118.356
46.281,85.994,31.224,115.832
47.415,88.031,30.559,113.362
45.911,90.024,29.907,110.945
50.581,120.129,29.269,108.579
51.360,129.745,29.269,108.579
51.620,138.841,29.269,108.579
51.181,142.253,28.645,106.263
50.751,143.631,28.034,103.997
54.485,145.871,28.034,103.997
54.733,148.111,28.034,103.997
54.982,149.356,28.034,103.997
55.231,151.099,28.034,103.997
54.810,153.407,27.436,101.780
53.929,150.970,26.851,99.609
54.167,151.209,26.851,99.609
54.883,152.877,26.851,99.609
54.939,151.412,26.279,97.485
54.545,154.026,25.718,95.406
54.773,155.624,25.718,95.406
55.001,155.396,25.718,95.406
54.773,156.081,25.718,95.406
54.545,154.026,25.718,95.406
54.316,154.711,25.718,95.406
54.088,152.655,25.718,95.406
55.022,155.654,25.170,93.371
54.799,156.324,25.170,93.371
55.022,156.995,25.170,93.371
54.799,156.771,25.170,93.371
55.283,157.982,24.633,91.380
55.064,156.014,24.633,91.380
54.845,156.670,24.633,91.380
54.627,156.014,24.633,91.380
55.283,157.982,24.633,91.380
55.064,155.139,24.633,91.380
54.845,155.795,24.633,91.380
54.627,155.139,24.633,91.380
55.283,157.107,24.633,91.380
54.627,154.264,24.633,91.380
55.283,158.857,24.633,91.380
54.627,157.326,24.633,91.380
55.283,158.419,24.633,91.380
55.064,158.638,24.633,91.380
54.845,158.857,24.633,91.380
54.627,156.888,24.633,91.380
55.283,157.107,24.633,91.380
55.501,156.888,24.633,91.380
55.283,157.982,24.633,91.380
55.064,158.201,24.633,91.380
54.845,157.982,24.633,91.380
54.627,157.326,24.633,91.380
55.720,159.294,24.633,91.380
55.064,159.076,24.633,91.380
54.845,155.795,24.633,91.380
54.627,155.139,24.633,91.380
55.283,157.107,24.633,91.380
55.064,156.888,24.633,91.380
54.408,154.483,24.633,91.380
55.064,157.326,24.633,91.380
54.845,154.483,24.633,91.380
54.189,153.389,24.633,91.380
54.845,156.232,24.633,91.380
54.627,156.451,24.633,91.380
55.283,157.107,24.633,91.380
55.064,158.201,24.633,91.380
54.845,157.545,24.633,91.380
54.189,156.888,24.633,91.380
54.845,158.857,24.633,91.380
54.627,157.763,24.633,91.380
55.283,158.857,24.633,91.380
54.627,158.638,24.633,91.380
55.283,160.169,24.633,91.380
55.501,161.700,24.633,91.380
55.720,160.169,24.633,91.380
54.627,162.138,24.633,91.380
55.283,158.857,24.633,91.380
55.501,159.951,24.633,91.380
55.720,160.169,24.633,91.380
55.064,162.575,24.633,91.380
55.720,171.980,24.633,91.380
55.064,174.386,24.633,91.380
55.720,175.480,24.633,91.380
54.189,196.695,24.633,91.380
55.720,199.976,24.633,91.380
54.189,200.632,24.633,91.380
56.158,202.163,24.633,91.380
55.064,201.507,24.633,91.380
56.158,203.038,24.633,91.380
55.501,205.007,24.633,91.380
57.032,204.350,24.633,91.380
55.064,201.945,24.633,91.380
56.158,203.913,24.633,91.380
54.627,201.507,24.633,91.380
56.595,203.038,24.633,91.380
55.501,203.694,24.633,91.380
57.032,205.225,24.633,91.380
55.501,201.945,24.633,91.380
57.032,205.225,24.633,91.380
55.064,202.819,24.633,91.380
56.158,204.788,24.633,91.380
55.501,203.257,24.633,91.380
57.032,205.225,24.633,91.380
54.627,201.945,24.633,91.380
56.595,202.163,24.633,91.380
55.501,201.945,24.633,91.380
56.158,203.476,24.633,91.380
56.376,205.007,24.633,91.380
55.283,202.601,24.633,91.380
56.814,205.007,24.633,91.380
54.845,202.163,24.633,91.380
55.501,204.569,24.633,91.380
57.032,206.100,24.633,91.380
