213.000,121.000,21.000,95.000
211.918,118.619,21.000,95.000
210.114,115.548,21.465,97.102
209.647,112.408,21.940,99.250
210.777,110.373,21.940,99.250
209.647,111.956,21.940,99.250
208.516,109.469,21.940,99.250
208.742,109.695,21.940,99.250
209.873,110.373,21.940,99.250
210.551,111.051,21.940,99.250
212.586,109.469,21.940,99.250
215.526,107.886,21.940,99.250
219.369,106.755,21.940,99.250
221.856,106.529,21.940,99.250
223.891,105.399,21.940,99.250
225.022,106.529,21.940,99.250
222.987,106.755,21.940,99.250
221.856,106.981,21.940,99.250
219.369,107.660,21.940,99.250
216.430,106.529,21.940,99.250
217.108,107.208,21.940,99.250
217.334,108.338,21.940,99.250
217.108,107.660,21.940,99.250
216.882,105.173,21.940,99.250
218.917,103.590,21.940,99.250
220.952,102.007,21.940,99.250
221.630,100.877,21.940,99.250
220.500,100.198,21.940,99.250
219.821,99.068,21.940,99.250
221.856,97.485,21.940,99.250
221.178,96.807,21.940,99.250
223.213,98.390,21.940,99.250
225.700,98.616,21.940,99.250
227.283,97.937,21.940,99.250
228.413,96.355,21.940,99.250
229.996,95.224,21.940,99.250
231.127,96.807,21.940,99.250
232.257,94.772,21.940,99.250
234.744,94.998,21.940,99.250
237.231,96.129,21.940,99.250
234.744,94.998,21.940,99.250
233.161,98.390,21.940,99.250
230.222,100.425,21.940,99.250
226.831,104.268,21.940,99.250
225.539,108.160,21.472,97.134
225.760,110.594,21.472,97.134
225.982,112.143,21.472,97.134
225.318,110.594,21.472,97.134
226.867,113.028,21.472,97.134
223.990,110.594,21.472,97.134
221.113,109.045,21.472,97.134
217.794,107.496,21.472,97.134
213.590,106.389,21.472,97.134
209.386,104.840,21.472,97.134
205.624,105.062,21.472,97.134
203.632,103.070,21.472,97.134
203.411,101.521,21.472,97.134
204.960,100.415,21.472,97.134
203.411,101.964,21.472,97.134
205.403,102.185,21.472,97.134
206.509,103.734,21.472,97.134
208.058,106.168,21.472,97.134
209.607,108.160,21.472,97.134
211.598,108.823,21.472,97.134
212.705,109.045,21.472,97.134
209.828,108.381,21.472,97.134
208.279,107.717,21.472,97.134
211.156,107.938,21.472,97.134
213.147,106.832,21.472,97.134
215.139,107.938,21.472,97.134
221.113,106.832,21.472,97.134
228.416,107.496,21.472,97.134
232.620,103.734,21.472,97.134
234.612,100.857,21.472,97.134
231.735,101.964,21.472,97.134
227.531,99.087,21.472,97.134
218.016,99.308,21.472,97.134
209.386,100.857,21.472,97.134
206.415,102.106,21.014,95.062
204.033,99.291,21.014,95.062
202.517,94.743,21.014,95.062
202.115,86.781,20.566,93.035
206.142,83.178,20.566,93.035
209.745,79.575,20.566,93.035
212.076,75.548,20.566,93.035
212.091,71.433,20.127,91.051
210.907,70.605,19.698,89.109
212.734,71.214,19.698,89.109
211.313,74.259,19.698,89.109
209.486,80.958,19.698,89.109
211.065,86.408,19.278,87.209
211.661,94.554,19.278,87.209
211.065,99.918,19.278,87.209
211.470,102.869,19.704,89.139
210.049,105.915,19.704,89.139
213.501,108.961,19.704,89.139
216.141,111.601,19.704,89.139
217.968,115.459,19.704,89.139
217.765,120.942,19.704,89.139
215.532,125.613,19.704,89.139
213.298,128.659,19.704,89.139
211.470,131.299,19.704,89.139
210.049,134.751,19.704,89.139
211.727,135.239,20.140,91.111
211.104,134.202,20.140,91.111
212.142,133.579,20.140,91.111
211.104,133.371,20.140,91.111
210.067,131.503,20.140,91.111
207.783,128.805,20.140,91.111
209.236,126.107,20.140,91.111
211.519,122.993,20.140,91.111
211.727,120.295,20.140,91.111
211.104,117.597,20.140,91.111
210.897,114.899,20.140,91.111
214.010,116.767,20.140,91.111
215.878,114.899,20.140,91.111
219.407,117.182,20.140,91.111
215.878,114.899,20.140,91.111
216.693,118.071,19.711,89.168
217.099,118.043,19.290,87.266
218.263,121.464,18.879,85.405
219.777,122.187,18.476,83.584
220.891,125.097,18.082,81.802
222.196,123.793,18.082,81.802
224.365,125.922,17.697,80.057
226.006,125.010,17.697,80.057
223.350,122.422,18.088,81.828
222.418,123.354,18.088,81.828
224.469,123.540,18.088,81.828
225.623,124.376,18.489,83.639
227.337,125.709,18.489,83.639
228.912,123.400,18.898,85.489
231.054,125.543,18.898,85.489
232.418,124.958,18.898,85.489
234.684,127.935,18.495,83.666
235.637,126.982,18.495,83.666
233.653,129.418,18.904,85.517
232.433,128.270,19.322,87.409
231.835,128.469,19.322,87.409
232.433,127.473,19.322,87.409
232.234,128.071,19.322,87.409
235.619,127.075,19.322,87.409
237.936,125.896,18.910,85.545
236.182,124.921,18.910,85.545
238.326,125.116,18.910,85.545
240.859,124.142,18.910,85.545
240.664,123.557,18.910,85.545
241.639,122.583,18.910,85.545
240.275,121.219,18.910,85.545
239.690,120.634,18.910,85.545
237.825,118.353,18.507,83.721
236.109,117.018,18.507,83.721
239.064,115.888,18.112,81.936
237.384,114.209,18.112,81.936
238.476,113.103,17.726,80.188
238.489,113.078,17.348,78.478
240.915,113.398,16.978,76.805
241.090,112.173,16.978,76.805
241.439,112.486,16.616,75.167
242.442,114.113,16.262,73.564
242.274,114.615,16.262,73.564
241.771,113.442,16.262,73.564
243.950,113.945,16.262,73.564
243.112,115.789,16.262,73.564
243.950,117.632,16.262,73.564
243.112,115.453,16.262,73.564
244.285,115.621,16.262,73.564
246.464,115.453,16.262,73.564
247.637,115.956,16.262,73.564
247.134,115.118,16.262,73.564
244.955,115.621,16.262,73.564
241.771,114.783,16.262,73.564
239.257,115.286,16.262,73.564
236.744,117.464,16.262,73.564
234.651,117.520,16.621,75.192
232.512,115.089,16.989,76.855
231.287,112.813,16.989,76.855
229.361,110.536,16.989,76.855
229.186,111.062,16.989,76.855
229.011,109.836,16.989,76.855
229.886,108.611,16.989,76.855
228.661,107.735,16.989,76.855
226.384,107.210,16.989,76.855
226.209,108.435,16.989,76.855
224.984,109.661,16.989,76.855
223.408,107.035,16.989,76.855
225.334,109.311,16.989,76.855
225.859,112.637,16.989,76.855
223.233,109.311,16.989,76.855
222.358,110.186,16.989,76.855
224.634,112.462,16.989,76.855
224.108,114.738,16.989,76.855
225.684,113.863,16.989,76.855
224.809,114.738,16.989,76.855
224.284,115.264,16.989,76.855
222.708,114.738,16.989,76.855
220.782,112.462,16.989,76.855
221.657,112.988,16.989,76.855
223.695,112.963,16.627,75.216
221.810,110.736,16.627,75.216
223.009,110.222,16.627,75.216
221.467,110.050,16.627,75.216
219.828,112.008,16.272,73.612
221.002,113.853,16.272,73.612
219.157,114.356,16.272,73.612
217.312,113.182,16.272,73.612
217.145,114.692,16.272,73.612
218.318,112.512,16.272,73.612
218.151,110.667,16.272,73.612
216.977,110.835,16.272,73.612
214.126,112.679,16.272,73.612
216.401,115.889,15.925,72.042
216.565,120.648,15.925,72.042
216.729,124.751,15.925,72.042
216.893,127.869,15.925,72.042
217.221,131.327,15.586,70.506
215.454,133.094,15.586,70.506
214.330,136.145,15.586,70.506
215.776,138.233,15.586,70.506
215.294,140.321,15.586,70.506
217.061,141.767,15.586,70.506
216.900,143.213,15.586,70.506
218.667,143.694,15.586,70.506
217.221,142.570,15.586,70.506
216.739,142.731,15.586,70.506
216.257,142.570,15.586,70.506
218.988,143.052,15.586,70.506
218.506,142.249,15.586,70.506
219.952,141.125,15.586,70.506
219.344,142.960,15.253,69.003
217.929,143.746,15.253,69.003
217.637,143.421,14.928,67.531
214.714,142.960,14.928,67.531
210.868,143.421,14.928,67.531
208.253,142.960,14.928,67.531
207.484,144.652,14.928,67.531
205.484,143.267,14.928,67.531
202.253,144.344,14.928,67.531
199.945,144.498,14.928,67.531
198.561,145.883,14.928,67.531
200.471,146.572,15.258,69.025
202.423,144.340,15.596,70.552
203.084,142.726,15.941,72.113
204.441,143.462,16.294,73.709
206.526,144.215,16.654,75.340
209.787,142.327,16.654,75.340
212.705,140.782,16.654,75.340
215.622,139.924,16.654,75.340
218.540,141.469,16.654,75.340
221.458,140.267,16.654,75.340
223.346,141.125,16.654,75.340
224.547,140.267,16.654,75.340
226.092,139.066,16.654,75.340
224.547,136.148,16.654,75.340
224.719,134.947,16.654,75.340
225.069,131.442,17.023,77.007
224.893,128.109,17.023,77.007
223.315,126.179,17.023,77.007
224.400,125.509,17.399,78.710
223.504,124.254,17.399,78.710
223.683,124.792,17.399,78.710
222.932,124.107,17.784,80.452
221.650,124.291,17.784,80.452
220.000,125.207,17.784,80.452
218.600,126.595,17.405,78.736
218.420,127.492,17.405,78.736
216.806,127.671,17.405,78.736
215.781,129.029,17.034,77.057
214.553,128.152,17.034,77.057
213.324,126.923,17.034,77.057
215.957,127.801,17.034,77.057
215.430,126.572,17.034,77.057
217.010,128.152,17.034,77.057
215.079,127.976,17.034,77.057
214.553,128.854,17.034,77.057
211.920,129.029,17.034,77.057
209.286,127.449,17.034,77.057
202.869,126.410,16.670,75.414
199.949,124.864,16.670,75.414
198.967,123.846,16.315,73.806
200.144,122.669,16.315,73.806
197.622,122.165,16.315,73.806
196.782,120.652,16.315,73.806
194.849,120.304,15.967,72.232
192.006,119.330,15.626,70.691
189.844,117.134,15.293,69.184
188.425,116.662,15.293,69.184
186.376,115.243,15.293,69.184
184.328,115.716,15.293,69.184
182.279,113.667,15.293,69.184
179.284,112.249,15.293,69.184
178.080,109.796,14.967,67.708
180.172,105.909,14.648,66.265
183.093,102.978,14.336,64.851
181.680,100.964,14.030,63.468
181.132,99.829,13.731,62.115
183.325,101.719,13.438,60.790
181.801,100.473,13.438,60.790
180.278,101.719,13.438,60.790
179.031,100.196,13.438,60.790
177.231,98.949,13.438,60.790
175.985,98.811,13.438,60.790
173.908,97.288,13.438,60.790
171.830,97.426,13.438,60.790
169.170,96.072,13.151,59.494
167.680,95.665,13.151,59.494
166.731,96.072,13.151,59.494
165.511,96.208,13.151,59.494
164.291,97.698,13.151,59.494
159.277,100.274,13.151,59.494
157.515,102.307,13.151,59.494
155.260,103.758,13.442,60.810
154.013,105.004,13.442,60.810
152.858,105.338,13.740,62.156
151.678,105.385,14.044,63.531
153.174,103.631,14.354,64.937
153.169,101.838,14.672,66.373
152.715,99.268,14.672,66.373
153.169,100.024,14.672,66.373
151.808,98.965,14.672,66.373
150.750,100.628,14.672,66.373
149.994,99.872,14.672,66.373
149.540,99.721,14.672,66.373
148.482,99.570,14.672,66.373
147.121,98.814,14.672,66.373
148.998,99.178,14.997,67.842
148.225,97.478,14.997,67.842
147.452,99.178,14.997,67.842
148.843,98.096,14.997,67.842
148.689,99.178,14.997,67.842
150.389,100.260,14.997,67.842
148.998,101.342,14.997,67.842
146.427,103.958,15.328,69.343
145.637,106.644,15.328,69.343
148.006,112.173,15.328,69.343
149.312,114.847,15.668,70.877
150.311,116.241,16.014,72.445
152.703,117.323,16.368,74.048
159.347,118.079,16.731,75.686
168.285,115.632,17.101,77.361
176.921,112.988,17.101,77.361
180.622,110.697,17.101,77.361
179.955,108.634,16.736,75.711
181.852,109.842,16.736,75.711
179.610,108.634,16.736,75.711
177.814,109.049,17.106,77.386
176.580,108.873,17.106,77.386
174.379,109.663,17.485,79.098
171.007,108.975,17.872,80.848
166.403,109.896,17.872,80.848
162.574,108.810,18.267,82.637
159.374,110.505,18.267,82.637
158.056,109.187,18.267,82.637
160.127,110.881,18.267,82.637
156.995,108.991,18.671,84.466
154.992,109.454,19.084,86.334
152.435,108.077,19.084,86.334
153.025,108.274,19.084,86.334
154.009,109.650,19.084,86.334
152.632,107.880,19.084,86.334
150.468,108.077,19.084,86.334
148.305,105.127,19.084,86.334
150.468,102.177,19.084,86.334
153.726,98.161,19.507,88.244
154.731,96.753,19.507,88.244
152.922,95.748,19.507,88.244
153.525,93.939,19.507,88.244
158.965,95.849,19.091,86.363
162.771,95.821,18.684,84.521
165.383,99.878,18.285,82.719
167.213,103.847,17.895,80.955
169.003,108.799,17.514,79.228
167.972,112.949,17.140,77.539
170.028,117.692,16.775,75.885
171.706,121.000,16.417,74.267
171.392,123.912,16.067,72.683
173.638,126.123,15.724,71.133
176.393,127.258,15.724,71.133
178.500,129.040,15.724,71.133
177.689,129.850,15.724,71.133
176.555,130.337,15.724,71.133
175.097,132.119,15.724,71.133
173.314,133.902,15.724,71.133
171.207,136.008,15.724,71.133
168.777,134.550,15.724,71.133
166.022,127.582,15.724,71.133
166.971,120.687,15.389,69.616
165.453,117.913,15.061,68.132
166.960,114.601,14.739,66.679
165.800,110.773,14.425,65.257
168.676,105.594,14.118,63.865
170.858,99.629,14.118,63.865
168.676,96.283,14.118,63.865
170.858,94.391,14.118,63.865
173.041,94.537,14.118,63.865
174.932,95.846,14.118,63.865
176.823,96.283,14.118,63.865
178.133,98.465,14.118,63.865
179.151,101.229,14.118,63.865
177.842,105.740,14.118,63.865
175.368,110.832,14.118,63.865
172.646,113.597,14.430,65.278
170.481,115.806,14.749,66.722
168.809,119.606,14.749,66.722
162.180,125.018,15.075,68.199
154.760,128.294,15.409,69.707
150.800,130.982,15.750,71.250
148.436,131.710,16.098,72.826
147.054,133.486,16.455,74.437
148.455,133.190,16.819,76.084
151.686,133.607,17.191,77.768
154.988,130.725,17.571,79.488
157.611,127.028,17.960,81.247
156.686,123.141,17.960,81.247
157.241,119.624,17.960,81.247
158.167,116.478,17.960,81.247
160.573,112.221,17.960,81.247
162.979,110.185,17.960,81.247
164.645,109.259,17.960,81.247
166.311,107.594,17.960,81.247
167.976,104.817,17.960,81.247
166.049,102.574,18.357,83.045
167.752,99.737,18.357,83.045
169.455,98.412,18.357,83.045
170.779,97.466,18.357,83.045
172.860,98.791,18.357,83.045
171.536,97.466,18.357,83.045
169.959,99.099,18.763,84.882
167.143,97.558,19.179,86.760
164.969,97.361,19.179,86.760
164.376,97.558,19.179,86.760
162.597,97.361,19.179,86.760
159.237,96.768,19.179,86.760
156.668,97.361,19.179,86.760
155.284,95.977,19.179,86.760
152.816,94.402,19.603,88.680
150.594,93.796,19.603,88.680
148.776,91.574,19.603,88.680
147.362,89.352,19.603,88.680
149.180,85.917,19.603,88.680
149.786,82.483,19.603,88.680
151.604,80.261,19.603,88.680
153.826,77.635,19.603,88.680
152.816,77.029,19.603,88.680
155.039,77.231,19.603,88.680
156.857,76.624,19.603,88.680
157.867,76.826,19.603,88.680
160.089,77.433,19.603,88.680
163.928,77.231,19.603,88.680
172.210,80.261,19.603,88.680
175.645,82.887,19.603,88.680
177.867,89.958,19.603,88.680
176.049,93.796,19.603,88.680
178.789,98.441,19.185,86.788
176.614,102.593,19.185,86.788
177.998,105.164,19.185,86.788
175.823,105.361,19.185,86.788
177.362,107.621,18.776,84.938
176.007,107.427,18.776,84.938
174.653,108.395,18.776,84.938
173.685,107.814,18.776,84.938
174.266,106.847,18.776,84.938
172.138,107.814,18.776,84.938
170.396,109.943,18.776,84.938
169.042,112.458,18.776,84.938
168.461,114.973,18.776,84.938
168.268,116.328,18.776,84.938
166.913,118.069,18.776,84.938
164.785,117.102,18.776,84.938
161.441,119.686,18.375,83.126
158.222,120.254,18.375,83.126
157.140,120.228,17.983,81.354
158.225,122.703,17.600,79.619
157.888,121.979,17.225,77.921
160.906,124.286,17.225,77.921
162.972,125.630,16.857,76.259
162.649,127.281,16.498,74.633
165.200,127.791,16.498,74.633
166.390,127.961,16.498,74.633
163.839,126.431,16.498,74.633
161.969,124.220,16.498,74.633
163.948,122.886,16.146,73.041
164.601,123.825,15.802,71.484
163.461,121.382,15.802,71.484
165.252,118.288,15.802,71.484
164.764,115.845,15.802,71.484
163.950,114.054,15.802,71.484
166.392,111.286,15.802,71.484
169.161,108.517,15.802,71.484
172.255,106.400,15.802,71.484
174.046,103.958,15.802,71.484
175.512,101.515,15.802,71.484
175.023,100.049,15.802,71.484
174.535,98.584,15.802,71.484
176.000,98.747,15.802,71.484
174.860,97.607,15.802,71.484
174.697,97.444,15.802,71.484
176.381,97.836,16.151,73.065
175.684,97.545,16.509,74.682
176.195,98.056,16.509,74.682
176.705,98.907,16.509,74.682
175.993,97.551,16.874,76.334
176.167,97.029,16.874,76.334
177.384,96.160,16.874,76.334
177.210,95.638,16.874,76.334
175.761,93.891,17.247,78.023
177.005,93.003,17.247,78.023
175.761,91.048,17.247,78.023
174.516,90.870,17.247,78.023
172.917,92.469,17.247,78.023
170.251,90.514,17.247,78.023
168.295,90.692,17.247,78.023
166.340,91.225,17.247,78.023
164.030,90.692,17.247,78.023
161.719,92.292,17.247,78.023
159.408,91.403,17.247,78.023
157.098,92.292,17.247,78.023
154.431,90.692,17.247,78.023
152.121,89.448,17.247,78.023
150.521,88.204,17.247,78.023
148.210,86.604,17.247,78.023
146.966,88.559,17.247,78.023
145.722,88.026,17.247,78.023
145.189,87.493,17.247,78.023
146.077,88.381,17.247,78.023
144.478,88.204,17.247,78.023
142.878,88.737,17.247,78.023
141.634,88.915,17.247,78.023
140.034,89.092,17.247,78.023
139.501,87.848,17.247,78.023
138.612,89.092,17.247,78.023
138.079,88.559,17.247,78.023
140.034,91.225,17.247,78.023
138.079,94.958,17.247,78.023
140.390,99.401,17.247,78.023
142.345,103.490,17.247,78.023
145.011,107.933,17.247,78.023
153.009,115.932,17.247,78.023
159.941,119.309,17.247,78.023
162.963,120.908,17.247,78.023
161.363,121.442,17.247,78.023
163.319,120.908,17.247,78.023
161.719,118.598,17.247,78.023
159.764,114.154,17.247,78.023
159.230,110.422,17.247,78.023
161.897,107.755,17.247,78.023
162.074,103.667,17.247,78.023
161.897,98.513,17.247,78.023
163.141,96.558,17.247,78.023
162.468,95.505,16.879,76.359
161.250,93.939,16.879,76.359
160.927,93.245,16.519,74.731
159.395,92.393,16.519,74.731
156.501,91.542,16.519,74.731
149.181,91.712,16.519,74.731
142.882,89.840,16.519,74.731
139.306,86.605,16.519,74.731
135.391,81.668,16.519,74.731
131.135,75.029,16.519,74.731
131.305,70.432,16.519,74.731
127.389,56.302,16.519,74.731
145.265,48.981,16.519,74.731
173.873,44.445,16.885,76.384
176.483,46.708,16.885,76.384
224.138,40.627,17.259,78.074
226.094,38.671,17.259,78.074
241.924,45.607,17.259,78.074
255.942,47.880,17.640,79.802
269.893,44.923,18.031,81.567
271.937,43.622,18.031,81.567
268.406,46.409,18.031,81.567
262.330,48.891,17.646,79.828
255.965,56.711,17.646,79.828
255.783,65.622,17.646,79.828
261.784,72.714,17.646,79.828
260.511,75.806,17.646,79.828
253.419,88.717,17.646,79.828
241.598,102.356,17.646,79.828
229.050,114.541,17.646,79.828
221.958,122.360,17.646,79.828
214.866,124.361,17.646,79.828
208.137,123.088,17.646,79.828
204.318,125.088,17.646,79.828
197.519,120.998,18.037,81.594
196.741,115.274,18.436,83.399
199.100,110.212,18.844,85.244
200.302,103.426,19.260,87.131
204.413,98.961,19.687,89.058
209.080,96.730,19.687,89.058
216.992,98.961,19.687,89.058
219.629,98.758,19.687,89.058
218.209,100.584,19.687,89.058
214.354,103.628,19.687,89.058
210.849,108.684,19.267,87.159
206.679,109.676,19.267,87.159
204.014,111.945,18.856,85.300
201.099,115.249,18.856,85.300
