450.000,91.000,31.000,37.000
465.379,124.566,31.000,37.000
475.408,157.329,31.000,37.000
471.530,178.324,31.000,37.000
462.194,195.862,30.339,36.211
473.400,229.271,31.010,37.012
468.477,247.876,31.696,37.831
503.070,282.469,31.696,37.831
515.628,317.373,32.398,38.668
520.520,351.334,32.398,38.668
531.840,385.854,32.398,38.668
543.160,420.374,32.398,38.668
554.481,454.894,32.398,38.668
565.801,489.414,32.398,38.668
577.121,523.934,32.398,38.668
588.442,558.454,32.398,38.668
599.762,592.974,32.398,38.668
611.082,627.493,32.398,38.668
622.402,662.013,32.398,38.668
633.723,696.533,32.398,38.668
645.043,731.053,32.398,38.668
656.363,765.573,32.398,38.668
667.684,800.093,32.398,38.668
679.004,834.613,32.398,38.668
690.324,869.133,32.398,38.668
701.645,903.653,32.398,38.668
712.965,938.173,32.398,38.668
724.285,972.692,32.398,38.668
735.606,1007.212,32.398,38.668
746.926,1041.732,32.398,38.668
758.246,1076.252,32.398,38.668
769.567,1110.772,32.398,38.668
780.887,1145.292,32.398,38.668
792.207,1179.812,32.398,38.668
803.527,1214.332,32.398,38.668
814.848,1248.852,32.398,38.668
826.168,1283.372,32.398,38.668
837.488,1317.891,32.398,38.668
848.809,1352.411,32.398,38.668
860.129,1386.931,32.398,38.668
871.449,1421.451,32.398,38.668
882.770,1455.971,32.398,38.668
894.090,1490.491,32.398,38.668
905.410,1525.011,32.398,38.668
916.731,1559.531,32.398,38.668
928.051,1594.051,32.398,38.668
939.371,1628.571,32.398,38.668
950.692,1663.090,32.398,38.668
962.012,1697.610,32.398,38.668
973.332,1732.130,32.398,38.668
984.652,1766.650,32.398,38.668
995.973,1801.170,32.398,38.668
1007.293,1835.690,32.398,38.668
1018.613,1870.210,32.398,38.668
1029.934,1904.730,32.398,38.668
1041.254,1939.250,32.398,38.668
1052.574,1973.769,32.398,38.668
1063.895,2008.289,32.398,38.668
1075.215,2042.809,32.398,38.668
1086.535,2077.329,32.398,38.668
1097.856,2111.849,32.398,38.668
1109.176,2146.369,32.398,38.668
1120.496,2180.888,32.398,38.668
1131.816,2215.408,32.398,38.668
1143.137,2249.928,32.398,38.668
1154.457,2284.448,32.398,38.668
1165.777,2318.967,32.398,38.668
1177.098,2353.487,32.398,38.668
1188.418,2388.007,32.398,38.668
1199.738,2422.527,32.398,38.668
1211.059,2457.047,32.398,38.668
1222.379,2491.566,32.398,38.668
1233.699,2526.086,32.398,38.668
1245.020,2560.606,32.398,38.668
1256.340,2595.126,32.398,38.668
1267.660,2629.645,32.398,38.668
1278.981,2664.165,32.398,38.668
1290.301,2698.685,32.398,38.668
1301.621,2733.205,32.398,38.668
1312.941,2767.725,32.398,38.668
1324.262,2802.244,32.398,38.668
1335.582,2836.764,32.398,38.668
1346.902,2871.284,32.398,38.668
1358.223,2905.804,32.398,38.668
1369.543,2940.323,32.398,38.668
1380.863,2974.843,32.398,38.668
1392.184,3009.363,32.398,38.668
1403.504,3043.883,32.398,38.668
1414.824,3078.403,32.398,38.668
1426.145,3112.922,32.398,38.668
1437.465,3147.442,32.398,38.668
1448.785,3181.962,32.398,38.668
1460.106,3216.482,32.398,38.668
1471.426,3251.001,32.398,38.668
1482.746,3285.521,32.398,38.668
1494.066,3320.041,32.398,38.668
1505.387,3354.561,32.398,38.668
1516.707,3389.081,32.398,38.668
1528.027,3423.600,32.398,38.668
1539.348,3458.120,32.398,38.668
1550.668,3492.640,32.398,38.668
1561.988,3527.160,32.398,38.668
1573.309,3561.679,32.398,38.668
1584.629,3596.199,32.398,38.668
1595.949,3630.719,32.398,38.668
1607.270,3665.239,32.398,38.668
1618.590,3699.759,32.398,38.668
1629.910,3734.278,32.398,38.668
1641.231,3768.798,32.398,38.668
1652.551,3803.318,32.398,38.668
1663.871,3837.838,32.398,38.668
1675.191,3872.357,32.398,38.668
1686.512,3906.877,32.398,38.668
1697.832,3941.397,32.398,38.668
1709.152,3975.917,32.398,38.668
1720.473,4010.436,32.398,38.668
1731.793,4044.956,32.398,38.668
1743.113,4079.476,32.398,38.668
1754.434,4113.996,32.398,38.668
1765.754,4148.516,32.398,38.668
1777.074,4183.036,32.398,38.668
1788.395,4217.556,32.398,38.668
1799.715,4252.076,32.398,38.668
1811.035,4286.596,32.398,38.668
1822.356,4321.116,32.398,38.668
1833.676,4355.636,32.398,38.668
1844.996,4390.156,32.398,38.668
1856.316,4424.676,32.398,38.668
1867.637,4459.196,32.398,38.668
1878.957,4493.716,32.398,38.668
1890.277,4528.236,32.398,38.668
1901.598,4562.756,32.398,38.668
1912.918,4597.276,32.398,38.668
1924.238,4631.796,32.398,38.668
1935.559,4666.316,32.398,38.668
1946.879,4700.836,32.398,38.668
1958.199,4735.356,32.398,38.668
1969.520,4769.876,32.398,38.668
1980.840,4804.396,32.398,38.668
1992.160,4838.916,32.398,38.668
2003.481,4873.436,32.398,38.668
2014.801,4907.957,32.398,38.668
2026.121,4942.477,32.398,38.668
2037.441,4976.997,32.398,38.668
2048.762,5011.517,32.398,38.668
2060.082,5046.037,32.398,38.668
2071.402,5080.557,32.398,38.668
2082.723,5115.077,32.398,38.668
2094.043,5149.597,32.398,38.668
2105.363,5184.117,32.398,38.668
2116.684,5218.637,32.398,38.668
2128.004,5253.157,32.398,38.668
2139.324,5287.677,32.398,38.668
2150.644,5322.197,32.398,38.668
2161.965,5356.717,32.398,38.668
2173.285,5391.237,32.398,38.668
2184.605,5425.757,32.398,38.668
2195.926,5460.277,32.398,38.668
2207.246,5494.797,32.398,38.668
2218.566,5529.317,32.398,38.668
2229.887,5563.837,32.398,38.668
2241.207,5598.357,32.398,38.668
2252.527,5632.877,32.398,38.668
2263.848,5667.397,32.398,38.668
2275.168,5701.917,32.398,38.668
2286.488,5736.437,32.398,38.668
2297.809,5770.957,32.398,38.668
2309.129,5805.477,32.398,38.668
2320.449,5839.997,32.398,38.668
2331.769,5874.517,32.398,38.668
2343.090,5909.037,32.398,38.668
2354.410,5943.557,32.398,38.668
2365.730,5978.077,32.398,38.668
2377.051,6012.597,32.398,38.668
2388.371,6047.117,32.398,38.668
2399.691,6081.637,32.398,38.668
2411.012,6116.157,32.398,38.668
2422.332,6150.677,32.398,38.668
2433.652,6185.197,32.398,38.668
2444.973,6219.717,32.398,38.668
2456.293,6254.237,32.398,38.668
2467.613,6288.757,32.398,38.668
2478.934,6323.277,32.398,38.668
2490.254,6357.797,32.398,38.668
2501.574,6392.317,32.398,38.668
2512.894,6426.837,32.398,38.668
2524.215,6461.357,32.398,38.668
2535.535,6495.877,32.398,38.668
2546.855,6530.397,32.398,38.668
2558.176,6564.917,32.398,38.668
2569.496,6599.437,32.398,38.668
2580.816,6633.957,32.398,38.668
2592.137,6668.478,32.398,38.668
2603.457,6702.998,32.398,38.668
2614.777,6737.518,32.398,38.668
2626.098,6772.038,32.398,38.668
2637.418,6806.558,32.398,38.668
2648.738,6841.078,32.398,38.668
2660.059,6875.598,32.398,38.668
2671.379,6910.118,32.398,38.668
2682.699,6944.638,32.398,38.668
2694.019,6979.158,32.398,38.668
2705.340,7013.678,32.398,38.668
2716.660,7048.198,32.398,38.668
2727.980,7082.718,32.398,38.668
2739.301,7117.238,32.398,38.668
2750.621,7151.758,32.398,38.668
2761.941,7186.278,32.398,38.668
2773.262,7220.798,32.398,38.668
2784.582,7255.318,32.398,38.668
2795.902,7289.838,32.398,38.668
2807.223,7324.358,32.398,38.668
2818.543,7358.878,32.398,38.668
2829.863,7393.398,32.398,38.668
2841.184,7427.918,32.398,38.668
2852.504,7462.438,32.398,38.668
2863.824,7496.958,32.398,38.668
2875.144,7531.478,32.398,38.668
2886.465,7565.998,32.398,38.668
2897.785,7600.518,32.398,38.668
2909.105,7635.038,32.398,38.668
2920.426,7669.558,32.398,38.668
2931.746,7704.078,32.398,38.668
2943.066,7738.598,32.398,38.668
2954.387,7773.118,32.398,38.668
2965.707,7807.638,32.398,38.668
2977.027,7842.158,32.398,38.668
2988.348,7876.678,32.398,38.668
2999.668,7911.198,32.398,38.668
3010.988,7945.718,32.398,38.668
3022.309,7980.238,32.398,38.668
3033.629,8014.758,32.398,38.668
3044.949,8049.278,32.398,38.668
3056.269,8083.798,32.398,38.668
3067.590,8118.318,32.398,38.668
3078.910,8152.838,32.398,38.668
3090.230,8187.358,32.398,38.668
3101.551,8221.878,32.398,38.668
3112.871,8256.397,32.398,38.668
3124.191,8290.917,32.398,38.668
3135.512,8325.436,32.398,38.668
3146.832,8359.956,32.398,38.668
3158.152,8394.476,32.398,38.668
3169.473,8428.995,32.398,38.668
3180.793,8463.515,32.398,38.668
3192.113,8498.034,32.398,38.668
3203.434,8532.554,32.398,38.668
3214.754,8567.073,32.398,38.668
3226.074,8601.593,32.398,38.668
3237.394,8636.112,32.398,38.668
3248.715,8670.632,32.398,38.668
3260.035,8705.151,32.398,38.668
3271.355,8739.671,32.398,38.668
3282.676,8774.190,32.398,38.668
3293.996,8808.710,32.398,38.668
3305.316,8843.229,32.398,38.668
3316.637,8877.749,32.398,38.668
3327.957,8912.269,32.398,38.668
3339.277,8946.788,32.398,38.668
3350.598,8981.308,32.398,38.668
3361.918,9015.827,32.398,38.668
3373.238,9050.347,32.398,38.668
3384.559,9084.866,32.398,38.668
3395.879,9119.386,32.398,38.668
3407.199,9153.905,32.398,38.668
3418.519,9188.425,32.398,38.668
3429.840,9222.944,32.398,38.668
3441.160,9257.464,32.398,38.668
3452.480,9291.983,32.398,38.668
3463.801,9326.503,32.398,38.668
3475.121,9361.022,32.398,38.668
3486.441,9395.542,32.398,38.668
3497.762,9430.061,32.398,38.668
3509.082,9464.581,32.398,38.668
3520.402,9499.101,32.398,38.668
3531.723,9533.620,32.398,38.668
3543.043,9568.140,32.398,38.668
3554.363,9602.659,32.398,38.668
3565.684,9637.179,32.398,38.668
3577.004,9671.698,32.398,38.668
3588.324,9706.218,32.398,38.668
3599.644,9740.737,32.398,38.668
3610.965,9775.257,32.398,38.668
3622.285,9809.776,32.398,38.668
3633.605,9844.296,32.398,38.668
3644.926,9878.815,32.398,38.668
3656.246,9913.335,32.398,38.668
3667.566,9947.854,32.398,38.668
3678.887,9982.374,32.398,38.668
3690.207,10016.894,32.398,38.668
3701.527,10051.413,32.398,38.668
3712.848,10085.933,32.398,38.668
3724.168,10120.452,32.398,38.668
3735.488,10154.972,32.398,38.668
3746.809,10189.491,32.398,38.668
3758.129,10224.011,32.398,38.668
3769.449,10258.530,32.398,38.668
3780.769,10293.050,32.398,38.668
3792.090,10327.569,32.398,38.668
3803.410,10362.089,32.398,38.668
3814.730,10396.608,32.398,38.668
3826.051,10431.128,32.398,38.668
3837.371,10465.647,32.398,38.668
3848.691,10500.167,32.398,38.668
3860.012,10534.686,32.398,38.668
3871.332,10569.206,32.398,38.668
3882.652,10603.726,32.398,38.668
3893.973,10638.245,32.398,38.668
3905.293,10672.765,32.398,38.668
3916.613,10707.284,32.398,38.668
3927.934,10741.804,32.398,38.668
3939.254,10776.323,32.398,38.668
3950.574,10810.843,32.398,38.668
3961.894,10845.362,32.398,38.668
3973.215,10879.882,32.398,38.668
3984.535,10914.401,32.398,38.668
3995.855,10948.921,32.398,38.668
4007.176,10983.440,32.398,38.668
4018.496,11017.960,32.398,38.668
4029.816,11052.479,32.398,38.668
4041.137,11086.999,32.398,38.668
4052.457,11121.519,32.398,38.668
4063.777,11156.038,32.398,38.668
4075.098,11190.558,32.398,38.668
4086.418,11225.077,32.398,38.668
4097.738,11259.597,32.398,38.668
4109.059,11294.116,32.398,38.668
4120.379,11328.636,32.398,38.668
4131.699,11363.155,32.398,38.668
4143.019,11397.675,32.398,38.668
4154.340,11432.194,32.398,38.668
4165.660,11466.714,32.398,38.668
4176.980,11501.233,32.398,38.668
4188.301,11535.753,32.398,38.668
4199.621,11570.272,32.398,38.668
4210.941,11604.792,32.398,38.668
4222.262,11639.311,32.398,38.668
4233.582,11673.831,32.398,38.668
4244.902,11708.351,32.398,38.668
4256.223,11742.870,32.398,38.668
4267.543,11777.390,32.398,38.668
4278.863,11811.909,32.398,38.668
4290.184,11846.429,32.398,38.668
4301.504,11880.948,32.398,38.668
4312.824,11915.468,32.398,38.668
4324.144,11949.987,32.398,38.668
4335.465,11984.507,32.398,38.668
4346.785,12019.026,32.398,38.668
4358.105,12053.546,32.398,38.668
4369.426,12088.065,32.398,38.668
4380.746,12122.585,32.398,38.668
4392.066,12157.104,32.398,38.668
4403.387,12191.624,32.398,38.668
4414.707,12226.144,32.398,38.668
4426.027,12260.663,32.398,38.668
4437.348,12295.183,32.398,38.668
4448.668,12329.702,32.398,38.668
4459.988,12364.222,32.398,38.668
4471.309,12398.741,32.398,38.668
4482.629,12433.261,32.398,38.668
4493.949,12467.780,32.398,38.668
4505.269,12502.300,32.398,38.668
4516.590,12536.819,32.398,38.668
4527.910,12571.339,32.398,38.668
4539.230,12605.858,32.398,38.668
4550.551,12640.378,32.398,38.668
4561.871,12674.897,32.398,38.668
4573.191,12709.417,32.398,38.668
4584.512,12743.936,32.398,38.668
4595.832,12778.456,32.398,38.668
4607.152,12812.976,32.398,38.668
4618.473,12847.495,32.398,38.668
4629.793,12882.015,32.398,38.668
4641.113,12916.534,32.398,38.668
4652.434,12951.054,32.398,38.668
4663.754,12985.573,32.398,38.668
4675.074,13020.093,32.398,38.668
4686.394,13054.612,32.398,38.668
4697.715,13089.132,32.398,38.668
4709.035,13123.651,32.398,38.668
4720.355,13158.171,32.398,38.668
4731.676,13192.690,32.398,38.668
4742.996,13227.210,32.398,38.668
4754.316,13261.729,32.398,38.668
4765.637,13296.249,32.398,38.668
4776.957,13330.769,32.398,38.668
4788.277,13365.288,32.398,38.668
4799.598,13399.808,32.398,38.668
4810.918,13434.327,32.398,38.668
4822.238,13468.847,32.398,38.668
4833.559,13503.366,32.398,38.668
4844.879,13537.886,32.398,38.668
4856.199,13572.405,32.398,38.668
4867.519,13606.925,32.398,38.668
4878.840,13641.444,32.398,38.668
4890.160,13675.964,32.398,38.668
4901.480,13710.483,32.398,38.668
4912.801,13745.003,32.398,38.668
4924.121,13779.522,32.398,38.668
4935.441,13814.042,32.398,38.668
4946.762,13848.561,32.398,38.668
4958.082,13883.081,32.398,38.668
4969.402,13917.601,32.398,38.668
4980.723,13952.120,32.398,38.668
4992.043,13986.640,32.398,38.668
5003.363,14021.159,32.398,38.668
5014.684,14055.679,32.398,38.668
5026.004,14090.198,32.398,38.668
