0.05363488
0.20413995
0.11143184
0.11477685
0.11229753
0.11346269
0.11790061
0.11000490
0.11158323
0.11207342
0.11235523
0.11000657
0.10790348
0.10822058
0.10807776
0.11741757
0.11030126
0.10785866
0.10839176
0.10954261
0.10940242
0.11077619
0.11011004
0.11292148
0.12235546
0.11128712
0.10986757
0.11232233
0.11181426
0.11004496
0.11035681
0.15802717
0.12209153
0.10987496
0.10829353
0.10809851
0.10861659
0.11164880
0.10948968
0.10888410
0.11034703
0.11188102
0.11113715
0.11064291
0.11158228
0.11210942
0.11034679
0.11129570
0.11186290
0.11844754
0.10978866
0.11045122
0.10833240
0.10790443
0.10866570
0.11067724
0.10998154
0.10892701
0.11600685
0.10812330
0.11142325
0.11010265
0.11144567
0.11124110
0.10990620
0.11131406
0.11191201
0.11853576
0.11016488
0.11150432
0.11241937
0.10814881
0.11093473
0.11008096
0.11030388
0.11642694
0.10971117
0.10928369
0.11132526
0.11168694
0.11007428
0.11202312
0.11138344
0.10966372
0.11653852
0.11164069
0.11166573
0.11036134
0.11161447
0.11024714
0.11039281
0.11300492
0.11150956
0.10981655
0.11142182
0.11173534
0.10973167
0.11091161
0.11218119
0.11234832
0.11045051
0.11804247
0.11174083
0.11006641
0.11196375
0.11177731
0.11166930
0.10989738
0.11150146
0.11231756
0.11744022
0.10837293
0.10816026
0.10988092
0.10825253
0.11001492
0.10820961
0.10851026
0.11377120
0.10981822
0.11150432
0.11267018
0.10978007
0.11334300
0.11199594
0.11212111
0.11023498
0.11723161
0.11171269
0.11211729
0.11023426
0.10830474
0.11000204
0.10981631
0.11083603
0.11156750
0.11317134
0.10808301
0.10968399
0.10818076
0.10796690
0.11484671
0.11191058
0.11001396
0.11513710
0.11114573
0.11148477
0.11022568
0.12267971
0.11109400
0.11165571
0.10977888
0.10992432
0.11831379
0.10800886
0.10842609
0.10817862
0.10958195
0.10810709
0.10807323
0.10821795
0.10811806
0.11586261
0.11155152
0.11149383
0.11024594
0.10983014
0.11182332
0.10950589
0.10978723
0.11216521
0.11225390
0.10921741
0.10844445
0.10963559
0.11105132
0.10807347
0.10805035
0.10831738
0.11613464
0.10792327
0.10809422
0.10969925
0.11123800
0.11255741
0.11013341
0.10938740
0.11140728
0.11877942
0.10961795
0.10955024
0.11125302
0.11109328
0.10942626
0.10950470
0.10988975
0.11059380
0.11609387
0.10948658
0.11099982
0.11124778
0.10943031
0.11118102
0.10961413
0.10814452
0.11544132
0.10809708
0.10804391
0.10972452
0.10818958
0.10808444
0.10813189
0.11001348
0.10979581
0.11609340
0.11152339
0.11109257
0.10988522
0.11079931
0.11130762
0.11132669
0.10991287
0.10955882
0.11461210
0.10803819
0.10809636
0.10996962
0.10954547
0.10801363
0.10808659
0.10808015
0.10968041
0.11374378
0.11134315
0.11411333
0.11142135
0.11155486
0.10966992
0.10949206
0.11085057
0.11540508
0.11620927
0.11989999
0.13890743
0.16875792
0.11384106
0.12065244
0.13690519
0.14939022
0.11440945
0.13918591
0.11503863
0.11238837
0.11448526
0.11287546
0.10941148
0.11630249
0.11014247
0.11994576
0.11223030
0.11523533
0.14153624
0.17359018
0.12876129
0.12281942
0.11442018
0.10846472
0.11013126
0.13756514
0.14482856
0.11229181
0.10908318
0.10903072
0.10864830
0.10901356
0.10888433
0.10953522
0.10854316
0.10838985
0.10940385
0.11202884
0.11798835
0.11325145
0.11095428
0.10900211
0.10889387
0.10887122
0.15464020
0.12133837
0.11825633
0.11840558
0.11559558
0.11478758
0.11418557
0.11249113
0.11060739
0.11151958
0.11289072
0.11452079
0.11332774
0.11075497
0.11119461
0.11181307
0.11512136
0.11296487
0.11528349
0.11074591
0.11070228
0.10927773
0.13444400
0.12019777
0.11434102
0.11600113
0.11592650
0.12269640
0.12081313
0.12246609
0.11588120
0.12882280
0.12052250
0.11404872
0.11372304
0.11955404
0.11111069
0.11473083
0.12719941
0.10929203
0.10876536
0.11357045
0.12474322
0.12925410
0.11386919
0.11754537
0.11434102
0.11627650
0.12921762
0.11427331
0.11103058
0.11851501
0.11181164
0.10917163
0.11003995
0.11054659
0.10908175
0.10870767
0.11021399
0.11007977
0.11635709
0.10855031
0.11088276
0.11058116
0.11216569
0.11232996
0.11215091
0.11079669
0.11208773
0.12031150
0.11201835
0.11048484
0.10981274
0.11027694
0.10844064
0.11252928
0.11923337
0.11935091
0.12531209
0.17089272
0.13806033
0.11961532
0.12327743
0.12082767
0.11482978
0.12179422
0.11786485
0.11034608
0.13313890
0.15653729
0.13144708
0.11169767
0.13744187
0.12107611
0.11771989
0.12143493
0.12567449
0.12054920
0.11994195
0.11524653
0.11826253
0.11031532
0.12694526
0.14234209
0.11653543
0.11998582
0.11261153
0.10943437
0.11443853
0.10964704
0.11204338
0.11138058
0.10981274
0.11016965
0.11050081
0.11230373
0.11269569
0.11569691
0.15305567
0.17648268
0.12407708
0.11999393
0.11163116
0.11411715
0.12680101
0.12958956
0.12965751
0.13665843
0.11817241
0.13122034
0.11087942
0.11196518
0.10893106
0.10847926
0.10840130
0.11134648
0.11145806
0.11240983
0.11505604
0.11065197
0.12936997
0.14085746
0.11084676
0.11226678
0.11387706
0.11478066
0.11121202
0.11036110
0.11018181
0.11581039
0.11057186
0.11011577
0.10822201
0.10908651
0.10946798
0.10840869
0.11338711
0.11401081
0.13767862
0.14374423
0.12804079
0.13037133
0.13216090
0.13683844
0.13329363
0.13408136
0.12836480
0.12918663
0.13129854
0.13389826
0.11605763
0.10784364
0.13762879
0.12872910
0.12942338
0.12832260
0.13082170
0.14279747
0.11865759
0.11158395
0.11203790
0.12945390
0.12846136
0.12892175
0.12750316
0.13074994
0.13552570
0.13642311
0.13043737
0.13267636
0.13460112
0.13180280
0.13107991
0.12834382
0.13039708
0.12897801
0.11682057
0.11503816
0.12355232
0.12863421
0.12137699
0.13457084
0.12214255
0.11413193
0.12192559
0.11131358
0.12561989
0.12826037
0.11296487
0.10803533
0.11540675
0.11301541
0.12959123
0.12016344
0.12311411
0.11295009
0.10779023
0.10928321
0.12219810
0.12618518
0.11933422
0.11480999
0.11104679
0.12129378
0.12501097
0.12648320
0.11767721
0.11186409
0.12186718
0.12087464
0.13446259
0.11784792
0.12063885
0.11911774
0.11466837
0.12624216
0.12108898
0.13417721
0.13582134
0.13636899
0.15882611
0.13709617
0.13421130
0.12667418
0.12396574
0.11758518
0.10865259
0.10821676
0.12735319
0.13050461
0.14550209
0.13829517
0.12881303
0.12856913
0.12530661
0.11749887
0.12496400
0.11868644
0.11040616
0.11259913
0.12536263
0.11315656
0.13466859
0.15408301
0.12065578
0.11047435
0.11144257
0.10770345
0.11266232
0.11916685
0.10661864
0.10675621
0.10600948
0.10783219
0.11091852
0.10964179
0.10972786
0.10841179
0.10985088
0.11000037
0.10786343
0.10990405
0.11009669
0.10817170
0.10838556
0.10916376
0.10930371
0.11103058
0.10828137
0.10944319
0.10999918
0.10909772
0.11086798
0.11058545
0.10949254
0.10898376
0.11116648
0.11061382
0.11151862
0.13273215
0.13053107
0.13034415
0.14061999
0.12025213
0.12165499
0.11858535
0.12429833
0.13590240
0.13013673
0.12876368
0.12315369
0.10952353
0.12264061
0.12303591
0.11858749
0.11649871
0.11620855
0.11406016
0.12056804
0.13164186
0.12286282
0.12941456
0.13035989
0.12420273
0.12676549
0.11604214
0.11302304
0.11023879
0.10874963
0.10950470
0.11041713
0.11507559
0.11513901
0.11161113
0.11299992
0.11336803
0.11487651
0.11202121
0.11242962
0.11231065
0.11826181
0.10965228
0.12500882
0.11166859
0.11008263
0.10906625
0.11310530
0.11743999
0.11781693
0.10931945
0.11367726
0.14010835
0.17354512
0.13187170
0.12521148
0.13165355
0.11707711
0.11355853
0.11388731
0.11503649
0.11560535
0.11679840
0.11243010
0.12180161
0.10911751
0.10891223
0.10937357
0.13729405
0.11347175
0.11124587
0.10901403
0.11560178
0.11925602
0.11634159
0.11526561
0.11031103
0.11405849
0.11457825
0.10872269
0.11628294
0.11496139
0.11697650
0.13232684
0.12705278
0.11035013
0.11753464
0.11675596
0.11540079
0.13672829
0.11335611
0.11191440
0.11446214
0.11272502
0.11459041
0.11258507
0.11322761
0.11329770
0.11238790
0.10912037
0.11145234
0.10940504
0.11014795
0.10954285
0.10857058
0.10836649
0.10917044
0.11044931
0.11226559
0.11209011
0.11232138
0.11326909
0.11432648
0.11225128
0.11331105
0.11296558
0.11169958
0.10808945
0.10900450
0.11724019
0.11494231
0.11596465
0.11508751
0.12141204
0.11339450
0.11427307
0.11582065
0.11467409
0.11235690
0.11045074
0.11528063
0.11599731
0.11250114
0.11299419
0.11201024
0.11239505
0.11537957
0.11601663
0.11788225
