0.03232741
0.10850787
0.11318445
0.10882187
0.10780525
0.10796714
0.10715365
0.10712647
0.10709620
0.10846639
0.10750771
0.10682535
0.10713410
0.10718513
0.10749531
0.10753059
0.10704708
0.10845327
0.10722637
0.10793042
0.10847282
0.10694051
0.10730076
0.10704207
0.10677552
0.10722685
0.10748935
0.10800028
0.10779309
0.10732937
0.10713029
0.10734081
0.10755873
0.10899043
0.10741735
0.12342715
0.13282466
0.11833572
0.12007260
0.12619138
0.11347175
0.10827661
0.10882783
0.10891986
0.10758591
0.10753155
0.10678101
0.10815144
0.11383104
0.10913873
0.10984111
0.15188384
0.11765623
0.11591649
0.11808515
0.11724043
0.11200690
0.12317681
0.11377430
0.11554289
0.11366510
0.12515473
0.11499476
0.11132264
0.11008954
0.10943437
0.11076069
0.10899401
0.10944295
0.10902262
0.11272717
0.10642743
0.10739541
0.10638738
0.10731745
0.10850787
0.10739994
0.10714197
0.10733223
0.10991716
0.10898805
0.10927176
0.11007237
0.10899329
0.10821176
0.11036587
0.11095524
0.10943866
0.11268854
0.11005521
0.11099839
0.10779476
0.10958362
0.11041856
0.10927701
0.10785818
0.10769057
0.10775781
0.11098313
0.11487889
0.11242485
0.10846233
0.11009789
0.11016011
0.10808945
0.11043000
0.11087799
0.11108518
0.11428833
0.11449814
0.11022425
0.10819721
0.10926080
0.11211371
0.11128712
0.10792780
0.10817194
0.10900927
0.10985327
0.11256242
0.14451694
0.12601042
0.12861443
0.11524057
0.11328149
0.12379456
0.11485457
0.12629271
0.15790176
0.16190457
0.13766694
0.14527130
0.12733507
0.12644839
0.15105176
0.19596076
0.12468386
0.13064814
0.16988301
0.18017578
0.12749314
0.11996603
