0.02469826
0.11419988
0.11309671
0.11254311
0.11323953
0.11654472
0.11222959
0.11359096
0.11290574
0.11188102
0.11639452
0.11329484
0.11089420
0.11275434
0.11296821
0.11841249
0.11332011
0.11349440
0.11302996
0.11342335
0.11084819
0.11559010
0.11299372
0.11200070
0.11680865
0.11190557
0.11581779
0.11267877
0.11097836
0.11099482
0.11080003
0.11185551
0.10952401
0.11844420
0.10987258
0.10935044
0.11449099
0.11250973
0.11102962
0.11328721
0.11283970
0.11944389
0.11169505
0.11351514
0.11325669
0.11096358
0.11583018
0.11284661
0.11075354
0.11081791
0.11605549
0.11301208
0.11126947
0.10949731
0.10922885
0.11053777
0.10938358
0.11212659
0.11892128
0.11333156
0.11205029
0.11117601
0.11454058
0.11304951
0.11109495
0.11317110
0.11288023
0.12185478
0.11143637
0.11140847
0.11085010
0.10940552
0.11209846
0.11052942
0.11114192
0.10946870
0.11541772
0.10933399
0.11325240
0.11259484
0.11302710
0.11132097
0.11305833
0.11550283
0.12127018
0.11324215
0.11230302
0.11295795
0.11544895
0.11135626
0.11159730
0.11126733
0.11263251
0.11708927
0.10979795
0.10955286
0.11091208
0.10934806
0.11073756
