0.03542304
0.16592550
0.14055252
0.14534187
0.14181018
0.13372660
0.11087751
0.11519337
0.12346411
0.11296272
0.11156273
0.11548400
0.11517572
0.12235498
0.11519766
0.11423016
0.12431455
0.14656281
0.11404157
0.12633276
0.12522888
0.11782193
0.11050797
0.12327504
0.11390162
0.11301231
0.12961674
0.11699796
0.10972309
0.10816073
0.10774350
0.11134386
0.11205626
0.10947824
0.10989237
0.10992146
0.10965848
0.10731077
0.10757709
0.10790730
0.11312366
0.10803390
0.11006689
0.10977983
0.11230993
0.11310124
0.11223459
0.11099219
0.11072326
0.16862965
0.18619895
0.17025232
0.11731982
0.11370945
0.17294598
0.16130066
0.14010930
0.11925673
0.11945963
0.11987972
0.11742830
0.11543822
0.11820340
0.10711432
0.10749006
0.11612511
0.12558913
0.10706687
0.12256980
0.11779499
0.11459303
0.12701154
0.12054539
0.12518597
0.12981033
0.10696769
0.10740876
0.12542558
0.10765314
0.10784388
0.10846043
0.10769773
0.10810661
0.10733104
0.10770726
0.10904860
0.10882616
0.11152220
0.10771537
0.10926867
0.10688376
0.11620736
0.12994528
0.16043091
0.15846848
0.15212083
0.14296627
0.11608934
0.11342263
0.11095428
0.10708547
0.11164737
0.12849784
0.11494875
0.10894203
0.11023355
0.10881996
0.10844612
0.11537218
0.11597657
0.11254573
0.11248684
0.11506343
0.12048411
0.11505604
0.11328244
0.11129260
0.10976911
0.10993075
0.11588645
0.11176491
0.10957193
0.11155176
0.11429358
0.11406255
0.11862111
0.16867280
0.14513159
0.13040638
0.15131807
0.12209654
0.11050558
0.10721231
0.10840392
0.10654449
0.11195993
0.10628533
0.10554624
0.10653567
0.10764694
0.10732388
0.10589814
0.10667062
0.10562181
0.10965395
0.10803604
0.10619140
0.10557985
0.10703158
0.10980463
0.11229205
0.15910435
0.13282561
0.11014843
0.11170745
0.12222528
0.12496638
0.11127019
0.11237741
0.16517973
0.12955213
0.11915493
0.11465526
0.11181951
0.12305427
0.13006067
0.11997843
0.12226582
0.12362552
0.11241674
0.10883260
0.10764384
0.16492605
0.17709875
0.10957432
0.11146069
0.11306047
0.11027336
0.11451364
0.11120081
0.11313319
0.11187243
0.11180139
0.11289263
0.11210370
0.13940811
0.13482666
0.13617611
0.13299727
0.11454606
0.12307358
0.14168310
0.14434290
0.14278841
0.13763571
0.13010478
0.12895846
0.13032174
0.11809969
0.10798073
0.11474800
0.13235712
0.13301897
0.12951303
0.12929749
0.13503575
0.13749862
0.12520003
0.10974741
0.11965847
0.14606977
0.14499474
0.14496088
0.14668274
0.14701962
0.11297846
0.13462687
0.14297414
0.11752772
0.11312318
0.11175275
0.11131144
0.11314702
0.10886526
0.10985708
0.10810685
0.10931015
0.10780478
0.10796690
0.10919309
0.11198854
0.10826230
0.10811043
0.10848117
0.10788703
0.11031651
0.10800219
0.10772920
0.10864282
0.10806417
0.11409593
0.10992837
0.10813498
0.10823727
0.12440848
0.10927176
0.10840344
0.10931492
0.10927200
0.11670136
0.11132979
0.10944295
0.10923719
0.11050439
0.11320567
0.10808706
0.11330247
0.11118579
0.11717033
0.11061454
0.11093283
0.11475515
0.10932374
0.11095953
0.10902715
0.10914588
0.11778164
0.11128330
0.11137271
0.10947275
0.11086988
0.11119771
0.11002564
0.11182070
0.10840917
0.11185384
0.10701442
0.10863018
0.10717559
0.10802388
0.10866261
0.10719562
0.10738254
0.10682058
0.11528730
0.10855961
0.11054873
0.11047578
0.10870051
0.11000705
0.11075020
0.11068678
0.10895205
0.11656117
0.11088610
0.10678959
0.10911393
0.11033773
0.10891104
0.10985470
0.11109543
0.10872340
0.11572719
0.11017537
0.11084414
0.10879111
0.11026168
0.11041975
0.10947514
0.10999298
0.11083627
0.11467314
0.10902786
0.11029410
0.11074138
0.11024284
0.10901451
0.11280560
0.11590767
0.11058259
0.11109304
0.10938668
0.10785246
0.10776687
0.10763264
0.11096478
0.11210895
0.11664724
0.10957932
0.11199665
0.11157179
0.10948730
0.11088443
0.11193180
0.11189651
0.10889769
0.11700416
0.10765243
0.10779929
0.12056088
0.11065173
0.10747957
0.10820222
0.10770941
0.10963106
0.11672711
0.11517119
0.11164808
0.11705947
0.10965252
0.11160111
0.11175680
0.10983038
0.11595964
0.11185741
0.11034489
0.10978222
0.10776782
0.11064982
0.10797524
0.10843825
0.10790777
0.11685491
0.10931087
0.10795999
0.10912180
0.11242867
0.10925364
0.10986972
0.11119008
0.10956955
0.11528778
0.11076355
0.11177015
0.10962176
0.10976195
0.10939503
0.10819101
0.10726571
0.10716414
0.11625910
0.10869122
0.10746861
0.10703135
0.10735631
0.10945559
0.11176395
0.10944247
0.11082625
0.11543155
0.11129427
0.10924911
0.11086535
0.10919046
0.10841036
0.11097169
0.10876036
0.11531854
0.10884809
0.11091328
0.10953259
0.10817099
0.11029148
0.11047316
0.14902091
0.11358547
0.11835980
0.10958862
