0.02405596
0.11831617
0.11228728
0.11133885
0.11380386
0.11539793
0.11619401
0.11243510
0.11157393
0.11192131
0.12055683
0.14643741
0.13080359
0.12562990
0.11947274
0.11011052
0.11578178
0.13392997
0.14309001
0.14404631
0.11676550
0.11837792
0.11650109
0.11057258
0.14051437
0.13713837
0.13929772
0.12198377
0.11775303
0.11134481
0.11101460
0.13350224
0.12939644
0.12750506
0.11168265
0.11358619
0.21007109
0.11420298
0.11760497
0.12893558
0.13490272
0.11151505
0.11129498
0.13067341
0.13198662
0.12667251
0.12495518
0.12152362
0.12008023
0.11999822
0.12104011
0.12339187
0.11660194
0.10950112
0.11295819
0.11237264
0.11176872
0.11212850
0.11127973
0.11034274
0.11099768
0.11072540
0.10944390
0.11080742
0.12858486
0.12878203
0.12945676
0.12722921
0.12661600
0.12549472
0.12485027
0.13158250
0.11452413
0.11104178
0.11201763
0.12168193
0.12528014
0.12583494
0.12377286
0.11982322
0.10909891
0.10911226
0.13067555
0.11663866
0.12109327
0.13232112
0.12670135
0.12380409
0.12834644
0.12991214
0.12801957
0.13876653
0.11094213
0.10910630
0.11632752
0.13655806
0.13106847
0.11332393
0.10939336
0.11067224
0.11069632
0.10972285
0.11016226
0.10963273
0.10912800
0.10949206
0.10902858
0.10930324
0.10908103
0.10920286
0.10925937
0.10911036
0.10958910
0.10961699
0.10954762
0.10934162
0.11455536
0.10991001
0.10958123
0.10903931
0.10915542
0.10926414
0.10981679
0.10950422
0.10940623
0.10957980
0.10936093
0.10975599
0.10950541
0.10939980
0.10945725
0.10959959
0.10954213
0.10977507
0.10964847
0.10936046
0.10962892
0.10949063
0.10918570
0.10961032
0.12772679
0.11137962
0.11110950
0.12344623
0.12004757
0.12874317
0.12443137
0.12384105
0.12367439
0.11705780
0.11988473
0.11406136
0.11022186
0.11241579
0.12348795
0.12311983
0.10970521
0.10944152
0.11534476
0.12072515
0.14360476
0.11793971
0.11474705
0.12182570
0.11190796
0.11296892
0.11987495
0.13478851
0.12813711
0.12820292
0.11086321
0.10947609
0.10954595
0.12689018
0.14314246
0.13854671
0.14618969
0.14289045
0.12330842
0.10966516
0.12224436
0.11638236
0.13100243
0.10966635
0.10936284
0.10980487
0.11001825
0.10940075
0.13039041
0.11504412
0.11625099
0.12370777
0.10928106
0.11858964
0.13439274
0.13555694
0.18054819
0.12292337
0.14053106
0.11188269
0.18671823
0.14466238
0.11617851
0.12611437
0.11704469
0.11175394
0.10954952
0.11161041
0.10983539
0.10963202
0.10968709
0.11624646
0.12147045
0.11777544
0.11527777
0.11378789
0.11392832
0.11520815
0.11228704
0.11487842
0.11682367
0.13437295
0.11791730
0.10978246
0.10981965
0.11069083
0.11311483
0.11012411
0.11167645
0.11163187
0.10965919
0.11159587
0.11337233
0.11325002
0.11389923
0.11694360
0.11228180
0.12007070
0.11387801
0.11107039
0.19305229
0.11951971
0.11830616
0.12133312
0.12005210
0.11796093
0.11280346
0.11197639
0.11171699
0.11139083
0.11107731
0.11223340
0.14670682
0.12767124
0.11271477
0.11268044
0.11244631
0.11822796
0.11217570
0.10963130
0.12018490
0.11385942
0.11250043
0.11685562
0.11606312
0.11890697
0.11383462
0.11561966
0.11474943
0.12093449
0.13405108
0.10967064
0.11121655
0.11045814
0.10913086
0.11130309
0.11288333
0.11235142
0.11894488
0.11501217
0.11247039
0.10997343
0.10955477
0.10947514
0.10949993
0.10923076
0.11564946
0.10941148
0.10963535
0.10914683
0.10913301
0.10918760
0.10936213
0.10923290
0.10938644
0.11451173
0.10886002
0.10900283
0.10905504
0.10951376
0.10908461
0.10906124
0.10895205
0.10885954
0.11533189
0.10954785
0.10947514
0.10931087
0.10961962
0.10936618
0.10935998
0.10939837
0.11677313
0.12607956
0.10976410
0.11327672
0.10944796
0.10945582
0.10888982
0.10899973
0.10956335
0.11552310
0.10921049
0.10942936
0.10931849
0.10933757
0.10953426
0.10951233
0.10932374
0.10971379
0.10954022
0.10949230
0.10945511
0.10937071
0.10944843
0.10913205
0.10932493
0.10934210
0.11533809
0.10930920
0.10933661
0.11556387
0.11509371
0.12084246
0.11684823
0.11000252
0.10907102
0.11533594
0.10945201
0.10930419
0.10912228
0.10907793
0.10922980
0.10954928
0.10955381
0.11575365
0.11082697
0.11110330
0.11396575
0.11253095
0.10989141
0.11092138
0.11181402
0.11668372
0.12012649
0.11165714
0.11112618
0.11107945
0.11287570
0.11242223
0.11499286
0.11648250
0.11856580
0.12446666
0.11742163
0.11066461
0.11031222
0.11039972
0.11214876
0.10984135
