0.02847195
0.11200643
0.11189079
0.11826777
0.11269188
0.11606693
0.11045194
0.11229587
0.11245322
0.11263061
0.11211085
0.11841083
0.11153984
0.11280131
0.11045003
0.11501670
0.11221623
0.11101103
0.11152744
0.11634469
0.11385489
0.10940313
0.10883904
0.10904098
0.10931301
0.11373734
0.10915565
0.10919595
0.11508989
0.11215997
0.11596632
0.11269331
0.11038876
0.11166334
0.11211324
0.11222315
0.11042595
0.11542249
0.11254191
0.11060214
0.10864043
0.11201715
0.10857868
0.11042023
0.11035252
0.11441398
0.11204958
0.10998535
0.10879993
0.11037087
0.11175942
0.11170197
0.11036682
0.11149859
0.11931562
0.11059165
0.11540675
0.11136675
0.11142135
0.11050916
0.11080980
0.11331987
0.11793923
0.11187029
0.11301446
0.11031556
0.11545229
0.11141729
0.11271858
0.11018848
0.11083674
0.11937547
0.11269927
0.11204147
0.11071777
0.11186767
0.11230135
0.11178207
0.11050463
0.11446381
0.10906768
0.11132741
0.11222076
0.11089110
0.11084437
0.10931730
0.10893726
0.11185765
0.11755085
0.11100245
0.11058283
0.11199355
0.11583138
0.11132669
0.11116433
0.11249495
0.11295605
0.11312532
0.11123204
0.11088395
0.11114311
0.11064649
0.11220694
0.11157250
0.11051369
0.11902499
0.11309147
0.11236858
0.11072326
0.11155534
0.11238575
0.11138320
0.11086106
0.11773348
0.11266804
0.11282492
0.11123633
0.11311936
0.11070442
0.11102176
0.11112309
0.11353230
0.11609507
0.11118698
0.11246300
0.11103845
0.10915613
0.10920358
0.11133361
0.11343741
0.11312890
0.11852956
0.11394715
0.11336541
0.11337447
0.11108398
0.11324096
0.11315322
0.11216116
0.10918951
0.10959220
0.10923314
0.11196828
0.11050797
0.10915661
0.10933375
0.11042953
0.11265469
0.11285853
0.11081123
0.11238360
0.11300707
0.15592337
0.11327767
0.11629844
0.11199331
0.11147308
0.10963631
0.11058354
0.11276746
0.11136580
0.10927749
0.11761189
0.11231518
0.10999942
0.10935020
0.11129141
0.11261940
0.11361909
0.11308503
0.11143398
0.11896181
0.11343193
0.11289883
0.11108088
0.11099553
0.11130905
0.10919499
0.10900402
0.11577821
0.11202049
0.11144900
0.10953903
0.10976076
0.10938334
0.11278439
0.11144161
0.11124158
0.11935854
0.11366034
0.11363006
0.11144209
0.11294746
0.11322808
0.11256242
0.11175966
0.11737466
0.11084509
0.11340427
0.11231732
0.11183429
0.11108971
0.11210561
0.11263847
0.11114264
0.11716485
0.11321998
0.11266136
0.11257291
0.11097741
0.11257768
0.11305428
0.11267257
0.11129332
0.11235046
0.11295152
0.11269093
0.11082363
0.11201143
0.11291814
0.11143947
0.11059976
0.11789203
0.11381936
0.11327529
0.11139846
0.11266160
0.11272311
0.11147761
0.11088490
0.11811233
0.11275816
0.11301517
0.11094141
0.11189604
0.11072612
0.11102319
0.11078119
0.10903192
0.11078429
0.10951257
0.10901666
0.11229324
0.11084199
0.11240864
0.11337733
0.11319757
0.11905932
0.11111140
0.11313367
0.11334848
0.11289263
0.11112547
0.11258125
0.11241221
0.10922074
0.11754560
0.11273551
0.11286259
0.11105132
0.11218190
0.10925484
0.11148334
0.10917187
0.11311746
0.11273980
0.11332536
0.11166930
0.11301064
0.11234999
0.11270881
0.11270809
0.11098242
0.11899066
0.11310530
0.10886574
0.11070299
0.10981202
0.10894704
0.10978913
0.11077356
0.10941505
0.11510825
0.10962892
0.10913420
0.11183643
0.11247039
0.11261296
0.11087346
0.11125207
0.11286569
0.11325502
0.11083913
0.11308432
0.11268878
0.11052680
0.10930896
0.11038065
0.11232305
0.11574149
0.10922003
0.12026095
0.11077213
0.10907340
0.10920787
0.11189651
0.11254096
0.12337399
0.11046481
0.11216307
0.11198115
0.11207080
0.11055422
0.11281133
0.11261225
0.11191916
0.11652160
0.11258888
0.11211300
0.11121202
0.11171341
0.11180782
0.11344457
0.11252022
0.11657977
0.11086011
0.11124134
0.10927725
0.10922360
0.10921478
0.11088014
0.10914421
0.10925245
0.11835670
