0.02736807
0.12385035
0.11404490
0.11404133
0.11366367
0.11505151
0.11308980
0.11186028
0.10985470
0.11013865
0.11832857
0.11856341
0.15339017
0.11223912
0.11012030
0.13415051
0.13369608
0.11069989
0.10975695
0.10935688
0.11050463
0.10983610
0.11074471
0.11524320
0.11414981
0.11339164
0.11552906
0.11013126
0.10975051
0.11089516
0.11060119
0.11073184
0.11105084
0.10977864
0.10992956
0.11128473
0.12358117
0.11750102
0.11467695
0.11004281
0.10994840
0.11120319
0.11516023
0.11226225
0.10992098
0.11056471
0.10975361
0.11128187
0.11106610
0.11130929
0.11048818
0.10957408
0.11030889
0.11028671
0.11482763
0.12425566
0.11365080
0.11333609
0.11334062
0.16078138
0.11756158
0.11328292
0.10998607
0.11249781
0.11602712
0.11174250
0.11021352
0.11093879
0.11607027
0.11492920
0.10997272
0.10981917
0.11180806
0.11233306
0.11581659
0.11289549
0.11871099
0.11394906
0.11331987
0.11403203
0.11102104
0.14969993
0.11752009
0.11342049
0.11400890
0.11203408
0.11147690
0.11232996
0.11280656
0.11358738
0.11038446
0.11173940
0.10980916
0.11625719
0.11331415
0.11360264
0.11645985
0.12568188
0.12607694
0.11356020
0.11315060
0.11843824
0.11833215
0.11259484
0.11185002
0.11232424
0.10992837
0.11319590
0.11605144
0.11966491
0.11548305
0.11215806
0.12224507
0.12182975
0.11252880
0.11333561
0.11471319
0.11541486
0.11646724
0.11363912
0.11275339
0.17149568
0.13046908
0.12894535
0.13559985
0.11941552
0.11266899
0.11198688
0.11650515
0.11008930
0.11049128
0.11348724
0.11367106
0.11348820
0.11322904
0.11335635
0.11244106
0.11153126
0.11230659
0.11316323
0.11204576
0.12668037
0.13306499
0.11323047
0.11067796
0.11164761
0.11493778
0.11186314
0.12314272
0.12450433
0.12636781
0.12162137
0.13448238
0.12596345
0.13043761
0.11299920
0.12294197
0.13380051
0.12012386
0.11289310
0.11582232
0.11158681
0.11237764
0.11156082
0.11153865
0.11633611
0.11357880
0.11352849
0.12091947
0.13900018
0.11292958
0.11024642
0.11296940
0.11692214
0.11016512
0.10999417
0.11166501
0.11016965
0.11194515
0.11184335
0.11255860
0.11316633
0.14474130
0.12188125
0.12075758
0.12095976
0.11311197
0.11256957
0.11263514
0.11504149
0.11849213
0.11431289
0.11576819
0.11431217
0.14502501
0.14928770
0.13057113
0.12649059
0.11558747
0.14891148
0.14161086
0.14078355
0.13410640
0.12788582
0.11850405
0.11194038
0.11278129
0.11098313
0.11126471
0.10943222
0.11090446
0.11063051
0.11010909
0.13804412
0.14127326
0.13903189
0.14791012
0.14066601
0.12553382
0.11376143
0.13984323
0.12382245
0.11155200
0.11179829
0.11512876
0.11147499
0.11118698
0.11454606
0.13689685
0.11083436
0.11114955
0.10966182
0.11158800
0.11013460
0.11150694
0.11008835
0.11605954
0.11074114
0.11081290
0.10969114
0.10960722
0.11207318
0.11088705
0.10971403
0.12334943
0.13851166
0.14431930
0.14372015
0.13577509
0.12866998
0.12565136
0.12941933
0.11740875
0.11589932
0.11513066
0.11556315
0.12138081
0.11821246
0.11227918
0.11333084
0.11944842
0.13123107
0.12813854
0.12437892
0.12325788
0.12696958
0.12946844
0.13288665
0.12577081
0.12050581
0.12966371
0.13255739
0.13315535
0.13228965
0.13261104
0.12925744
0.13713646
0.12992692
0.12476158
0.11042666
0.11272812
0.10960507
0.11105800
0.11709642
0.11270213
0.11104941
0.10965919
0.12082696
0.14049268
0.14535475
0.12353039
0.11383319
0.11382508
0.11150551
0.12280941
0.13865066
0.12515116
0.13665509
0.11992788
0.10936737
0.11199069
0.11122632
0.10932159
0.11099148
0.10978460
0.11314559
0.11133385
0.11297202
0.11508060
0.11312103
0.11303926
0.11155772
0.11260939
0.11390185
0.11260033
0.11669302
0.11137891
0.11085224
0.11350346
0.12015653
0.13448596
0.11992240
0.11113596
0.11305928
0.11854148
0.11369991
0.11148667
0.11231875
0.11592221
0.11395311
0.11126256
0.11871648
0.11931038
0.11624479
0.11262774
0.11382365
0.11946034
0.11743259
0.11886168
0.11708164
0.11520624
0.11292148
0.11807537
0.11818099
0.12157893
0.13003778
0.13061738
0.13223028
0.12114358
0.11328626
0.11362004
0.11105704
0.11126304
0.10985231
0.10936427
0.10990381
0.11126041
0.11080456
0.10973120
0.11186862
0.11295033
0.14939761
0.13809085
0.14299369
0.13725138
0.13691068
0.13702035
0.13527727
0.13999104
0.13224959
0.13635039
0.13130522
0.13766432
0.13203931
0.11581326
0.10987401
0.13179088
0.13614464
0.13312912
0.13215518
0.14624310
0.13532901
0.13405585
0.13416815
0.13107967
0.11735725
0.12096572
0.13509536
0.13902068
0.13903189
0.11288929
0.16217852
0.13607430
0.13785028
0.12968302
0.13427114
0.14293194
0.14646459
0.15404987
0.12661433
0.11158681
0.11131215
0.11457491
0.10932899
0.11028528
0.11675668
0.11628842
0.12505507
0.13242912
0.10902190
0.11334324
0.12309289
0.10945272
0.11299133
0.11577630
0.11256576
0.11203980
0.11243534
0.11035943
0.11077785
0.11217475
0.11026621
0.11700225
0.11157012
0.11223102
0.11187816
0.11009169
0.11151266
0.11215782
0.11233616
0.11059117
0.11777186
0.11022210
0.11047626
0.10903287
0.10876536
0.10902476
0.10862613
0.11042547
0.10861731
0.11360693
0.10897565
0.11065340
0.11182928
0.11206532
0.11046791
0.11135411
0.11190438
0.11267614
0.11042428
0.12399864
0.11161780
0.11058140
0.10918236
0.10883594
0.10870218
0.11236620
0.11568403
0.10895205
0.10892940
0.11080074
0.10893869
0.11143613
0.11198688
0.11166668
0.11856771
0.11181569
0.11197901
0.11172771
0.11014557
0.11154914
0.11008906
0.11006236
0.11030388
0.11896276
0.11254787
0.11232328
0.11158967
0.11329508
0.11218238
0.11194706
0.10862994
0.11887383
0.11254716
0.11072707
0.11062384
0.11171603
0.11224389
0.11062813
0.11261749
0.11280489
0.11681008
0.11090875
0.10939431
0.11064410
0.11098886
0.11066961
0.10930109
0.10911345
0.11417556
0.10891056
0.11033416
0.11253262
0.11251235
0.11221886
0.11096668
0.11221528
0.11267304
0.11956406
0.11246371
0.11257482
0.11112785
0.10932899
0.11221838
0.11281633
0.11275125
0.11709380
0.11081481
0.11192536
0.11280012
0.11123371
0.11118889
0.11249161
0.11308265
0.11127377
0.11173654
0.11263013
0.11440921
0.11278033
0.11088371
0.11201859
0.11143017
0.10940504
0.11897969
0.11268353
0.11285830
0.11115241
0.11115074
0.10996628
0.10965443
0.10970545
0.11224437
0.11998248
0.11365199
0.11172962
0.11309361
0.11398029
0.11364388
0.11869049
0.11139345
0.14719796
0.13271117
0.10906148
0.10901737
0.11074948
0.11214995
0.10902166
0.10890770
0.11738896
0.13986468
0.11593485
0.17438745
0.11837411
0.13009596
0.10945153
0.11126614
0.15121841
0.14590383
0.15420842
0.11729527
0.12116051
0.11864305
0.13220310
0.11150980
0.14127350
0.11639357
0.15011287
0.27775860
0.13947058
0.15891695
0.17901087
0.16370273
0.13616538
0.11671710
0.11374784
