0.03014874
0.11295557
0.11238146
0.11132503
0.11127043
0.11563730
0.11256504
0.11229014
0.11692715
0.11322021
0.11201239
0.11142087
0.10972977
0.10989094
0.11132646
0.11121106
0.11319327
0.11109090
0.10986257
0.11089253
0.10978556
0.11506200
0.11256099
0.11084437
0.11314106
0.11839604
0.11701894
0.11302018
0.11138487
0.11224365
0.11154628
0.11409545
0.11109352
0.11126924
0.11314750
0.11409354
0.11533666
0.11329126
0.11287928
0.11136651
0.11118579
0.11578536
0.11823797
0.11340952
0.11145735
0.11314058
0.11602211
0.11340213
0.11153007
0.11249661
0.11776614
0.11345434
0.11078095
0.10980439
0.11139703
0.11128283
0.11322999
0.10943270
0.10955739
0.12098336
0.11196685
0.11598301
0.11257505
0.11262822
0.11341357
0.11176443
0.11528826
0.11851883
0.11355495
0.11154580
0.11167264
0.11143446
0.13132381
0.15989470
0.11259198
0.11914062
0.11563015
0.11297202
0.11118555
0.11220503
0.11327887
0.11756539
0.11339998
0.11909008
0.11323905
0.11129880
0.11483026
0.11253524
0.11190867
0.11211634
0.11145496
0.11662054
0.11812925
0.11169028
0.11099815
0.11099386
0.10966325
0.11021447
0.11199856
0.11374760
0.12065578
0.11364937
0.11169648
0.11302233
0.11356544
0.11299181
0.11195517
0.11283946
0.11276841
0.11755538
0.11019230
0.11002493
0.11131215
0.11297369
0.11013412
0.11096859
0.10976219
0.11798763
0.11150861
0.11399770
0.11354375
0.11332202
0.11175895
0.11316395
0.11334395
0.11350417
0.11427712
0.11132646
0.11151862
0.10978436
0.11286831
0.10962248
0.11002016
0.10964894
0.11884046
0.11129403
0.10972452
0.11100936
0.11354661
0.11391687
0.11177349
0.11286402
0.12243605
0.11377764
0.11304879
0.11147308
0.11274481
0.11154389
0.11202931
0.10949564
0.10930204
0.11791444
0.11348510
0.10991526
0.10971379
0.10956526
0.11128688
0.11100483
0.11332178
0.11915708
0.11371803
0.11142993
0.11317325
0.11355424
0.11383653
0.11331558
0.11170244
0.11128664
0.11710978
0.11346650
0.11283207
0.11278701
0.11118102
0.11197138
0.11263251
0.11300039
0.11923432
0.11235023
0.11227584
0.11289120
0.11306024
0.11136603
0.11115885
0.11365438
0.11897707
0.11329913
0.11112738
0.11366320
0.11358881
0.11355019
0.11167645
0.11301732
0.11273360
0.11819577
0.11212516
0.11330676
0.11320615
0.11308146
0.11193013
0.11150098
0.11318970
0.11987925
0.11346817
0.11119747
0.11165905
0.11317348
0.11131883
0.11163712
0.11135697
0.10979247
0.11882949
0.10992002
0.10946560
0.10978866
0.11129570
0.11252642
0.11374497
0.11261630
0.11956477
0.11208701
0.11275291
0.11366034
0.11374259
0.11126518
0.11301613
0.11294746
0.11733198
0.10985231
0.11304569
0.11253476
0.11098003
0.10935211
0.10981369
0.11110973
0.10951257
0.12003422
0.11257005
0.11341619
0.11310649
0.11378884
0.11198759
0.11404586
0.11344051
0.11141515
0.11187410
0.11380529
0.11165404
0.11116028
0.10955381
0.10987926
0.10986042
0.11077547
0.11520529
0.11017823
0.10967398
0.10962343
0.11287022
0.11281252
0.11293221
0.11152434
0.11351156
0.11363292
0.11303115
0.11137152
0.11314440
0.11128736
0.11163259
0.11125684
0.11140203
0.11713743
0.11002493
0.10927749
0.10941553
0.11126566
0.10963798
0.11103749
0.11251044
0.11916018
0.11254835
0.11120987
0.11258006
0.11246037
0.11104298
0.11162925
0.11258435
0.11320734
0.11810207
0.11156535
0.11204958
0.11386538
0.11316466
0.11107039
0.11218333
0.11246204
0.11176133
0.11645985
0.11126852
0.10971832
0.10988259
0.10979724
0.10987806
0.11088276
0.10961938
0.11508584
0.11180043
0.11267471
0.11128068
0.11220121
0.11337352
0.11293221
0.11148787
0.11302781
0.11397648
0.11294580
0.10994172
0.11104918
0.10988307
0.10989380
0.11148715
0.11117005
0.11654425
0.11013603
0.10983181
0.11040258
0.11108828
0.15398765
0.11520767
0.11101794
0.11125541
0.11329818
0.11285400
0.11113429
0.11133099
0.11145329
0.11103129
0.11079550
0.11300492
0.11464739
0.11257219
0.11110640
0.11186361
0.11235881
0.11244774
0.10956788
0.11272478
0.11380053
0.11178517
0.11241794
0.11273313
0.11287856
0.11189556
0.11270428
0.11302495
0.11117673
0.11193991
0.10973096
0.11126161
0.11134863
0.10970163
0.11134577
0.10994554
0.10946608
0.11441755
0.11171341
0.11279559
0.11121011
0.11399841
0.11321831
0.11287427
0.11093593
0.11306310
0.11358309
0.11114621
0.11088181
0.11065459
0.11263394
0.11229134
0.11102605
0.11240220
0.11478448
0.11200404
0.11049151
0.11239076
0.11251569
0.11119127
0.11102891
0.11242437
0.11287570
0.11311007
0.11125994
0.11245084
0.11244321
0.11075354
0.10973167
0.11103034
0.11405921
0.11690474
0.11239052
0.11275506
0.11254025
0.10916495
0.10922599
0.10944223
0.11099577
0.11121869
0.11865783
0.11346340
0.11305285
0.11175323
0.11296725
0.11359072
0.11304975
0.11151552
0.11085844
0.11009431
0.10910177
0.11052847
0.11241317
0.11104035
0.10943246
0.10954762
0.10950303
0.11001015
0.11249804
0.11296678
0.11242151
0.11127830
0.11254644
0.11302018
0.11302209
0.11663890
0.11291671
0.11299610
0.11069345
0.11161232
0.11119938
0.11101055
0.10915661
0.10919905
0.11662960
0.11076832
0.10911417
0.11071944
0.11457491
0.11110306
0.11274362
0.11357856
0.11966300
0.11199903
0.11468697
0.11795616
0.14666104
0.13067269
0.11324263
0.11420321
0.13970327
0.13525724
0.12729073
0.11452127
0.10940623
0.10914397
0.10924125
0.10918641
0.11234331
0.10895443
0.11035800
0.10927939
0.11029983
0.10931063
0.10915232
0.10954666
0.10916543
0.10971093
0.10938787
0.10920763
0.10893893
0.11055017
0.10914397
0.10889721
0.11061811
0.10956526
0.11007047
0.10927701
0.10922050
0.10885262
0.10916996
0.11000371
0.10901213
0.11093473
0.11169815
0.10901904
0.10930538
0.10933161
0.11165810
0.10924435
0.11015654
0.10938597
0.10900354
0.10944867
0.10910225
0.10913777
0.10927534
0.10904098
0.10916877
0.10926414
0.10917187
0.10907507
0.11001158
0.10851407
0.11059403
0.10967970
0.10893536
0.11003232
0.10917091
0.10931277
0.10854888
0.10907102
0.12097096
0.11872220
0.12544632
0.12885284
0.11962748
0.12548208
0.12189746
0.11361623
0.11764741
0.11302805
0.12679362
0.12281489
0.11417246
0.11511827
0.11216736
0.11163926
0.11227798
0.11039615
0.10940599
0.10946679
0.11031485
0.10901618
0.11365557
0.11787248
0.11490035
0.11300349
0.11194038
0.11079383
0.11766028
0.11785960
0.12344575
0.11689687
0.11458302
0.13564968
0.13147187
0.12620735
0.12177587
0.12269282
0.13161349
0.15233636
0.13975191
0.13587379
0.11209321
0.11411452
0.10982585
0.11396313
0.11362958
0.11300755
0.11066699
0.11102724
0.11262846
0.11115360
0.11127019
0.11060429
0.11751962
0.10938287
0.10917211
0.10904860
0.11067295
0.14165616
0.11243296
0.11009526
0.12004447
0.11268497
0.11232114
0.11075735
0.10956335
0.11305976
0.11227560
0.11081123
0.11271977
0.11866570
0.11076021
0.11005807
0.11045575
0.11274886
0.11235857
0.11060810
0.11224246
0.11732626
0.11107159
0.11079264
0.10955787
0.10950971
0.11387515
0.11808658
0.11747217
0.12347150
0.12721658
0.12044406
0.12316728
0.12171459
0.11927128
0.11471248
0.11251712
0.12140393
0.11284685
0.11460423
0.13330531
0.12831306
0.11085653
0.11094236
0.11368203
0.12516618
0.12098622
0.11837363
0.12025905
0.11490130
0.11315274
0.11978292
0.12190771
0.12913299
0.11153769
0.11085606
0.11504126
0.12059760
0.12533450
0.11361980
0.12459731
0.11746621
0.11105728
0.11613774
0.11604309
0.11359954
0.11200833
0.11195445
0.11339068
0.11866379
0.11050534
0.11062455
0.11252809
0.11469412
0.11335444
0.11095691
0.11168337
0.11695862
0.11126947
0.10926557
0.11041808
0.11211133
0.11154032
0.10906172
0.10922313
0.10989428
0.11011481
0.11096668
0.11380744
0.14064550
0.11255288
0.11352849
0.11270261
0.11117744
0.12244797
0.11427736
0.11396980
0.11042643
0.11235595
0.11269712
0.11307454
0.11199570
0.11955452
0.11285734
0.11044478
0.11183715
0.11778021
0.11243081
0.11171484
0.11072493
0.11186457
0.11809802
0.11206222
0.11058092
0.11185503
0.11240005
0.11104631
0.11043358
0.11117458
0.11633563
0.11096907
0.11192155
0.11198664
0.11039782
0.10974360
0.10908055
0.11108637
0.11096716
0.11445808
0.11303258
0.11329722
0.11364102
0.11100268
0.11103296
0.11265445
0.11647224
0.12095928
0.11812711
0.11586952
0.11655521
0.11267114
0.11637616
0.11717463
0.11280942
0.11240506
0.12105107
0.12249351
0.11794591
0.11689901
0.11697960
0.14843893
0.12602973
0.11495733
0.13803792
0.11392283
0.13757372
0.14642477
0.15036678
0.11159444
0.10935974
0.11756206
0.11100364
0.10927916
0.11070180
0.11645794
0.11210585
0.11397767
