0.02794838
0.12796974
0.13404012
0.11872172
0.10941100
0.10904813
0.10894370
0.10921741
0.10927582
0.11414647
0.10913754
0.10934544
0.10937810
0.11902142
0.11278510
0.11162853
0.11117744
0.11642623
0.12374592
0.10885119
0.10900307
0.10879421
0.10878181
0.10875201
0.10877156
0.10869145
0.10970187
0.10888147
0.11703110
0.11344600
0.11188030
0.11581564
0.11241102
0.12656665
0.22326922
0.11156487
0.11083984
0.12184310
0.11821699
0.11645222
0.11964369
0.10961270
0.11813998
0.11563873
0.10915184
0.10900640
0.11661577
0.11658454
0.11406326
0.11046767
0.11642909
0.25131130
0.11470032
0.11666203
0.11487389
0.15725994
0.18014169
0.12236762
0.11405873
0.12097859
0.16353130
0.11529636
0.12223315
0.11378217
0.11006641
0.18208098
0.22483087
0.14301658
0.17353225
0.19425249
0.20080614
0.17960048
0.19943333
0.11056376
0.17787242
0.20560336
0.20357227
0.13799500
0.11607075
0.14701891
0.21965599
0.22484922
0.18781543
0.21009517
0.24080205
0.17878461
0.11072826
0.14221621
0.10991716
0.11118007
0.14159083
0.14228439
0.14152408
0.14172888
0.13852596
0.14324236
0.14217782
0.14704871
0.14308071
0.12199306
0.13852859
0.11226368
0.11343861
0.17673779
0.12485099
0.12448931
0.11482120
0.10893893
0.11065793
0.10922742
0.10904598
0.11383486
0.10991383
0.11506701
0.10938931
0.10913014
0.10927010
0.10913587
0.10911942
0.10878301
0.10970855
0.10922241
0.11553001
0.10911679
0.10911775
0.10909343
0.11329794
0.13014674
0.14961028
0.11736250
0.10914397
0.11047435
0.10941434
0.10960579
0.10902119
0.11000252
0.10926676
0.10964513
0.10953426
0.11028409
0.10917735
0.12328839
0.13618374
0.10889649
0.11687946
0.13658547
0.14667320
0.14488816
0.13602877
0.13060379
0.12617064
0.12528229
0.13772631
0.11350584
0.11902428
0.13426161
0.14485431
0.13970137
0.13249755
0.12785769
0.12963128
0.12946534
0.11973071
0.10936093
0.10959291
0.10887504
0.10914040
0.10924888
0.10957170
0.11393523
0.10987473
0.10999870
0.10913825
0.10902834
0.10910773
0.10894537
0.10973024
0.10959363
0.10994887
0.10932326
0.10919762
0.15383005
0.12362051
0.11335993
0.11192536
0.11679673
0.12505817
0.11390686
0.11383057
0.11454391
0.11360788
0.14295530
0.11226010
0.10972810
0.14102030
0.11428356
0.10910034
0.10916352
0.10925722
0.10958672
0.10928130
0.10912824
0.10950971
0.10999966
0.12158275
0.15441251
0.15174532
0.14316726
0.14455748
0.11282396
0.13173223
0.11940002
0.12663651
0.11828017
0.10959578
0.11042428
0.11167383
0.10923719
0.13449907
0.13768315
0.12809539
0.11936402
0.11189508
0.12630892
0.16366529
0.13982415
0.13696742
0.11138797
0.10979128
0.11177397
0.11795950
0.11458063
0.11220026
0.11109328
0.11076951
0.10927081
0.10904694
0.10926056
0.10917139
0.10954380
0.10949373
0.10952663
0.11414099
0.10926270
0.10940480
0.10986304
0.10943937
0.10943747
0.11033797
0.11013412
0.11485720
0.12452269
0.11116552
0.10912204
0.10993671
0.10937929
0.10957050
0.10967422
0.10974956
0.10935855
0.11006689
0.10971880
0.11188316
0.11025381
0.11043477
0.11396122
0.11349368
0.10937667
0.11017418
0.10923815
0.11029553
0.10929871
0.11161685
0.11311245
0.11522675
0.11247444
0.11251497
0.11222816
0.11032343
0.11017418
0.11033630
0.10967875
0.10949063
0.10922217
0.10969639
0.10938311
0.11576724
0.10946631
0.10994816
0.11000776
0.10984731
0.11943936
0.12505722
0.11169291
0.11530471
0.11488247
0.11687708
0.21029401
0.11371303
0.10970330
0.10958910
0.10967994
0.10968733
0.10927939
0.10941076
0.11097884
0.10950279
0.10950828
0.11055779
0.11035490
0.10914755
0.10933352
0.10968876
0.10948181
0.10946727
0.10926247
0.10941362
0.10958767
0.11003160
0.10939956
0.10943985
0.10993934
0.10944414
0.10940504
0.10940623
0.10962605
0.10927105
0.11535549
0.11056828
0.10985231
0.10942388
0.10958552
0.10965133
0.10924530
0.11170793
0.11157966
0.10929418
0.10955787
0.10905766
0.10924745
0.10940433
0.10937095
0.10958099
0.10953379
0.11001635
0.10925794
0.10932732
0.10948300
0.10965681
0.11016774
0.11098623
0.10986686
0.11052966
0.11390114
0.11369038
0.11182213
0.11199021
0.10987806
0.10968757
0.10928726
0.10957026
0.11031842
0.11035728
0.11361265
0.11625004
0.11300135
0.12174821
0.12126589
0.11315584
0.11857963
0.10909581
0.10916972
0.10990119
0.10927582
0.10972977
0.11310697
0.11222339
0.11307573
0.11187482
0.11215281
0.11135912
0.11055374
0.11862373
0.11279416
0.11210203
0.11196995
0.11590385
0.11113238
0.10976148
0.11106586
0.11185479
0.14286566
0.11324000
0.11337590
0.12622070
0.11123061
0.11132669
0.11138511
0.11137199
0.11002445
0.10927796
0.11253190
0.15166497
0.11347866
0.11244845
0.11290884
0.10945654
0.10953426
0.11169791
0.10951471
0.10946393
0.10964799
0.10966706
0.10952234
0.10978770
0.10913849
0.10927773
0.10938144
0.10930324
0.10933399
0.11183667
0.10942006
0.10919476
0.10931110
0.10949659
0.10944700
0.10924125
0.10936356
0.10907793
0.10936451
0.10935497
0.10901499
0.10926652
0.10931778
0.10925579
0.10910606
0.10910034
0.10917163
0.10916805
0.10913777
0.10916138
0.11110210
0.10985303
0.10946059
0.10934210
0.10953879
0.11518455
0.10958076
0.10940790
0.11034679
0.11434698
0.11452985
0.11587429
0.10994458
0.11057544
0.11941457
0.11208892
0.11815548
0.11565185
0.10952330
0.10972524
0.10999894
0.10971022
0.11238885
0.11366987
0.11084962
0.11723900
0.10983324
0.11235046
0.11246419
0.11310601
0.11959648
0.11791682
0.11208940
0.11497593
0.12555957
0.11079717
0.11619854
0.11945915
0.12410641
0.12646699
0.10985494
0.11007619
0.12590289
0.11492229
0.11010003
0.11267114
0.12442756
0.12392592
0.11489248
0.11373782
0.11401844
0.12274075
