0.02779102
0.11656880
0.10952640
0.10934019
0.11023188
0.12534571
0.11628890
0.10923338
0.11382890
0.11116505
0.10908628
0.10901380
0.11024094
0.10870075
0.12887931
0.11134744
0.11637735
0.12918854
0.11358786
0.11266375
0.11082625
0.11115193
0.11568332
0.11776376
0.11147642
0.11408019
0.11297011
0.11559772
0.11221504
0.11706638
0.11913443
0.11428070
0.11456013
0.11329913
0.11351705
0.11182165
0.11517310
0.11266494
0.11808753
0.12612128
0.11310649
0.11099958
0.11249232
0.11335874
0.11524487
0.11178470
0.11873817
0.11208916
0.11237741
0.11170006
0.11056185
0.11331892
0.11090255
0.11081243
0.11166263
0.11776352
0.11068702
0.11073613
0.11077142
0.11078501
0.11456656
0.11839437
0.12408948
0.13825679
0.13283348
0.12450004
0.11449504
0.11208892
0.12969565
0.11326456
0.12228799
0.13053894
0.13221407
0.13445067
0.12060380
0.11219764
0.10964847
0.13054442
0.12082958
0.11439705
0.12010407
0.11394191
0.13155699
0.12675571
0.11406374
0.12282062
0.11188793
0.12153077
0.11554742
0.11174059
0.11177945
0.11126137
0.12476707
0.11956811
0.11284494
0.11620474
0.12498641
0.11654949
0.11545825
0.12295127
0.11463523
0.12229419
0.11286521
0.11768031
0.12229037
0.11606431
0.11791611
0.12380028
0.11994410
0.11451554
0.11990738
0.11645913
0.11069679
0.10883045
0.10906982
0.11128449
0.20444274
0.12992811
0.12314272
0.11350226
0.11998343
0.11733365
0.11446142
0.11350369
0.11256933
0.10949802
0.11751390
0.11901259
0.11551046
0.13892627
0.12257433
0.11214185
0.11215425
0.11211610
0.12837625
0.11145687
0.11302900
0.11153150
0.10967803
0.10930538
0.11039948
0.10912943
0.12798285
0.12220955
0.11355186
0.10901403
0.11033320
0.11228395
0.11624718
0.18526697
0.11810422
0.10969758
0.10972261
0.10894370
0.10936046
0.10875297
0.11064243
0.11184740
0.11658382
0.12218356
0.11270881
0.11294150
0.11299109
0.11245465
0.11240673
0.11462855
0.11175013
0.12986112
0.10862613
0.11254358
0.10887361
0.11271453
0.11345077
0.11522460
0.11382580
0.11187005
0.11109281
0.10992098
0.10892367
0.11196661
0.10883379
0.11209512
0.11168742
0.10926318
0.11472559
0.10896516
0.11461473
0.11359668
0.10882568
0.11414552
0.11087847
0.11510921
0.18691015
0.13003945
0.23123932
0.11510992
0.12771177
0.14134789
0.11273575
0.10896134
0.10865617
0.10880828
0.10916042
0.11293817
0.10935616
0.10905528
0.10883904
0.11529517
0.12423015
0.10908532
0.10931754
0.14162588
0.11468029
0.11031342
0.11062264
0.11211658
0.14598918
0.14803314
0.10991311
0.11248422
0.10993767
0.10898352
0.10881615
0.10944414
0.11130714
0.11049461
0.10911179
0.11398482
0.10914135
0.11048031
0.11153460
0.11332226
0.11551595
0.11044502
0.10905385
0.11303496
0.10965347
0.11192226
0.10921240
0.10898399
0.11341119
0.11371374
0.11233091
0.11138296
0.10920787
0.10891390
0.10973573
0.10922861
0.10905766
0.11309838
0.20235872
0.12099552
0.14141226
0.12803483
0.11488533
0.11056662
0.11730003
0.18603230
0.12786698
0.13055348
0.12424421
0.12231421
0.13850737
0.13356328
0.14728117
0.11791658
0.15964842
0.11874580
0.11110425
0.18821049
0.19769573
0.17145681
0.12682748
0.11309361
0.11321235
0.11613536
0.14298391
0.11839819
0.11346483
0.19715261
0.19132900
0.13575387
0.11603975
0.11906028
0.11976123
0.15145397
0.15395451
0.13223648
0.15574646
0.12569118
0.11035323
0.11093616
0.11070609
0.18131089
0.19632530
0.18476582
0.11737323
0.11055279
0.12099719
0.20270658
0.18872499
0.11683178
0.11257625
0.14986587
0.11592460
0.16955996
0.14440775
0.12788582
0.13567090
0.11097956
0.12191725
0.11644197
0.18161726
0.11155105
0.11147547
0.12271714
0.13648868
0.14037776
0.12246108
0.11452436
0.17816544
0.19595122
0.20036149
0.22363234
0.23804331
0.20241618
0.25853515
0.24732184
0.20505977
0.19769692
0.18798780
0.14356470
0.11059213
0.12446666
0.19316840
0.18860865
0.19243288
0.12515426
0.11366391
0.12216949
0.15474105
0.11159182
0.11371279
0.11172414
0.11035991
0.10910702
0.12921381
0.12882066
0.12738132
0.12267756
0.11654973
0.15746617
0.12441015
0.12670159
0.12559295
0.11199498
0.11546564
