0.02398276
0.11717534
0.10971999
0.10928679
0.10951066
0.10938549
0.10961246
0.10935259
0.10955834
0.12285113
0.16178513
0.14504051
0.14185667
0.14968634
0.14533138
0.23353100
0.14966035
0.13500571
0.14266491
0.13797998
0.15344167
0.13829613
0.13271904
0.12787509
0.13558984
0.13000441
0.13237500
0.12832522
0.13210177
0.14035296
0.17033887
0.13012314
0.12093949
0.11059284
0.11291575
0.11084771
0.11063266
0.11500168
0.11794710
0.10915208
0.14933014
0.11288309
0.10993934
0.10902286
0.11260772
0.12501335
0.13315225
0.14402628
0.12354326
0.11310768
0.13992333
0.12871313
0.11681867
0.15577769
0.11199141
0.12477303
0.11939311
0.11060739
0.11268640
0.10941744
0.11203957
0.12110996
0.11979699
0.10949755
0.10999560
0.10936236
0.10919023
0.10901260
0.10924459
0.10895991
0.10933566
0.12001777
0.10958433
0.14703035
0.14051938
0.12505698
0.10927153
0.10894036
0.10910392
0.11527348
0.10897875
0.10988808
0.10935879
0.10907602
0.10914636
0.10920668
0.10902882
0.10894799
0.11516428
0.15544105
0.15416980
0.15973282
0.12481499
0.10943389
0.12630177
0.14565754
0.13028526
0.13323522
0.13395596
0.12671924
0.11768055
0.13618541
0.12928891
0.13731074
0.13362288
0.15929627
0.12935758
0.13094330
0.13642573
0.11520982
0.12618470
0.12843895
0.11656094
0.13390326
0.12784481
0.11018038
0.10968804
0.11028433
0.11482310
0.10957956
0.10926580
0.10891438
0.10939097
0.10899448
0.10944152
0.10897875
0.10909700
0.10931158
0.10930753
0.10921144
0.10915136
0.10894179
0.10905099
0.10921836
0.10909581
0.11633492
0.12566900
0.11604548
0.11030483
0.12282014
0.12045908
0.13017321
0.11183405
0.13342428
0.13097310
0.11226773
0.11087751
0.11117673
0.11134648
0.12193179
0.12689614
0.12455678
0.12695861
0.14365411
0.13318944
0.13779187
0.14036703
0.13614678
0.14017677
0.13740993
0.13711214
0.12341809
0.10896897
0.10927510
0.11193991
0.12043047
0.13492298
0.13752723
0.14189124
0.13711309
0.13226056
0.13932753
0.13983536
0.12066984
0.11027193
0.11251140
0.12462950
0.13060856
0.12482357
0.12774253
0.12956166
0.13373756
0.13233900
0.13248658
0.13531470
0.11389923
0.11228704
0.11265898
0.11209726
0.11335540
0.11007214
0.10888243
0.10913062
0.12427974
0.13386536
0.12257457
0.11725259
0.10923910
0.11003733
0.11134911
0.11146617
0.10996628
0.11087942
0.11127329
0.11021233
0.11024857
0.11092162
0.11100173
0.11014032
0.10916543
0.10918760
0.10906100
0.10932016
0.10888982
0.11024213
0.10964012
0.10934377
0.10893416
0.10911536
0.10923028
0.10920596
0.10911274
0.10908723
0.10906816
0.10907245
0.10901785
0.10883784
0.10907125
0.10897899
0.10915399
0.11166668
0.12207270
0.11332321
0.11271048
0.11162329
0.11162925
0.11245012
0.10946965
0.11207724
0.11059546
0.10891271
0.13115478
0.11054778
0.10881567
0.10901785
0.11572242
0.11832881
0.11164427
0.11695218
0.10912561
0.11446905
0.11308551
0.11793566
0.10917568
0.10904527
0.11290622
0.13399243
0.11301112
0.11449528
0.11292672
0.12519455
0.11696458
0.13020945
0.14016986
0.11767840
0.11541677
0.11579633
0.11426139
0.11347008
0.12180853
0.13153791
0.12617970
0.15125680
0.14162207
0.14034152
0.14051890
0.13681817
0.13498688
0.11939263
0.11102438
0.13437963
0.13714027
0.13371587
0.13413501
0.12814188
0.12556410
0.12893105
0.13867712
0.14294887
0.13380742
0.13311338
0.12828183
0.12227464
0.12885523
0.13462782
0.13521385
0.13410687
0.13801885
0.14104843
0.14705658
0.13536859
0.13056302
0.10941744
0.12590194
0.12268472
0.11869192
0.12315416
0.11260295
0.11315227
0.12887836
0.14228034
0.13157678
0.11188388
0.11225128
0.12368727
0.10964966
0.11119914
0.10930371
0.10935974
0.11035371
0.11030316
0.11096239
0.10991311
0.10980272
0.10911655
0.10916781
0.10916257
0.10916710
0.11072421
0.10906124
0.10921526
0.10924220
0.10901165
0.10918427
0.10925317
0.10900116
0.10915232
0.10982323
0.10897827
0.11136889
0.10923862
0.10910869
0.10929799
0.10891652
0.10898232
0.10926652
0.10908985
0.10899925
0.10871220
0.10899353
0.10906219
0.10935020
0.10911465
0.10910153
0.10900569
0.10936379
0.10893440
0.10904551
0.10943937
0.10893869
0.10949993
0.10893035
0.10908437
0.11368966
0.10931134
0.10892057
0.10916042
0.10901999
0.10868740
0.10905886
0.10894966
0.10907793
0.11032891
0.10899162
0.10910702
0.10906625
0.10908937
0.10905051
0.10946393
0.10911369
0.10918355
0.10973978
0.10902095
0.10889602
0.10994172
0.11299086
0.11595774
0.11456370
0.11538267
0.11664224
0.11450624
0.11816645
0.13438487
0.13190460
0.11586738
0.10933971
0.10903907
0.10889292
0.10907030
0.10880828
0.10891533
0.10961485
0.10903168
0.10914707
0.10888433
0.10900712
0.10898995
0.11477709
0.10901546
0.10894895
0.10894823
0.10881805
0.12624717
0.12315917
0.11005592
0.10974813
0.10875916
0.10886335
0.10913491
0.11815286
0.12983084
0.13052630
0.11490178
0.11252022
0.11175847
0.11373210
0.11379409
0.11518693
0.11449981
0.11290956
0.11283636
0.11227274
0.12029076
0.11227155
0.11242771
0.11205339
0.11223221
0.11037302
0.10989666
0.11012983
0.11082745
0.11425161
0.10912442
0.10874295
0.10906649
0.10900998
0.11446619
0.11589503
0.15056753
0.15020251
0.12801147
0.10980701
0.10923481
0.11710286
0.13605380
0.13659763
0.15318727
0.15439749
0.14232326
0.15405035
0.16969991
0.15086198
0.11998725
0.11430883
0.12483621
0.10855007
0.11126733
0.12845445
0.11463833
0.11609864
0.11770344
0.10929608
0.11855721
0.11447477
0.12310147
0.11573982
0.11325693
0.11493278
0.10867572
0.11683369
0.11626029
0.11285758
0.12119389
0.10896683
0.10859203
0.10871530
0.10938787
0.10840440
0.12374997
0.11607718
0.11766458
0.10904026
0.12409139
0.15503550
0.11841917
0.10968113
0.11062145
0.11316943
0.11142802
0.10943770
0.10872293
0.11179113
0.11662292
0.11645842
0.11356235
0.11762285
0.10859036
0.10846853
0.10852766
0.10990524
0.10913253
0.12873316
0.13161516
0.12357330
0.12086558
0.14116669
0.11814284
0.10879683
0.11303735
0.11588144
0.12996864
0.11803484
0.10868287
0.12643075
0.12185359
0.12265587
0.13106084
0.12085032
0.12833595
0.14974403
0.14613581
0.21329188
0.15095615
0.16747832
0.13713884
0.12106800
0.12143087
0.11356544
0.10895061
0.11408758
0.11998725
0.10921621
0.10901570
0.10948086
0.10951161
0.10921097
0.10906410
0.11150360
0.11643672
0.12454700
0.11484933
0.12718630
0.12035704
0.12005520
0.11406112
0.12738705
0.12252069
0.14368439
0.15357614
0.13648605
0.14169669
0.15176535
0.20422578
0.23612714
0.15104747
0.24889016
0.24047065
0.22953463
0.24902678
0.16113830
0.16823173
0.14105582
0.14066219
0.22176909
0.15168667
0.14801931
0.19963646
0.19114995
0.18642187
0.14107847
0.11437583
0.13782573
0.13444901
0.14360738
0.11145449
0.12971807
0.16143513
0.16366553
0.13313580
0.14465666
0.13041615
0.12789488
0.14845252
0.13982010
0.14228201
0.13306546
0.16755581
0.13072968
0.13029432
0.13130689
0.18473196
0.12790394
0.14021373
0.13825774
0.13492513
0.13371420
0.13513470
0.13197446
0.13458943
0.14295745
0.14500141
0.13476944
0.13577771
0.12353015
0.14619589
0.14887118
0.13125563
0.13551784
0.15008903
0.15096593
0.13407135
0.12697887
0.13714314
0.12647843
0.12913203
0.12729764
0.13028502
0.12562847
0.12127781
0.14930606
0.14008141
0.12406945
0.11453271
0.13850093
0.15402913
0.13739371
0.11480117
0.12918186
0.12164879
0.11819673
0.11818099
0.12612629
0.12499166
0.12191820
0.11656070
0.11777377
0.12047172
0.11546278
0.12390614
0.12253952
0.11865187
0.12153530
0.12120152
0.12325644
0.12698221
0.11906338
0.11969328
0.11896086
0.11806941
0.12079453
0.11778283
0.13150239
0.13001537
0.11701345
0.12742543
0.11896467
0.12056017
0.11837506
0.11761546
0.12726617
0.12638450
0.11888218
0.13487101
0.11984587
0.11352611
0.11896181
0.12280536
0.14371133
0.12962985
0.11660695
0.12308288
0.13215351
0.12041521
0.11922026
0.13428020
0.13625073
0.13983297
0.11620808
0.11854005
0.11915469
0.12124801
0.11777782
0.11563778
0.13370180
0.12025452
0.11718297
0.11752152
0.13149238
