0.02943587
0.15529037
0.12178612
0.12202191
0.11895537
0.14917326
0.14787197
0.11684155
0.11815071
0.11792159
0.11648703
0.11799359
0.11686730
0.11731291
0.11666846
0.11574697
0.15114999
0.14351130
0.12165952
0.13564587
0.16835189
0.12997365
0.11932135
0.11673713
0.11652708
0.12172008
0.15107703
0.13663220
0.12054348
0.15218997
0.14081502
0.11684155
0.11927819
0.16897297
0.12921882
0.11797214
0.13867593
0.13768435
0.11884928
0.11711240
0.11903691
0.11611462
0.11776257
0.11664605
0.11736989
0.11843991
0.11690116
0.11842847
0.12403870
0.11888123
0.11963654
0.12023044
0.11752319
0.11734056
0.12615013
0.12781501
0.13130474
0.12479448
0.11703181
0.11565208
0.11665583
0.11477160
0.12690949
0.12053227
0.11871552
0.11589503
0.11642623
0.13004613
0.13226008
0.12469578
0.12646699
0.11975932
0.11617017
0.11587763
0.11466670
0.11899686
0.11567140
0.11553192
0.11758804
0.12156415
0.12483740
0.12039161
0.12122297
0.12110305
0.11156011
0.10967350
0.11492062
0.11692214
0.11551642
0.11538553
0.11583352
0.11709976
0.11531425
0.11694622
0.11563563
0.12090325
0.11931109
0.11935949
0.11976194
0.13688779
0.14618540
0.13459802
0.11704826
0.13046241
0.13653588
0.11608911
0.11510324
0.15812826
0.17071819
0.11856842
0.12275863
0.11639333
0.11820126
0.11812711
0.13090634
0.15823340
0.14611530
0.12393117
0.12122202
0.11566424
0.11520219
0.11518764
0.14258599
0.14518881
0.12472248
0.11960626
0.12318563
0.14139891
0.13125753
0.11860108
0.12585211
0.11676598
0.11596346
0.11570477
0.13476014
0.14287043
0.11458850
0.10950065
0.10940146
0.10993433
0.11339259
0.12697577
0.13962889
0.12084174
0.11813974
0.11479044
0.11750221
0.12374759
0.17854810
0.11158085
0.11050653
0.11452103
0.12754440
0.13603735
0.13048840
0.11489534
0.11382198
0.11693025
0.11517477
0.11450005
0.11579370
0.11424851
0.11634660
0.11573505
0.12260222
0.14236808
0.13132977
0.11509490
0.11503816
0.11723757
0.11658692
0.12315631
0.11649537
0.11570740
0.11784768
0.12956810
0.12471151
0.11820841
0.12192845
0.12593412
0.11543131
0.11480951
0.11321187
0.11488676
0.11332059
0.11320782
0.11172485
0.11383438
0.11249185
0.11181283
0.11248684
0.11299634
0.11117387
0.11157680
0.11293077
0.11816692
0.11096573
0.11328578
0.11316848
0.10957241
0.11012483
0.10904217
0.11076808
0.11151409
0.11237931
0.11278725
0.11299038
0.11088800
0.11260724
0.11337757
0.12207484
0.11326528
0.11786437
0.11665034
0.11576581
0.11286831
0.12099791
0.13950324
0.13681722
0.12542510
0.11505604
0.12636614
0.14127350
0.13174081
0.12215805
0.11627436
0.11995697
0.12355685
0.11566567
0.11658072
0.11455226
0.11728573
0.13593483
0.13755035
0.12763691
0.11689162
0.12527227
0.13109756
0.12518811
0.11472845
0.11939454
0.12924242
0.13189006
0.11504865
0.14443755
0.14151478
0.13129115
0.12390137
0.11352086
0.11187625
0.11743522
0.11276889
0.11761355
0.11187792
0.13138652
0.11052418
0.11088562
0.15332627
0.16691923
0.13387775
0.11743116
0.15008831
0.13457251
0.12795281
0.13307929
0.23309112
0.13458347
0.16211414
0.12334728
0.13627052
0.15201640
0.12321949
0.11308098
0.13642526
0.14297128
0.10849786
0.10857201
0.10884309
0.11466074
0.11819649
0.13927174
0.13967705
0.14988208
0.13313794
0.12653923
0.13258195
0.14665627
0.13066483
0.11790371
0.10875869
0.10941744
0.10887194
0.11707163
0.13152957
0.14410257
0.13327813
0.15120816
0.13831854
0.10818648
0.16150832
0.15125394
0.14883566
0.13869286
0.13722777
0.13582826
0.13836789
0.14032841
0.13599944
0.12894940
0.12471175
0.12207603
0.11153054
0.10915494
0.12944579
0.13526106
0.12932873
0.12583518
0.13924909
0.12337279
0.10876322
0.11745977
0.12974310
0.11724782
0.10949659
0.10839057
0.12080622
0.14501286
0.13228369
0.23054314
0.11143064
0.12371016
0.13063073
0.13444448
0.14062810
0.13137889
0.13449216
0.12600803
0.14134789
0.14513969
0.14270329
0.14191532
0.14209938
0.13377023
0.13070202
0.12267423
0.11023593
0.10923886
0.11052299
0.11161995
0.11467528
