0.02626348
0.13440800
0.10918379
0.14936280
0.13725138
0.13175774
0.15319562
0.11276388
0.14662194
0.13526177
0.13977742
0.13833356
0.13591170
0.12845588
0.13788962
0.12702942
0.11565137
0.10961008
0.14367986
0.14612150
0.12559700
0.13131428
0.13127780
0.12952137
0.12992191
0.13536048
0.13747740
0.13664532
0.13910055
0.13386583
0.13423681
0.13390136
0.12895346
0.11161375
0.12144971
0.10900736
0.11557698
0.14735556
0.15501690
0.14040637
0.14523673
0.13872790
0.11300015
0.10871077
0.11109304
0.10856605
0.10841990
0.10859776
0.10888839
0.10846305
0.10836744
0.10852361
0.11495996
0.10862470
0.10839891
0.10856223
0.10850358
0.12364602
0.10848427
0.10870433
0.10860348
0.11513853
0.10942221
0.10967183
0.10861206
0.10855961
0.11549211
0.10842013
0.10860753
0.10849619
0.10884857
0.10865927
0.10851073
0.10848403
0.10850263
0.11793971
0.10848284
0.10866594
0.10861611
0.11468720
0.11089540
0.10858393
0.10862374
0.10879040
0.12107158
0.10873389
0.10959697
0.10849047
0.11458278
0.10877371
0.10854006
0.10861564
0.10883045
0.11573768
0.10866404
0.10871744
0.10874033
0.11439300
0.10859680
0.10856414
0.10866547
0.10838914
0.12017131
0.10858297
0.10865688
0.10835576
0.11426497
0.10859442
0.10850930
0.10858679
0.10886312
0.12362289
0.10875487
0.10877109
0.10888839
0.11342549
0.10867214
0.10895824
0.10879540
0.10873866
0.11678314
0.10856414
0.10879755
0.10985875
0.11398649
0.10856199
0.10872841
0.10857821
0.10871887
0.11564255
0.10886025
0.10871315
0.10903358
0.11459208
0.10874152
0.10864520
0.10863590
0.10879159
0.11466217
0.10867500
0.10864997
0.10869050
0.11587811
0.10857058
0.10875273
0.10872269
0.10860872
0.11698675
0.10855699
0.10859108
0.10861468
0.13347578
0.12745047
0.10870981
0.10850811
0.12277651
0.10868621
0.10877514
0.10873795
0.11871314
0.11010957
0.10884929
0.10875177
0.10875416
0.12070560
0.10879946
0.10888433
0.10885000
0.11874938
0.10890484
0.10871816
0.10904312
0.10871148
0.12089682
0.10877180
0.10872173
0.10879397
0.11411262
0.10866690
0.10871553
0.10876870
0.10873175
0.11920238
0.10868549
0.10868382
0.10855770
0.11454654
0.10862494
0.10862398
0.10861850
0.10848117
0.11220360
0.10850978
0.10861826
0.10846043
0.11423087
0.10927749
0.10856533
0.10872817
0.11908174
0.10898590
0.10840106
0.10851264
0.11427259
0.10854673
0.10873127
0.10857201
0.10946703
0.11385131
0.10856986
0.10834670
0.10834074
0.11446691
0.10843611
0.10845852
0.10852838
0.12177825
0.10857129
0.10858703
0.10839677
0.10853434
0.11558056
0.10843158
0.10824776
0.10857701
0.12190938
0.10834980
0.10850334
0.10853314
0.10847664
0.10892010
0.10833669
0.10843635
0.10830331
0.11811471
0.10860133
0.10841560
0.10845017
0.11208177
0.10893321
0.10837865
0.10843420
0.10827327
0.11409783
0.10824680
0.10842705
0.10851026
0.11670899
0.10854363
0.10846329
0.10834956
0.10847855
0.11215568
0.10848665
0.10868239
0.10985065
0.11393976
0.11083698
0.10885596
0.10851741
0.10859418
0.11799812
0.10841417
0.10861349
0.10842133
0.11629438
0.10877252
0.10858488
0.10885692
0.10875511
0.11557913
0.10863256
0.10872030
0.10881257
0.11589479
0.10875964
0.10871530
0.10880423
0.10860491
0.11294675
0.10860133
0.10875893
0.10876203
0.11517715
0.10891509
0.10873628
0.10867333
0.10875130
0.11511183
0.10870957
0.10874081
0.10871959
0.11498165
