0.02742624
0.11105204
0.10908937
0.10936022
0.11803579
0.10932779
0.10929871
0.10937095
0.11529088
0.10967493
0.10931706
0.10946226
0.10923076
0.11212015
0.10927439
0.10945415
0.10918689
0.11625481
0.10935831
0.10954523
0.10934043
0.10964823
0.11377621
0.10953903
0.10948443
0.10960722
0.11527872
0.10973263
0.10941219
0.10962462
0.10998750
0.11203146
0.10961843
0.10965562
0.10954690
0.11767983
0.10924315
0.10949278
0.10936713
0.11450315
0.10948515
0.10961747
0.10946250
0.10963082
0.10978699
0.10968041
0.10967731
0.10952806
0.11612844
0.10955667
0.10950327
0.10955644
0.11443138
0.11005640
0.10982680
0.10985684
0.11042213
0.11956882
0.11003327
0.10967660
0.10945940
0.11469960
0.10944438
0.10942650
0.10925007
0.10943127
0.11962795
0.10921669
0.10918450
0.10915804
0.11468863
0.10919738
0.10914087
0.10929465
0.12005067
0.10918283
0.10909081
0.10921550
0.10921836
0.11497045
0.10921168
0.10918880
0.10913897
0.11352229
0.10914135
0.10922027
0.10908127
0.11463451
0.10915613
0.10915852
0.10929513
0.10912108
0.11159348
0.10906124
0.10898495
0.11035895
0.10927486
0.10895205
0.10869932
0.10857868
0.10868025
0.11157799
0.10876632
0.10886931
0.10878778
0.11361432
0.10910344
0.10905504
0.10925555
0.10938239
0.11338520
0.10952401
0.10943365
0.10959864
0.11391044
0.10966969
0.10959935
0.10957909
0.12183905
0.10983443
0.10944366
0.10958433
0.10940337
0.13356328
0.11158967
0.10962605
0.10941935
0.11091900
0.10942841
0.10961390
0.10954499
0.11660075
0.10991025
0.10970521
0.10939312
0.12364554
0.10959053
0.10983610
0.10948777
0.10963225
0.11667752
0.10941410
0.10944414
0.10971308
0.11928892
0.10946703
0.10948896
0.10940766
0.11485100
0.10947943
0.10905480
0.10919499
0.10929394
0.11093259
0.10924530
0.10932589
0.10925889
0.11479497
0.10938716
0.10938454
0.10946798
0.10943174
0.11414504
0.10942149
0.10940814
0.10956097
0.10964751
0.11028290
0.10956955
0.10963392
0.10947466
0.12324619
0.10947895
0.10974216
0.10976434
0.11008453
0.10966206
0.10984063
0.10993934
0.11942363
0.10970163
0.11003733
0.10982084
0.10967875
0.11012483
0.10978055
0.10984564
0.11017442
0.11466098
0.10983920
0.10981321
0.10986900
0.11014819
0.11009812
0.10967875
0.11006093
0.10975099
0.12475991
0.10958743
0.10987902
0.10972619
0.11001325
0.10962558
0.10972476
0.10963535
0.10976577
0.11543226
0.11103749
0.10973644
0.11071444
0.10995650
0.10972977
0.10949016
0.10967135
0.12025499
0.10935831
0.10939026
0.10926390
0.10946274
0.10921764
0.10916638
0.10915112
0.12318754
0.10898495
0.10900521
0.11044216
0.10898733
0.11111951
0.10897708
0.10921264
0.10918760
0.12369847
0.10889792
0.10889196
0.10880971
0.10901976
0.10934711
0.10891056
0.10907578
0.10909724
0.11893511
0.10892248
0.10903525
0.10890007
0.11396384
0.10940623
0.10909629
0.10921907
0.10907125
0.11897445
0.10935283
0.10917592
0.10919929
0.10946870
0.10914707
0.10917282
0.10919404
0.10987043
0.11543131
0.10895348
0.10928226
0.10930753
0.10972047
0.10912633
0.10912538
0.10906553
0.12139702
0.10912299
0.10892010
0.10914063
0.10907030
0.10951614
0.10905981
0.10934234
0.10916567
0.11704326
0.10957408
0.10941148
0.11038136
0.10951948
0.10996079
0.10954905
0.10938931
0.10959244
0.11557508
0.10925317
0.10933733
0.10955548
0.10929346
0.10957289
0.10931277
0.10928488
0.10917425
0.11649585
0.10928249
0.10939670
0.10912967
0.10928583
0.11022401
0.10912061
0.10907817
0.10903025
0.11667037
0.10909486
0.10909033
0.10905552
0.11144137
0.10899425
0.10893440
0.10898066
0.10890079
0.12387514
0.10898900
0.10907483
0.10887909
0.10955095
0.10887790
0.10895634
0.10891771
0.11785316
0.10880733
0.10894060
0.10881352
0.10865474
0.10886860
0.10878444
0.10907006
0.10890627
0.11786103
0.10915470
0.10906434
0.10908175
0.10914493
0.10984325
0.10905886
0.10922980
0.10908031
0.11621022
0.10879135
0.10886979
0.10865331
0.10875130
0.10899878
0.10864496
0.10869431
0.10855126
0.11617208
0.10875845
0.10885024
0.10812020
0.10818768
0.10830140
0.10788798
0.10811543
0.10807490
0.11887884
0.10827184
0.10819936
0.11001945
0.10878897
0.10836363
0.10825205
0.10838389
0.10819840
0.11530685
0.10834050
0.10838985
0.10815001
0.11422801
0.10829234
0.10821247
0.10830712
0.10825491
0.12198091
0.11149240
0.11120582
0.11154246
0.11152983
0.10838795
0.10879064
0.11200285
0.11934376
0.12199330
0.10938811
0.10833168
0.10822392
0.13654041
0.11251712
0.11282849
0.12487817
0.11243773
0.11226153
0.11269712
0.10909796
0.11010838
0.10829926
0.10825157
0.10897303
0.11661720
0.10858202
0.10837841
0.10839248
0.10850906
0.11194801
0.10842156
0.10857201
0.10843563
0.11608553
0.10831022
0.10827327
0.11147404
0.11026263
0.11488914
0.11031055
0.10970974
0.10818768
0.11623073
0.10823154
0.10812426
0.10800242
0.10821772
0.10939908
0.11253381
0.11265278
0.11187315
0.11319160
0.14492488
0.15045381
0.13897181
0.13940215
0.14699459
0.15110636
0.11807394
0.10885906
0.13068485
0.13169336
0.15164852
0.13547206
0.12790489
0.13863397
0.11945105
0.11796856
0.12641907
0.12667632
0.11052895
0.10821366
0.10835934
0.14677572
0.13155270
0.13081050
0.13420939
0.13555408
0.13717294
0.13431144
0.13962054
0.11112499
0.10836816
0.11155820
0.12786555
0.12416601
0.10877800
0.10839319
0.10893440
0.11399794
0.12817574
0.13344717
0.11214662
0.11517096
0.11884999
0.15009904
0.12901306
0.12827826
0.13682437
0.12688184
0.11524677
0.10894060
0.11810803
0.13310504
0.13675141
0.12415051
0.11505938
0.12561560
0.14438796
0.14374423
0.14523506
0.15549827
0.14643979
0.13389373
0.10890269
0.11578846
0.13070941
0.14993405
0.14991307
0.12772894
0.11230803
0.11073232
0.11099243
0.11172318
0.11170316
0.11222839
0.11262393
0.12167835
0.10893774
0.11430311
0.11413097
0.11695170
0.11206031
0.11362767
0.11349988
0.12799788
0.11515856
0.11507607
0.10925126
0.11369181
0.10853505
0.10836339
0.10850000
0.12912941
0.11495161
0.11173606
0.11448836
0.12408781
0.11801195
0.11889243
0.11855006
0.12701654
0.11581326
0.11155152
0.10869384
0.11141944
0.12433410
0.12012434
0.12101126
0.12388921
0.11508608
0.11524272
0.11176896
0.10859132
0.11354876
0.11422753
0.11609960
0.11446762
0.12174892
0.11189055
0.11120439
0.10861707
0.11284423
0.13653207
0.15035701
0.12876344
0.12875700
0.11174345
0.11353898
0.11245966
0.11603737
0.10902143
0.11227274
0.12784219
0.13314033
0.13109875
0.13221383
0.11330605
0.14964628
0.14057612
0.11995244
0.11461830
0.11547160
0.10863161
0.11647701
0.12979269
0.11823916
0.11759186
0.11168551
0.12296224
0.11514950
0.11244345
0.11228585
0.11471605
0.11131263
0.11278224
0.11093521
0.12291074
0.11328888
0.11206532
0.11247158
0.11061120
0.11477327
0.11403155
0.11009502
0.10927153
0.11907482
0.13130403
0.12721300
0.12434244
0.11238074
0.11033773
0.11641431
0.10804892
0.12134027
0.11067939
0.11232615
0.11289263
0.10943675
0.11547923
0.13273501
0.15104938
0.13907933
0.12676930
0.11351895
0.11049819
0.11295605
0.11542797
0.10840964
0.11645985
0.11414337
0.11168814
0.10819054
0.10825515
0.10821915
0.11444664
0.10928082
0.10847807
0.10818410
0.11849165
0.10817242
0.10826492
0.10816073
0.10807776
0.13523030
0.11085296
0.10886288
0.10837555
0.10854983
0.10843372
0.11324263
0.10805607
0.11743426
0.10822821
0.11007953
0.11188293
0.11931920
0.10811067
0.10809946
0.10807943
0.10808301
0.10879040
0.11452007
0.11290288
0.11380196
0.12056756
0.11271071
0.11056662
0.12301874
0.13456964
0.14843631
0.12294126
0.12599850
0.11015630
0.11323309
0.10870028
0.10832381
0.12591910
0.14933681
0.12661743
0.11824155
0.11074710
0.11061954
0.11237812
0.10823131
0.10892129
0.10884643
0.11001563
0.10951829
0.11788321
0.11171675
0.11314654
0.11035156
0.11174941
0.11293507
0.11298776
0.11052513
0.11074233
0.11586475
0.14813089
0.13400245
0.14282656
0.12152052
0.11335111
0.11569214
0.10850215
0.11752796
0.11478162
0.11276007
0.11191773
0.11623812
0.11727905
0.14062309
0.16197062
0.13551164
0.11158085
0.10883784
0.11383891
0.11506510
0.11391902
0.11598420
0.11363101
0.11483383
0.11469245
0.11210227
0.11176658
0.10935020
0.11515737
0.11002445
0.15658808
0.12979794
0.13010025
0.11104417
0.11084533
0.11491418
0.11399460
0.11239052
0.11573076
0.11607456
0.13127971
0.14334512
0.12865400
0.12904096
0.15241814
0.12912345
0.14165854
0.11290240
0.11085558
0.11675382
0.11623502
0.11699224
0.11138296
0.13036203
0.11479497
0.11600590
0.11177611
0.11144137
0.11465406
0.11241317
0.13435888
0.15949726
0.15302062
0.18598175
0.11658382
0.12329626
0.10966516
0.10986567
0.11351585
0.12115407
0.10893512
0.10890651
0.10858297
0.10878038
0.11795425
0.10905552
0.10910106
0.10920691
0.12023997
0.10874271
0.10807252
0.10801005
0.10813951
0.11703753
0.10792708
0.10800648
0.12012911
0.10816431
0.10788608
0.10969543
0.10977530
0.14395976
0.12764382
0.12597442
0.12873793
0.12823486
0.11994219
0.11012006
0.10909152
0.11401558
0.10936379
0.10857749
0.10798669
0.12079763
0.10853243
0.10869479
0.10806775
0.10842729
0.10861945
0.10817480
0.10807610
0.10808945
0.11970806
0.10817838
0.10812759
0.10815048
0.10813546
0.11414218
0.10806608
0.10804844
0.10802937
0.12062073
0.11046624
0.11002088
0.10816264
0.11091399
0.11946082
0.12370372
0.11997080
0.12294197
0.11023474
0.11196065
0.12979865
0.13720775
0.13471889
0.11757374
0.11172199
0.12041378
0.11203003
0.11089635
0.11997151
0.13358879
0.13458586
0.21589851
0.12543178
0.11291933
0.11272740
0.11200666
0.11019731
0.11653042
0.15619779
0.12650537
0.12868476
0.11278915
0.10875273
0.11347365
0.10882115
0.13331699
0.12812734
0.12997007
0.12276149
0.11624837
0.12219501
0.12213206
0.15925097
0.12631059
0.11773872
0.12142372
0.11154938
0.11132264
0.10951781
0.13105202
0.14460278
0.10954690
0.11388135
0.12580681
0.14212418
0.12743831
0.12608504
0.11879516
0.10981131
0.11239505
0.12158680
0.10873652
0.11060739
0.11021781
0.10908771
0.13319945
0.11164927
0.11288595
0.10882354
0.12054372
0.11057544
0.11284041
0.11190152
0.15106654
0.13774776
0.13247395
0.14410090
0.13962746
0.12906122
0.13233685
0.13100410
0.13145161
0.11460400
0.11265802
0.12308550
0.11409163
0.10927892
0.10855484
0.14036036
0.11701465
0.11387134
0.11202145
0.12439275
0.11137319
0.11126637
0.11126757
0.11151433
0.11606598
0.10969734
0.13652897
0.16529989
0.13876843
0.12576914
0.11497998
0.14691615
0.12500048
0.13092113
0.12515807
0.14573121
0.14459443
0.14111090
0.15359163
0.11786079
0.15344954
0.13972020
0.14048481
0.12850046
0.12011027
0.12652516
0.12037587
0.11027956
0.11064076
0.11722445
0.11063957
0.11081696
0.11863923
0.12622786
0.13170242
0.12878847
0.13029432
0.13749361
0.12767363
0.12576532
0.12038565
0.12314463
0.12513947
0.13276553
0.14046121
0.11696267
0.12824726
0.12267399
0.12457371
0.12505126
0.12861013
0.11571813
0.13277030
0.12549090
0.11347175
0.11717463
0.12488008
0.11603570
0.10879540
0.15480924
0.13597703
0.14476347
0.12951899
0.13473535
0.13786888
0.13923407
0.13662696
0.13153100
0.12938213
0.12121940
0.12570167
0.13354063
0.12955523
0.10928297
0.13640833
0.11800981
0.13018966
0.11547351
0.12690926
0.13808036
0.11285186
0.10896850
0.14139414
0.12154222
0.11050200
0.11048627
0.10932517
0.10963178
0.10983396
0.11039019
0.12155342
0.10900974
0.10872698
0.10898662
0.10846686
0.10896325
0.11511302
0.10902905
0.10898590
0.10918093
0.22607493
0.10914445
0.10851789
0.12315750
0.10872602
0.10838938
0.10976577
0.10854983
0.10875511
0.10903406
0.10838366
0.10839057
0.12130380
0.10826278
0.10864115
0.10878801
0.10833788
0.10899448
0.10933900
0.10874701
0.10868382
0.12207317
0.10857248
0.10877204
0.10873890
0.10868669
0.10911083
0.10874724
0.10914898
0.10863328
0.12223792
0.10870790
0.10857129
0.10864758
0.10877061
0.10928488
0.10859823
0.10882449
0.10888338
0.12161493
0.10856891
0.10856867
0.10889363
0.10857964
0.10949564
0.10871577
0.10885787
0.12174678
0.10873556
0.10904884
0.10875010
0.10871553
0.10890794
0.10908127
0.10914779
0.10869527
0.12132645
0.10892177
0.10904646
0.10887957
0.10907698
0.10900068
0.10956788
0.10900712
0.10928059
0.12155533
0.10878992
0.10884142
0.10895681
0.10878086
0.10917211
0.11392975
0.10897946
0.10918260
0.12118173
0.10877824
0.10881805
0.10893655
0.10888958
0.11462593
0.10877752
0.10901046
0.10878110
0.12188196
0.10869980
0.10879207
0.10901737
0.23779321
0.10847712
0.10851288
0.10835099
0.11501265
0.10871434
0.10829687
0.10866618
0.12125087
0.10846043
0.10837221
0.10835266
0.10828042
0.11450315
0.10833406
0.10843468
0.12121367
0.10852504
0.10841942
0.10847473
0.10833716
0.13440156
0.12080121
0.10834980
0.10853958
0.12105393
0.10840082
0.10837317
0.10865355
0.10840726
0.11528945
0.10846257
0.10848093
0.10829210
0.12129569
0.10860920
0.10827661
0.10838032
0.10856247
0.11422682
0.10832596
0.10817003
0.10828710
0.10908484
0.10834122
0.10990548
0.10816145
0.10858107
0.11432076
0.10853863
0.10862279
0.12150025
0.10866523
0.10850120
0.10838914
0.10848618
0.11055088
0.11412239
0.10838079
0.10857391
0.12257838
0.10860443
0.10842681
0.11178374
0.10848594
0.10909486
0.11419368
0.10877275
0.10861158
0.12360144
0.10796261
0.10791421
0.10783386
0.10790515
0.11063123
0.10795188
