0.02724314
0.10807610
0.11851072
0.10816598
0.10815096
0.10806704
0.10815787
0.10806632
0.11614156
0.10802102
0.10788393
0.11486006
0.10815120
0.10783863
0.10793328
0.10796213
0.11453962
0.10787773
0.10810232
0.11714363
0.10809994
0.10783100
0.10789990
0.10777783
0.10802960
0.11419845
0.10798192
0.10778856
0.11472344
0.11924362
0.10799527
0.10765648
0.10791707
0.11582470
0.10789752
0.10786414
0.10794926
0.11270070
0.10812092
0.10801029
0.10831499
0.11112761
0.10898852
0.10808420
0.10834670
0.12690043
0.10840559
0.10809350
0.10847259
0.10839272
0.10837340
0.10877371
0.10852790
0.10859013
0.12672496
0.10840201
0.10842562
0.10855341
0.10881591
0.10862160
0.10873127
0.10873389
0.12615824
0.10845876
0.10849285
0.10870099
0.10851526
0.11807871
0.11556482
0.10871315
0.10872555
0.16924858
0.10858107
0.10866189
0.10860586
0.10830283
0.11460495
0.10834503
0.10867476
0.11501217
0.10842538
0.10820961
0.10879731
0.10856843
0.10862732
0.10885501
0.10849452
0.10822320
0.11572576
0.10830641
0.10855341
0.10874271
0.12163973
0.10870147
0.10863662
0.10837150
0.12159681
0.10840869
0.10826468
0.10965562
0.10801983
0.10835528
0.10857248
0.10800934
0.12219644
0.10795903
0.10847521
0.10840559
0.10841441
0.10821223
0.11404657
0.10809994
0.10856962
0.11483312
0.10824847
0.10787964
0.10802341
0.10795498
0.11339116
0.10886645
0.10823011
0.12057805
0.10832047
0.10803080
0.10809231
0.10816383
0.10829186
0.11441541
0.10802722
0.10801649
0.11527157
0.10803747
0.10822248
0.10801673
0.10806084
0.10794091
0.11397362
0.10814619
0.10835814
0.11922908
0.10811949
0.10796571
0.10823870
0.10789680
0.10834146
0.11453295
0.10862899
0.10829592
0.11317992
0.10819435
0.10812926
0.10832953
0.10834503
0.11316395
0.10842681
0.10822439
0.11350250
0.10838175
0.10838842
0.10818052
0.10816884
0.10834527
0.11327457
0.10828185
0.10820055
0.11400652
0.10830641
0.10797763
0.10823393
0.10821700
0.10832596
0.10854340
0.10862732
0.10819793
0.11375523
0.10825157
0.10805488
0.10818243
0.10816574
0.10841322
0.11401391
0.10785604
0.10827565
0.10875607
0.10797477
0.10797119
0.10802126
0.10777092
0.11329198
0.10800099
0.10836864
0.11981010
0.10833883
0.10818076
0.10813403
0.10801601
0.10821033
0.10813165
0.10842061
0.10835552
0.11754227
0.10819173
0.10825562
0.10824919
0.10836816
0.12360477
0.10807848
0.10817313
0.11391521
0.10847664
0.10810041
0.10796309
0.10811782
0.10902858
0.11511636
0.10812521
0.10810471
0.11010766
0.10843539
0.10826492
0.10849023
0.10825419
0.10853386
0.10846424
0.10842466
0.10820937
0.11116433
0.10822868
0.10819840
0.10942864
0.10852551
0.10831857
0.11394286
0.10831714
0.10839391
0.11049867
0.10857654
0.10812879
0.10839939
0.10839462
0.10854912
0.11287618
0.10822463
0.10812569
0.10816765
0.10790253
0.10808563
0.10811949
0.10838556
0.10871124
0.10828066
0.10807037
0.12261105
0.10813379
0.10807443
0.10776472
0.10785842
0.10782170
0.11501932
0.10827351
0.10803556
0.12061691
0.10809040
0.10747409
0.10777330
0.10759950
0.10798573
0.11487317
0.10802722
0.11999059
0.10837245
0.10809779
0.10821438
0.10807371
0.10819650
0.11571264
0.10806727
0.10813189
0.12066269
0.10827923
0.10800242
0.10808730
0.10825753
0.10789871
0.11560941
0.10807872
0.10813212
0.12062430
0.10841417
0.10808682
0.10802197
0.10813522
0.10910106
0.11388564
0.10818458
0.12780094
0.10852385
0.10815573
0.10836124
0.10819864
0.10822201
0.11474061
0.10830307
0.10821486
0.12078428
0.10834479
0.10836458
0.10821509
0.10828757
0.10837603
0.11413550
0.10809898
0.10805058
0.12061429
0.10838151
0.10805631
0.10813069
0.10803843
0.10856438
0.11419773
0.10809016
0.10819077
0.10819316
0.10808587
0.10814953
0.10798669
0.10827851
0.11443830
0.10832429
0.10798764
0.12079763
0.10833359
0.10821915
0.10796762
0.10794640
0.10791063
0.11371255
0.10807991
0.10815024
0.12047124
0.10826206
0.10771441
0.10815692
0.10797334
0.10806441
0.11355329
0.10808539
0.12130141
0.10800242
0.10777545
0.10801268
0.10773945
0.10827684
0.11339498
0.10816622
0.10807180
0.12069368
0.10818315
0.10831165
0.10940766
0.10819435
0.10817122
0.11305714
0.10803366
0.10790920
0.12061238
0.10825467
0.10782695
0.10796523
0.10794520
0.10875773
0.11433959
0.10826349
0.10812593
0.11940646
0.10829401
0.10821486
0.10791588
0.10817885
0.10897779
0.11416960
0.10816360
0.12133884
0.10818267
0.10839105
0.10814905
0.10833931
0.10851765
0.11358547
0.10833979
0.10839844
0.12115312
0.10857511
0.10851932
0.10880470
0.10855317
0.10870886
0.11368251
0.10831189
0.10806417
0.12150526
0.10818791
0.10815454
0.10820341
0.10836840
0.10827303
0.10859251
0.10855436
0.12141943
0.10864139
0.10858488
0.10845852
0.10848570
0.10865116
0.11446095
0.10823870
0.10853648
0.12098289
0.10865068
0.10841060
0.10848904
0.10827827
0.10831308
0.11418819
0.10854363
0.10831976
0.12098908
0.10831165
0.10866809
0.11752605
0.10877037
0.12050128
0.11019802
0.13805223
0.13813329
0.13331008
0.12068152
0.12909293
0.21680808
0.15553594
0.18001795
0.12906289
0.13551068
0.13384581
0.13125038
0.11290693
0.10860801
0.12342048
0.10880780
0.12294602
0.12111211
0.11637664
0.10912228
0.11482501
0.11883616
0.12542558
0.10920334
0.10835552
0.12635922
0.11015129
0.11326337
0.11283183
0.12340164
0.10753441
0.12804008
0.12092042
0.11455536
0.10762644
0.10770774
0.12715864
0.11207962
0.10848260
0.14159346
0.10977054
0.20357227
0.13601923
0.11903143
0.12828350
0.12575769
0.16562080
0.11745000
0.11364484
0.10845613
0.12442541
0.14009571
0.12828493
0.14290118
0.11643672
0.12145972
0.11732650
0.11097932
0.12373185
0.10810828
0.10789633
0.11977625
0.11256790
0.10884166
0.10959029
0.10807753
0.13010955
0.11089563
0.10766935
0.10799694
0.14051318
0.10847020
0.10981488
0.10805297
0.11333156
0.12412167
0.10888886
0.10803390
0.12043881
0.10810161
0.10775495
0.10807753
0.10894704
0.10931444
0.11236215
0.11877775
0.13279176
0.11452961
0.11654115
0.12629056
0.11995220
0.11790228
0.11005068
0.10793376
0.10775232
0.11851406
0.10761952
0.10784984
0.10761738
0.10763216
0.10769343
0.12450194
0.11091590
0.12117791
0.10779285
0.11363339
0.10853148
0.11285520
0.10770655
0.11175060
0.10753679
0.10808468
0.11717319
0.12932777
0.11644888
0.11157346
0.11294436
0.11640692
0.11565495
0.11132932
0.12445903
0.12153029
0.11289835
0.12908292
0.11823082
0.10791326
0.11399555
0.12164402
0.12042236
0.10778356
0.11579442
0.11327052
0.10801554
0.10775352
0.10776401
0.10823178
0.11407423
0.11873984
0.11403012
0.10814023
0.10893846
0.11737657
0.10813498
0.11209178
0.12950301
0.17423868
0.11736035
0.14035225
0.17473149
0.15039253
0.12532663
0.13805771
0.11849642
0.11198831
0.10798454
0.11382890
0.11293483
0.11823201
0.11262822
0.12211823
0.11380935
0.11613035
0.10842037
0.10808492
0.10909200
0.10982728
0.11360478
0.10819650
0.12117934
