0.02374005
0.10872722
0.10869765
0.10842609
0.10862231
0.10882139
0.12060213
0.10868764
0.14611650
0.10880399
0.12323642
0.11523390
0.11429286
0.11758780
0.16560006
0.13996720
0.16521406
0.27504349
0.21996307
0.16568851
0.14120245
0.17232513
0.19454002
0.18884420
0.13558555
0.11841989
0.12764931
0.15558743
0.14347267
0.15096593
0.15038514
0.14918184
0.12092400
0.10911322
0.12668467
0.14455056
0.13387156
0.11082602
0.13818479
0.15836263
0.11400676
0.12291431
0.14519095
0.11023045
0.11126995
0.11074471
0.12812090
0.13837457
0.13366318
0.14484859
0.11055994
0.11176634
0.11103272
0.11192632
0.11150312
0.11635828
0.10992503
0.14524794
0.21437693
0.14088869
0.12185526
0.11206889
0.11123109
0.11167216
0.12917972
0.11165762
0.12746406
0.12434125
0.13162923
0.12259030
0.12949324
0.13157964
0.14270353
0.12868810
0.11684227
0.12273812
0.11310029
0.11349010
0.12576795
0.11792421
0.12348223
0.11662984
0.11432648
0.10972428
0.12923622
0.11359477
0.10930753
0.14986753
0.13401031
0.10906053
0.12023211
0.12178826
0.15525913
0.10957217
0.11036801
0.12742925
0.13908982
0.12624860
0.12525892
0.12396598
0.13334632
0.11054611
0.13536978
0.11118340
0.10927892
0.10915756
0.13973188
0.12696505
0.11709809
0.13436770
0.13287449
0.12205935
0.12919188
0.11288500
0.10910964
0.10901976
0.10921431
0.11173797
0.10923433
0.13057780
0.12075424
0.11804366
0.12080312
0.12571716
0.15993595
0.11700845
0.11163378
0.11825562
0.16329288
0.15911770
0.13764238
0.11656690
0.12072873
0.11651778
0.12809038
0.10992765
0.11602879
0.11235261
0.11443996
0.12298489
0.15358901
0.17170620
0.14711118
0.12343788
0.13209867
0.23223639
0.18936229
0.16241550
0.26956606
0.16200519
0.16578937
0.18762612
0.20484948
0.18613648
0.14589787
0.16426420
0.16876888
0.10975504
0.26013565
0.12679029
0.11185098
0.11060476
0.13131666
0.11045599
0.11030006
0.11104465
0.13327336
0.15221977
0.12495685
0.13884234
0.14566398
0.11225677
0.10949731
0.11540246
0.11024165
0.10987449
0.20441890
0.14322567
0.12399077
0.11001658
0.12576914
0.10988450
0.11000109
0.11425257
0.11007190
0.10993409
0.12172222
0.11103392
0.11216402
0.11036420
0.10999227
0.11002898
0.11218405
0.11190486
0.12361336
0.11555910
0.11427331
0.12124276
0.14266062
0.11962295
0.11191821
0.10956550
0.10889339
0.13237882
0.11255860
0.13131166
0.12255239
0.11983752
0.12669587
0.13823581
0.12695360
0.12159276
0.10913157
0.11057353
0.13668394
0.15119600
0.11985207
0.10926151
0.11130667
0.11069131
0.11353683
0.10994411
0.11513734
0.11976600
0.14418721
0.12750745
0.12264943
0.10893679
0.10977507
0.10905218
0.11520863
0.11041641
0.12414670
0.11107111
0.10908484
0.10866070
0.10886049
0.10870743
0.11162448
0.12058973
0.11034036
0.12386107
0.11002874
0.10931921
0.10912943
0.11037040
0.10887694
0.10886073
0.11500025
0.10882688
0.12294507
0.10958672
0.10959744
0.10875678
0.10894060
0.12546206
0.16401291
0.11442780
0.12163639
0.12568378
0.12949705
0.13438559
0.12245321
0.12594318
0.13059068
0.12661219
0.12666559
0.10925722
0.10993028
0.10923839
0.12015986
0.12827086
0.12450004
0.10982990
0.12254119
0.12012672
0.13297653
0.12456131
0.11198449
0.11200595
0.11599588
0.10914087
0.12157035
0.10977054
0.10943699
0.10897684
0.10944295
0.10966945
0.10909986
0.11661005
0.10900807
0.12332106
0.10921955
0.10946560
0.10936928
0.11057329
0.10926509
0.10918450
0.11450934
0.10942221
0.12189579
0.10931110
0.10948563
0.10915422
0.11134076
0.12072349
0.12553215
0.12707734
0.12158608
0.13295746
0.11419368
0.11220908
0.12936330
0.12488627
0.11820793
0.13468790
0.11020875
0.12534094
0.11222792
0.11197805
0.11169195
0.10916615
0.10976291
0.11001730
0.16603971
0.23956609
0.11935687
0.10877299
0.10899496
0.10866046
0.10880804
0.10938001
0.10871267
0.11562157
0.10872245
0.13071418
0.10875368
0.10872722
0.11010051
0.10875273
0.10856915
0.10880661
0.11423087
0.10856485
0.12735319
0.10862517
0.10865045
0.10861945
0.10856771
0.10847592
0.10859728
0.11396861
0.10867739
0.12513280
0.10863614
0.10876465
0.10864902
0.10874581
0.10861993
0.10883379
0.10883307
0.10855532
0.12491655
0.10874915
0.10875583
0.10865521
0.10853457
0.10863781
0.10891986
0.10868001
0.10864449
0.12432480
0.10858679
0.10889554
0.10873270
0.10880947
0.10877514
0.10895038
0.10886502
0.11073208
0.12144041
0.10868502
0.10879922
0.10873699
0.10884380
0.10843349
0.10870695
0.10865426
0.10857010
0.12111855
0.11733794
0.10879040
0.10846758
0.10865211
0.10841227
0.10870504
0.10887837
0.10933542
0.13350129
0.11926389
0.11404300
0.10881305
0.11749554
0.12239695
0.11428022
0.12321091
0.13271284
0.13344789
0.14575124
0.11373353
0.11597347
0.13357472
0.13128924
0.11942983
0.10850096
0.10909939
0.10872841
0.10892224
0.11444783
0.11671805
0.11891103
0.11322975
0.10874963
0.10853434
0.10849667
0.10839510
0.10833907
0.10899448
0.11334515
0.10840225
0.11769819
0.10864186
0.10858870
0.10852766
0.10852003
0.10860467
0.10865450
0.10954261
0.10926914
0.11564875
0.10916901
0.10856581
0.10889339
0.10877752
0.10860944
0.10896873
0.11310720
0.12045121
0.10850096
0.10890484
0.10859179
0.10885882
0.10875702
0.10841656
0.10878921
0.10876918
0.11653900
0.10906935
0.10878682
0.12672091
0.12623119
0.12950778
0.12079358
0.11294127
0.14348459
0.12102962
0.11839318
0.12138176
0.12346601
0.12212920
0.13088846
0.12654185
0.10951853
0.12373590
0.11289215
0.11340141
0.11341548
0.10931444
0.11939049
0.13658667
0.12857676
0.13664317
0.12609863
0.12269306
0.12926388
0.12106609
0.11102772
0.12371039
0.11403680
0.13266253
0.12311482
0.12851977
0.13061833
0.11719871
0.11970949
0.12473774
0.11300254
0.11252260
0.10854936
0.11246705
0.10830283
0.10857415
0.10846114
0.10866451
0.11648417
0.10850716
0.11327767
0.10860252
0.10887814
0.10844517
0.10854983
0.10831356
0.10897660
0.11848569
0.10847163
0.11705875
0.10840845
0.10857987
0.10845542
0.10859323
0.10846567
0.10868073
0.11687803
0.10863423
0.11596918
0.10843635
0.10849833
0.10831261
0.10845637
0.10844779
0.10842586
0.11603951
0.10857749
0.11425185
0.10858417
0.10862923
0.10839915
0.10854268
0.10839581
0.10837460
0.11713862
0.10848832
0.10984969
0.10849857
0.10850501
0.10837936
0.10866213
0.10835028
0.10866117
0.11389589
0.10851455
0.11198640
0.10840940
0.10846877
0.10840917
0.10839343
0.10859990
0.10850358
0.11381769
0.10864353
0.11646223
0.10860848
0.10865426
0.10937357
0.10856080
0.10849357
0.10849214
0.11369538
0.10857844
0.11299896
0.10854602
0.10910964
0.10853863
0.10829520
0.10873365
0.10840535
0.11564851
0.10838723
0.11044669
0.10872579
0.10876203
0.10848236
0.10844970
0.10850620
0.10845876
0.11390328
0.10862756
0.11339188
0.10858297
0.10862088
0.10859728
0.10850835
0.10855055
0.10840034
0.11481690
0.10842204
0.11806321
0.10836029
0.10878372
0.10851669
0.10850763
0.10857630
0.10854268
0.11439943
0.10860658
0.11788988
0.10863614
0.10894752
0.10852933
0.10867453
0.10853910
0.10850739
0.11413860
0.10864782
0.11524987
0.10869122
0.10877681
0.10855961
0.10852408
0.10869265
0.10857034
0.10919571
0.10861206
0.11213660
0.10850263
0.10902452
0.10877681
0.10861206
0.10875583
0.10874772
0.11328125
0.10872388
0.11538172
0.10848975
0.10866380
0.10861039
0.10874724
0.10844326
0.10877371
0.11361265
0.10857105
0.11904550
0.10995269
0.10871387
0.10860515
0.10882235
0.10845804
0.10854769
0.11393547
0.10872722
0.11618590
0.10862923
0.10860181
0.10875916
0.10859847
0.10842752
0.10869598
0.11377192
0.10867310
0.11907005
0.10850954
0.10860467
0.10860014
0.10847950
0.10856915
0.10891175
0.11533666
0.10861182
0.11412096
0.10854697
0.11065030
0.10866690
0.10886192
0.10853982
0.10863709
0.11367559
0.10854650
0.11343050
0.10873985
0.10855675
0.10873151
0.10855699
0.10947013
0.10894799
0.10933805
0.10947132
0.11892772
0.10927176
0.10853100
0.10860538
0.10863733
0.10858822
0.10853457
0.11443663
0.10835361
0.11698318
0.10846806
0.10848808
0.10855699
0.10862589
0.10834622
0.10842061
0.10866904
0.11476088
0.11738467
0.10838938
0.10836339
0.10866380
0.10849452
0.10843849
0.10883498
0.10853028
0.11326528
0.12038541
0.10837197
0.10852933
0.10837436
0.10867238
0.10836053
0.10843801
0.10844731
0.11317086
0.11945891
0.10874557
0.10833979
0.10846925
0.10840201
0.10832572
0.10846877
0.10854554
0.11472702
0.12163997
0.10917521
0.21207142
0.10857749
0.11358333
0.10844660
0.12196541
0.10851264
0.10866499
0.10837817
0.10856533
0.10852575
0.10861468
0.11446071
0.10843253
0.12198448
0.10843730
0.10854387
0.10835099
0.10822988
0.10869932
0.10866523
0.11408448
0.10853362
0.12173796
0.10874057
0.10841608
0.10852718
0.10844135
0.10866666
0.10859108
0.11358500
0.10838819
0.12150335
0.10845780
0.10843015
0.10846829
0.10831928
0.10823655
0.10860562
0.11338687
0.10831761
0.12202740
0.10885620
0.10862231
0.10829997
0.10856342
0.10833645
0.10872960
0.11447954
0.12113357
0.10857821
0.10849643
0.10856819
0.10846853
0.10854316
0.10837102
0.10856152
0.11478853
0.12273836
0.10862613
0.10856652
0.10875249
0.11278558
0.11481929
0.10850859
0.11560178
0.12256551
0.12668133
0.10850549
0.10874414
0.10864019
0.10867214
0.10844350
0.10861111
0.11369157
0.10856128
0.12132311
0.10824466
0.11489820
0.11114216
0.10862708
0.11716986
0.12676668
0.11955452
0.10946226
0.12220573
0.10882998
0.11218166
0.11333680
0.10834169
0.10836720
0.10857296
0.11515999
0.10928130
0.12192035
0.10811687
0.10870814
0.10841393
0.10834789
0.10837150
0.10878801
0.10860491
0.10868955
0.12173963
0.10827923
0.10860848
0.11040235
0.11789799
0.11290073
0.11288500
0.11847258
0.12519073
0.12856030
0.12256551
0.12145209
0.12619781
0.12137532
0.12101531
0.11132264
0.12642384
0.11124611
0.11097121
0.11737180
0.12320518
0.12199497
0.12650204
0.12221813
0.12148213
0.12608838
0.12463641
0.11172295
0.10844612
0.10807514
0.10824513
0.10802865
0.11317587
0.12190628
0.10841513
0.10849166
0.10850835
0.10837793
0.10844946
0.10848641
0.10853124
0.11301136
0.12031817
0.10847211
0.10850596
0.11157918
0.10849690
0.10840583
0.10852766
0.11055350
0.11316133
0.11775422
0.10964990
0.10916567
0.10863256
0.10865593
0.10930443
0.10873866
0.12001538
0.12515521
0.12709999
0.11506605
0.11002922
0.10937572
0.11092710
0.10830450
0.10890174
0.11416626
0.10859418
0.11814737
0.10855842
0.10855627
0.11068368
0.11185837
0.11048436
0.10895014
0.11669898
0.11028290
0.11083794
0.10866666
0.11222744
0.12028122
0.11019278
0.11376119
0.11993980
0.11305356
0.10851169
0.11567879
0.11553478
0.11429429
0.10890126
0.10821414
0.11304712
0.11481333
0.11661100
0.12451196
0.10838819
0.11866236
0.11788344
0.11130142
0.11542559
0.11849618
0.11792207
0.11026287
0.12638712
0.12664390
0.11004686
0.12061262
0.11688089
0.10896754
0.10900378
0.11934519
0.13280678
0.11164832
0.10847569
0.10995674
0.10843825
0.10816097
0.10832262
0.11089802
0.11174941
0.12151170
0.10912681
0.10963249
0.10863519
0.10822749
0.10836983
0.10821724
0.11149073
0.10940289
0.11050677
0.12083817
0.10844660
0.10886717
0.11211085
0.12228441
0.11576772
0.12110066
0.12621331
0.11585855
0.11704111
0.11664081
0.11189532
0.11121202
0.11439466
0.11538363
0.11569786
0.12654662
0.11020207
0.11271548
0.12792611
0.11090517
0.10937953
0.11601305
0.11636806
0.12496901
0.16800070
0.14458346
0.12316060
0.11001682
0.11263347
0.17289567
0.11120129
0.12404680
0.11046576
0.10884500
0.10873389
0.10857749
0.10847473
0.10928416
0.10881519
0.10854340
0.12127018
0.10848236
0.10853148
0.10857558
0.10888672
0.10840130
0.10857677
0.10875082
0.10845542
0.12117863
0.10949135
0.10856199
0.10878539
