0.01855731
0.10863447
0.10867929
0.10883069
0.10847569
0.10904717
0.10953307
0.12702203
0.11895871
0.10855651
0.10861492
0.10887742
0.10855579
0.10861206
0.10872579
0.10913396
0.12189531
0.10871100
0.11180258
0.10887241
0.10874343
0.10887003
0.10880613
0.10854840
0.12874222
0.10886669
0.10876822
0.10867023
0.10941839
0.10881710
0.10861182
0.10878396
0.10870838
0.13364720
0.10860419
0.10890508
0.10869622
0.10885835
0.10870814
0.10889196
0.10888433
0.12638736
0.10888910
0.10882950
0.10857725
0.11665344
0.10880089
0.10865045
0.10873985
0.10866928
0.13006854
0.10861516
0.10879898
0.10882449
0.10907626
0.10903239
0.10875034
0.10878277
0.10865784
0.12509465
0.10895896
0.10865116
0.10891628
0.10875702
0.11086273
0.18619657
0.11561394
0.11583257
0.11313033
0.11542106
0.11495018
0.14462471
0.12784624
0.13358188
0.15201402
0.12957501
0.13232899
0.13522983
0.13025236
0.13404512
0.12667227
0.15345645
0.12354517
0.11874628
0.11316466
0.11556768
0.11023235
0.11738515
0.11505079
0.12966251
0.13507938
0.11904311
0.12362099
0.12134051
0.12174654
0.12064672
0.15044188
0.18730974
0.12566781
0.12384534
0.11244369
0.11556458
0.11292148
0.10919523
0.10888767
0.12166977
0.11046553
0.10904169
0.10899854
0.10934615
0.10922122
0.10898352
0.10917616
0.11014152
0.13055158
0.10910368
0.11018085
0.11315441
0.10936666
0.11777806
0.10954285
0.11079407
0.11952686
0.13179564
0.11464405
0.11264920
0.11432838
0.11319137
0.11244369
0.11229038
0.11704993
0.13435340
0.11475396
0.11833096
0.11097074
0.11223793
0.11524343
0.11217737
0.11258030
0.11391997
0.12518477
0.11984873
0.11235380
0.11640263
0.11122680
0.11408806
0.12291908
0.11826372
0.12506819
0.11926198
0.12963319
0.13019419
0.12436676
0.12249184
0.12574983
0.12694216
0.14179945
0.12228394
0.15362906
0.15722990
0.12643170
0.12671590
0.13735366
0.14260578
0.11614132
0.11242056
0.12412810
0.13791323
0.12058663
0.11333013
0.12117887
0.13721251
0.11658382
0.10904837
0.12750721
0.11606216
0.11683249
0.12250495
0.12161040
0.11407495
0.12476635
0.11058950
0.11805582
0.12424350
0.11510992
0.12557888
0.11597323
0.12925696
0.12511110
0.12243104
0.12883711
0.13591433
0.20977402
0.11644197
0.13391733
0.11664867
0.12216401
0.11838150
0.11540222
0.10885215
0.13102937
0.11114717
0.11087894
0.12567592
0.10898399
0.11335659
0.11328030
0.11236429
0.13508654
0.11748052
0.12611866
0.12431765
0.10931396
0.10893774
0.12289166
0.12726521
0.13580275
0.11517906
0.12268066
0.11683202
0.11055589
0.11707950
0.10926986
0.11211538
0.13595080
0.10983539
0.11375999
0.11195159
0.10997510
0.10974026
0.11909223
0.13003516
0.11103964
0.12494564
0.11066079
0.11112928
0.12685609
0.11988640
0.10894942
0.11343265
0.12256598
0.12684608
0.11796141
0.11374640
0.11288452
0.10882139
0.10877299
0.11488557
0.22455311
0.10866380
0.11264110
0.11133265
0.11713910
0.12807584
0.11502290
0.11802912
0.12495327
0.11296368
0.11825895
0.10934544
0.10889363
0.11047006
0.12131953
0.12618160
0.14261484
0.11231947
0.11271858
0.11811161
0.11448908
0.11829448
0.11359525
0.11389875
0.12552094
0.11176705
0.11177588
0.10996532
0.10886955
0.10905290
0.10929894
0.10956168
0.12343669
0.13936710
0.11132669
0.13034153
0.12493825
0.10985994
0.10941219
0.11074138
0.11235785
0.12455034
0.11226344
0.11361432
0.12029457
0.11975789
0.19585538
0.11444998
0.10992050
0.10999155
0.11005116
0.12321901
0.11037087
0.11119580
0.11050653
0.12302446
0.12736726
0.11948633
0.12687063
0.13074565
0.11545610
0.11694980
0.12864733
0.12242055
0.11330914
0.11565876
0.12015414
0.13639259
0.11495018
0.11102676
0.12215590
0.10974741
0.11588597
0.11297131
0.11011600
0.11964202
0.12878489
0.12157416
0.11711717
0.11853194
0.12079549
0.11939621
0.11596274
0.11920691
0.13467216
0.12141347
0.12147117
0.11896491
0.12041903
0.11761379
0.13439465
0.11607289
0.13866377
0.11955237
0.12164760
0.11233616
0.11395931
0.11416936
0.11642361
0.12301421
0.13547897
0.12026215
0.11770630
0.15509725
0.11198521
0.11535311
0.11211658
0.11499286
0.13251686
0.11535263
0.10872483
0.11332846
0.10865974
0.11197925
0.11524630
0.11488867
0.11270022
0.13244057
0.11171556
0.11648035
0.11051130
0.11138010
0.10933042
0.11072397
0.11626863
0.12916923
0.11133027
0.11121702
0.11013961
0.11366987
0.11432886
0.11510682
0.11179686
0.11143184
0.13560843
0.11276412
0.11822128
0.11652303
0.11388350
0.11614704
0.11520171
0.11618662
0.13275456
0.12642884
0.13654757
0.11502194
0.11467767
0.12293386
0.12799478
0.11527061
0.14989495
0.11295605
0.10934138
0.11257672
0.14176345
0.12724924
0.12974715
0.13907957
0.12911773
0.17285156
0.18053293
0.18164945
0.18199158
0.15777826
0.11403513
0.12332368
0.12304449
0.11139703
0.10948968
0.11133647
0.12086654
0.12836027
0.11541510
0.11127567
0.11196280
0.10937619
0.10976028
0.10946250
0.10955787
0.10937142
0.12566614
0.10941124
0.10923100
0.10960984
0.10927653
0.10932350
0.10953450
0.10969448
0.10927939
0.12237787
0.10930014
0.10955763
0.10945129
0.10926461
0.10958409
0.10953832
0.10943604
0.10955954
0.12402797
0.10949016
0.10933304
0.10922694
0.10945272
0.10967517
0.10941577
0.10946345
0.10935235
0.12275648
0.10951972
0.10947108
0.10944152
0.10955644
0.10944676
0.10940051
0.10943842
0.10951924
0.12348056
0.10929585
0.10948253
0.10917115
0.10956383
0.10939765
0.10924315
0.10964537
0.10952544
0.12178683
0.10907316
0.10908937
0.10912681
0.10948372
0.10930514
0.10932136
0.10933518
0.10953379
0.12549686
0.10936427
0.10965133
0.10934448
0.10974956
0.10952592
0.10950398
0.10969210
0.12446141
0.10930824
0.10943627
0.11034966
0.10922956
0.10985374
0.10920691
0.10929775
0.10972762
0.12314868
0.10936809
0.10928154
0.10932541
0.10965180
0.10957718
0.10935259
0.10957122
0.10958314
0.12291241
0.10938239
0.10930419
0.10961175
0.10996366
0.12055612
0.11738539
0.11064148
0.10956264
0.12795830
0.11585808
0.11445951
0.11418891
0.12360454
0.11607552
0.11240411
0.11126828
0.12947273
0.10990405
0.11124849
0.11849284
0.11774588
0.10979843
0.11074829
0.11004281
0.11011624
0.16051364
0.13660049
0.13946652
0.12476921
0.11080480
0.10961580
0.11819863
0.10949969
0.12988377
0.12331915
0.12018180
0.12285328
0.13179016
0.12016296
0.10963941
0.11268520
0.11843419
0.11933231
0.12181163
0.12126827
0.12291145
0.12437701
0.11245441
0.11113477
0.12251282
0.11409545
0.13344073
0.12552786
0.13205624
0.11734295
0.12307882
0.11916685
0.13208818
0.12884665
0.11814189
0.14799118
0.19344044
0.11096644
0.12349701
0.13804007
0.14862895
0.11923313
0.12586904
0.12240243
0.12270904
0.11603379
0.13325357
0.12383604
0.12201333
0.11983085
0.11176467
0.10949469
0.11135912
0.11452150
0.11329293
0.11815929
0.12743521
0.13167596
0.12168121
0.11270809
0.11274028
0.11462188
0.12338066
0.11832428
0.12589717
0.10926366
0.11122179
0.12142396
0.13094568
0.13303161
0.12669206
0.11195350
0.12716389
0.11395717
0.11389256
0.11435652
0.11421967
0.12079763
0.11199474
0.11121178
0.10933924
0.12361169
0.11539173
0.11395144
0.11519504
0.11982918
0.12181711
0.13808346
0.13166595
0.13146544
0.12292814
0.12014413
0.11272860
0.11191654
0.11792707
0.11754727
0.11136389
0.12926269
0.12467575
0.11271453
0.11201787
0.11272693
0.11647367
0.11328983
0.12302542
0.11335993
0.15595531
0.12722063
0.11278439
0.11530447
0.13379765
0.12093043
0.10982180
0.12847090
0.10971546
0.10993719
0.11002851
0.11211872
0.11009598
0.15926909
0.16474867
0.12435102
0.11501288
0.11555409
0.13295555
0.11327362
0.11731911
0.11739755
0.11135650
0.10989976
0.11000109
0.10956931
0.13566375
0.10973287
0.11521435
0.11761761
0.11117125
0.11021137
0.11420417
0.11035442
0.11372972
0.12527871
0.13055348
0.12578702
0.12552619
0.12515450
0.11940408
0.12619042
0.15248799
0.13718367
0.13487983
0.12908077
0.12170053
0.12210393
0.12062669
0.11462235
0.12514257
0.11217070
0.11179423
0.12762761
0.12680554
0.11055517
0.11763096
0.11303997
0.11090994
0.11933231
0.11103535
0.10992527
0.10912967
0.10978341
0.11587429
0.11041474
0.12603998
0.13752127
0.10925817
0.10945535
0.10925317
0.11036515
0.11727476
0.11811900
0.11967945
0.11887574
0.12399054
0.12251711
0.11663127
0.12336874
0.11900020
0.14579844
0.16277719
0.14115357
0.13606334
0.14496541
0.19856763
0.14093018
0.11067867
0.12042117
0.13481569
0.12696052
0.12768340
0.11598086
0.11347055
0.11326694
0.11607504
0.11829257
0.13583231
0.11623645
0.11065841
0.11039805
0.12308431
0.12198377
0.13605213
0.13313890
0.14833784
0.13463569
0.15145421
0.15560460
0.17355418
0.24043632
0.18774772
0.14403701
0.11909223
0.11218309
0.11273861
0.10937142
0.11229992
0.11062288
0.12804699
0.10945749
0.11600542
0.10933185
0.10930181
0.10963440
0.12810230
0.10931969
0.10959172
0.11318970
0.10930371
0.10933256
0.10905766
0.10919356
0.10961032
0.12151408
0.10922313
0.10939837
0.11900306
0.10909319
0.10923338
0.10941625
0.10924768
0.10910630
0.10934281
0.10912490
0.12374306
0.10939527
0.10908628
0.10928440
0.11057973
0.10917783
0.10927582
0.10893226
0.10917735
0.12339473
0.10954738
0.10915637
0.10909629
0.10939431
0.10918760
0.11758471
0.10913420
0.10972834
0.11340809
0.10982084
0.11357021
0.10924268
0.10916543
0.10917425
0.11041856
0.10918164
0.10918570
0.11296844
0.10926414
0.10917878
0.10925293
0.10919666
0.10958719
0.10928130
0.10911059
0.10917282
0.11345911
0.10953832
0.10914588
0.11023283
0.10914183
0.10893130
0.10915017
0.10935879
0.10927653
0.11314607
0.10964417
0.10915565
0.10913157
0.10922265
0.10934830
0.10928106
0.10919285
0.10921049
0.11445928
0.10916257
0.10887790
0.11018801
0.10901666
0.10919857
0.10905981
0.10881758
0.10894465
0.11521840
0.10952210
0.10923958
0.10896707
0.10925794
0.10896158
0.10912275
0.10905004
0.10896945
0.11315298
0.10917449
0.10919619
0.10964394
0.10893297
0.10907650
0.10881376
0.10904527
0.10909557
0.12100315
0.10902905
0.10903382
0.10903645
0.10892344
0.10908151
0.10908198
0.10942340
0.10880327
0.11693072
0.10881090
0.10868740
0.10881257
0.10919094
0.10901833
0.10887003
0.10914397
0.10880160
0.11202168
0.10979605
0.10890460
0.10912466
0.10897994
0.10910726
0.10914135
0.10892797
0.10917759
0.11835122
0.10967684
0.10890484
0.10910654
0.10904360
0.10910940
0.10925722
0.10926604
0.10911989
0.11584830
0.12115598
0.10912848
0.10911083
0.10886836
0.10927486
0.10915995
0.10896945
0.10887909
0.12404609
0.10912275
0.10901833
0.10918832
0.10890913
0.10903144
0.10923004
0.10927367
0.10886192
0.11442137
0.10904860
0.12795711
0.13380313
0.14521623
0.14186335
0.12532711
0.11076164
0.12966418
0.11269569
0.13259363
0.14362955
0.11022449
0.10943079
0.11015749
0.11051512
0.12390900
0.10907578
0.11031008
0.11091161
0.11022162
0.10993934
0.11138463
0.11045551
0.10918474
0.12158442
0.10916734
0.10921049
0.10941792
0.10908747
0.10965037
0.11167717
0.13003182
0.11086464
0.12177682
0.11538100
0.11000657
0.14497590
0.14209104
0.15585470
0.14271164
0.15602732
0.12989902
0.11609149
0.11223173
0.10995698
0.11231494
0.11299443
0.11790776
0.12209511
0.11354589
0.11093497
0.11720586
0.10938072
0.11533689
0.11214566
0.11340880
0.11489248
0.13059783
0.11066771
0.11375856
0.11510491
0.11440825
0.11086655
0.11085391
0.12710476
0.14405704
0.11989212
0.10944319
0.11050439
0.11036801
0.11078835
0.11071205
0.11247826
0.11487007
0.12794805
0.11277056
0.11246514
0.11279273
0.11233568
0.11297345
0.11270046
0.11274624
0.11241508
0.12704253
0.11317706
0.11338925
0.11278677
0.11334157
0.11448169
0.11275983
0.11251378
0.12560415
0.11425710
0.11396122
0.11280584
0.11311769
0.11311507
0.11312580
0.11351657
0.11323810
0.12754893
0.11358333
0.11331391
0.11294222
0.11255121
0.11350060
0.11334705
0.11376476
0.12768507
0.11331725
0.11344242
0.11336350
0.11363125
0.11377335
0.11362052
0.11308503
0.12713265
0.11905479
0.11384964
0.11433315
0.23387027
0.10951233
0.11075306
0.11018777
0.11052322
0.11074185
0.11007428
0.11587882
0.12958288
0.11407614
0.11385536
0.11377358
0.11371446
0.11378002
0.11352277
0.11361670
0.11583757
0.12036300
0.11385059
0.11359763
0.11370850
0.11390018
0.11455822
0.11409640
0.11403775
0.12238741
0.11392212
0.11337209
0.11359453
0.11384797
0.11406612
0.11493754
0.11416984
0.11791062
0.12222767
0.11366248
0.11357379
0.11360979
0.11379766
0.11358142
0.11412477
0.11377239
0.12707949
0.11371231
0.11362171
0.11412501
0.11434531
0.11374664
0.11352825
0.11424708
0.12623787
0.12145782
0.11377978
0.11443949
0.11375022
0.12047768
0.11452579
0.11397600
0.11462975
0.12515068
0.11943555
0.11686659
0.12038422
0.15195036
0.13568258
0.13282800
0.14443517
0.11890125
0.11628699
0.11111617
0.11056352
0.11302209
0.10968375
0.11263442
0.10987949
0.12211204
0.12004352
0.11306953
0.11464357
0.11313605
0.11287141
0.11332774
0.11336541
0.11328030
0.11519480
0.11287284
0.11398649
0.11295342
0.11521816
0.11280870
0.11280918
0.11328721
0.12266088
0.11309028
0.11267066
0.11317086
0.11326790
0.11292338
0.11288691
0.11493874
0.11342573
0.12055230
0.11309791
0.11308551
0.11293674
0.11247849
0.11314678
0.11324000
0.11309028
0.11308265
0.11792922
0.11273599
0.11322260
0.11253047
0.11447597
0.11335373
0.11328506
0.11313772
0.12613726
0.11306334
0.11268425
0.11317968
0.11310649
0.11305380
0.11274529
0.11392236
0.11249471
0.12186933
0.11315727
0.11321163
0.11488962
0.11271214
0.11346555
0.11309004
0.11302280
0.11314750
0.12050152
0.11379099
0.11522269
0.11519551
0.11517620
0.11450458
0.11490202
0.11441708
0.12092042
0.11822319
0.11542940
0.11526680
0.11531329
0.11586285
0.16176820
0.11645317
0.11415052
0.11398506
0.11268759
0.11474490
0.11424518
0.11275530
0.11243248
0.12506294
0.11754560
0.11327910
0.11389971
0.11313653
0.11200643
0.11233330
0.11242819
0.11304355
0.12984371
0.11234426
0.11304498
0.11327219
0.11234641
0.11257434
0.11240768
0.11211514
0.12472129
0.12097287
0.11364794
0.11348915
0.11330128
0.11345530
0.11321878
0.11325049
0.11231089
0.13310814
0.11288285
0.11388016
0.11339068
0.11846042
0.12586689
0.12473154
0.11304331
0.12801409
0.11777902
0.11625051
0.12033510
0.11522627
0.11569691
0.11420274
0.11696005
0.14854193
0.12101030
0.11665654
0.12444520
0.13960791
0.12767076
0.13102555
0.12872672
0.18272758
0.13131285
0.12614703
0.12720776
0.13152218
0.12635040
0.19338322
0.17579794
0.16190338
0.13699245
0.13357711
0.13401675
0.13010287
0.12523866
0.17163134
0.11952829
0.11222887
0.13788652
0.13371634
0.13141680
0.11608648
0.13195205
0.13269258
0.14220667
0.14250517
0.13170218
0.11453152
0.14591074
0.11933947
0.11087584
0.11256790
0.10987282
0.11111140
0.14225054
0.13978553
0.13074684
0.11547399
0.11222196
0.11287785
0.11031532
0.11004400
0.11201167
0.11530924
0.11290336
0.12688231
0.12083220
0.11083841
0.11413574
0.11114383
0.11733747
0.11257672
0.11212373
0.14851594
0.11194682
0.10956860
0.11114812
0.11221433
0.11527514
0.11902738
0.11821318
0.11709523
0.12754345
0.11576271
0.13496733
0.18263650
0.12757516
0.14328909
0.16999030
0.15717697
0.11603832
0.11417651
0.11420989
0.11564541
0.11435580
0.11397147
0.12485790
0.11040187
0.11681223
0.11618781
0.11583447
0.11662626
0.11535120
0.11552095
0.12884092
0.11794734
0.11618900
0.11519313
0.11412764
0.11480403
0.11544228
0.11501670
0.11538410
0.12600350
0.11431432
0.11455536
0.11445022
0.12733579
0.11438704
0.11502147
0.11422276
0.12518978
0.11430931
0.11438632
0.11678505
0.11102962
0.11061144
0.12405062
0.12220550
0.13077879
0.16757965
0.11462331
0.11910748
0.11081195
0.11008382
0.13145828
0.12921071
0.13390112
0.12717438
0.11621261
0.11582947
0.11546254
0.11577797
0.11414194
0.11078310
0.11181569
0.12401581
0.12032294
0.10996819
0.11225343
0.11512041
0.11083770
0.11102605
0.11174107
0.13131881
0.10949969
0.11987495
0.11718965
0.11305046
0.11081219
0.12017632
0.14327979
0.13903570
0.12197232
0.11217952
0.10899973
0.12001920
0.13126636
0.11584425
0.12178135
0.14142179
0.13093424
0.10921669
0.10897779
0.11003304
0.11143517
0.10967278
0.10993934
0.11062765
0.12229657
0.11119533
0.10903573
0.10927939
0.11049342
0.11106229
0.10911870
0.10925698
0.10966086
0.12128377
0.10990238
0.10914588
0.10898066
0.10922289
0.11016178
0.10906148
0.10942006
0.10970879
0.12178850
0.10944581
0.10907507
0.10907841
0.10917258
0.10961199
0.10899377
0.10890198
0.10990047
0.12330174
0.11976647
0.10902977
0.10891914
0.10953784
0.10896492
0.10916352
0.10902214
0.11363292
0.11997747
0.10949922
0.10924864
0.10909677
0.10959697
0.10890269
0.10903120
0.10892916
0.10911822
0.12520719
0.10940194
0.10900474
0.10909677
0.10992098
0.11017776
0.10949135
0.10977960
0.11059451
0.12327099
0.10988545
0.10916018
0.11887813
0.11081600
0.11248612
0.11152554
0.11182308
0.12429309
0.11400032
0.11111379
0.11457634
0.11093807
0.11115575
0.11193299
0.11166096
0.11168432
0.12377548
0.11217594
0.11153245
0.11168861
0.11166954
0.11206031
0.11132145
0.11114979
0.11105871
0.12285757
0.11096096
0.11141634
0.11088276
0.11064506
0.11063170
0.11068583
0.11072516
0.12343335
0.13052726
0.11195397
0.11325169
0.11158609
0.13418102
0.10973001
0.10919380
0.11069369
0.12827468
0.11470222
0.11166859
0.11030030
0.11113930
0.11084986
0.11248994
0.11068749
0.11896396
0.11615753
0.12143683
0.11311674
0.11272144
0.11345696
0.11977816
0.11971927
0.11603975
0.11905885
0.11379981
0.11513233
0.11298227
0.11258483
0.11313105
0.11319661
0.11356997
0.11310267
0.12185407
0.11682057
0.11329222
0.11419058
0.11373305
0.11501718
0.11350441
0.11360383
0.12553477
0.11361837
0.11357427
0.11596584
0.11404753
0.11242032
0.11301684
0.11244869
0.11330962
0.12502527
0.11512733
0.11470509
0.11673546
0.11573458
0.11458302
0.11473870
0.11455083
0.11979795
0.11332297
0.11282110
0.11270332
0.11319494
0.11264920
0.11277270
0.11319971
0.12995982
0.11365938
0.11238909
0.11277008
0.11239696
0.11309457
0.11338019
0.11294127
0.11334944
0.12564278
0.11657143
0.11331105
0.11345434
0.11604524
0.11346936
0.11402607
0.11386871
0.11347198
0.12607741
0.11316419
0.11278796
0.11340642
0.11370373
0.11306572
0.11304903
0.11269474
0.12595582
0.11635375
0.11368632
0.11455202
0.11335063
0.11302757
0.11276674
0.11301351
0.11234164
0.12781763
0.11389661
0.11243224
0.11274290
0.11228800
0.11241508
0.11242819
0.11319613
0.12783265
0.11746979
0.11509991
0.11525059
0.11548042
0.11522150
0.11533928
0.11546206
0.11533499
0.12643671
0.11511517
0.11515403
0.11512446
0.11543465
0.11539698
0.11446023
0.11477160
0.12775540
0.11760855
0.11561131
0.11542082
0.11553431
0.11580944
0.11367249
0.11306405
0.12690401
0.11283922
0.11243939
0.11259222
0.11312222
0.11495829
0.15564060
0.11431289
0.12524104
0.11710596
0.11590028
0.12265921
0.13950562
0.12352800
0.11281300
0.11495256
0.12403488
0.11278582
0.12403202
0.11009026
0.11063790
0.10960460
0.11490917
0.11961746
0.11236572
0.12256098
0.11974096
0.11066318
0.11380816
0.12273312
0.11422491
0.10862136
0.12440014
0.13965464
0.11694455
0.10896039
0.10961676
0.11562467
0.11029506
0.10889387
0.10894680
0.10915065
0.12347054
0.11271691
0.10908771
0.10878229
0.11071610
0.10909963
0.10941100
0.10888481
0.10906029
0.12197971
0.11045122
0.11004567
0.10967493
0.11347198
0.12126923
0.16100550
0.15481305
0.11458373
0.11432505
0.11530423
0.11503434
0.12440848
0.12789917
0.11248589
0.11247873
0.12477970
0.13280916
0.11357570
0.11345601
0.11435318
0.11352038
0.11284208
0.10911822
0.11063409
0.11796212
0.11402178
0.10919213
0.10903573
0.11021161
0.10917616
0.10919189
0.10954690
0.10930920
0.11598063
0.10982633
0.10939264
0.11038256
0.11028552
0.10978460
0.10977435
0.10970187
0.12152481
0.10950089
0.10986423
0.10946131
0.10940242
0.11069036
0.11003470
0.10949898
0.10931993
0.11384654
0.10986519
0.11058092
0.10938931
0.10937691
0.11218810
0.10967684
0.10990715
0.10953975
0.12568164
0.11567283
0.11502457
0.11041999
0.12262106
0.13286662
0.11114478
0.10979295
0.10991001
0.13539338
0.11751366
0.11482978
0.12857819
0.11711788
0.12819624
0.11872244
0.10984206
0.11893010
0.11231327
0.11011791
0.11011291
0.11506200
0.11066318
0.11090755
0.11065412
0.11509371
0.12362742
0.11061716
0.10986423
0.11351418
0.12297058
0.12811112
0.10979509
0.11055231
0.11416078
0.11664653
0.13010907
0.11343241
0.11288857
0.10975718
0.10914207
0.10903478
0.12427187
0.10944939
0.10955024
0.12039089
0.11837959
0.12093258
0.13514328
0.11902142
0.11538959
0.11221170
0.10952210
0.10944843
0.11065817
0.11131454
0.10954261
0.11098504
0.13316154
0.12160182
0.10977173
0.11802077
0.11188531
0.11268377
0.11374283
0.10921907
0.11037135
0.11438775
0.13714886
0.11938214
0.11020708
0.11333203
0.13499141
0.12724638
0.11124325
0.10894251
0.11738038
0.11560583
0.10954833
0.10932469
0.11248064
0.11143565
0.11212707
0.10952640
0.10921597
0.12821460
0.11228800
0.11381483
0.11209893
0.11256623
0.10971880
0.11009479
0.10982227
0.11628866
0.11012435
0.10927582
0.10916662
0.10899925
0.11095619
0.10937119
0.10977435
0.10895920
0.11907697
0.10941172
0.10910559
0.11042309
0.10893583
0.11081553
0.10941005
0.10955548
0.10899591
0.12333703
0.11201572
0.10882401
0.11123562
0.11004210
0.11029696
0.10957789
0.11026645
0.10902238
0.12304735
0.12760305
0.12498689
0.12281394
0.12651300
0.13469028
0.11630392
0.10901523
0.12827754
0.11999536
0.11387014
0.11325788
0.11213398
0.11182451
0.11052656
0.10907364
0.10908985
0.11871004
0.11052299
0.10917258
0.10957503
0.11189866
0.10917735
0.10919094
0.10913396
0.12513971
0.10974717
0.10951471
0.10907364
0.10911083
0.11145401
0.10906982
0.10929179
0.10914850
0.11246014
0.11012363
0.10947156
0.10929227
0.10990143
0.11137271
0.10948253
0.10920143
0.10922241
0.11308098
0.11140442
0.10954404
0.10931826
0.11186028
0.10927606
0.10920811
0.10901952
0.12340498
0.12429452
0.12129116
0.12086892
0.10912251
0.11182308
0.11839080
0.11734223
0.13560367
0.12797999
0.10933375
0.10877776
0.11048317
0.11118603
0.11845469
0.12544298
0.12035465
0.12482715
0.10912728
0.11859250
0.11375284
0.12847567
0.13868308
0.11416054
0.10900354
0.12281632
0.11000276
0.11550331
0.10881948
0.10896277
0.11014342
0.10914230
0.10919452
0.10891008
0.12113619
0.10965347
0.10946441
0.10900879
0.11202812
0.10969853
0.10935307
0.11388087
0.12585163
0.10949183
0.11022997
0.10910845
0.10904479
0.11111426
0.10922670
0.10894871
0.10926461
0.11818957
0.10953116
0.11002874
0.10943770
0.10974121
0.10998392
0.10950828
0.10955572
0.10927224
0.12306976
0.11635542
0.10938215
0.11051154
0.10955715
0.10972428
0.10935831
0.10921979
0.10931396
0.11090207
0.11436367
0.10960817
0.10889864
0.10961771
0.10944366
0.10911489
0.10915136
0.10919523
0.11397767
0.11365652
0.10898042
0.10940504
0.10980248
0.10963511
0.10916972
0.10900784
0.10923028
0.11668348
0.10968018
0.10939312
0.10927081
0.11079860
0.10934186
0.10938931
0.10932755
0.10925698
0.11559820
0.11516833
0.10909963
0.10944295
0.11070514
0.10931611
0.10920453
0.10922551
0.12162113
0.10966992
0.11663079
0.10931396
0.10954833
0.10984635
0.10934520
0.10960317
0.10918951
0.12294984
0.10990953
0.11662412
0.10931826
0.11056328
0.11017752
0.10928249
0.10938048
0.10912418
0.12375307
0.11054897
0.11652112
0.10941625
0.11008048
0.11116982
0.10938859
0.10928845
0.10924888
0.12354207
0.11444759
0.10943651
0.10935783
0.10993099
0.11190271
0.12086344
0.11807513
0.11307788
0.12400508
0.14302778
0.11141706
0.11075759
0.10969615
0.10939074
0.10930467
0.12450719
0.11279178
0.11177754
0.10884738
0.10934186
0.11103320
0.11219907
0.10918617
0.10911179
0.12267971
0.11340356
0.10956788
0.10925078
0.10947227
0.10984659
0.10939121
0.10897446
0.10895777
0.12400079
0.10900283
0.10890007
0.10911202
0.10888910
0.10948610
0.10902619
0.10865855
0.10902834
0.12308192
0.11295915
0.10889482
0.10931492
0.10897589
0.10943270
0.10962629
0.10895705
0.10881162
0.12276554
0.10912657
0.10885644
0.10888839
0.10954976
0.11765099
0.10939598
0.10878539
0.12377787
0.10885835
0.10919571
0.12164211
0.10856628
0.10871387
0.10871267
0.10942721
0.10891962
0.12206268
0.10892582
0.10920477
0.10877657
0.10881948
0.10914040
0.10877395
0.10881996
0.10928488
0.12147021
0.10896134
0.10935950
0.11264920
0.10878301
0.11199665
0.11878419
0.11076665
0.10927939
0.12588692
0.10920525
0.11483407
0.10836220
0.10864425
0.10863161
0.10847545
0.10885239
0.10827780
0.11511755
0.10912228
0.11517978
0.10887933
0.10861158
0.10943007
0.10866976
0.10887885
0.10920000
0.12256908
0.10907888
0.11494160
0.10899115
0.10917521
0.11074591
0.10895300
0.10896873
0.10844851
0.11766720
0.10907269
0.10879469
0.10880637
0.10885334
0.11067843
0.10877967
0.10881186
0.10884380
0.11421227
0.11463523
0.10867691
0.10855484
0.10849595
0.10904217
0.10892773
0.10846853
0.10876751
0.11317444
0.11532474
0.10917830
0.10906839
0.10872483
0.10893774
0.10865355
0.10881352
0.10902524
0.12219238
0.11478662
0.10865688
0.10968065
0.11009145
0.10883832
0.10880852
0.10900760
0.12458563
0.10904694
0.11520529
0.10868406
0.10856414
0.10920882
0.10906291
0.10884309
0.10897613
0.12365294
0.11103034
0.11554956
0.10885859
0.10871935
0.10900426
0.10892963
0.10893297
0.10873055
0.12176991
0.10955048
0.11410904
0.10865188
0.10867882
0.10947943
0.10895777
0.10866785
0.10869312
0.11581826
0.10911655
0.11425662
0.10884690
0.10905051
0.11808395
0.10869980
0.10865378
0.10898590
0.11642265
0.10881329
0.11383748
0.10865998
0.10867810
0.10892534
0.10877657
0.10868955
0.10867381
0.11413503
0.10884237
0.11465836
0.10970592
0.10889506
0.10891771
0.10877371
0.10887194
0.10867643
0.11147881
0.10905552
0.11602712
0.10858130
0.10883927
0.10879946
0.10857344
0.10879493
0.11335349
0.10892010
0.11714053
0.10889316
0.10860705
0.10930133
0.10903525
0.10897684
0.10876131
0.11160374
0.10918951
0.11478758
0.10865831
0.10874772
0.10893202
0.10883331
0.10899997
0.10857058
0.11162329
0.10877204
0.11699843
0.10890865
0.10899878
0.10873389
0.10910916
0.10879779
0.10878992
0.11081243
0.10897350
0.11482763
0.10864997
0.10869718
0.10901356
0.10910153
0.10885739
0.10889626
0.11273646
0.10910130
0.10932088
0.10899591
0.10884905
0.11111808
0.10912251
0.10882163
0.10887504
0.11410761
0.10917211
0.11524892
0.10898829
0.10893178
0.11146879
0.10918331
0.10954928
0.10905814
0.11254692
0.10928512
0.11471677
0.10915089
0.10894084
0.11129045
0.10889316
0.10889316
0.10858870
0.11433554
0.10953236
0.11461329
0.11054683
0.11011934
0.10893106
0.10919785
0.10891247
0.11306930
0.10910511
0.11475945
0.10873914
0.10884261
0.11010122
0.10899043
0.10895348
0.10859275
0.11272478
0.11003065
0.11539102
0.10863256
0.10880184
0.10970521
0.10870576
0.10888624
0.10874987
0.11186934
0.11005521
0.11664248
0.10908151
0.10879397
0.11211324
0.10927010
0.10896206
0.10883260
0.11757517
0.10957384
0.11484122
0.10873318
0.10872626
0.11633945
0.10885048
0.10907555
0.10887909
0.12083888
0.11564422
0.11484814
0.10903454
0.10886407
0.10932159
0.10870528
0.10902572
0.10892177
0.11482549
0.10955596
0.10920572
0.11043358
0.10895276
0.11056542
0.10876584
0.10937452
0.10882282
0.11229610
0.10917950
0.11384106
0.10891771
0.10900283
0.11031580
0.10895014
0.10912633
0.10908937
0.11291051
0.10883713
0.11476922
0.11344838
0.10905290
0.10891724
0.10910678
0.10906363
0.10895514
0.11046219
0.12040067
0.11005640
0.10894537
0.10914779
0.10920358
0.10917187
0.10912395
0.10894084
0.11059451
0.10901070
0.11502838
0.10890961
0.10902929
0.11240482
0.10935545
0.10945892
0.12236857
0.11186314
0.11451674
0.10912967
0.10931826
0.10934472
0.11147261
0.10921907
0.10900426
0.12305069
0.11626530
0.11234188
0.11010766
0.10959244
0.11458874
0.11435366
0.10982370
0.10955286
0.11456776
0.11286163
0.12022114
0.10901093
0.10898113
0.12301397
0.10889220
0.10902333
0.10913229
0.11036229
0.11087251
0.11624074
0.10887694
0.10878992
0.11066246
0.10915804
0.10886455
0.10900664
0.11187291
0.10970640
0.11562920
0.10942745
0.10926270
0.11079383
0.10927272
0.10902643
0.10911465
0.11167216
0.10948133
0.11591887
0.10886860
0.10923982
0.11032128
0.10934830
0.10928917
0.10953450
0.12255359
0.10923076
0.11440396
0.10801840
0.10835242
0.10881305
0.10812545
0.10820580
0.12046146
0.10977960
0.10833549
0.10863662
0.10822654
0.10922956
0.10949016
0.10822344
0.11307359
0.12527347
0.10911560
0.10888052
0.10873055
0.10831785
0.10919023
0.10934114
0.10856462
0.10835123
0.11951017
0.10894656
0.10882998
0.10882425
0.10826039
0.10848808
0.11014557
0.10845876
0.10848832
0.12056899
0.10995078
0.11407256
0.10953975
0.10823298
0.10835028
0.10912752
0.10841393
0.10826039
0.11485076
0.10977077
0.11382532
0.10829210
0.10848403
0.10891533
0.10937619
0.10843682
0.10839415
0.11378956
0.11004281
0.11305833
0.10863495
0.10852575
0.10891414
0.11025405
0.10835457
0.10842562
0.11416888
0.11031532
0.11321735
0.10840893
0.10848880
0.10872340
0.10981369
0.10857272
0.10820794
0.11270475
0.10997820
0.11388278
0.10853481
0.10858393
0.10873699
0.11028290
0.10844564
0.10855842
0.11227775
0.11004233
0.11480689
0.10867429
0.10858941
0.11073899
0.10874128
0.10844231
0.10839629
0.11144710
0.11039734
0.11635995
0.10844588
0.10847044
0.10959268
0.10867834
0.10851431
0.10842609
0.11094069
0.11050844
0.11386085
0.10838318
0.10848999
0.10945702
0.10891914
0.10829592
0.10833073
0.11248732
0.11060405
0.11449575
0.10840535
0.10832381
0.10957456
0.10863709
0.10831380
0.10840774
0.11017370
0.10946465
0.11344552
0.10842800
0.10837173
0.10946369
0.10931802
0.10837793
0.10837579
0.11560535
0.10985303
0.11415434
0.10833573
0.10834265
0.10876036
0.10915589
0.10876179
0.10936952
0.11701608
0.10931587
0.11457801
0.10870123
0.10871387
0.11109567
0.10904241
0.10867953
0.12523627
0.11079121
0.10877991
0.10890675
0.10846376
0.10833073
0.11130166
0.10911083
0.10869861
0.12136960
0.11138058
0.10905147
0.11415815
0.10860801
0.10850120
0.11087394
0.10904074
0.10864925
0.11580801
0.11080122
0.10886598
0.11402011
0.10861993
0.10854554
0.11075544
0.10901046
0.10852838
0.11623836
0.11046576
0.11495614
0.10965252
0.10848951
0.10836601
0.11037350
0.10853052
0.10856819
0.11533976
0.10929894
0.11422086
0.10837340
0.10847425
0.10993266
0.10872293
0.10882115
0.10842013
0.11082268
0.10974240
0.11438870
0.10858798
0.10863495
0.10956287
0.10844088
0.10852075
0.10849428
0.11173153
0.11014533
0.11586595
0.10869002
0.10852838
0.10950732
0.10865617
0.10879517
0.10849380
0.11273623
0.10925198
0.11346579
0.10836220
0.10848784
0.10930014
0.10869956
0.10923934
0.10851431
0.11183262
0.11029243
0.11337972
0.10869932
0.10864329
0.10977674
0.10870433
0.10946107
0.10863900
0.11428070
0.10956073
0.11418581
0.10844541
0.10851455
0.10934949
0.10880423
0.10858440
0.10888457
0.11237669
0.11026812
0.11037397
0.10847187
0.10861611
0.11043739
0.10847974
0.11127687
0.10943770
0.11109471
0.10984731
0.11269259
0.10871935
0.10847473
0.11508989
0.10901523
0.10855150
0.10919595
0.11036205
0.10939002
0.11042976
0.10842371
0.10879850
0.11011577
0.10840893
0.10848808
0.10838437
0.11156225
0.10947251
0.10866213
0.10841298
0.10851383
0.10988498
0.10849810
0.10856104
0.10839915
0.11742878
0.10952735
0.10871482
0.10858893
0.10860252
0.11026645
0.10875678
0.10867429
0.10899949
0.11636114
0.11047196
0.10861516
0.10834742
0.10825849
0.10975361
0.10857630
0.10845041
0.10845089
0.11790895
0.10910821
0.10887957
0.10835743
0.10855365
0.10939479
0.10861278
0.10846710
0.10840511
0.11812878
0.10958123
0.10862494
0.10869884
0.10834384
0.10998583
0.10895061
0.10840869
0.10854149
0.11804962
0.11133528
0.10856414
0.10984540
0.10863853
0.11075997
0.10867190
0.10850239
0.10846257
0.11272478
0.11079216
0.10843372
0.10846639
0.10830832
0.11110282
0.11001730
0.10841560
0.10853648
0.11919498
0.11304665
0.11246896
0.10914516
0.10987115
0.12101984
0.10893106
0.11094904
0.10843801
0.12167382
0.10920739
0.10838127
0.10841346
0.10826826
0.11891508
0.10976195
0.10825729
0.12572145
0.11446095
0.11034679
0.10902309
0.10827422
0.10902715
0.11173677
0.10911536
0.10946226
0.11270308
0.11141753
0.11915803
0.12274694
0.11564016
0.12225485
0.12075448
0.11014104
0.11480713
0.11500239
0.11346507
0.11736703
0.12309599
0.12045074
0.11179662
0.10844231
0.11922526
0.13498926
0.11541295
0.12105012
0.12545466
0.11107612
0.10968399
0.11031723
0.10876584
0.11854649
0.11129379
0.11531687
0.11426234
0.10925150
0.10996032
0.11107850
0.11005902
0.11035585
0.12491417
0.11375046
0.11532283
0.11998224
0.10873818
0.10951424
0.11758947
0.11447358
0.10908484
0.11432719
0.11579800
0.11023974
0.10887575
0.10850334
0.10901141
0.12820482
0.10863233
0.10853958
0.12024331
0.11278462
0.11400151
0.11530066
0.12240767
0.12079692
0.11097956
0.11143923
0.12491322
0.11272120
0.11649466
0.13521767
0.12285328
0.11977601
0.17938781
0.11040568
0.12820268
0.11111712
0.16447687
0.11862707
0.11907744
0.11259055
0.10954595
0.10925126
0.12184548
0.11680388
0.12297845
0.13831949
0.12930942
0.12856317
0.13408041
0.14134192
0.12738013
0.19633317
0.13193274
0.12792134
0.13724899
0.15269065
0.14260674
0.12443638
0.12847328
0.12812352
0.12953401
0.12033892
0.11967421
0.12283087
0.13349628
0.12179327
0.12418675
0.12541628
0.12764931
0.13182139
0.15664792
0.12678361
0.14906359
0.11399293
0.11731935
0.11377716
0.11241055
0.11043453
0.11193299
0.12358689
0.11628342
0.12233710
0.11259818
0.11256146
0.12323570
0.12868214
0.13480353
0.14185119
0.12634993
0.11488366
0.10903144
0.13133693
0.13461900
0.13394952
0.13288093
0.13672137
0.11001539
0.12061954
0.13250971
0.12756705
0.12065053
0.11163163
0.11107183
0.13385415
0.13079548
0.11399102
0.10871983
0.10851169
0.10986972
0.10859060
0.10846519
0.11882377
0.10878348
0.10912538
0.11593390
0.10862064
0.10843039
0.10851979
0.10853457
0.10843563
0.11169982
0.10851669
0.10936213
0.11694098
0.10999084
0.10868502
0.10841751
0.10879922
0.10832286
0.11995912
0.10860705
0.10933614
0.11479020
0.10861135
0.10834622
0.10855579
0.10858607
0.10854816
0.12198520
0.10843396
0.11403990
0.10837913
0.10849786
0.10845399
0.10863638
0.10867310
0.10876513
0.12046123
0.10909009
0.13268852
0.10836267
0.10863423
0.10845494
0.10841513
0.11021376
0.11901712
0.10839963
0.11146450
0.10829067
0.10807657
0.10820484
0.10796905
0.11012626
0.11045241
0.10984755
0.10848689
0.11149240
0.10797858
0.10807967
0.10796762
0.10804844
0.10797715
0.12717652
0.10833716
0.10792327
0.11298895
0.10787129
0.10815167
0.10801387
0.10808659
0.10800719
0.12691593
0.10817122
0.10811353
0.10818148
0.10833573
0.10807061
0.10831428
0.10822153
0.10814857
0.14422178
0.10841489
0.10807204
0.11360979
0.10809898
0.10833788
0.10819602
0.10828447
0.10809231
0.12131071
0.10820866
0.10833621
0.11055875
0.10825825
0.10820436
0.10841560
