0.02436042
0.10923100
0.11243081
0.11568952
0.12085557
0.10916662
0.10930920
0.10945177
0.10932875
0.10930300
0.10934114
0.10956264
0.11311698
0.12206888
0.10936236
0.10918045
0.10933781
0.10943961
0.10918522
0.10920763
0.10948896
0.10932255
0.12211704
0.10938406
0.10923839
0.10936284
0.10934258
0.10920668
0.10930228
0.11168504
0.10927939
0.12834239
0.10941243
0.11187768
0.10989285
0.10920811
0.10925913
0.11090612
0.11828160
0.12722754
0.12553573
0.10953045
0.10924554
0.10934544
0.10912752
0.11083102
0.10932088
0.11665511
0.12437153
0.11358595
0.12586761
0.12876582
0.13158298
0.13327265
0.16535544
0.12227917
0.12432551
0.14041114
0.13015246
0.11713195
0.11056900
0.11195493
0.11028409
0.12087297
0.13091230
0.11533880
0.11269546
0.13466382
0.11997890
0.12102914
0.11514640
0.12079334
0.12734747
0.11923432
0.12088132
0.10954618
0.10920072
0.10924530
0.11424041
0.11476064
0.10945725
0.13340807
0.11322141
0.10934615
0.10923314
0.13425183
0.12574911
0.11978745
0.12334251
0.13847136
0.12444377
0.10936046
0.10930181
0.11703610
0.12634587
0.13463473
0.11496687
0.14744806
0.12374115
0.11836743
0.12268734
0.12187171
0.11988449
0.11148000
0.12945533
0.14553380
0.11377025
0.12829566
0.21485543
0.15703201
0.14011073
0.11784196
0.12955689
0.11261296
0.11325407
0.12149429
0.11143637
0.11935973
0.12219715
0.14554167
0.14907694
0.15251875
0.15092802
0.15604329
0.15382195
0.18805504
0.25615072
0.16782117
0.13473868
0.21155095
0.17443466
0.13009524
0.12751174
0.11560106
0.16021109
0.11733580
0.11886454
0.11520433
0.11502481
0.14150119
0.15234756
0.11718488
0.11125541
0.11007690
0.11096859
0.10919857
0.12099648
0.16209030
0.11054492
0.12124991
0.12139940
0.14244270
0.13407493
0.11907673
0.11379790
0.13003445
0.12155056
0.11883759
0.12117386
0.11738634
0.12158084
0.10909033
0.12159896
0.12570739
0.14155889
0.13977909
0.12147975
0.12676525
0.13935232
0.11163211
0.11022472
0.12352848
0.11275578
0.11211371
0.13415122
0.13093638
0.11387920
0.10924125
0.11126709
0.11910129
0.11002517
0.13565516
0.13656354
0.11101437
0.11029887
0.12409401
0.13362122
0.12771797
0.11189651
0.11192513
0.11216974
0.11062098
0.11120939
0.12294650
0.11037850
0.10988474
0.11024594
0.10992742
0.11030364
0.12785339
0.13149452
0.13653278
0.12111878
0.11044502
0.13080049
0.15296102
0.12908792
0.11099863
0.12371016
0.14236379
0.12854695
0.11034894
0.11222363
0.14492583
0.12387133
0.12791419
0.11091447
0.12245011
0.11557841
0.11979795
0.11780810
0.11210871
0.10971594
0.11046028
0.10989308
0.12535405
0.11087418
0.11036658
0.11195183
0.11208582
0.11134338
0.10988760
0.11038685
0.11372280
0.12705255
0.10972762
0.12181425
0.12727165
0.11989069
0.11122537
0.11120057
0.11888862
0.13724589
0.11867738
0.10957384
0.10954547
0.11061692
0.11092734
0.10964203
0.10922432
0.11542678
0.12262678
0.11097980
0.10979986
0.10947871
0.11129022
0.11750078
0.10942984
0.11605358
0.12090182
0.10938025
0.10944819
0.10963321
0.11152124
0.11302876
0.10951138
0.11589170
0.12493992
0.11171508
0.11153698
0.11584163
0.11832261
0.11671853
0.11342764
0.11670208
0.13743782
0.12044430
0.11761522
0.13037395
0.11151218
0.11132097
0.11186266
0.11609983
0.11808014
0.13321424
0.12702513
0.12131596
0.11362052
0.11170006
0.11251044
0.11189103
0.11921000
0.12566376
0.11844134
0.11066461
0.10947633
0.11067963
0.11646032
0.12637639
0.12280464
0.11682296
0.12196922
0.10969877
0.11202765
0.12991595
0.11602902
0.10942817
0.10957456
0.10980392
0.12290573
0.10941935
0.10960126
0.11067057
0.11017370
0.11041951
0.11041522
0.11677003
0.11036968
0.11272883
0.10989332
0.11042309
0.11037660
0.11013460
0.11007571
0.10931206
0.11427379
0.10928583
0.11176276
0.12347436
0.12117457
0.11371899
0.10925770
0.10943866
0.10903716
0.10937881
0.12116766
0.10983586
0.11781740
0.11658740
0.12061667
0.13072371
0.11906171
0.11715961
0.14687443
0.12442422
0.11228681
0.11016035
0.11378837
0.12058473
0.11955404
0.10998201
0.12256050
0.13595700
0.12618136
0.12357831
0.11063170
0.11126709
0.11127639
0.10936880
0.12036085
0.11766362
0.10945129
0.10930872
0.10946774
0.10932994
0.10925102
0.10942268
0.10947871
0.11947393
0.11850595
0.10928607
0.10934615
0.10942841
0.10988665
0.10941148
0.10941315
0.10944390
0.11168385
0.12174797
0.13187528
0.11803412
0.10940051
0.10947323
0.10909557
0.12556791
0.13427043
0.13712811
0.14219904
0.11698031
0.11146975
0.10956740
0.11015177
0.11031699
0.11936712
0.14222121
0.12155700
0.11724710
0.10959888
0.10986304
0.10994649
0.11153626
0.12484860
0.11856675
0.13244057
0.11439991
0.11133075
0.11039829
0.10943794
0.10932493
0.10955191
0.10939288
0.14211607
0.12302446
0.11759782
0.10973096
0.11022162
0.12005401
0.12564802
0.12661386
0.12267542
0.11427474
0.12265992
0.12700295
0.12483382
0.11653876
0.11586189
0.13311934
0.13233685
0.11666250
0.11242747
0.10962772
0.10951042
0.10977173
0.10992956
0.10989809
0.11018252
0.11657572
0.11175537
0.10984778
0.10932136
0.13429427
0.12839270
0.11025429
0.10909224
0.11913419
0.12546873
0.11044502
0.10979056
0.11018062
0.11063933
0.10987639
0.11015296
0.10970521
0.11079144
0.12197757
0.10992002
0.10981965
0.10983443
0.10992527
0.10991693
0.11002851
0.11661887
0.12230444
0.10960102
0.10906076
0.11063623
0.10884070
0.10912323
0.10899043
0.10939026
0.11583829
0.12151575
0.10914564
0.10955262
0.12878537
0.12105823
0.11386037
0.10963368
0.10970092
0.11034966
0.12211251
0.11772871
0.13748813
0.13591886
0.12136817
0.10980463
0.10964060
0.11447644
0.12616420
0.11006260
0.10992169
0.11077404
0.10986543
0.11031938
0.11022806
0.10981321
0.11013246
0.12264729
0.10999370
0.11026096
0.10969472
0.11001062
0.10984659
0.10928154
0.10921025
0.10964179
0.12162995
0.10941744
0.11162329
0.15723228
0.12371659
0.11687183
0.14827466
0.13326192
0.12182951
0.10918069
0.10909104
0.10912943
0.10927606
0.10919094
0.10904241
0.10931921
0.10988951
0.13392591
0.14093637
0.14851284
0.13658690
0.13080430
0.12389326
0.13834405
0.13400459
0.10943866
0.11184669
0.11145449
0.11539388
0.11701369
0.11163092
0.11492562
0.13505483
0.12320328
0.16860294
0.18049264
0.14676142
0.12273240
0.11019516
0.11397743
0.11072111
0.11015606
0.12123036
0.13193464
0.11697745
0.16614580
0.13697743
0.12343168
0.11069965
0.10958505
0.12202668
0.11820960
0.11789894
0.11778784
0.10993242
0.10960245
0.11810517
0.11178899
0.10985017
0.10976934
0.10954666
0.12064767
0.11344981
0.12101698
0.11081171
0.11363149
0.10976148
0.11944437
0.11806440
0.12603688
0.13421249
0.12717700
0.11991334
0.11675620
0.13672900
0.16720152
0.12514043
0.11498690
0.16680503
0.15747237
0.16320729
0.13296747
0.13533616
0.11824632
0.11807656
0.12534761
0.11052775
0.11954331
0.11876535
0.10980749
0.11010933
0.11151719
0.10964513
0.12652731
0.10948992
0.11107755
0.11027908
0.12047124
0.11382174
0.12529707
0.11030078
0.11969972
0.11667967
0.11281729
0.11145830
0.12400556
0.11008716
0.10987282
0.10923648
0.10975647
0.10967088
0.10902786
0.10966301
0.11685610
0.12181187
0.10953403
0.10938931
0.10939956
0.10964823
0.10935426
0.11833119
0.10932088
0.11087847
0.12157679
0.10948777
0.11007714
0.10941648
0.10931873
0.10933304
0.10941315
0.10959744
0.10978293
0.12277913
0.10937762
0.10949254
0.10947084
0.10977387
0.10924935
0.10975409
0.10976315
0.11476684
0.12228346
0.11033177
0.10939622
0.10940623
0.11005878
0.10937953
0.11073303
0.11479521
0.12224436
0.10947537
0.13261151
0.11210012
0.10962796
0.11224461
0.12019968
0.12120628
0.11680937
0.12293696
0.10960746
0.10980010
0.10953164
0.10964561
0.12091947
0.10947537
0.10968685
0.11482000
0.12186384
0.11020660
0.10939217
0.10960364
0.11315656
0.10968423
0.11227489
0.12139964
0.12469220
0.11257958
0.12035537
0.13838077
0.12626886
0.10975575
0.11036539
0.10966539
0.12944031
0.10934448
0.10908151
0.11846066
0.11016917
0.11081505
0.10939407
0.11104631
0.11538124
0.12214947
0.11115980
0.10940027
0.11078763
0.10943937
0.10972738
0.10932422
0.11124682
0.11555791
0.15715599
0.16215086
0.11815405
0.10951710
0.11565876
0.12169051
0.12387896
0.12329912
0.16873264
0.12341905
0.11722684
0.14414144
0.12986469
0.13047290
0.13471889
0.14003634
0.12513876
0.13607860
0.12326002
0.12674284
0.11321425
0.10940218
0.11462164
0.12221909
0.12052083
0.10988736
0.11099648
0.11222053
0.11115694
0.11695170
0.11514688
0.12427616
0.11664248
0.10984349
0.11950564
0.13198423
0.12739563
0.11561799
0.10972285
0.12730670
0.11399603
0.11025047
0.11011958
0.11021972
0.12128854
0.12916684
0.13001060
0.12719655
0.13639641
0.12782764
0.12664437
0.12380886
0.11601090
0.10953498
0.12073421
0.12085128
0.13667822
0.10949802
0.10964751
0.10956669
0.10939312
0.10922527
0.13254046
0.16321325
0.14195466
0.12053156
0.13081312
0.12948680
0.12881756
0.12313509
0.12122869
0.12722206
0.12193227
0.10934806
0.11052847
0.10917521
0.12711287
0.11951518
0.11968875
0.11877990
0.12135553
0.10882711
0.11160970
0.10865426
0.10887837
0.10891175
0.10936642
0.10882759
0.11550903
0.12134194
0.10885882
0.10881114
0.10878873
0.10899282
0.10884905
0.10894918
0.10910273
0.23080444
0.10896087
0.10955715
0.10897541
0.10889673
0.10938334
0.13365746
0.10909820
0.10894418
0.11064672
0.10880470
0.10923290
0.10887766
0.10907340
0.10943532
0.13416719
0.10923004
0.10909009
0.10967445
0.10929966
0.10927248
0.10964799
0.10963941
0.11259627
0.12167430
0.10963678
0.10977101
0.11201358
0.10975933
0.10989690
0.10965991
0.10971665
0.10983610
0.11273384
0.10983300
0.10967779
0.10973620
0.10970831
0.10962200
0.10982418
0.10963988
0.11328578
0.11605024
0.10973001
0.10976768
0.10976863
0.10976624
0.11012387
0.11004305
0.10961461
0.11517096
0.12145472
0.10986757
0.11003399
0.10970020
0.10983610
0.10982513
0.10964537
0.10979891
0.11011696
0.12214994
0.11642194
0.12321663
0.12332106
0.12700748
0.12219691
0.15119076
0.15619159
0.14957476
0.12305093
0.11717057
0.11509204
0.11519504
0.11918306
0.11409545
0.13705850
0.10918975
0.11783719
0.11775374
0.11730218
0.12423706
0.12386036
0.12221122
0.15550137
0.14488578
0.18683386
0.17425084
0.11629629
0.12354016
0.12812352
0.12818718
0.11148858
0.15205073
0.11173558
0.10926867
0.10937595
0.10922289
0.10914826
0.12413168
0.10920811
0.10911679
0.11376262
0.10931993
0.10946894
0.10922575
0.11170340
0.10937762
0.11644673
0.12291145
