0.02229524
0.11127543
0.12196374
0.10946321
0.10876155
0.11573935
0.10983086
0.10862112
0.10869789
0.10848594
0.10858893
0.12532711
0.10933399
0.10939598
0.12264824
0.10939074
0.12467575
0.10917473
0.10965753
0.12694669
0.13710356
0.10894823
0.11020756
0.11348414
0.10926676
0.10862255
0.11216116
0.11152887
0.12243867
0.10899878
0.10887218
0.11120749
0.10946107
0.11849737
0.11778808
0.11888361
0.11153841
0.12250829
0.10916305
0.10864902
0.11503744
0.10987854
0.11042857
0.10947371
0.11320567
0.12231302
0.11633658
0.11127973
0.11394024
0.11321735
0.11251092
0.11289501
0.11413622
0.11723590
0.12456679
0.12230849
0.12504840
0.10987115
0.10897183
0.11675119
0.11174083
0.10972309
0.11753416
0.10985231
0.10905528
0.11501956
0.10921812
0.11450768
0.11042333
0.10893488
0.10906625
0.12124729
0.10902476
0.10901856
0.11710954
0.11248398
0.11279869
0.11000848
0.10882211
0.11185455
0.12160587
0.11375451
0.11431265
0.11796761
0.11034060
0.11518764
0.11102366
0.12113380
0.12049103
0.11079884
0.10882950
0.11438608
0.11235642
0.11444712
0.11312413
0.10832644
0.10991573
0.12372851
0.10836625
0.10884953
0.11815834
0.11119318
0.11254787
0.11200309
0.11268711
0.10953808
0.12644696
0.11384225
0.13557768
0.12416148
0.11733842
0.11602616
0.11444545
0.11412358
0.11449099
0.11525702
0.12029028
0.10992217
0.11848497
0.14982057
0.13822269
0.12165689
0.11060500
0.11011052
0.11622214
0.14079285
0.11247540
0.11742282
0.11648679
0.13079429
0.12406898
0.12615585
0.13813376
0.11853242
0.11945820
0.11457276
0.11716509
0.11179495
0.11080813
0.11307144
0.12108016
0.11075830
0.11035848
0.10997272
0.11268950
0.11239672
0.11211634
0.11218238
0.11258769
0.11870694
0.18454814
0.13023162
0.12185311
0.11271405
0.11340380
0.11340809
0.11425543
0.12270403
0.11496043
0.13326383
0.11999083
0.13081503
0.11244297
0.10963607
0.11258507
0.13319016
0.13003373
0.12697959
0.15010858
0.12620282
0.12565398
0.12633801
0.14871669
0.14624429
0.14753938
0.13227701
0.11733389
0.11201787
0.12014890
0.10973930
0.12238860
0.10945272
0.10948443
0.11575627
0.10933828
0.10944104
0.10955572
0.10938263
0.10937834
0.11058998
0.10942721
0.10935736
0.11550522
0.10933447
0.10949993
0.10931635
0.10942364
0.10944223
0.11093783
0.12286973
0.10949183
0.11528826
0.10942531
0.10941982
0.10950208
0.10977292
0.10969615
0.11158848
0.10966706
0.10993862
0.11733651
0.10985780
0.11955714
0.12614775
0.13095617
0.14689779
0.12296700
0.12634182
0.13211370
0.12674451
0.11017537
0.10961723
0.11671758
0.13629055
0.11385083
0.11266065
0.12335920
0.12276626
0.12167716
0.12308335
0.12373257
0.12500024
0.12761569
0.11225080
0.11286139
0.11228585
0.11193895
0.11213279
0.11139703
0.11245108
0.13067079
0.11251974
0.11858964
0.15730548
0.14734101
0.10984063
0.10961437
0.10984826
0.12082052
0.10933137
0.10931921
0.11235094
0.11172986
0.11270332
0.11807775
0.15504217
0.14597321
0.11874485
0.13268566
0.11366224
0.13761091
0.11942053
0.11309266
0.11111093
0.12843251
0.11298013
0.12086987
0.14128757
0.13265872
0.13215232
0.12236476
0.12730837
0.14749670
0.11203098
0.11186409
0.11287975
0.11853004
0.11583662
0.12718630
0.11939740
0.13547397
0.12558198
0.16697979
0.15367293
0.13602448
0.11877275
0.11115503
0.12536788
0.13173795
0.12397885
0.11881065
0.13310099
0.12837458
0.12349367
0.14530492
0.13315701
0.13843846
0.13270640
0.13926816
0.14759088
0.14264274
0.15150166
0.11355281
0.11296988
0.11325455
0.11295867
0.11344767
0.11224222
0.10955596
0.10950160
0.12302613
0.11191487
0.11282635
0.11335349
0.11377406
0.11131692
0.11201406
0.11340904
0.17919683
0.12320185
0.12090993
0.13117957
0.17332840
0.12681603
0.11000490
0.11201262
0.12664652
0.11351490
0.11039901
0.11239457
0.10954738
0.11491561
0.10946584
0.10954976
0.10980678
0.13065219
0.10949469
0.10952258
0.10985661
0.10940313
0.11136055
0.10948610
0.10991859
0.10947537
0.12462878
0.10943055
0.10962820
0.10941553
0.10957193
0.11110187
0.10980225
0.10941815
0.10951591
0.12704372
0.10974979
0.11994338
0.10976124
0.10939312
0.11212182
0.10944843
0.10971808
0.11886907
0.12342906
0.10994482
0.11838436
0.11005044
0.11153007
0.11002398
0.10975170
0.10976601
0.11495233
0.11176682
0.10971546
0.11687779
0.10968375
0.11137080
0.10998416
0.10992312
0.10993886
0.11678171
0.11166763
0.10996675
0.11619616
0.10968709
0.11088705
0.11004376
0.11002684
0.11000800
0.12424660
0.11046267
0.10989451
0.11597037
0.10912585
0.11045027
0.10901833
0.10892439
0.10922074
0.11723566
0.10886741
0.11529255
0.10902977
0.11033320
0.10947776
0.10863018
0.10854983
0.11515331
0.11005807
0.10851884
0.11429763
0.10880232
0.10928655
0.10864043
0.10829210
0.10818505
0.11573720
0.11000466
0.10782075
0.11198020
0.10902047
0.10841179
0.10847831
0.10767794
0.11034465
0.11065841
0.10759044
0.10819864
0.10748005
0.10975456
0.10836053
0.10817575
0.10975385
0.12075448
0.11251426
0.11004806
0.11070800
0.11009979
0.11221981
0.10987043
0.11066294
0.11001420
0.11912775
0.11104608
0.10985065
0.11011887
0.11000323
0.11151528
0.10996246
0.10949588
0.10949540
0.11265302
0.11218286
0.10965228
0.11350107
0.10926032
0.11274576
0.10940552
0.10962224
0.10878801
0.11051726
0.11070299
0.10836387
0.10903072
0.10825396
0.11139464
0.10865736
0.10881996
0.10876584
0.11066198
0.10922027
0.10852432
0.10899115
0.10880136
0.11075187
0.10875130
0.10863614
0.10818791
0.11541271
0.11071038
0.10836124
0.11204839
0.10861611
0.11008191
0.10939050
0.10932255
0.10930181
0.11442208
0.11063170
0.10931492
0.11213112
0.10956502
0.10942745
0.10882044
0.10909295
0.10893226
0.11249471
0.10907292
0.10864282
0.10857487
0.11219621
0.10843444
0.10868883
0.10853338
0.12332129
0.10857272
0.10869336
0.10965514
0.10889459
0.11064267
0.10876846
0.10890293
0.10986590
0.11655116
0.12507892
0.13452721
0.11896539
0.12952280
0.12534595
0.11670041
0.11489868
0.11109924
0.10996652
0.11163998
0.11168027
0.10881996
0.10992646
0.10868192
0.10921741
0.11537123
0.12448573
0.12027717
0.11132741
0.11398792
0.10855937
0.11008477
0.10857821
0.10843229
0.12177062
0.10917902
0.10934091
0.10875058
0.11587024
0.10842514
0.11013722
0.10921860
0.11707258
0.11021161
0.10902190
0.11636806
0.10943294
0.11008358
0.10861731
0.10832930
0.10852599
0.11505198
0.10922408
0.10872555
0.11488461
0.10845304
0.10989594
0.10872841
0.10860944
0.10841131
0.11415005
0.10859680
0.10833001
0.11482263
0.10826278
0.10941553
0.10870385
0.10876465
0.10887146
0.11138773
0.10903144
0.10967255
0.11563063
0.10990119
0.10994053
0.11038685
0.10967827
0.10976982
0.11146927
0.10987568
0.10996366
0.11484909
0.10964012
0.11119270
0.10955715
0.10965991
0.10994291
0.11106992
0.10995746
0.10980344
0.11593485
0.10983276
0.11080933
0.10971022
0.10980272
0.10971022
0.11093926
0.10966206
0.10977840
0.11025190
0.10982800
0.10990453
0.10981274
0.10965037
0.10935760
0.11127186
0.10949850
0.10934448
0.11460710
0.10913658
0.11009669
0.10915756
0.10907459
0.10914016
0.11086178
0.10930777
0.10892367
0.11430717
0.10907006
0.11130071
0.10919070
0.10904527
0.10898590
0.11051559
0.10927105
0.10902405
0.10972071
0.10925961
0.10960627
0.10900521
0.10904884
0.10899878
0.11145115
0.10873818
0.10852575
0.11785889
0.10849071
0.11035013
0.10890269
0.10875893
0.10898161
0.11004877
0.11151242
0.10890627
0.11684179
0.10853124
0.10987449
0.10857606
0.10871720
0.10876203
0.11561775
0.10995126
0.10895967
0.10936117
0.10875487
0.10966897
0.10872412
