0.01791787
0.10921288
0.11629915
0.10985947
0.10924244
0.10925627
0.10970473
0.10920858
0.10983896
0.10944939
0.10952139
0.12000442
0.11010337
0.10900021
0.11578178
0.10959315
0.10981059
0.10926890
0.10926723
0.10924387
0.12305975
0.11749029
0.11125493
0.11027074
0.10934067
0.10952878
0.10928297
0.12166882
0.11141014
0.10939527
0.11561060
0.10930276
0.11157179
0.10931182
0.10913134
0.10920310
0.11241627
0.11176467
0.10935426
0.11604667
0.10948491
0.11081934
0.10953283
0.10933638
0.10913229
0.11073923
0.11146998
0.10926867
0.10978794
0.10934067
0.11173582
0.10941195
0.10928798
0.10922027
0.11084080
0.11156249
0.10933995
0.11456728
0.10970926
0.11102223
0.10962987
0.10953665
0.11022568
0.11104131
0.10911608
0.10943961
0.10968876
0.10906291
0.11012030
0.10900545
0.10881209
0.12206411
0.10982108
0.10948777
0.10902834
0.11492562
0.10917735
0.11002374
0.10878968
0.10902047
0.12211871
0.10943270
0.10889769
0.10897088
0.10919166
0.10895276
0.10920310
0.10892797
0.10883236
0.12318778
0.11002779
0.10895920
0.10876632
0.11269164
0.10882425
0.10909057
0.10882020
0.11359859
0.12141275
0.11163831
0.11333179
0.11457682
0.11108303
0.11162210
0.11184645
0.11127281
0.11077332
0.12768841
0.12014556
0.11362934
0.13033390
0.12510753
0.12595081
0.12338686
0.12008739
0.14307976
0.11689401
0.12087059
0.15512133
0.12839627
0.12895942
0.12344432
0.11878610
0.12703681
0.11402678
0.11627340
0.18865538
0.11360192
0.13490033
0.11695051
0.13564587
0.11422467
0.11504436
0.11530185
0.11480618
0.11379838
0.11335015
0.11369586
0.11440253
0.12611151
0.11477518
0.11508346
0.11931324
0.12226558
0.11615515
0.11333871
0.11381936
0.12656927
0.11357975
0.11335754
0.11803675
0.11370468
0.11395836
0.12571883
0.12358737
0.13856125
0.11679816
0.11499166
0.11587715
0.13078928
0.11873865
0.11835194
0.11731195
0.13228083
0.11254501
0.11479759
0.11760330
0.12036681
0.11681104
0.11544442
0.11303353
0.11632514
0.12865710
0.11724782
0.11688566
0.12183356
0.11804152
0.11636472
0.11509562
0.11532879
0.12982774
0.11346459
0.11305833
0.11514878
0.11672163
0.11390400
0.11747622
0.13721991
0.12961507
0.11609030
0.13033962
0.11837864
0.12090611
0.11521101
0.11472917
0.11483502
0.11564326
0.12712383
0.11371112
0.11367989
0.11356592
0.11319113
0.11323237
0.11329341
0.11355305
0.12557960
0.11365080
0.11490345
0.11435604
0.12220597
0.12024713
0.11519980
0.11775947
0.11347055
0.12516403
0.11395121
0.11804891
0.12497473
0.11348534
0.11321640
0.11334324
0.11335707
0.12567663
0.11386180
0.11333251
0.11326289
0.11747861
0.11329794
0.11324739
0.11341667
0.11339641
0.12522936
0.11426020
0.11400390
0.11744237
0.11358142
0.11366820
0.11375284
0.11401391
0.12564301
0.11366487
0.11339426
0.11870670
0.11460471
0.11470747
0.11469126
0.11494279
0.12602115
0.12341022
0.11034060
0.11128449
0.11227918
0.11171722
0.11089611
0.11152744
0.11062360
0.11580253
0.11110759
0.11122394
0.11086702
0.11576462
0.11090589
0.11081004
0.11081171
0.11126328
0.11833453
0.11063910
0.11108875
0.11085272
0.11079526
0.11128902
0.11071539
0.11044264
0.11083388
0.11843753
0.11039925
0.11102962
0.11087584
0.11226153
0.11066890
0.11123228
0.11055446
0.11044836
0.11905289
0.11091781
0.11185360
0.11306453
0.11116910
0.11041474
0.11120224
0.11169314
0.12533164
0.11100388
0.11147594
0.11138868
0.11185265
0.11397099
0.11218596
0.11133790
0.11170888
0.11441231
0.11013126
0.11144280
0.11060071
0.12096071
0.11157155
0.11065578
0.11118698
0.13153648
0.11281538
0.12112284
0.12293935
0.11900711
0.12522221
0.13001323
0.15883303
0.15372658
0.20085096
0.12789249
0.12567973
0.11771059
0.11784124
0.13506770
0.14145541
0.10968041
0.12357569
0.14595532
0.12139821
0.11934447
0.12059093
0.12123108
0.12385058
0.10958862
0.11766815
0.11706781
0.13921380
0.12751579
0.16137862
0.14677739
0.21281075
0.17572117
0.27800727
0.22229910
0.21071196
0.17210555
0.16074419
0.12774205
0.11787367
0.20637012
0.16581059
0.12467504
0.12154293
0.11812091
0.11551332
0.12025261
0.11055899
0.11106777
0.12519002
0.10806584
0.12193894
0.10890460
0.11268258
0.11253476
0.12039161
0.13490629
0.10955167
0.10990787
0.12392664
0.11398554
0.11304641
0.12962437
0.11095285
0.11340451
0.10824490
0.10825515
0.10853100
0.12378812
0.10812712
0.10798573
0.11435127
0.13289356
0.12301707
0.10890007
0.10852361
0.11530662
0.11304879
0.11598301
0.11036515
0.11034966
0.11664605
0.10849047
0.11780548
0.10900640
