0.01922441
0.11270905
0.12292886
0.12007427
0.13416052
0.14727163
0.12329888
0.10890174
0.11634803
0.10908842
0.10899878
0.10925317
0.10916185
0.11605740
0.10931325
0.10958719
0.10939431
0.11724162
0.11976409
0.11464334
0.18622851
0.12184262
0.10886192
0.12433410
0.11862898
0.13441086
0.12896252
0.12596846
0.12601399
0.11229825
0.12440515
0.11196351
0.11620522
0.11224031
0.11793661
0.11843324
0.13564229
0.12758636
0.12392735
0.14944148
0.18728185
0.18423462
0.11999059
0.13059902
0.19143200
0.14526868
0.11194611
0.11327982
0.12602305
0.12562680
0.14212322
0.11704254
0.12630582
0.12182307
0.12213802
0.11423564
0.11219788
0.11134315
0.11590910
0.12264609
0.11191893
0.11226559
0.11422634
0.10935807
0.10935807
0.11419845
0.10964322
0.12147856
0.10915661
0.10918832
0.11468816
0.11057186
0.10956573
0.11250544
0.12058806
0.11947393
0.14798379
0.14540839
0.13004041
0.11844587
0.11361790
0.16176105
0.13677406
0.12200499
0.12218595
0.13425827
0.13923788
0.11169100
0.12303567
0.11625361
0.14367509
0.13556719
0.11617684
0.11034632
0.11603498
0.11257267
0.11061502
0.10977292
0.10985112
0.11667585
0.11621141
0.11284375
0.11448622
0.11117649
0.11258769
0.11978674
0.11667180
0.12586594
0.11783814
0.11405969
0.12943387
0.13280988
0.11977983
0.17632747
0.11024809
0.15172338
0.16443825
0.12401533
0.10920215
0.12012243
0.13064551
0.11660624
0.17408085
0.13642216
0.11708593
0.13699746
0.16839099
0.13030767
0.12766409
0.11241484
0.10961151
0.10948038
0.10928035
0.10959077
0.11274505
0.11694789
0.11191058
0.11068392
0.11133194
0.11368322
0.11716890
0.11358690
0.11666298
0.13301945
0.13992214
0.13378954
0.11122584
0.12531066
0.14123774
0.14473653
0.13835073
0.12940860
0.13801980
0.12432456
0.13898754
0.13194036
0.14045835
0.14200091
0.12980533
0.12738776
0.12976170
0.13054490
0.12212682
0.12072444
0.12435412
0.12435961
0.11407804
0.11356330
0.11221766
0.12330031
0.11136508
0.11167860
0.11201429
0.12433219
0.11172891
0.11137390
0.11524844
0.12248039
0.11379099
0.11308575
0.12363315
0.12085748
0.12722182
0.11405110
0.11407566
0.22998118
0.11714315
0.11679101
0.12390733
0.11594653
0.12813568
0.11167169
0.11217451
0.11734271
0.11645794
0.11553788
0.11564970
0.13178468
0.11599898
0.11580396
0.11572528
0.11638808
0.11593223
0.11577249
0.11592150
0.13312697
0.11602879
0.11566687
0.11593342
0.11804724
0.11599207
0.11578012
0.11606145
0.11583543
0.13445401
0.11610126
0.11572790
0.11583972
0.12268829
0.11589932
0.11624813
0.11646414
0.13500237
0.12531257
0.11696076
0.12481594
0.12596297
0.12726569
0.13144803
0.11513686
0.12434077
0.12239552
0.11803102
0.12591910
0.13905549
0.12144589
0.11932063
0.14920521
0.14856648
0.13806438
0.13598895
0.12432814
0.11605668
0.11785913
0.13238382
0.14025855
0.16141939
0.17234874
0.13781834
0.12778878
0.12482715
0.13880920
