0.02124953
0.11958551
0.11124921
0.12842751
0.11901045
0.11571050
0.11468768
0.13192582
0.11244178
0.11787391
0.12175846
0.12528729
0.15003586
0.14729452
0.12800050
0.13810492
0.12647200
0.12910771
0.12619019
0.13882041
0.12752485
0.12794805
0.14148521
0.11209488
0.11999702
0.13012505
0.14874101
0.18012619
0.12209654
0.17480755
0.18410349
0.11285353
0.11204839
0.10996461
0.10943770
0.11077476
0.10968494
0.12180567
0.13203764
0.16053891
0.12313509
0.11201715
0.10960889
0.10953999
0.10935712
0.10949326
0.12344718
0.11120200
0.10994625
0.10959506
0.11545682
0.10957170
0.10938931
0.10946798
0.12220430
0.10953999
0.10944867
0.10975361
0.10971904
0.11516070
0.10993004
0.10930634
0.10938597
0.12872243
0.12144971
0.11239719
0.11327147
0.11937332
0.11400962
0.11221027
0.10966206
0.10966396
0.10955501
0.11643362
0.10927081
0.10909152
0.10905027
0.12786126
0.22164512
0.11241651
0.11911559
0.16063571
0.15556097
0.10840940
0.10813975
0.12249064
0.10778618
0.10771441
0.10779524
0.11366630
0.10772371
0.12102342
0.13754463
0.14122438
0.11178541
0.11147666
0.11712813
0.11265492
0.11347675
0.11414266
0.11375713
0.11725092
0.11805296
0.10874581
0.10902143
0.11555123
0.10925388
0.15581369
0.15911317
0.12122393
0.10941291
0.10952234
0.10939169
0.11591315
0.11093712
0.10921407
0.10979581
0.10929823
0.13374996
0.13417077
0.12533760
0.11198020
0.16111636
0.20070672
0.12075567
0.12168789
0.10963225
0.11032414
0.10961747
0.11462116
0.21085286
0.13001800
0.10919213
0.11114120
0.10960674
0.10980010
0.10924268
0.10948300
0.10991144
0.12181902
0.19097948
0.13282728
0.10919619
0.10950112
0.10919785
0.11844754
0.15859866
0.13757110
0.10940742
0.11259985
0.10934806
0.10944271
0.10940385
0.11611986
0.10938501
0.10902381
0.10936046
0.10966659
0.11068654
0.11533880
0.10936713
0.11459899
0.12023091
0.11147285
0.11647224
0.11644506
0.12237835
0.15582466
0.17577600
0.12534118
0.10960031
0.10959291
0.11127043
0.11049366
0.12380576
0.16846228
0.19166422
0.12223268
0.17785645
0.18564391
0.12048841
0.11001086
0.11642504
0.11182117
0.11006951
0.11081576
0.11337638
0.10991478
0.10977960
0.11952972
0.13406110
0.22741103
0.16516352
0.11401081
0.11107850
0.11149812
0.11021423
0.11196423
0.10943079
0.11518693
0.10943127
0.10950875
0.10958242
0.10944176
0.12077522
0.10954881
0.10972643
0.11048508
0.12052703
0.11139321
0.11142373
0.11016941
0.10958886
0.11726856
0.10937381
0.10988569
0.10929656
0.11452866
0.10891104
0.10923433
0.10912776
0.12342453
0.10896087
0.11156249
0.12688923
0.11426353
0.10877013
0.10858130
0.10911894
0.10879278
0.11507535
0.10939837
0.10951662
0.10967898
0.11432147
0.10959816
0.10964203
0.10928774
0.10927200
0.11564302
0.10931301
0.12995911
0.11489439
0.11528873
0.10903835
0.10928297
0.10932469
0.11802268
0.10921144
0.10944700
0.10922813
0.10920668
0.11170220
0.10927272
0.10934305
0.10928059
0.11555696
0.10913658
0.10944247
0.10925698
0.11503983
0.10903716
0.10909247
0.10905337
0.12081885
0.10897517
0.10909748
0.10932040
0.10912418
0.11481953
0.10933232
0.10948563
0.10920143
0.11515617
0.10926533
0.10947466
0.10930753
0.10917401
0.11694932
0.10903573
0.10918808
0.10919499
0.11742997
0.10901403
0.10921383
0.10921144
0.11339903
0.10939622
0.10925055
0.10919547
0.10906315
0.11518645
0.10920930
0.10911679
0.10946107
0.11447453
0.10971045
0.10956955
0.11372256
0.10917830
0.12363005
0.10932803
0.11298823
0.11483073
0.11833715
0.11112809
0.10949373
0.10980058
0.11086798
0.12648773
0.11572862
0.11579037
0.11521459
0.11519527
0.10932255
0.10925007
0.10899258
0.12544608
0.11773944
0.11529851
0.11533046
0.12244248
0.11813879
0.11305666
0.11329055
0.11308432
0.12260222
0.11331129
0.11234140
0.11061954
0.11625028
0.11052966
0.10972643
0.10921168
0.11898375
0.11838150
0.11394811
0.11107588
0.11157131
0.12030482
0.11027455
0.11254478
0.11369443
0.11475611
0.11323404
0.11251354
0.11089683
0.11601233
0.10952497
0.10942960
0.10988760
0.16806674
0.15958905
0.11291146
0.10934806
0.14003277
0.15313029
0.14436626
0.10999060
0.12311411
0.10889554
0.10890532
0.10874200
0.11087370
0.10894704
0.10896778
0.10934401
0.10931396
0.12543440
0.11411762
0.16175365
0.13088465
0.11111021
0.11067891
0.10979128
0.11158109
0.11178064
0.11045504
0.11023521
0.11016774
0.11565089
0.14104080
0.10970688
0.11481452
0.10987258
0.10968637
0.10988259
0.10955787
0.11497235
0.11011553
0.10980964
0.10983896
0.12077069
0.10984159
0.10960555
0.10973787
0.11077452
0.11678696
0.11030817
0.11082339
0.10977864
0.11553955
0.10969758
0.10975718
0.10998178
0.10994411
0.11519957
0.10966635
0.11007881
0.10976458
0.12007809
0.10982418
0.10979724
0.10989380
0.11698747
0.11011696
0.10953403
0.10984421
0.10974503
0.11649585
0.10973835
0.10961580
0.10984707
0.11596060
0.10961676
0.10959411
0.11004305
0.10965538
0.11109948
0.10981417
0.10985160
0.11061430
0.11448145
0.10973501
0.10971594
0.10983491
0.10970306
0.12257504
0.10967898
0.10955501
0.10939002
0.11438990
0.10939407
0.10945272
0.10941386
0.12009287
0.10906076
0.10860395
0.10844612
0.11074924
0.10874128
0.11101985
0.16407371
0.15830731
0.10833788
0.10833788
0.10838199
0.11482644
0.10826349
0.10846925
0.10829592
0.12121391
0.10819554
0.10815930
0.10832524
0.10814381
0.11469078
0.10816789
0.10822964
0.10816383
0.11648750
0.10829711
