0.02761793
0.10638165
0.10588861
0.11515760
0.10604000
0.10607123
0.10629678
0.11579871
0.10614204
0.10628819
0.10605145
0.10810637
0.11225462
0.10620952
0.10606313
0.10639834
0.11310482
0.10650039
0.10633397
0.10622525
0.10627389
0.10682487
0.10628271
0.10646725
0.10623527
0.11180520
0.10635090
0.10617089
0.10663605
0.10718846
0.11193156
0.10627866
0.10618162
0.10629034
0.11280894
0.10628390
0.10602999
0.10625196
0.10608459
0.11265445
0.10605621
0.10625792
0.10606408
0.11298990
0.10619235
0.10630202
0.10920739
0.10636950
0.11180162
0.10645676
0.10625529
0.10627794
0.11319685
0.11736393
0.10619998
0.10625196
0.10620546
0.10653067
0.10625005
0.10658407
0.10640287
0.11265874
0.10611534
0.10627842
0.10624480
0.11307192
0.10612035
0.10629034
0.10619879
0.10737467
0.11473441
0.10620689
0.10726237
0.10621119
0.10746336
0.10632396
0.10616589
0.10641432
0.11664629
0.10636234
0.10604024
0.10629058
0.10644984
0.11297512
0.10639596
0.10648680
0.10630941
0.11856890
0.10632586
0.10633898
0.10626340
0.10636377
0.11280632
0.10640526
0.10645342
0.10665083
0.11853242
0.10955739
0.10887194
0.10777831
0.10814881
0.11429238
0.10816216
0.10935545
0.10950398
0.11443400
0.10953093
0.10643673
0.10646868
0.10916519
0.11123276
0.10978961
0.10698557
0.10899186
0.11295056
0.10782599
0.10633588
0.13331962
0.16263747
0.12087131
0.10628462
0.12721610
0.16701889
0.10711813
0.10634804
0.10721254
0.10670733
0.10620809
0.10624337
0.10635209
0.12502337
0.10659528
0.10632610
0.10633183
0.10649538
0.10692334
0.10640955
0.10670257
0.10835266
0.12608290
0.10663486
0.10669112
0.10653210
0.11041784
0.10692668
0.10661077
0.10696864
0.11949039
0.10695529
0.10685039
0.10657930
0.12057281
0.10687399
0.10669112
0.10666943
0.10650826
0.12261701
0.10683775
0.10633397
0.10804820
0.10623407
0.10801125
0.10641265
0.10668540
0.10633850
0.15808082
0.16047955
0.10618758
0.12066317
0.11422014
0.14924812
0.11221957
0.12445235
0.10650849
0.10628176
0.10627913
0.10622907
0.11035848
0.10657668
0.10636091
0.10630178
0.11890864
0.10693264
0.10640073
0.10647225
0.10630560
0.11121941
0.10626316
0.10637808
0.12108994
0.10669732
0.10643363
0.10617924
0.10742712
0.11549807
0.10885262
0.10697341
0.10727739
0.12265062
0.10767889
0.10762620
0.10680604
0.10651588
0.11130667
0.11263895
0.11430526
0.10816503
0.12269640
0.11199045
0.11102653
0.11343265
0.11492491
0.11473846
0.11087656
0.10868335
0.12535357
0.10984254
0.10976267
0.10829329
0.10949230
0.11476541
0.11216426
0.11181927
0.11361837
0.12824535
0.11232090
0.10626578
0.10637665
0.10593033
0.10789132
0.10654879
0.10865903
0.10609436
0.10956073
0.10925126
0.10615492
0.10636640
0.11087298
0.10613108
0.11065865
0.11059713
0.12520242
0.11052608
0.11064649
0.11066866
0.10795450
0.11130810
0.11091185
0.11069703
0.11118484
0.12191033
0.10886836
0.11098194
0.11078763
0.11090064
0.11038041
0.10825896
0.10641265
0.10593820
0.11843133
0.10577512
0.10600591
0.10569215
0.10593963
0.10939574
0.11117768
0.11061764
0.11140251
0.11094880
0.10813332
0.10583901
0.10624051
0.10915661
0.10614824
0.10596275
0.10609627
0.11843729
0.10659742
0.10625124
0.10625100
0.10638595
0.10639167
0.10651851
0.10645175
0.11134958
0.12116456
0.10630655
0.10622740
0.10780907
0.10638380
0.10710597
