0.02248263
0.10405135
0.10200858
0.10166621
0.11440134
0.10207438
0.10164189
0.10176826
0.10180831
0.10856962
0.10171866
0.10670567
0.10501528
0.11534977
0.10422659
0.10337782
0.10212350
0.10358381
0.10901880
0.10229969
0.10182929
0.10232496
0.10191512
0.11482334
0.10272002
0.10259056
0.10245204
0.10209274
0.10834551
0.10180879
0.10182333
0.10179973
0.11447120
0.10232353
0.10229683
0.10204840
0.10873938
0.10227513
0.10199571
0.10237837
0.10228729
0.11467743
0.10228181
0.10237336
0.10213351
0.10194707
0.10855961
0.10242033
0.10233712
0.10243988
0.11487603
0.10227203
0.10170698
0.10159707
0.10193801
0.10749125
0.10237527
0.10234141
0.10253167
0.10241365
0.11447930
0.10221434
0.10193419
0.10201740
0.10220098
0.10835266
0.10310721
0.10268569
0.10255218
0.11538291
0.10301542
0.10249043
0.10246372
0.10253286
0.10910225
0.10358620
0.13341141
0.18530488
0.11144614
0.10291672
0.10339880
0.10523653
0.10714030
0.10586476
0.10419941
0.10319829
0.10559344
0.11806345
0.10462999
0.10315919
0.10295630
0.10328722
0.10830665
0.10394025
0.10328722
0.12043190
0.16162395
0.17784786
0.13834357
0.10279822
0.10957479
0.14732981
0.13281846
0.12109256
0.10201406
0.10280395
0.10203815
0.10202599
0.10235381
0.10717750
0.10276914
0.10313988
0.10252786
0.12236214
0.12334156
0.15623569
0.13155746
0.10311985
0.10236955
0.10293627
0.14959741
0.18531466
0.10263658
0.10549855
0.10694838
0.10212111
0.13321900
0.18504333
0.12915802
0.10321140
0.10349226
0.10408783
0.16488171
0.16129613
0.13442159
0.10262656
0.11003041
0.10295701
0.10400891
0.10223961
