0.02071452
0.10297251
0.10888410
0.13037896
0.15641236
0.10918713
0.10269523
0.10280824
0.10515714
0.16339421
0.14828801
0.10275626
0.10265756
0.10732555
0.10738826
0.14456987
0.12649441
0.10250092
0.10805368
0.10364819
0.10303092
0.10364199
0.18356442
0.15873575
0.10275507
0.10278583
0.10330296
0.16513467
0.14774370
0.10590053
0.10244393
0.10331249
0.10226893
0.10234070
0.10242510
0.12927914
0.18170309
0.14323330
0.10253096
0.10227370
0.10250688
0.10237527
0.10212946
0.10735321
0.10226655
0.10285711
0.10611248
0.16272712
0.13963723
0.10556602
0.10228038
0.10963869
0.10250306
0.10226083
0.10229683
0.11870074
0.10242701
0.10252190
0.10251355
0.10265613
0.10261798
0.10908818
0.10269284
0.10275269
0.10286570
0.11508512
0.10265565
0.14683461
0.18085384
0.11052465
0.10308743
0.10365486
0.10281491
0.11034822
0.10309172
0.10327864
0.10293007
0.10274315
0.10291409
0.10975933
0.10271692
0.10281563
0.10333419
0.11380267
0.10293531
0.10290408
0.17189527
0.14565563
0.10267329
0.10251355
0.10278130
0.10788989
0.10567784
0.23261690
0.13314056
0.10729718
0.10336876
0.10250831
0.10246348
0.11312890
0.10243082
0.10229731
0.10257125
0.15422821
0.14769268
0.10240459
0.10245323
0.11301970
0.10225606
0.10318780
0.10242271
0.10239434
0.10231280
0.10263085
0.10214162
0.10249567
0.10226631
0.11587358
0.10234022
0.10239291
0.10252690
0.10229588
0.10244441
0.10264421
0.11601305
0.10235548
0.10253978
0.10253334
0.10243869
0.10252714
0.10934997
0.10258055
0.10276866
0.10264492
0.10977435
0.10274863
0.10265589
0.10596108
0.10269642
0.10328531
0.10278296
0.10287786
0.10272193
0.11068869
0.15601301
0.12725544
0.10296917
0.11131358
0.10294676
0.10310555
0.10303640
0.11593151
0.10319662
0.10313821
0.10305905
0.10281587
0.10341382
0.11043143
0.10284925
0.10306430
0.11481452
0.10299730
0.10303426
0.10290670
0.10302329
0.10284305
0.10895038
0.10293388
0.10318780
0.10307407
0.11043835
0.10516739
0.10696220
0.10960603
0.10811925
0.10638881
0.10440183
0.10311770
0.16153193
0.14849329
0.10589886
0.10280108
0.10324478
0.10333991
0.10912728
0.10296583
0.10439181
0.11256814
0.10299635
0.10305595
0.10297608
0.10296893
0.10296726
0.10798573
0.10290408
0.14128351
0.16783857
0.11547947
0.10295129
0.10316944
0.10441756
0.10429573
0.10282207
0.16581392
0.16679192
0.10576153
0.10532069
0.10280848
0.10285616
0.10272789
0.10885382
0.10263848
0.10270524
0.10268164
0.10399103
0.10247827
0.10237765
0.12938809
0.16576481
0.11097431
0.11876440
0.13881445
0.13482976
0.13242435
0.13113666
0.12604952
0.12325883
0.10337782
0.10362697
0.11609101
0.14581561
0.12442636
0.10893536
0.11742520
0.11337543
0.13099217
0.12058544
0.13141847
0.12083411
0.12571859
0.12015486
0.10989475
0.10793066
0.10487700
0.10433030
0.10656071
0.10413766
0.10882092
0.12214708
0.12753820
0.12716293
0.12172103
0.11980152
0.11352754
0.12196517
0.11845827
0.11225867
0.12064934
0.11528802
0.12147808
0.11155295
0.14447451
0.11447477
0.12858605
0.12216115
0.11209846
0.12010026
0.12969828
0.13882089
0.13997579
0.11326575
0.13050127
0.11660886
0.11637616
0.11953568
0.11030555
0.10613799
0.10597205
0.10454059
0.10427904
0.11776829
0.10301781
0.10410643
0.10260224
0.10517836
0.10906720
0.10266519
0.10321784
0.10371542
0.10982847
0.10302258
0.10316873
0.10299659
0.10332298
0.10278225
0.11314607
0.10324979
0.10267520
0.11761737
0.10252094
0.10216475
0.10223055
0.10225940
0.10898066
0.10939622
0.10260916
0.10267925
0.10244918
0.11171174
0.11880016
0.12955642
0.11137414
0.10682487
0.11172366
0.11997271
0.10626578
0.11658621
0.13219976
0.12255526
0.13095331
0.11106133
0.11234260
0.11106849
0.10710001
0.11435199
0.13139129
0.12173915
