0.03112054
0.13186431
0.11465549
0.13622141
0.16805530
0.14036465
0.12220454
0.11705756
0.10946035
0.10669875
0.12747955
0.11513615
0.10234356
0.10420728
0.11399055
0.10351539
0.10961914
0.10884738
0.11792541
0.10384965
0.10987544
0.11236072
0.10416770
0.11572027
0.10483074
0.11458325
0.10864639
0.11180973
0.11791539
0.14411020
0.11547303
0.11119866
0.12811589
0.11417055
0.10264468
0.10474110
0.10303593
0.11691189
0.10359788
0.10385799
0.10375881
0.12024879
0.10368443
0.10269928
0.10284615
0.10282636
0.11083937
0.10768843
0.12556863
0.10901570
0.11698318
0.10276771
0.10408854
0.10569859
0.11282277
0.11926723
0.10318947
0.12705922
0.11167502
0.10549998
0.11396050
0.10268283
0.10244250
0.10761595
0.11059356
0.10253668
0.10281777
0.10249853
0.11431479
0.10243797
0.10249996
0.10232973
0.10238290
0.10249996
0.11448312
0.10237098
0.10245919
0.11370420
0.10234761
0.10235286
0.10572672
0.10236597
0.10234022
0.11204195
0.10211062
0.10523939
0.10216594
0.11323786
0.10200524
0.10196137
0.10221195
0.10519195
0.10195017
0.10965252
0.10226274
0.10223913
0.11130810
0.12149620
0.11364365
0.10248494
0.12084889
0.10495019
0.11206985
0.10131931
0.10695601
0.12484312
0.10751605
0.11533046
0.10512424
0.11417460
0.12406635
0.12273335
0.12016654
0.12595081
0.11649370
0.10484743
0.10220766
0.10435176
0.10453248
0.10901690
