0.02375412
0.10269499
0.10100436
0.11643934
0.10122752
0.10292125
0.11907029
0.10728121
0.11597371
0.10668826
0.10877991
0.10797119
0.11828780
0.11740804
0.11116624
0.10898519
0.10905504
0.11835527
0.11092305
0.11524558
0.10590410
0.11099458
0.10504556
0.10919023
0.10815120
0.11115217
0.10554790
0.10151052
0.10425210
0.10918975
0.10720944
0.11307240
0.11960888
0.11295485
0.10655546
0.10859370
0.10654855
0.11630249
0.10242462
0.10230947
0.10319304
0.10512662
0.10195184
0.10836101
0.10363793
0.10190177
0.11467099
0.10174394
0.10188937
0.12322140
0.11866593
0.10839343
0.11270809
0.10360718
0.11540413
0.10298705
0.10295844
0.10283470
0.10252023
0.10857725
0.10276437
0.10225773
0.11736774
0.12734199
0.10304308
0.10222268
0.10386276
0.10285664
0.10797572
0.10196710
0.10194206
0.10217476
0.11438847
0.10209703
0.11212015
0.10914898
0.11347437
0.11059880
0.10719156
0.11533928
0.11873984
0.12761092
0.11105537
0.11227536
0.10875440
0.10980225
0.10791349
0.10814524
0.10316038
0.13020706
0.11110544
0.10494757
0.11469865
0.11359358
0.10804772
0.10546708
0.10611582
0.11040950
0.12361479
0.11403203
0.10316348
0.10974312
0.11149144
0.11622667
0.10681868
0.11768746
0.12250400
0.15734911
0.12291121
0.12560916
0.11126232
0.10611892
0.11087728
0.11617303
0.13222933
0.10664797
0.10568070
0.10633802
0.10439014
0.10281372
0.10885668
0.10243869
0.10316634
0.11584282
0.10270333
0.10253167
0.10285854
0.10246372
0.10250711
0.10865688
0.10257626
0.10273147
0.10422730
0.10371685
0.11542034
0.10258365
0.10269451
0.10258579
0.11168981
0.10270333
0.10269332
0.10255361
0.11546564
0.10258937
0.10264826
0.10276222
0.10361862
0.11036658
0.10276699
0.10272813
0.10261726
0.11557388
0.10293555
0.10277891
0.10282159
0.10249805
0.10773158
0.10287428
0.10295892
0.10281920
0.11488342
0.10262823
0.10277438
0.10265279
0.10284686
0.10284662
0.11016321
0.10264015
0.10279894
0.11551023
0.10284233
0.10251522
0.10273981
0.10257602
0.10271907
0.10879302
0.10252929
0.10277343
0.11570430
0.10258913
0.10251975
0.10298944
0.10425019
0.10323930
0.10775781
0.10250115
0.10262728
0.10236621
0.10380197
0.10242510
0.10266304
0.10259366
0.10243511
0.10272932
0.10239267
0.10264730
0.10251117
0.10293961
0.10275555
0.10241413
0.10391212
0.10249734
0.10738397
0.10254145
0.10257721
0.10266280
0.11056185
0.10249138
0.10248542
0.10240006
0.10247135
0.10797024
0.10965705
0.10896254
0.11263371
0.12497139
0.10999441
0.10431671
0.11790872
0.11097240
0.10990500
0.12278056
0.12209129
0.12484956
0.10174179
0.10717654
0.10289979
0.10161257
0.12871480
0.13711071
0.10202146
0.10175014
0.11478710
0.11374521
0.10164142
0.10162210
0.10166526
0.10187721
0.11237884
0.10346937
0.10352588
0.11636806
0.10393834
0.10282516
0.10164857
0.10162807
0.10250711
0.11305737
0.10182929
0.10194826
0.12006211
0.10161376
0.10325861
0.10164881
0.10176682
0.10146499
0.10946369
0.10243797
0.10161567
0.11734700
0.10199642
0.10197759
0.10360146
0.10836387
0.11081696
0.12151337
0.10198951
0.11102057
0.11938930
0.10560274
0.11306906
0.10836363
0.10748816
0.10726070
0.10654163
0.10503602
0.10226369
0.11444855
0.11015368
0.10415745
0.10406065
0.10494137
0.10192609
0.10608816
0.11113882
0.12399983
0.11145449
0.10388374
0.10191464
0.10160518
0.10286093
0.11045933
0.10258150
0.10241938
0.12499762
0.10451269
0.10514212
0.11409211
0.11876917
0.10967612
0.11365390
0.12620592
0.10176277
0.11139369
0.10866213
0.10552335
0.10159826
0.10218048
0.10217190
0.10250950
0.10230184
0.10228229
0.10493970
0.10194421
0.10194921
0.10175157
0.10163045
0.10146427
0.11103320
0.10126519
0.10168362
0.10149622
0.10963440
0.10146666
0.10135293
0.10137272
0.10152078
0.10140514
0.10182309
0.10158014
0.10141468
0.10858130
0.11311960
0.10140944
0.10295963
0.10143828
0.10136557
0.10957813
0.10169148
0.10162258
0.11034513
0.10153985
0.10148954
0.10176563
0.10159874
0.12235475
0.10986400
