0.03811312
0.11236477
0.12153482
0.12770152
0.14210272
0.13836002
0.15038037
0.12971616
0.11415100
0.10655808
0.11743259
0.10753560
0.10734439
0.10672450
0.12941599
0.13849998
0.13477063
0.13135624
0.13855815
0.11229038
0.10548329
0.10715747
0.10580802
0.10541773
0.10962796
0.10578728
0.10551786
0.11591029
0.10815239
0.10555363
0.10732126
0.10520673
0.10510540
0.11063600
0.10760260
0.10689020
0.12031651
0.10760307
0.10909176
0.10787082
0.10781312
0.10858417
0.11282444
0.10669851
0.10537481
0.10743904
0.17446971
0.18149900
0.10756874
0.10634208
0.11029410
0.10690236
0.11789179
0.15508628
0.10675931
0.10549831
0.10554552
0.10526752
0.10568213
0.10830665
0.10595679
0.10625362
0.15333080
0.15110660
0.11122823
0.10563612
0.10564017
0.10544467
0.10581756
0.10618162
0.10551071
0.11125994
0.10536051
0.10581803
0.10583973
0.10514426
0.12673378
0.15660143
0.12968779
0.11935878
0.10905290
0.10584641
0.10532880
0.14196873
0.17344522
0.11270618
0.10530686
0.11622906
0.12070632
0.16114402
0.13685131
0.12631583
0.13023353
0.11120176
0.10552597
0.17042899
0.16891789
0.10561037
0.10550475
0.10556769
0.11398673
0.10562682
0.10580087
0.11485767
0.10574079
0.11747718
0.14464641
0.12917852
0.10572314
0.11169004
0.10587978
0.12535739
0.15830588
0.13385177
0.10601997
0.10777354
0.10692644
0.10685587
0.10586071
0.10582590
0.11602592
0.10584736
0.10605907
0.10683823
0.10571957
0.10608888
0.10597706
0.10614467
0.10575271
0.10570073
0.10779166
0.10587955
0.10574555
0.10583162
0.10583115
0.10599399
0.11119151
0.10603476
0.10607243
0.10881042
0.10607362
0.10628700
0.10589361
0.10590148
0.10591364
0.11121106
0.10597777
0.10602045
0.10851312
0.10592699
0.10592985
0.10582638
0.10556173
0.10590291
0.10608077
0.10606933
0.10537004
0.10557890
0.10691404
0.10544848
0.10550117
0.10530376
0.10538697
0.10531068
0.10599685
0.13075209
0.18548489
0.13280845
0.10557437
0.10568857
0.10549784
0.10535741
0.11429977
0.10571265
0.10646725
0.11807585
0.10546398
0.10702133
0.10589075
0.10535336
0.10547280
0.11767745
0.10891962
0.10801554
0.11834311
0.10553122
0.10563922
0.10530496
0.10784793
0.10555434
0.11200285
0.10575223
0.11315441
0.11015034
0.10543776
0.10528255
0.10565281
0.10941887
0.10955381
0.11365986
0.10665512
0.10834360
0.12405491
0.10560322
0.11150122
0.11173129
0.11049819
0.11329484
0.11468267
0.10602450
0.10572410
0.12698483
0.11070609
0.10713768
0.10630083
0.10542440
0.10558367
0.11154723
0.10550165
0.10580516
0.12381434
0.10588384
0.10581255
0.10617685
0.10581422
