0.02234006
0.11335254
0.10598469
0.10591364
0.12446070
0.10593104
0.10614347
0.10608888
0.10573888
0.10578108
0.11185193
0.10589266
0.10577965
0.12267876
0.10543299
0.10535073
0.10537243
0.10549974
0.10548878
0.10600066
0.10563040
0.10550690
0.10906363
0.10546732
0.10577989
0.10544777
0.10714817
0.10548878
0.10640240
0.10525393
0.10531592
0.11746573
0.10575533
0.10543966
0.10559011
0.10544300
0.10557294
0.10549617
0.10610461
0.10548878
0.10623384
0.10828376
0.10538888
0.10561991
0.10540605
0.10582399
0.10550690
0.10589647
0.10548615
0.10564971
0.11104918
0.10547566
0.10581994
0.10530114
0.10562801
0.10562325
0.10604429
0.10559201
0.10538960
0.11622405
0.11459112
0.11243629
0.11041641
0.11044598
0.11073232
0.10940909
0.10571575
0.10558772
0.11881900
0.10573316
0.10573101
0.10576653
0.10582566
0.10547662
0.10599661
0.10604548
0.10576677
0.11727762
0.10588217
0.10590577
0.10585165
0.10565948
0.10582781
0.10582733
0.10703301
0.10587764
0.10590172
0.11302733
0.10573363
0.10564280
0.10568023
0.10562921
0.10565114
0.10756564
0.10900283
0.11040807
0.12314892
0.10730982
0.10616159
0.10566378
0.10573840
0.10566711
0.11081958
0.10569620
0.10563159
0.11446357
0.10538888
0.10556412
0.10533547
0.10700178
0.10548711
0.10974407
0.10575795
0.10559607
0.11343336
0.10569358
0.10583043
0.10544419
0.10550785
0.10562587
0.10545659
0.10624290
0.10547805
0.10633945
0.11299706
0.10561204
0.10564208
0.10546851
0.10545611
0.10549712
0.11084366
0.10560918
0.10543871
0.12329793
0.10574722
0.10565734
0.12267137
0.18792796
0.11913013
0.13405204
0.20546007
0.11230302
0.10537004
0.10741138
0.10708809
0.10519958
0.11050630
0.10530972
0.10640359
0.12067485
