0.02761626
0.10165238
0.09470510
0.10704637
0.09465075
0.09481096
0.09504700
0.09970212
0.09604669
0.09525704
0.10182953
0.11760068
0.12648392
0.10513115
0.10472250
0.10475564
0.10636783
0.10467696
0.09598064
0.10691714
0.14134693
0.13391113
0.13240600
0.11920643
0.12201023
0.12624049
0.11302304
0.15611410
0.16865730
0.16734624
0.10117960
0.10144401
0.10727692
0.10124350
0.13763046
0.11028600
0.11375403
0.09870148
0.10779166
0.09832740
0.09889865
0.11215496
0.10826230
0.11026645
0.11985707
0.11229277
0.10677719
0.10204434
0.11282110
0.10423112
0.09527731
0.09543490
0.10494590
0.10100985
0.10877299
0.09514308
0.09522223
0.09527516
0.09708571
0.09599519
0.09518528
0.11126924
0.09702778
0.10783005
0.09507871
0.09751606
0.09701252
0.12725043
0.14154220
0.09501910
0.12355018
0.13481212
0.11398673
0.11694074
0.10865808
0.10357904
0.09961414
0.10618663
0.10568595
0.10553789
0.11860871
0.11067843
0.10982490
0.10605550
0.09936905
0.09525299
0.11109543
0.09553075
0.10053277
0.09538054
0.10184026
0.09536028
0.09538722
0.11046171
0.10383177
0.09573865
0.09518576
0.10533595
0.10998178
0.11543870
0.11698866
0.09531307
0.09551811
0.09524965
0.09580493
0.09546518
0.10054755
0.09550357
0.09506965
0.10437369
0.10850501
0.10473466
0.11718178
0.09515476
0.09537148
0.10703826
0.10822153
0.11321831
0.13205290
0.10090542
0.12059498
0.11002326
0.10652137
0.11001039
0.09540296
0.12719798
0.15010190
0.11816287
0.11145830
0.14375997
0.18614697
0.15029240
0.10262346
0.10229731
0.09989977
0.10002160
0.09703970
0.09568644
0.09618425
0.09595513
0.11183906
0.09686446
0.09683156
0.09735441
0.09528995
0.09523296
0.09505224
0.10479069
0.10547853
0.10332537
0.11226320
0.10083961
0.10275626
0.12294602
0.13513565
0.10453200
0.09940052
0.10722685
0.10172534
0.11638570
0.10066843
0.11330962
0.10059118
0.09992981
0.11516285
0.17220259
0.17879391
0.18689990
0.17684770
0.10883737
0.10744309
0.10741520
0.13838506
0.12774372
0.12296605
0.10742974
0.10518861
0.10756469
0.11219144
0.09792256
0.09596229
0.10591054
0.11616445
0.10909605
0.10978460
0.10339236
0.10640597
0.09697604
0.09714174
0.09855890
0.10251641
0.10629296
0.09531975
0.09594011
0.09500027
0.09487820
0.09522033
0.09869719
0.10712123
0.11763906
0.10146427
0.10892725
0.09814978
0.09587598
0.09879756
0.10261035
0.10321093
0.09718180
0.10193014
0.09589767
0.10525846
0.09720159
0.09595346
0.21364975
0.10295272
0.09579039
0.09557128
0.09527755
0.09631944
0.09936666
0.09570789
0.09763050
0.10176086
0.10722852
0.09853625
0.11063790
0.11038661
0.12473774
0.14529467
0.11617923
0.11712265
0.16446996
0.17557240
0.19306374
0.14571738
0.12078142
0.11826181
0.10011744
0.12561607
0.12494326
0.10296702
0.09506106
0.09677982
0.13930774
0.10915947
0.10407758
0.09713435
0.10357499
0.10612488
0.09497309
0.10586238
0.09512281
