0.02157092
0.09640098
0.11598325
0.12771320
0.09530735
0.09420443
0.09991860
0.09620428
0.09832072
0.11004353
0.09527659
0.09479570
0.09651589
0.10002255
0.09713578
0.09709787
0.10140657
0.09410810
0.09388089
0.10874224
0.09550285
0.09502459
0.09449434
0.09442973
0.09454083
0.09482551
0.10103917
0.09480238
0.09521484
0.10825324
0.09427643
0.09432340
0.09718418
0.09490108
0.09582925
0.09640718
0.10266399
0.09628868
0.09595060
0.10767078
0.09471560
0.09468484
0.09462428
0.09475064
0.09489465
0.09564233
0.10121369
0.09582758
0.09593701
0.10866833
0.09594393
0.09577465
0.09588146
0.09546757
0.09442997
0.09425378
0.10069633
0.09524250
0.09538245
0.10723042
0.09615016
0.13156676
0.14348507
0.10281992
0.11622572
0.14004731
0.12891531
0.11736417
0.12912226
0.12820745
0.09446096
0.09418917
0.09650159
0.09750128
0.10657573
0.19908643
0.15152669
0.09448290
0.09803605
0.09948611
0.13635731
0.18170881
0.09600949
0.10911441
0.09662580
0.09415865
0.09406638
0.11720109
0.17505264
0.12114811
0.09397817
0.09385443
0.10720825
0.09397650
0.09428144
0.11985040
0.12728190
0.11096907
0.09391069
0.10127831
0.09436131
0.10921884
0.19029546
0.13572693
0.09422469
0.09416461
0.09458947
0.09413123
0.09524941
0.09388924
0.09409332
0.09697223
0.09402847
0.09519172
0.09392667
0.09424734
0.09395361
0.09395194
0.10161018
0.09417152
0.09412193
0.10105443
0.09430861
0.10039139
0.15451765
0.15405512
0.10221934
0.09576416
0.13191700
0.19938588
0.10301518
0.09425235
0.09401250
0.09427667
0.09705782
0.09688306
0.09902096
0.09917712
0.09610105
0.13745737
0.13755798
0.11331511
0.09378099
0.09421444
0.09462094
0.09503508
0.09469843
0.09433985
0.10720491
0.09433079
0.09435964
0.09402370
0.09576011
0.09430671
0.09529734
0.10076380
0.09506392
0.09455800
0.10586119
0.09438157
0.09411526
0.09484792
0.09493685
0.09438968
0.09402013
0.09403896
0.11886930
0.14854503
0.14806461
0.10264397
0.09404302
0.09397745
0.09466219
0.09571552
0.09696674
0.09504771
0.11946487
0.16515899
0.12268353
0.09430718
0.09406447
0.09521294
0.09408975
0.10791492
0.14025116
0.12649441
0.10657692
0.09627891
0.09696221
0.09549379
0.09389138
0.09497190
0.09841633
0.09767151
0.09956956
0.09775424
0.10627985
0.09427381
0.09437561
0.09608555
0.09789824
0.09498453
0.09458375
0.09582424
0.09393287
0.09401274
0.10677791
0.09528899
0.09551740
0.09464788
0.09402823
0.09508014
0.09400725
0.09416032
0.09843874
0.09420824
0.10858870
0.09416986
0.09432364
0.09406614
0.09454298
0.09430790
0.09415555
0.09443188
0.09807611
0.09414816
0.09426188
0.10368299
0.09417176
0.09416771
0.09425068
0.09431696
0.09415603
0.09408617
0.09517479
0.09430408
0.09681082
0.10438800
0.09782004
0.09591246
0.09565330
0.09487557
0.09556150
0.09399748
0.09962940
0.09412575
0.09375930
0.10653305
0.12450814
0.18148971
0.12500978
0.10833645
0.17972779
0.12267089
0.09407115
0.13389730
0.17474413
0.13949275
0.09456515
0.10327077
0.14630842
0.12025476
0.09418607
0.09599257
0.09535861
0.11593246
0.16801238
0.11772442
0.09434986
0.10126114
0.09467769
0.09507322
0.10483241
0.09507084
0.09472919
0.09568048
0.09797192
0.09696960
0.09801197
0.10222173
0.10130072
0.11298370
0.10144210
0.09911418
0.09523630
0.09482718
0.09478712
0.09477639
0.09468389
0.09553862
0.09493375
0.10916686
0.09473443
0.09481478
0.09479690
0.09495711
0.09920549
0.09856367
0.09794688
0.10357547
0.17498231
0.12751913
0.09445190
0.09451723
0.09439683
0.11640954
0.12492132
0.10866475
0.11389613
0.10074043
0.11128902
0.09864879
0.10131168
0.10134840
0.09771180
0.09472251
0.09449077
0.09517097
0.09474540
0.09450388
0.09921670
0.09430695
0.09454346
0.09444261
0.09431934
0.09453750
0.09454632
0.09828663
0.09492660
0.09470201
0.10189962
0.09571195
0.09454441
0.09458828
0.09573770
0.09507251
0.09440923
0.16081023
0.17218137
0.10883474
0.09428406
0.09520912
0.09464955
0.14069772
0.16864109
0.11602354
0.09435034
0.09510589
0.09813333
0.09435415
0.09442711
0.09437418
0.09423041
0.09429669
0.09466290
0.09995842
0.09483957
0.09431481
0.09985781
0.09426570
0.09435058
0.09436512
0.09424615
0.09432817
0.09443736
0.09411311
0.09951448
0.09407425
0.09393764
0.10334897
0.09399676
0.09408355
0.09421301
0.09399629
0.09432840
0.09430766
0.10148025
0.09431195
0.09407663
0.10314202
0.09409809
0.11441588
0.19870186
0.11888385
0.09578061
0.09417081
0.09525275
0.10709286
0.09378862
0.09403157
0.09454179
0.09400582
0.09412885
0.09405494
0.10015321
0.09406114
0.09403992
0.10859728
0.09394813
0.09421301
0.09465957
0.09420657
0.09414244
0.09402418
0.09703088
0.09438872
0.09421134
0.10886645
0.09400392
0.09413004
0.09414554
0.09383583
0.09400630
0.09387970
0.09439683
0.09489512
0.09382629
0.10047150
0.09411502
0.09399557
0.09410930
0.09418941
0.09403992
0.09403491
0.09390783
0.09467959
0.09401560
0.09404469
0.10079646
0.09386897
0.09399939
0.09435987
0.09407067
0.09408784
0.09401512
0.09418344
0.09401965
0.09405541
0.10133743
0.09396505
0.09417844
0.09397864
0.09537363
0.09394860
0.09399176
0.09402966
0.09491491
0.09429622
0.10661221
0.09393644
0.09403944
0.09402275
0.09399033
0.09419370
0.09399867
0.09404898
0.09488606
0.09400582
0.09398174
0.10143280
0.09406853
0.09408784
0.09417057
0.09811282
0.10146260
0.09821153
0.10397100
0.18430734
0.15591049
0.09676409
0.09412003
