0.02122545
0.09425855
0.13185692
0.12849951
0.13913941
0.09379554
0.10487747
0.09362197
0.09344268
0.09352899
0.09373379
0.09362078
0.09367490
0.09344912
0.09846091
0.09364700
0.10633039
0.09373426
0.09389257
0.09357190
0.09407449
0.09361386
0.09452915
0.09388757
0.09456825
0.09378433
0.09385085
0.10515547
0.09376884
0.09383988
0.09376979
0.09370971
0.09387374
0.09353447
0.09372520
0.09775853
0.09360766
0.10536504
0.09343672
0.09362125
0.09336114
0.09364700
0.09359550
0.09365988
0.09363866
0.09507322
0.09341311
0.09358978
0.10176539
0.09342289
0.09359956
0.09357762
0.09341574
0.09372973
0.09341240
0.09349680
0.09364820
0.09354711
0.09995675
0.09350753
0.09345341
0.09340620
0.09366417
0.09487772
0.09333134
0.09337854
0.09545994
0.09342742
0.09351635
0.10407400
0.09346008
0.09368920
0.09361196
0.09340954
0.09350395
0.09342003
0.09339952
0.09357858
0.09343839
0.10195756
0.09341598
0.09343433
0.09346509
0.09355593
0.09348226
0.09338284
0.09344554
0.09356308
0.09343290
0.09353566
0.10743618
0.09340715
0.09359837
0.09363389
0.09346223
0.09360909
0.09343195
0.09357572
0.09383655
0.09354496
0.10031509
0.09344721
0.09352374
0.09362149
0.09373045
0.09362316
0.09340382
0.09348583
0.09362221
0.09344339
0.09359527
0.10604906
0.09354877
0.09359121
0.09365106
0.09359074
0.09375978
0.09353566
0.09355855
0.09347010
0.09347367
0.09993601
0.09348917
0.09334755
0.09352422
0.09373713
0.09349537
0.09349275
0.09344816
0.09365916
0.09338880
0.09353209
0.10728216
0.09347224
0.09356523
0.09357285
0.09341121
0.09353399
0.09342384
0.09354401
0.09507561
0.09329820
0.10042477
0.09355164
0.09347773
0.09360695
0.09378457
0.09344769
0.09336734
0.09343410
0.09395146
0.09337091
0.09364271
0.10470033
0.09344363
0.09360790
0.09350204
0.09357190
0.09359217
0.09341049
0.09355664
0.09857059
0.09355307
0.10231256
0.09342194
0.09350276
0.09366584
0.09364295
0.09359884
0.09342241
0.09350634
0.09360456
0.09362316
0.09370184
0.10477829
0.09876513
0.09369040
0.09384656
0.09357142
0.09342170
0.09345865
0.09348607
0.09356642
0.09353924
0.10374737
0.09359097
0.09346080
0.09350061
0.09368443
0.09345269
0.09333801
0.09344840
0.09925413
0.09338593
0.09401155
0.10526156
0.09341693
0.09348750
0.09353161
0.09351754
0.09342599
0.09344578
0.09360695
0.09365249
0.09351277
0.10019708
0.09349728
0.09355497
0.09337378
0.09389830
0.09357762
0.09349203
0.09353209
0.09800172
0.09353900
0.10758114
0.09354758
0.09341025
0.09382606
0.09370303
0.09487796
0.09343648
0.09344602
0.09391737
0.09363055
0.09346318
0.10060716
0.09350514
0.09350181
0.09339285
0.09356856
0.09352183
0.09360814
0.09444571
0.09339070
0.11392784
0.09349704
0.09349012
0.09348989
0.09359717
0.09337926
0.09334826
0.09339762
0.09855986
0.09338188
0.09369612
0.09871650
0.09340310
0.09353876
0.09349871
0.09349084
0.09356070
0.09353065
0.09356380
0.09387326
0.09369969
0.10016799
0.09340596
0.09336591
0.09355521
0.09370804
0.09331656
0.09344316
0.09342170
0.09514380
0.09354806
0.09352422
0.10586071
0.09345317
0.09347367
0.09341383
0.09352040
0.09337378
0.09330440
0.09329391
0.09356356
0.09328127
0.10007763
0.09333396
0.09326506
0.09327936
0.09343386
0.09328580
0.09330463
0.09326530
0.09727001
0.09323049
0.09340215
0.10306334
0.09305310
0.09324265
0.09282780
0.09322286
0.09279346
0.09286618
0.09291363
0.09806824
0.09269571
0.10118890
0.09262133
0.09279799
0.09275007
0.09290767
0.09275413
0.09270334
0.09260440
0.09273481
0.09276009
0.09273362
0.09998822
0.09253049
0.09284687
0.09265709
0.09291482
0.09278369
0.09267282
0.09263158
0.09308934
0.09267497
0.10595846
0.09267235
0.09288692
0.09287000
0.09301209
0.09318304
0.09526205
0.09313583
0.09316874
0.09329605
0.09343410
0.10578251
0.09346914
0.09354925
0.09526801
0.09360242
0.09352279
0.09321070
0.09333134
0.09370995
0.09344721
0.10570908
0.09350848
0.09352541
0.09349084
0.09375978
0.09354043
0.09349728
0.09338880
0.09374809
0.09389520
0.09356165
0.10149097
0.09395528
0.09364295
0.09357190
0.09370136
0.09377122
0.09367132
0.09353733
0.09866667
0.09350348
0.10642147
0.09368277
0.09357476
0.09369040
0.09372663
0.09371114
0.09357858
0.09368801
0.09361386
0.09383559
0.09365106
0.10271645
0.09356642
0.13716245
0.11977983
0.11063290
0.09396768
0.09356070
0.09368777
0.09353352
0.10644579
0.09363651
0.09362721
0.09381676
0.09385753
0.09381938
0.09364653
0.09356093
0.09404945
0.09580207
0.09375548
0.10591722
0.09353352
0.09396148
0.09367061
0.09385443
0.09375358
0.09368229
0.09365153
0.09806418
0.09356570
0.10628700
0.09366035
0.09369636
0.09354115
0.09369969
0.09375763
0.09353447
0.09350991
0.09617519
0.09351349
0.09356189
0.10544801
0.09352326
0.09649777
0.09361863
0.09354615
0.09358001
0.09357119
0.09365964
0.09700608
0.09372616
0.10581803
0.09357166
0.09377360
0.09363699
0.09379935
0.09374690
0.09347153
0.09412336
0.09412074
0.09350133
0.10842657
0.09354138
0.09799027
0.14504027
0.13496113
0.12913775
0.09540081
0.10010982
0.09508538
0.11204267
0.12986350
0.14233828
0.11870193
0.09837651
0.10102224
0.16284776
0.09442949
0.10711861
0.09497571
0.10513973
0.10093522
0.10159230
0.09574485
0.10060525
0.10136008
0.11568713
0.09783101
0.11115074
0.09383702
0.09396458
0.09420848
0.09700131
0.09913850
0.09585881
0.09373665
0.10336280
0.09348559
0.10570335
0.09341145
0.09349632
0.12192369
0.14305639
0.10473108
0.09376097
0.09366703
0.09373260
0.09347892
0.10948348
0.09328580
0.10308027
0.09674263
0.09804988
0.10186052
0.09407926
0.09571266
0.10029697
0.09961033
0.10563898
0.09354854
0.09366846
0.09325242
0.09309506
0.09324956
0.09330606
0.09374547
0.09686399
0.09322119
0.10389090
0.09334493
0.09410286
0.09428120
0.09361005
0.09361100
0.09385037
0.09446621
0.10367966
0.09622002
0.11359119
0.09996367
0.11122942
0.09621429
0.09346128
0.10311913
0.09977460
0.10645938
0.11115193
0.09645247
0.13862729
0.10632372
0.09483337
0.09440041
0.09963703
0.09679532
0.09562230
0.09390020
0.09570765
0.09371471
0.10848212
0.09370112
0.09435463
0.09374452
0.09497166
0.09464574
0.09367394
