0.02480698
0.09489226
0.09396791
0.09513474
0.09452152
0.10725784
0.09834099
0.10695696
0.10155702
0.10921884
0.11834908
0.11651659
0.13558269
0.09940004
0.10542059
0.09512448
0.10313249
0.13854194
0.10693693
0.09444785
0.09489918
0.10124063
0.11918950
0.11682439
0.11680937
0.13563609
0.11651397
0.10862017
0.11046457
0.10725594
0.10556412
0.11424851
0.10265589
0.09413815
0.09522104
0.09527874
0.10206437
0.10711932
0.09399915
0.09458280
0.09988737
0.10905385
0.09464240
0.09446001
0.09486914
0.09536982
0.09741616
0.09504652
0.09450817
0.11578107
0.11184025
0.11487556
0.09503627
0.10923505
0.10526371
0.16448450
0.09485722
0.11844397
0.10359025
0.11068225
0.10403466
0.14630246
0.10428715
0.09798336
0.12077594
0.11593699
0.09352541
0.10478950
0.09811449
0.09484863
0.09406424
