0.02180290
0.10974240
0.11197662
0.09616303
0.11502457
0.10268426
0.10188866
0.09588981
0.09749579
0.09470367
0.10417175
0.09572864
0.10013509
0.13514280
0.09489846
0.10897756
0.09508443
0.10484934
0.10699081
0.10572338
0.09737325
0.09723353
0.10158086
0.11514139
0.10135722
0.10711002
0.09482455
0.09422660
0.10437870
0.09397960
0.12331533
0.11053085
0.10215783
0.09390116
0.12255502
0.13685083
0.11094642
0.11134887
0.14245272
0.20036340
0.11288643
0.10034728
0.09899116
0.09921503
0.09493613
0.09755254
0.09340191
0.10254669
0.09622979
0.10667229
0.09345007
0.09320354
0.10150552
0.09758258
0.09846091
0.09645700
0.09677386
0.11303949
0.09518766
0.11343217
0.10143113
0.09527230
0.09395885
0.09772134
0.09608245
0.09526467
0.09320712
0.09394860
0.09379601
0.10658884
0.09307051
0.09330964
0.09343147
0.12014270
0.09388161
0.10343313
0.09656286
0.09669662
0.10793781
0.09739494
0.11109376
0.11018014
0.12136316
0.10291791
0.11829185
0.18913746
0.13833189
0.14089108
0.10519743
0.10212564
0.10540557
0.13322663
0.10207438
0.11147881
0.09874678
0.10161495
0.11687279
0.10298991
0.10257220
0.10200787
0.09634089
0.10551810
0.10290265
0.10089040
0.09557915
0.09788918
0.10315275
0.09877229
0.09511089
0.11104107
0.10255170
0.10451651
0.09684134
0.09557891
0.09588861
0.09620261
0.10701013
0.09565926
0.09636164
0.09574342
0.09630632
0.09703660
0.17514253
0.10136175
0.10431671
0.09775853
0.09852123
0.10543275
0.10459018
0.10254788
0.10444951
0.11392450
0.10342646
0.11423135
0.09974694
0.09592891
0.10619402
0.10135555
0.10426092
0.09859276
0.09545350
0.11922240
0.11241937
0.10551715
0.09579659
0.09568357
0.09516954
0.10783577
0.10104489
0.09831381
0.10582280
0.09559250
0.10092330
0.09938717
0.09686828
0.09402776
0.09382963
0.09548235
0.09821820
0.10210967
0.09375739
0.09478664
0.09374118
0.09983850
0.11228800
0.11219215
0.09959102
0.09454060
0.09506154
0.10279155
0.11342573
0.10297871
0.09530830
0.09375453
0.09362555
0.09409022
0.09347296
0.09361529
0.09312725
0.09372115
0.10580325
0.09302449
0.09297013
0.09304523
0.09371233
0.14798713
0.10810471
0.09325290
0.09861183
0.09770226
0.10621548
0.10222077
0.10254288
0.10034442
0.10055280
0.10168648
0.10251784
0.09863329
0.10424066
0.11449814
0.09920335
0.09996843
0.10053086
0.09779525
0.10032368
0.10241795
0.09331775
0.10607076
0.11216474
0.09843683
0.09820533
0.09942293
0.09543276
0.09275770
0.09568930
