0.02006674
0.10203934
0.10598326
0.10458732
0.09460282
0.10560942
0.09438181
0.09430718
0.10340643
0.11533332
0.10564256
0.10836744
0.10861444
0.15270090
0.12266231
0.17759657
0.15139461
0.11362267
0.10992599
0.11779451
0.14086819
0.11182117
0.13838291
0.12752676
0.10908508
0.10853267
0.10685015
0.10477138
0.10179138
0.11388230
0.13486195
0.10398412
0.10516667
0.10414553
0.09930587
0.09994555
0.09407401
0.09624696
0.10306001
0.10604715
0.10297370
0.09415674
0.09438562
0.09406710
0.11369586
0.10676479
0.10379362
0.09635234
0.10461235
0.14498639
0.09450150
0.09435725
0.11843300
0.09493613
0.09518647
0.09431195
0.11734653
0.10328627
0.10766625
0.10941100
0.09832096
0.09386134
0.09595728
0.09965658
0.09899092
0.09827590
0.09982777
0.13202071
0.09567690
0.11241388
0.09423828
0.11708808
0.09390092
0.09438586
0.09407520
0.09515142
0.10672212
0.10344172
0.09547377
0.10726309
0.09569192
0.09545135
0.09416509
0.09427333
0.10564518
0.10101390
0.09942889
0.10560274
0.09457445
0.10220337
0.10301638
0.11236596
0.09573197
0.09738088
0.10030699
0.09588742
0.10812807
0.10298443
0.10245299
0.09603071
0.09431243
0.09564519
0.09837270
0.09635854
0.09415579
0.09494305
0.09961915
0.10215306
0.09869623
0.09412527
0.09411550
0.11948943
0.09959698
0.10026908
0.09774971
0.17554832
0.20161366
0.11881709
0.14477134
0.15142417
0.12420893
0.10334110
0.10013390
0.09564257
0.10054040
0.09378982
0.09420848
0.09417582
0.11185670
0.09490752
0.09479332
0.09919405
0.09939814
0.10635185
0.10656118
0.09516025
0.09688783
0.09677672
0.09843135
0.13853812
0.16709256
0.10252523
0.10146856
0.11001801
0.09777832
0.09882784
0.09391260
0.09451914
0.09629273
0.09525442
0.09374237
0.10369778
0.10743380
0.09396720
0.09371734
0.09365153
0.09554720
0.09372187
0.09390020
0.09385061
0.09372950
0.09400177
0.09416318
0.13147831
0.09380198
0.09376335
0.09465003
0.09379435
0.09645581
0.10070705
0.09936500
0.10363388
0.09927154
0.11546636
0.09434819
0.10004783
0.10236168
0.09378314
0.09393167
0.09597850
0.09368348
0.09369063
0.09959006
0.10803413
0.09389734
0.09386826
0.09632921
0.09390068
0.09397006
0.09387517
0.09677052
0.09388733
0.10026646
0.10899782
0.09382296
0.09390974
0.09404778
0.10549045
0.09789467
0.09728146
0.10280228
0.10340238
0.10849571
0.11435103
0.09580493
0.09721589
0.13326359
0.13639092
0.10934639
0.14567780
0.11277962
0.11520982
0.10655403
0.11498284
0.11220741
0.12813854
0.11612678
0.15928149
0.14594293
0.12807441
0.21057010
0.13333535
0.11585736
0.12030959
0.16076303
0.11372685
0.10177302
0.11568928
0.09576631
0.09467864
0.09580827
0.09573269
0.10731077
0.11018515
0.09658170
0.09442401
0.10251260
0.09611154
0.10505319
0.10441875
0.09441066
0.09453821
0.10073066
0.12719798
0.12259817
0.09546185
0.09485579
0.09470201
0.09459186
0.09429646
0.09439754
0.09434009
0.10057735
0.11345387
0.09455109
0.09460545
0.09872246
0.09774470
0.09546494
0.09823775
0.10272837
0.10777903
0.11159253
0.11192513
0.15398312
0.12019229
0.11138988
0.11337805
0.10283828
0.10400295
0.11664104
0.12747550
0.10996056
0.10405135
0.13449216
0.13126469
0.12273359
0.11288857
0.11650062
0.14035034
0.17501473
0.15091896
0.11970639
0.16763759
0.12282372
0.19187689
0.12294698
0.11032796
0.09461284
0.11025620
0.10041261
0.09926605
0.10943222
0.13213968
0.09733009
0.12420678
0.13815212
0.09958959
0.10188341
0.10688138
0.11374760
0.11077523
0.11918736
0.15050936
0.11103201
0.09871054
0.09846854
0.09387684
0.09682131
0.11096811
0.09550953
0.10195518
0.09629703
0.09409547
0.10466409
0.10522866
0.10280776
0.12430286
0.12457347
0.09956169
0.10359526
0.10520720
0.10795283
0.11189985
0.13962698
0.16846132
0.17706943
0.19477582
0.17561984
0.17019463
0.18505526
0.19371104
0.16959739
0.12573886
0.11653638
0.12444139
0.10542750
0.09520316
0.09816813
0.10802555
0.11067510
0.10119772
0.13418031
0.10648084
0.09470367
0.09553099
0.09417367
0.10722041
0.10972714
0.11625814
0.10473204
0.10522723
0.12976670
0.10704041
0.10291600
0.12590909
0.11491418
0.11082649
0.11741948
0.11314225
0.10162687
0.10605860
0.10980368
0.09928250
0.09540200
0.09663486
0.09734106
0.09729791
0.10946321
0.11298871
0.11242270
0.10202169
0.09590197
0.09650683
0.09937167
0.09686136
0.09649944
0.09648275
0.11670423
0.11599898
0.10114026
0.11088061
0.10863614
0.11651063
0.11693048
0.12082458
0.09825373
0.10807681
0.09978938
0.09948564
0.09508610
0.10171795
0.11088538
0.11624718
0.12743855
0.10960841
0.11529231
0.11108041
0.10511422
0.10245705
0.10031843
0.09962058
0.09622335
0.09749579
0.10935688
0.09536242
0.09603596
0.09717894
0.09797454
0.12433958
0.09879613
0.10244679
0.10150528
0.10966706
0.09908199
0.09942627
0.12234092
0.11920118
0.11390972
0.10960913
0.09707189
0.10016131
0.10123539
0.10448146
0.10748601
0.12215185
0.11380219
0.10583925
0.12908125
0.10517693
0.10027623
0.10175014
0.10387874
0.09876466
0.10018587
0.09849787
0.09875011
0.10677814
0.11256409
0.09504890
0.09845829
0.09984779
0.09800315
0.09378958
0.12990546
0.12077045
0.10716009
0.11802649
0.09918475
0.09864950
0.10126352
0.09930778
0.09933710
0.10065389
0.09936523
0.09811091
0.10304213
0.10777903
0.09372067
0.09851909
0.12213898
0.11261463
0.11078238
0.12009740
0.11561942
0.11652279
0.12730956
0.12629890
0.11672473
0.09678411
0.09686232
0.09795117
0.09803057
0.10329247
0.12519169
0.14517951
0.11570120
0.09860492
0.10265064
0.10384655
0.09633088
0.12151742
0.10155940
0.11399841
0.11795306
0.11882424
0.09829044
0.09501481
0.09822011
0.12147856
0.09948707
0.09801173
0.09994721
0.10434580
0.09809542
0.09637046
0.09825039
0.09927511
0.10907388
0.11185479
0.09802437
0.09813070
0.10085797
0.09723091
0.09531832
0.09835815
0.09796643
0.09807587
0.10256863
0.11150694
0.09628320
0.09416890
0.09723830
0.09549904
0.09716153
0.09661889
0.09527087
0.09558487
0.10105586
0.11090350
0.09433508
0.09425259
0.10453534
0.09582448
0.10792112
0.12114286
0.11539459
0.10924172
0.12123013
0.10454249
0.10105777
0.09704804
0.09568667
0.10521293
0.09614778
0.09688139
0.09438443
0.12071013
0.10965466
0.10078979
0.09510660
0.09748983
0.09820747
0.09457302
0.12684941
0.17462301
0.11748266
0.18544459
0.17213798
0.13560748
0.10799241
0.11142540
0.09981155
0.09761357
0.10208464
0.10799026
0.09720850
0.09434438
0.10888171
0.10775518
0.11963654
0.10633445
0.11411476
0.11532927
0.14633298
0.11221933
0.13743782
0.17358065
0.17733026
0.12113547
0.14105749
0.10749960
0.10943103
0.13427305
0.21083426
0.11446214
0.10358095
0.09628606
0.09719825
0.10978150
0.09669447
0.09727859
0.11843514
0.12361670
0.09874797
0.09441781
0.09716606
0.09851527
0.09526610
0.09446263
0.09442520
0.10070920
0.13210392
0.11224294
0.10096979
0.09440947
0.09937811
0.09501386
0.09972215
0.09442163
0.09447980
0.10119700
0.11395836
0.09446359
0.09425497
0.09448147
0.09507060
0.09445572
0.09459114
0.09440398
0.09438705
0.09448147
0.11425972
0.09682274
0.10653186
0.09446597
0.09457207
0.09458518
0.09444427
0.09450984
0.09446311
0.09435654
0.09539723
0.10515928
0.09538460
0.09464192
0.09466982
0.09429884
0.09454322
0.09476948
0.09461975
0.09470201
0.09650397
0.10886860
0.09499431
0.09482622
0.09465933
0.09488726
0.09481406
0.09508824
0.09445834
0.09475994
0.10213828
0.10404420
0.10170436
0.09464788
0.09467363
0.09469485
0.09659195
0.09989166
0.09467030
0.09485269
0.10673404
0.10876489
0.09505630
0.09810185
0.09455776
0.09472442
0.09503436
0.09481740
0.09477925
0.09480858
0.10376644
0.10294437
0.09472585
0.09458470
0.09469581
0.09458184
0.09488916
0.09470773
0.09684086
0.09465504
0.10034609
0.10636425
0.09509945
0.09490466
0.09465837
0.10156846
0.09502816
0.09478688
0.09485579
0.09442329
0.10033488
0.11517978
0.10444164
0.11815691
0.11486173
0.09811997
0.09489393
0.09493709
0.09522438
0.09463835
0.10386801
0.10958982
0.09483337
0.09508944
0.09492612
0.09491324
0.09489608
0.09482813
0.09470105
0.09460306
0.09473729
0.11106300
0.09514308
0.09459281
0.09465098
0.09489560
0.09472895
0.09429312
0.09448814
0.09445286
0.11399698
0.09436011
0.09515476
0.09443069
0.09469604
0.09466910
0.09479284
0.09463096
0.09468603
0.09467626
0.10273767
0.10311460
0.09450173
0.09466743
0.09483194
0.09474564
0.09447002
0.09459519
0.09518313
0.09472537
0.10099006
0.10807300
0.09448028
0.09452629
0.09432936
0.09451938
0.09486151
0.09471059
0.09461069
0.09477925
0.09949327
0.10892177
0.09489250
0.09470940
0.09449363
0.09435177
0.09486604
0.09472632
0.09474349
0.09439158
0.09473729
0.11816692
0.09472466
0.09479928
0.09460640
0.09480882
0.09499407
0.09526062
0.09484267
0.09499311
0.10087991
0.10664034
0.09458852
0.09488320
0.09487343
0.09460258
0.09493518
0.09482694
0.09463906
0.09465837
0.10377717
0.10171151
0.09456396
0.09422684
0.09484005
0.09416628
0.09458375
0.09418178
0.10068274
0.09452510
0.09409690
0.09402013
0.09419370
0.09395623
0.09406614
0.09419465
0.11113214
0.09417105
0.09419537
0.09373522
0.09402776
0.09583879
0.09409046
0.09405112
0.09402156
0.09414792
0.09949350
0.10260582
0.09428000
0.09408140
0.09443903
0.09403610
0.09440923
0.09435010
0.09435916
0.09440851
0.09462500
0.11223388
0.09448361
0.09445977
0.09464025
0.09474587
0.09484601
0.09469628
0.09496546
0.09472585
0.09455824
0.11432934
0.09458447
0.09459233
0.09448981
0.09478450
0.09495378
0.09483695
0.09470773
0.09476161
0.09491754
0.12099600
0.09483266
0.09476781
0.09485269
0.09476185
0.09526253
0.09492970
0.09487724
0.09469509
0.09479642
0.11053038
0.09472156
0.09475851
0.09452796
0.09472895
0.09475708
0.09499669
0.09474826
0.09435749
0.09482026
0.10054970
0.10336018
0.09487915
0.09472513
0.09489584
0.09626245
0.09493470
0.09485865
0.09464312
0.09448242
0.10140848
0.10797071
0.09467769
0.09470963
0.09464216
0.09445739
0.09490681
0.09477019
0.09452653
0.09469986
0.09474158
0.11448264
0.09462690
0.09445643
0.09466624
0.09468937
0.09465671
0.09473467
0.09468293
0.09467745
0.09497404
0.11486149
0.09500790
0.09482598
0.09448910
0.09467602
0.09470701
0.09473491
0.09459496
0.09451962
0.09480834
0.10085034
0.10274649
0.09456897
0.09440708
0.09448409
0.09451914
0.09490633
0.09474540
0.09458208
0.09455490
0.09453416
0.10633111
0.09483862
0.09442759
0.09448743
0.09447169
0.09479213
0.09442425
0.09458637
0.09493256
0.10835505
0.09425783
0.09448314
0.09434080
0.09462452
0.09464550
0.09458947
0.09430194
0.09436512
0.09442806
0.11105680
0.09474087
0.09427357
0.09463787
0.09421849
0.09458613
0.09448552
0.09412670
0.09476566
0.09458160
0.11077666
0.09426498
0.09407878
0.09426117
0.09406567
0.09388995
0.09448290
0.09405422
0.09426832
0.09435225
0.09998989
0.11294889
0.09423161
0.09393597
0.09430861
0.09372067
0.09600878
0.09398794
0.09421492
0.09411383
0.09383059
0.11352277
0.09415889
0.09394383
0.09392476
0.09399509
0.09397960
0.09426999
0.09409308
0.09373474
0.10459518
0.11023808
0.09417057
0.09375644
0.09368420
0.09407616
0.09377789
0.09379745
0.09384942
0.09371114
0.09361792
0.09428692
0.10662079
0.09388614
0.09372616
0.09393740
0.09356427
0.09366703
0.09391451
0.09361601
0.09358692
0.09393287
0.11178851
0.09394979
0.09381557
0.09367633
0.09444547
0.11054826
0.09386110
0.09375858
0.09364629
0.09387875
0.10772347
0.09389257
0.09375691
0.09433770
0.09401751
0.09356260
0.09400940
0.11123371
0.10112810
0.09775448
0.11209488
0.09336996
0.09316325
0.09305501
0.09340096
0.09450555
0.09476161
0.09327245
0.09469461
0.09679627
0.09420729
0.10884976
0.09341288
0.10492682
0.11266851
0.11652184
0.09904552
0.09341550
0.09471989
0.09712529
0.12455106
0.11631060
0.11889434
0.09621000
0.09346843
0.09542489
0.09420848
0.09446740
0.10217118
0.10907292
0.11617017
0.09728932
0.09588885
0.09471893
0.09434152
0.09549594
0.09420681
0.09338617
0.09367490
0.09356308
0.11207342
0.09362841
0.09326148
0.09396744
0.09339166
0.09328008
0.09359550
0.09315419
0.09373689
0.09499574
0.09870195
0.10593486
0.09923935
0.09335113
0.09526753
0.09497237
0.09573913
0.09588885
0.09584475
0.09563994
0.09579134
0.10774374
0.09387136
0.09329534
0.09350657
0.09361267
0.09394860
0.09360409
0.09356523
0.09362149
0.09392524
0.10674334
0.09398818
0.09363604
0.09353471
0.09367013
0.09393644
0.09390259
0.09405088
0.09667587
0.10031319
0.11065936
0.09964728
0.09686303
0.10199261
0.10132074
0.10207224
0.10151768
0.11943626
0.10010505
0.09959030
0.09968424
0.09796667
0.09945679
0.09784341
0.09737182
0.09826779
0.09780836
0.11708856
0.10117888
0.09716892
0.09910750
0.09799862
0.09858537
0.09559202
0.09385180
0.09372377
0.09391975
0.11347246
0.09395123
0.09396291
0.09393430
0.09392285
0.12634993
0.13478780
0.12647581
0.09317827
0.11319375
0.09347844
0.09298277
0.09282303
0.09298897
0.09285831
0.09290934
0.09296894
0.09304214
0.09300637
0.11295676
0.10051703
0.10006475
0.09842658
0.09661245
0.09645104
0.09800506
0.12581182
0.16284680
0.11885357
0.10931396
0.09771252
0.13324022
0.10271072
0.09475636
0.09692097
0.11605191
0.09953451
0.09873843
0.09878945
0.09849119
0.10058856
0.09889245
0.09827995
0.11590385
0.10422969
0.10977173
0.09582448
0.09490442
0.09466648
0.09493470
0.09507132
0.09509730
0.09447765
0.09503484
0.09581971
0.11531496
0.09512472
0.09451294
0.09503889
0.09899545
0.09581804
0.09535217
0.09478307
0.09515762
0.09577084
0.11743259
0.09558964
0.09514427
0.09550500
0.09556437
0.09596133
0.09549308
0.09725213
0.09730601
0.09759688
0.11178637
0.09798717
0.09754252
0.09740329
0.12754536
0.09758496
0.09726524
0.12005782
0.13543177
0.13652134
0.11951637
0.09705877
0.09710431
0.09665608
0.09593439
0.09699178
0.09652114
0.09688807
0.09682155
0.10792828
0.09717441
0.09676766
0.09699821
0.09726167
0.09681511
0.09647846
0.09655213
0.09702992
0.09694552
0.11421824
0.09731364
0.09703803
0.09610343
0.09667850
0.09688973
0.09713435
0.09722447
0.09780312
0.09739447
0.11406994
0.09650636
0.09682608
0.09700513
0.09679532
0.09697866
0.09773874
0.09686661
0.09635234
0.09683132
0.11717319
0.09718037
0.09722161
0.09695554
0.09727383
0.09890604
0.09767938
0.09694695
0.09644270
0.09686542
0.11724544
0.09729147
0.09759474
0.09729743
0.09737420
0.09643960
0.09722900
0.09723616
0.09714365
0.09858608
0.10725641
0.09710193
0.09738636
0.09734368
0.09715652
0.09749508
0.09699583
0.09695315
0.11474752
0.10848141
0.09699035
0.09730434
0.09710288
0.09709358
0.09674597
0.09702563
0.09697151
0.10230041
0.11214781
0.09710240
0.09699726
0.09680629
0.09691095
0.09645796
0.09705329
0.09697294
0.09730077
0.09712577
0.11624050
0.09752154
0.09683156
0.12146902
0.13166189
0.09653449
0.09620905
0.09704518
0.12245154
0.13580203
0.09991479
0.09457397
0.09566760
0.11001539
0.11826420
0.11048889
0.09567046
0.09565067
0.11377501
0.09581637
0.10104203
0.10162950
0.10804462
0.12911129
0.12338400
0.09790754
0.09884930
0.10675979
0.09962535
0.09882641
0.12656713
0.13158631
0.10819221
0.09958267
0.09975243
0.09894872
0.12356877
0.11857057
0.11215591
0.09711862
0.09650874
0.09703302
0.09715676
0.09704041
0.09703183
0.09669900
0.10765457
0.09722137
0.09743214
0.09709907
0.09681892
0.09656239
0.09948111
0.11133146
0.11406732
0.10624170
0.11784387
0.11141753
0.11351562
0.09923816
0.09482718
0.10498738
0.11276722
0.11513209
0.10578942
0.10706758
0.09609222
0.09613061
