0.02514291
0.10095859
0.10318470
0.09516144
0.11611652
0.12106657
0.11981916
0.09825706
0.09429049
0.09410334
0.09483695
0.10021544
0.10032606
0.12645221
0.09492755
0.09450865
0.09504962
0.09458947
0.10172939
0.10083294
0.09928846
0.09530520
0.09789491
0.10877943
0.09438682
0.09434533
0.09440923
0.09728050
0.09509277
0.10379314
0.10587978
0.10094571
0.09604144
0.10687947
0.09929299
0.10709500
0.10711980
0.10696030
0.10014629
0.09484315
0.09531140
0.09975123
0.09485960
0.10862684
0.09485412
0.09509563
0.09458923
0.09466982
0.09446049
0.09451604
0.09478951
0.09458494
0.09482741
0.10626674
0.09514451
0.09517884
0.09478354
0.09473729
0.09456253
0.09452319
0.09629321
0.09465384
0.22253084
0.09488368
0.09639287
0.13404870
0.13345385
0.11483431
0.10641360
0.11895204
0.11423182
0.11594677
0.11862636
0.10302639
0.11373067
0.12026238
0.11644077
0.10967326
0.10738420
0.09475613
0.09472084
0.09785628
0.09515500
0.09996462
0.10728788
0.10616684
0.09510136
0.09496331
0.09709430
0.09626055
0.09657383
0.09680676
0.10309911
0.09634662
0.11056423
0.09622645
0.09599829
0.09572911
0.09612393
0.09629869
0.09629560
0.09682989
0.10107684
0.09590936
0.10213447
0.09493327
0.09487343
0.09476852
0.09487939
0.09614134
0.09505987
0.09787941
0.10587668
0.11794162
0.12377644
0.12004018
0.11368155
0.11698270
0.11537433
0.11630988
0.11521530
0.12015867
0.13716006
0.10586309
0.09539795
0.09959483
0.10265732
