0.02077103
0.09898210
0.09908152
0.09899497
0.09884095
0.09887481
0.09899044
0.11742592
0.09887338
0.09876156
0.09872937
0.10410929
0.10119295
0.11104441
0.09916306
0.09903073
0.11572242
0.09920549
0.09904242
0.09888077
0.09898973
0.09890032
0.09893847
0.09896183
0.09880233
0.09888887
0.12001181
0.09982419
0.09715533
0.09713173
0.09765244
0.09627175
0.09689641
0.09634924
0.09606099
0.09571838
0.09582996
0.09589863
0.09708023
0.11612892
0.10134363
0.10599017
0.09696031
0.10151768
0.11699891
0.11829877
0.11511421
0.11593008
0.12445641
0.09881353
0.09704685
0.09872985
0.09667230
0.09626102
0.09626913
0.09745789
0.09869027
0.09893012
0.11872816
0.09975958
0.09935713
0.09987712
0.09975100
0.10317421
0.09727907
0.09928608
0.09997487
0.24619055
0.25139761
0.20184112
0.12633610
0.12340117
0.11795878
0.11503768
0.10265589
0.11075449
0.14935493
0.11304569
0.11006045
0.11299944
0.18151498
0.12478423
0.19366312
0.15725088
0.15719318
0.15572476
0.19792819
0.25885987
0.14442754
0.10716629
0.13359785
0.18928623
0.15787792
0.15310025
0.17447400
0.16892862
0.17306018
0.12358451
0.10749698
0.14860344
0.14570212
0.27103281
0.23675871
0.12096167
0.21378517
0.17913508
0.22431278
0.24175382
0.17055535
0.26988125
0.19117832
0.23331666
0.21982408
0.22858810
0.19489336
0.19876027
0.12527585
0.14901185
0.13268733
0.14994740
0.17058158
0.16188169
0.12242937
0.11767697
0.09742856
0.09625673
0.12225461
0.12283516
0.11237025
0.11878133
0.11125422
0.10686326
0.10486412
0.15374756
0.09794521
0.12584352
0.11730742
0.20436215
0.12987351
0.10303569
0.09651780
0.10663819
0.11573243
0.14773273
0.16206121
0.15092993
0.10857606
0.11458802
0.09590578
0.10919237
0.14416671
0.12384772
0.19082856
0.12108636
0.12111282
0.10066819
0.09707355
0.10934305
0.12117290
0.10206842
0.15164018
0.17530179
0.14568734
0.18320274
0.11657906
0.28999257
0.21140504
0.13398671
0.10548258
0.11939692
0.11742711
0.11963773
0.13218641
0.10564995
0.09656811
0.09797049
0.10411024
0.29702258
0.10946798
0.10881925
0.18534756
0.11451912
0.12676358
0.10900259
0.15365386
0.15184832
0.24606919
0.12389302
0.09931254
0.10088325
0.14847207
0.19612598
0.10355115
0.10451460
0.10954905
0.11467123
0.10182023
0.12370896
0.10889101
0.10035968
0.10383344
0.10761166
0.10910392
0.10009503
0.09567547
0.09568977
0.09625745
0.11120558
0.09561634
0.09580183
0.10188222
0.09702587
0.09753013
0.09642911
0.11764741
0.10816002
0.09883046
0.18465781
0.16484070
0.09889007
0.10441422
0.11866689
0.09532666
0.09661388
0.09680247
0.09814453
0.09807920
0.11856890
0.09474039
0.09481955
0.10390782
0.09497714
0.09484839
0.09502625
0.09786320
0.10143733
0.11560559
0.10507941
0.10454059
0.10550046
0.10529232
0.11944389
0.10970354
0.09903169
0.10204768
0.10116553
0.11301136
0.12714314
0.21142435
0.23656631
0.10087752
0.35737848
0.19132233
0.11096597
0.13276768
0.18654132
0.27338552
0.13787675
0.12321758
0.14244866
0.12490773
0.14351487
0.19281840
0.23637652
0.16862750
0.13902903
0.13399291
0.10216832
0.09957600
0.10314989
0.11859846
0.11182165
0.10443115
0.11361790
0.10091519
0.10311985
0.10409403
0.10281610
0.11071825
0.11960435
0.10998321
0.11746907
0.17111778
0.14731479
0.12722754
0.19576788
0.22381043
0.15366268
0.12541199
0.10532069
0.12562227
0.15695477
0.10353494
0.16279960
0.10635996
0.10273004
0.11977053
0.23440766
0.13570094
0.09695029
0.11001897
0.09987569
0.09948421
0.09881830
0.11357093
0.11298704
0.10025859
0.10028434
0.10785675
0.15694976
0.12394142
0.10424852
0.16511941
0.10167789
0.10546660
0.10151243
0.09977365
0.15781999
0.11113381
0.09505200
0.09487939
0.09482741
0.09515429
0.10257888
0.09485316
0.09544826
0.09498358
0.10529113
0.09506845
0.09463787
0.09640408
0.09907651
0.09475493
0.10458398
0.09825182
0.09808421
0.09720707
0.11407685
0.09508991
0.09482336
0.09480667
0.09612632
0.10428238
0.09519124
0.09465265
0.09477425
0.09475589
0.13583016
0.09492040
0.09458780
0.09456873
0.09464693
0.09465981
0.09862304
0.09462810
0.09484315
0.09498978
0.11187649
0.09587073
0.10500789
0.15767193
0.23149300
0.09948540
0.10008168
0.13491058
0.11682343
0.10834217
0.10792851
0.14426565
0.12318182
0.10867190
0.10830855
0.09528852
0.09515023
0.09960318
0.09888554
0.09687304
0.15293622
0.09911799
0.13975334
0.13753724
0.14062858
0.10138464
0.13829589
0.10234070
0.10830188
0.10696268
0.11948776
0.11037064
0.10696530
0.10841393
0.23782825
0.11235428
0.12994790
0.09739590
0.09528327
0.10700727
0.09514427
0.09678507
0.10997629
0.09594083
0.09533453
0.11979628
0.09784675
0.09541512
0.12317848
0.11789894
0.11686969
0.11936855
0.15155506
0.12183571
0.16375828
0.12879658
0.18317699
0.20333934
0.11110330
0.10292244
0.29559278
0.17353511
0.10058570
0.11818385
0.09604907
0.10472035
0.10610843
0.11819768
0.10828495
0.09596968
0.09687614
0.09547067
0.09906411
0.09647727
0.09559226
0.09555268
0.11003995
0.09658432
0.09747291
0.09580612
0.11352587
0.09534883
0.09556031
0.20675802
0.16721702
0.11625600
0.09625483
0.10003424
0.11228967
0.09560800
0.09689927
0.11405206
0.10655975
0.09709883
0.18292546
0.22797227
0.24038124
0.21144938
0.21558309
0.09912920
0.09884334
0.09880877
0.09879971
0.11153722
0.10666680
0.09907842
0.10247135
0.10165739
0.10041642
0.09943628
0.09900069
0.09994650
0.11224747
0.10704708
0.10257983
0.13472629
0.11476445
0.09813976
0.10290384
0.13305759
0.13322997
0.13226962
0.16019011
0.10369897
0.12705564
0.09800577
0.10756969
0.10992908
0.15358138
0.10692334
0.11992383
0.11196923
0.11085320
0.14710236
0.11008978
0.09766221
0.10466933
0.11412048
0.11101389
0.09947848
0.11609674
0.09816122
0.09609914
0.09446001
0.09489512
0.10803914
0.12734365
0.11295247
0.11282992
0.09808826
0.10954976
0.13123274
0.11029744
0.11038947
0.10868239
0.09954596
0.10294032
0.09904504
0.09656334
0.09836531
0.11043692
0.09732747
0.09507966
0.12370753
0.12860537
0.11607122
0.11693859
0.11467934
0.11140537
0.09572697
0.09644365
0.09564924
0.11076856
0.10741496
0.09582901
0.09591579
0.09690809
0.09586930
0.09586954
0.09550571
0.09807086
0.09569049
0.10516930
0.10307407
0.09574533
0.09754252
0.10112453
0.09872317
0.10231662
0.10397387
0.09580326
0.10387278
0.09920692
0.10516310
0.09722495
0.09625483
0.09817028
0.09553337
0.11809325
0.12662935
0.11490154
0.11005044
0.10467339
0.09554243
0.09488463
0.09784079
0.09546494
0.09641981
0.09862399
0.10180116
0.09615803
0.10802269
0.10748458
0.10006690
0.09961128
0.12485695
0.12296486
0.12274599
0.11083484
0.12472415
0.09754705
0.10410452
0.09525537
0.10638595
0.11574483
0.09775162
0.09842396
0.09879661
0.09684825
0.11365151
0.10091639
0.09853864
0.09662008
0.10026503
0.10124612
0.10035419
0.09882975
0.09861183
0.09652758
0.10941386
0.10124993
0.09999704
0.09578490
0.09572887
0.09742475
0.09694552
0.09561872
0.09643650
0.09556890
0.09578252
0.09834671
0.09524989
0.09551573
0.09654808
0.09552217
0.09559584
0.09554172
0.09605908
0.11107779
0.09581137
0.11990333
0.12885284
0.11600947
0.10003138
0.09543920
0.09655809
0.10159254
0.14175463
0.11287522
0.10441089
0.09574890
0.09518576
0.09868956
0.09515619
0.09533215
0.09522033
0.09709597
0.10921359
0.09610176
0.09678507
0.09499598
0.09521317
0.09541798
0.09552026
0.09831214
0.09752250
0.09621024
0.10869956
0.10567331
0.09760308
0.09532452
0.09514928
0.09741688
0.09597802
0.09581923
0.09546590
0.09545898
0.10828090
0.10074687
0.09775543
0.09537196
0.09558773
0.09577227
0.09642386
0.09587026
0.09559011
0.09627438
0.10834670
0.10210013
0.09767413
0.09553814
0.09538579
0.09545422
0.09625316
0.09575915
0.09531474
0.09842849
0.10865259
0.10005808
0.09918880
0.09558773
0.09540820
0.09554076
0.09665799
0.09568238
0.09602857
0.09860849
0.11017442
0.09559870
0.09886575
0.09627342
0.09552979
0.09547973
0.09684992
0.09565568
0.09525132
0.09676528
0.14292026
0.13407564
0.10365891
0.10256791
0.09547019
0.09535670
0.11132431
0.12120271
0.12039208
0.10807920
0.10367656
0.09863138
0.11549067
0.12297845
0.11358118
0.09530139
0.09540820
0.09660363
0.10858750
0.10579133
0.09607601
0.09523249
0.09533954
0.09562516
0.09553003
0.09553432
0.09563231
0.09838057
0.11097693
0.10377836
0.09783077
0.09938121
0.09568238
0.09559441
0.09654880
0.09540939
0.09560490
0.09744883
0.11080909
0.10225296
0.09720969
0.09572244
0.09551907
0.09559274
0.09605098
0.09534049
0.09535742
0.09653401
0.10911584
0.10178161
0.09877944
0.09572625
0.09774184
0.09580112
0.09556723
0.09740067
0.10869718
0.10340810
0.09812093
0.09527087
0.09569192
0.09690285
0.09589386
0.09522223
0.09563255
0.11056161
0.09468198
0.09475732
0.09766054
0.09438777
0.09447169
0.09619594
0.09462547
0.09457135
0.09525061
0.10455060
0.09684467
0.09445548
0.09638596
0.09464121
0.09448552
0.09566474
0.09450650
0.09462500
0.09467196
0.10804963
0.09521985
0.11177373
0.09652996
0.11722493
0.11948872
0.10779786
0.11488819
0.11504149
0.17205930
0.13375783
0.15094733
0.10573459
0.09543228
0.09538960
0.09994531
0.11068368
0.10244131
0.09774733
0.09621215
0.09537268
0.09551120
0.09810948
0.09554720
0.09525514
0.09555078
0.11641359
0.11475921
0.09543872
0.10123014
0.09535193
0.09541273
0.09836984
0.09547663
0.09530044
0.09548855
0.11811328
0.10131788
0.09545565
0.09905219
0.09502339
0.09523010
0.09787059
0.09502459
0.09512997
0.10091376
0.11376786
0.09936929
0.09506989
0.10102797
0.09520793
0.09495640
0.09839320
0.09516764
0.09511280
0.09524345
0.11240697
0.09560251
0.09503555
0.09832072
0.09508181
0.09509110
0.09821987
0.09515643
0.09495449
0.09528160
0.11638808
0.09966397
0.10302329
0.10062766
0.10037780
0.10558796
0.11015868
0.10880184
0.10251808
0.12158203
0.11403561
0.11331844
0.10959387
0.10724807
0.09949398
0.09787679
0.09788871
0.09640884
0.13534975
0.13060904
0.11474943
0.15153122
0.10833836
0.11730933
0.12938929
0.10303688
0.11145830
0.11252260
0.10393190
0.12081480
0.11672211
0.11469579
0.11424255
0.10269141
0.10383987
0.11389685
0.10863328
0.09944606
0.09899330
0.10063195
0.09899497
0.10213614
0.09900498
0.10152459
0.10107327
0.11660743
0.10459399
0.10050535
0.10151768
0.10219455
0.09959292
0.09933019
0.10861492
0.13177609
0.15445685
0.10631299
0.09977770
0.09950638
0.10175467
0.10173965
0.10083532
0.10272479
0.10052013
0.11562276
0.10769033
0.10115719
0.10026312
0.10173488
0.10049438
0.09997773
0.09875679
0.10114956
0.10174465
0.10609198
0.10339022
0.10053778
0.10169959
0.10160422
0.09969711
0.10112786
0.11331773
0.10119963
0.11619043
0.10282707
0.10139298
0.09905648
0.09915805
0.10060382
0.09952497
0.09919262
0.09871554
0.09951329
0.11633396
0.10568953
0.09871197
0.09792280
0.09773827
0.09885836
0.10136509
0.10112643
0.10040641
0.11656785
0.10101891
0.10421014
0.10017967
0.09997654
0.10077620
0.10033298
0.09990692
0.09973788
0.09995413
0.11538315
0.10249996
0.10218954
0.10030746
0.10056090
0.09879398
0.09692836
0.09879637
0.10010195
0.09793854
0.11573648
0.09915209
0.09791589
0.09700418
0.09767842
0.09755111
0.09864378
0.09826732
0.09768772
0.09721947
0.10255504
0.09872675
0.09684324
0.09562683
0.09682393
0.09727287
0.09682298
0.09691620
0.09820247
0.09763241
0.10168242
0.10779953
0.10010505
0.10090137
0.10325742
0.10011029
0.09995723
0.14286256
0.13898540
0.10994363
0.10144138
0.10141087
0.15114760
0.11708474
0.10728884
0.10402870
0.10009408
0.10058594
0.10169125
0.09983850
0.10052919
0.10108638
0.11555839
0.10086560
0.10473561
0.10457349
0.10091567
0.10029817
0.10165954
0.10063481
0.09961033
0.10180616
0.11484361
0.10054803
0.10768247
0.10011506
0.09920764
0.09895611
0.10037041
0.09967661
0.09973288
0.10048771
0.11219645
0.10694265
0.10225487
0.09978461
0.10008645
0.10173702
0.10074449
0.10055423
0.10038590
0.11389089
0.10010576
0.10661507
0.10445237
0.10024357
0.09983134
0.09978414
0.10013080
0.10050678
0.10069513
0.11376286
0.10290670
0.10038161
0.10019827
0.10054350
0.10168624
0.10073972
0.10029149
0.11591983
0.10903192
0.10569191
0.11899447
0.10190940
0.10243416
0.10147619
0.10283089
0.10264254
0.11302876
0.10741234
0.10455728
0.10209966
0.10227823
0.10352707
0.10244465
0.10166693
0.10385442
0.10114479
0.10802364
0.10273480
0.09969711
0.09960437
0.10038424
0.10024357
0.09958029
0.09987068
0.11433792
0.21405578
0.10042500
0.09975123
0.09955692
0.11458206
0.09960532
0.10090113
0.09845471
0.09697175
0.10671878
0.10343552
0.10013509
0.10298562
0.10066438
0.10022140
0.10097194
0.09975052
0.09979010
0.11690927
0.09914541
0.09963083
0.09894514
0.10153604
0.09960270
0.09979248
0.10048938
0.09933567
0.09927464
0.11549568
0.09957838
0.09935403
0.10000873
0.09944272
0.09883499
0.09935856
0.10048890
0.10009408
0.11457157
0.10223126
0.10082507
0.10011005
0.10132122
0.10142922
0.09976387
0.10072160
0.09939861
0.09910464
0.11399055
0.09969664
0.09929919
0.09949827
0.10054111
0.09896564
0.09871674
0.10000944
0.09818697
0.09828711
0.11473107
0.09850860
0.09961772
0.09897399
0.09953618
0.09843445
0.09840250
0.09914517
0.09838796
0.10016990
0.12010479
0.10112095
0.09950924
0.10314703
0.10131741
0.09935188
0.09929299
0.09949136
0.10029244
0.11338639
0.09942913
0.10188603
0.09956074
0.09932566
0.10019326
0.09917617
0.09926844
0.09992743
0.09929729
0.11395502
0.09905648
0.10116363
0.09943295
0.09945154
0.09989643
0.09930873
0.09970093
0.10017920
0.09989500
0.11270738
0.10497189
0.09588337
0.09640145
0.09695387
0.09602332
0.09573889
0.09967422
0.10032225
0.09946012
0.11626911
0.10505748
0.09911966
0.09898686
0.09899998
0.10147882
0.09934282
0.09909630
0.09985781
0.11348963
0.09909821
0.10856438
0.09907508
0.09902048
0.10121775
0.09922385
0.09856653
0.09961510
0.10137534
0.11372805
0.09923267
0.10690594
0.09907675
0.09902740
0.09979558
0.09960771
0.09958744
0.10023022
0.09916973
0.11262035
0.10589004
0.10012484
0.09705043
0.09631324
0.09833145
0.09638810
0.09631252
0.09706378
0.10985970
0.09591913
0.10173512
0.10002661
0.09552288
0.09664440
0.12449932
0.12408972
0.10470152
0.09709978
0.10952544
0.09572768
0.11040664
0.11743426
0.13273740
0.11944938
0.09570312
0.09561348
0.09694839
0.10885668
0.09598851
0.10766530
0.09995055
0.10090733
0.10069108
0.10003185
0.09971595
0.09973526
0.10028863
0.11449790
0.10720086
0.10092425
0.09999156
0.09974170
0.10110736
0.09977746
0.09836125
0.09710932
0.11043382
0.09576440
0.10453391
0.09924912
0.09563923
0.09627128
0.09703279
0.13528347
0.12307405
0.11479783
0.13318849
0.14626956
0.10423350
0.10686398
0.11912370
0.10847139
0.10156870
0.14037538
0.09788990
0.10822916
0.10081077
0.10155892
0.10147500
0.10390663
0.10691142
0.11131525
0.11170602
0.09971547
0.09983993
0.10079336
0.11053991
0.10773849
0.10470867
0.09962893
0.09936142
0.10018659
0.11029077
0.09913898
0.10094213
0.09953403
0.09961033
0.10429573
0.11188912
0.10259604
0.10031009
0.11279202
0.10029435
0.10024500
0.10156226
0.09970164
0.09994483
0.12951255
0.11012745
0.09943724
0.10028148
0.11218905
0.09916878
0.10368824
0.09918499
0.09921360
0.10186601
0.10110259
0.10116410
0.10041428
0.11137033
0.09716511
0.09765267
0.09775519
0.09722543
0.09685016
0.09931612
0.09694076
0.09683275
0.09652185
0.11254549
0.09776115
0.09798121
0.09980178
0.09780908
0.09903383
0.10081387
0.09949327
0.09965038
0.10729527
0.13454700
0.11109567
0.12487316
0.11353207
0.13385725
0.09887815
0.09780574
0.09650564
0.09585500
0.10177302
0.10048819
0.09785604
0.09542012
0.09529638
0.09867263
0.09554577
0.09578347
0.09955144
0.12106466
0.11399269
0.13038683
0.12298799
0.11356950
0.16313910
0.09537244
0.10978246
0.12694716
0.10630345
0.11886597
0.11150479
0.11281943
0.11391950
0.10899973
0.14728832
0.11570716
0.11254334
0.11092162
0.10330057
0.09926462
0.09536767
0.09717202
0.09512782
0.09792089
0.09499168
0.09860158
0.09804773
0.09518504
0.09549332
0.10352874
0.11854005
0.11586857
0.12041306
0.11609459
0.13682222
0.11552668
0.11723495
0.17743206
0.15012836
0.11147022
0.10938191
0.11137915
0.14045453
0.09905696
0.11074305
0.10777497
0.10740328
0.10908294
0.10054636
0.09851837
0.09884381
0.11056638
0.09899950
0.09796166
0.11154628
0.11399508
0.10189581
0.11451483
0.12465286
0.11296988
0.11271024
0.10804439
0.10767579
0.10668349
0.11318588
0.10166001
0.11147833
0.10116625
0.09585810
0.11723232
0.09695053
0.11113834
0.10404325
0.10228992
0.09757161
0.10821819
0.11821747
0.11632299
0.11750174
0.10793662
0.11662459
0.11516619
0.11826372
0.11157107
0.09610128
0.09566069
0.10122299
0.11302829
0.09653997
0.10015607
0.09538269
0.09558678
0.09569764
0.09532857
0.09520173
0.09500742
0.09512877
0.09523487
0.12028408
0.09501553
0.10281110
0.09505653
0.09483361
0.09493208
0.09483814
0.09479904
0.09489918
0.09498644
0.10219526
0.10125875
0.09938216
0.09940910
0.09798884
0.11031437
0.09480166
0.09493375
0.09491301
0.10761452
0.09513068
0.09749174
0.09470391
0.09565926
0.09489775
0.09481978
0.09516048
0.09491229
0.09513593
0.11055231
0.09509563
0.09548235
0.09596133
0.09528375
0.09580302
0.09505129
0.09520006
0.09512591
0.09527898
0.09510708
0.10541153
0.09495759
0.09899116
0.09494448
0.09486914
0.09512544
0.10144615
0.09490156
0.09488511
0.09494209
0.10409856
0.09506750
0.09515190
0.09495640
0.09514618
0.09491301
0.09512830
0.09487724
0.09498739
0.09511495
0.10453153
0.09497309
0.09776568
0.09496140
0.09500408
0.09496331
0.09502649
0.09485006
0.09668851
0.09504843
0.10931349
0.09517455
0.10055542
0.09489155
0.12730265
0.12690902
0.11219788
0.09816813
0.10231185
0.15267539
0.11206651
0.09667468
0.09785056
0.09984183
0.09924245
0.09941149
0.09936833
0.09955835
0.11332130
0.09500241
0.09553361
0.09480333
0.09498954
0.09507251
0.09476733
0.09495711
0.09484553
0.09477949
0.09547448
0.10889435
0.09732008
0.10746264
0.09706521
0.09518576
0.09562206
0.09705734
0.09528470
0.09471750
0.09488797
0.10532022
0.09482551
0.10011840
0.09478164
0.09511709
0.09476423
0.09470940
0.09515357
0.09460783
0.09490919
0.11261845
0.09456897
0.10003805
0.09452558
0.09776711
0.14433980
0.13129854
0.11262465
0.09438682
0.11294293
0.09508061
0.09473753
0.09458303
0.09481049
0.09453249
0.09469056
0.09456158
0.09462667
0.09486628
0.10846019
0.09468889
0.10063696
0.09480119
0.09485412
0.09486222
0.09753942
0.09524250
0.09496617
0.09598446
0.10541081
0.09501863
0.09582782
0.09499836
0.09520698
0.09514546
0.09513235
0.09512997
0.09502816
0.09530830
0.13698506
0.09958005
0.09936595
0.09506083
0.09513211
0.09487438
0.14875650
0.13081455
0.12515783
0.12370300
0.12428570
0.13878441
0.11005950
0.13043022
0.11567831
0.12073731
0.12032485
0.13214946
0.13840699
0.11946416
0.09722900
0.12767243
0.12178588
0.09876847
0.09419179
0.10890102
0.10159802
0.09434557
0.09682322
0.11753941
0.11084986
0.10282469
0.10191536
0.10210800
0.10246110
0.09721732
0.09514475
0.09503722
0.10675240
0.09497476
0.10096979
0.09513021
0.09503794
0.09494805
0.09478354
0.09711742
0.10216069
0.10281157
0.11505866
0.09842801
0.10226321
0.09490967
0.09522700
0.09483123
0.09537578
0.09506202
0.09504318
0.09487772
0.10603213
0.09497118
0.10179090
0.09579873
0.09684753
0.10089564
0.10257053
0.09592485
0.09783125
0.11375713
0.09910226
0.10246444
0.09528375
0.09546232
0.09552407
0.09541869
0.09534192
0.09516382
0.09531808
0.11287379
0.09547901
0.10070634
0.09552407
0.09542084
0.09561849
0.09548783
0.09539580
0.09545135
0.09567380
0.10791659
0.09534812
0.09573793
0.10135221
0.09542632
0.09519076
0.09527493
0.09505653
0.09520578
0.09979606
0.11164784
0.09603763
0.09516954
0.10196733
0.09514236
0.09543490
0.09536982
0.09558463
0.09573174
0.09580374
0.10887504
0.09596419
0.09563494
0.10161638
0.09548116
0.09554911
0.09556365
0.09561229
0.09540868
0.09565473
0.11056519
0.09557176
0.09548855
0.10204053
0.09535861
0.09544587
0.12696910
0.19528890
0.09933424
0.10864282
0.17481923
0.17758274
0.09840488
0.09937549
0.10758424
0.10379219
0.11035705
0.12002635
0.21316886
0.11629868
0.09480119
0.09543943
0.12685370
0.15581965
0.10553908
0.10871625
0.10669780
0.15413785
0.12685919
0.09490228
0.09510899
0.09495831
0.09502816
0.09502101
0.11063385
0.09519362
0.10268784
0.17813611
0.10554004
0.09509206
0.09630322
0.09515095
0.09536529
0.10544944
0.09500885
0.10827231
0.14328694
0.15284967
0.10378242
0.09530258
0.09886217
0.09593010
0.10713053
0.09681726
0.10094285
0.09491682
0.09474421
0.09504104
0.09485054
0.09490037
0.09476185
0.09485579
0.10738611
0.09498525
0.10093784
0.09487438
0.09496689
0.09600329
0.09503770
0.09488010
0.09486747
0.09487987
0.10997295
0.09543300
0.09511375
0.09521079
0.09511542
0.09498739
0.09508109
0.09510541
0.09498525
0.09609628
0.10750818
0.09495759
0.09490561
0.10311556
0.09500551
0.09506607
0.09553266
0.09491897
0.09488916
0.09491825
0.10772634
0.09475660
0.09538555
0.10270619
0.09492278
0.09488821
0.09825349
0.09878111
0.13140130
0.17799854
0.09734464
0.09777379
0.10006809
0.09744191
0.09716010
0.09645224
0.09812880
0.09562755
0.09462643
0.10740256
0.09479094
0.09502268
0.09570074
0.09517574
0.09521747
0.09505749
0.09510946
0.09523058
0.09512329
0.09522891
0.11028099
0.09503698
0.10035872
0.09480572
0.09484911
0.09514141
0.09498286
0.11298871
0.09483051
0.09479380
0.09486175
0.09811139
0.11223006
0.11998296
0.09643173
0.09473491
0.09462237
0.11362267
0.09460688
0.09473252
0.09488916
0.09469581
0.09461164
0.09445786
0.09460044
0.09451795
0.09444594
0.11360502
0.09457183
0.09473133
0.09505558
0.09472704
0.09498334
0.09467435
0.09452868
0.09474850
0.09456038
0.11301827
0.09480500
0.09475350
0.09673786
0.09500742
0.09507942
0.09483314
0.09483337
0.09511447
0.09496593
0.09516144
0.11410093
0.10491323
0.10012794
0.09476852
0.09481955
0.09471560
0.09484053
0.09506345
0.09487891
0.11381173
0.09518528
0.09474349
0.09515500
0.09468269
0.09474730
0.09457016
0.09462380
0.09473825
0.09997630
0.11409664
0.10047913
0.18642259
0.17042422
0.10243320
0.09478545
0.09473228
0.09471035
0.09482241
0.09487939
0.09504700
0.09463453
0.10764170
0.09475660
0.09973192
0.09496140
0.09638858
0.09512067
0.09499717
0.09521151
0.09508252
0.09504318
0.10866737
0.09504485
0.09524226
0.10181975
0.09520602
0.09517431
0.09500813
0.09525204
0.09514189
0.09511518
0.10876417
0.09513998
0.09526420
0.09985304
0.09504509
0.09514809
0.09505820
0.09484172
0.09527111
0.09510350
0.10771441
0.09493709
0.09496570
0.09577656
0.09492111
0.09488082
0.09486938
0.09482622
0.09495211
0.09494042
0.10663557
0.09483314
0.09484005
0.10107970
0.09493780
0.09492350
0.09489822
0.09481430
0.09490108
0.09496689
0.09493065
0.10789919
0.09510040
0.10154176
0.09533572
0.09523654
0.09520364
0.09522891
0.09534597
0.09527922
0.09522581
0.10793877
0.15828776
0.09548855
0.09546542
0.10865831
0.09528327
0.09520841
0.10251260
0.09521461
0.09535384
0.09512806
0.09522629
0.09541965
0.09537506
0.10793066
0.09522700
0.09510827
0.10146666
0.09521937
0.09502363
0.09509635
0.09505200
0.09511542
0.09515190
0.09881258
0.10117269
0.09478188
0.10064125
0.09495473
0.09492779
0.09626937
0.09475565
0.09478188
0.09493947
0.09470439
0.11380863
0.09476352
0.10001183
0.09477997
0.09523678
0.09492254
0.09476447
0.09489179
0.09476161
0.09472179
0.11139536
0.09467721
0.09478855
0.10235620
0.09469128
0.09487367
0.09475851
0.09477019
0.09497142
0.09474683
0.11351824
0.09507704
0.09484172
0.09984756
0.09498763
0.09513831
0.09499359
0.09526467
0.09558558
0.09514213
0.11490679
0.09502244
0.09514332
0.10033059
0.09512186
0.09522128
0.09506202
0.09784865
0.09849715
0.09496379
0.12420559
0.14485407
0.14867139
0.12608385
0.10206795
0.09508324
0.11369467
0.14411259
0.12801027
0.13877583
0.15646625
0.09603024
0.09538889
0.09611249
0.09536362
0.10517979
0.17186379
0.10384870
0.09729624
0.10197568
0.09711385
0.09766245
0.09581041
0.09570408
0.09510922
0.09513140
0.10526466
0.10069966
0.09526777
0.10416937
0.09511614
0.09933901
0.09986591
0.09984994
0.09813499
0.09536481
0.10197401
0.09819460
0.10021901
0.10010743
0.10065246
0.09947729
0.09743977
0.10083008
0.10148764
0.10268354
0.10384154
0.10010719
0.10441089
0.09779572
0.09924603
0.09890437
0.09949517
0.09899712
0.09862900
0.11338663
0.09741354
0.09527445
0.09598517
0.09529448
0.09565210
0.09522152
0.09518743
0.13754487
0.16005135
0.09788513
0.09515357
0.10172439
0.11253190
0.14040780
0.12059140
0.09533024
0.09504724
0.10785723
0.09474683
0.09499812
0.10004544
0.09497714
0.09460044
0.10033941
0.13954782
0.13091183
0.09584832
0.10746551
0.09583521
0.09463739
0.09485650
0.09458518
0.09483671
0.09486508
0.09472013
0.09475160
0.09473372
0.10936761
0.09480762
0.09476137
0.09586215
0.09467626
0.09630227
0.09503746
0.09504843
0.09490848
0.09511423
0.11030197
0.09490561
0.09485006
0.09971571
0.09484005
0.09482980
0.09486985
0.09487700
0.09496784
0.09504128
0.10975885
0.09484696
0.09468198
0.09633398
0.09506702
0.09511995
0.09488201
0.09508896
0.09500909
0.09510732
0.10883856
0.09507036
0.09531283
0.09524703
0.10041642
0.09519696
0.09523869
0.09508109
0.09503174
0.09519124
0.09501648
0.10814428
0.09529114
0.09500384
0.09517860
0.09503055
0.09500551
0.09493661
0.09484124
0.09485221
0.09476686
0.10739422
0.09506869
0.09481812
0.09960270
0.09485602
0.11327410
0.09677553
0.09506130
0.09507918
0.09618807
0.09487534
0.09467459
0.09485412
0.09490180
0.09482574
0.11118841
0.09471059
0.09495330
0.09537005
0.09474874
0.09489727
0.09478974
0.09486055
0.09488177
0.09476066
0.11331439
0.09482098
0.09491396
0.09524131
0.09487057
0.09491897
0.09487748
0.09484911
0.09492731
0.09514832
0.11663461
0.09484625
0.09483385
0.09494758
0.09504056
0.09496689
0.09490013
0.09496927
0.09547877
0.09536552
0.11218405
0.09515238
0.09499097
0.09710360
0.09526467
0.09527516
0.09508848
0.09513569
0.09518051
0.09528232
0.11298633
0.09628224
0.09502006
0.09525824
0.09513593
0.09486437
0.09502459
0.09493804
0.09500670
0.09510398
0.09501743
0.11381149
0.09484863
0.09504461
0.09519529
0.09481335
0.10020733
0.11981225
0.12909794
0.12973356
0.10794711
0.09510803
0.09513783
0.10787082
0.17308950
0.14102459
0.09525657
0.09523749
0.10760117
0.13892627
0.14894652
0.10336518
0.09520698
0.09534669
0.09612298
0.14778066
0.12496471
0.11465287
0.09521389
0.09532738
0.09564686
0.09524870
0.09526610
0.09504485
0.09525466
0.09522438
0.09530926
0.10738206
0.09501982
0.09533119
0.09598279
0.09530473
0.09559059
0.09758353
0.09679818
0.09636474
0.09625936
0.10808587
0.09567690
0.09552169
0.09644032
0.09606552
0.09826708
0.09873962
0.09820676
0.09728289
0.09774423
0.10930490
0.09597158
0.09538698
0.10240698
0.09501410
0.09591126
0.09448576
0.09464979
0.09461331
0.09522724
0.10809326
0.09487057
0.09430051
0.09447908
0.09407640
0.09421682
0.09692025
0.09552789
0.09514570
0.09445405
0.11140299
0.09453917
0.09463310
0.10012102
0.11457801
0.15635872
0.11612797
0.12400317
0.14128089
0.10447383
0.09537292
0.11285377
0.12789917
0.10195017
0.10164523
0.22036791
0.11641836
0.09515572
0.09604430
0.09737349
0.14400434
0.15326452
0.11281371
0.09541726
0.09557509
0.10216451
0.09575868
0.09553456
0.09953141
0.09550238
0.09663534
0.09870768
0.09810591
0.09520769
0.09557939
0.10107589
0.09476972
0.09482050
0.09558511
0.09550929
0.09457779
0.09500551
0.09485149
0.09483671
0.09471893
0.10816073
0.09495664
0.09488106
0.09540987
0.09475422
0.09491491
0.09493160
0.09517336
0.09484887
0.09517622
0.10545802
0.09505773
0.09535789
0.09536409
0.09581518
0.09551430
0.09568620
0.09581137
0.09539485
0.09547257
0.10746074
0.09584665
0.09538674
0.09564090
0.09635115
0.09569240
0.09576464
0.09571671
0.09537196
0.09571433
0.09563947
0.09619522
0.09522891
0.09547758
0.09621954
0.09552264
0.09571576
0.09609151
0.09544349
0.09566236
0.09564400
0.10389447
0.09547257
0.09548497
0.10012007
0.09531689
0.09557867
0.09543633
0.09518385
0.09548759
0.09561706
0.10486603
0.09560633
0.09552026
0.09616351
0.09561276
0.09679270
0.09538007
0.09548235
0.09559560
0.09578156
0.10581517
0.09553266
0.09540677
0.09557509
0.09613562
0.09517980
0.09535551
0.09530330
0.09525514
0.09568810
0.10920286
0.10659695
0.09556317
0.09554911
0.10176349
0.11914897
0.14433432
0.11114407
0.09605598
0.10672951
0.09634328
0.09575868
0.09573746
0.16292715
0.13349319
0.09594369
0.09582305
0.12177014
0.15204453
0.11309743
0.10311985
0.09628677
0.09580946
0.09588408
0.14841390
0.13160419
0.10478926
0.09486771
0.09501839
0.09494328
0.09540296
0.09477901
0.09459329
0.09481311
0.09472847
0.09475946
0.10682440
0.09521794
0.09499979
0.09556293
0.09515333
0.09501815
0.09500980
0.09490180
0.09509659
0.09499145
0.10699344
0.09490013
0.09519982
0.09766746
0.09494019
0.09506822
0.09519887
0.09491658
0.09516740
0.09496522
0.11453915
0.09771824
0.09495807
0.09519005
0.09489036
0.09490848
0.09521270
0.09490418
0.09495044
0.09519815
0.10313892
0.09483004
0.09848571
0.09647775
0.09609079
0.09519696
0.09498191
0.09526086
0.09525800
0.09531927
0.10458779
0.09539509
0.09910989
0.09544182
0.09904814
0.09768867
0.09589386
0.09516382
0.09519219
0.09512687
0.10767555
0.09528875
0.09515572
0.09506345
0.09519291
0.09647799
0.09619832
0.09499335
0.09546089
0.11497426
0.09532595
0.09492707
0.09501433
0.10164976
0.09515500
0.09543705
0.09522271
0.09498858
0.09513497
0.11322761
0.09529614
0.09507990
0.09500480
0.10388613
0.09508252
0.09510970
0.09508371
0.09490824
0.09510517
0.11102366
0.09503984
0.09490442
0.09494567
0.10041142
0.09504437
0.09495139
0.09490252
0.09502006
0.09509110
0.10670757
0.09496641
0.09475446
0.09470820
0.09993625
0.09470034
0.09470868
0.09479260
0.09464693
0.09455013
0.09476113
0.10223341
0.09484220
0.09457445
0.10030675
0.09498477
0.09463429
0.09478164
0.09476089
0.09462190
0.09473443
0.11122394
0.09469843
0.09469962
0.10079670
0.09530854
0.09481359
0.09489131
0.09485650
0.09456372
0.09478641
0.11090875
0.09488654
0.09483957
0.09478450
0.10314131
0.09579492
0.09532619
0.09481859
0.09533143
0.09506011
0.10234976
0.09564686
0.09520125
0.09499478
0.10044551
0.09514928
0.09519696
0.09506679
0.09513140
0.09517789
0.10764194
0.09527206
0.09512186
0.09527969
0.10021091
0.09524870
0.09514832
0.09517002
0.09502077
0.09486103
0.10982966
0.09504485
0.09516096
0.09519291
0.09972906
0.09642315
0.09503675
0.09498286
0.09495521
0.09520173
0.09612370
0.09520102
0.09526086
0.09501839
0.09961247
0.09529805
0.09502125
0.09507132
0.09510326
0.09495473
0.09500766
0.10957718
0.09501553
0.09718132
0.10128975
0.09525537
0.09489441
0.09487724
0.09488559
0.09496403
0.09493852
0.10240841
0.09519362
0.09523511
0.10114646
0.09546041
0.09529638
0.09509706
0.09530854
0.09523487
0.09528494
0.10924459
0.09522796
0.09515095
0.09539557
0.10081410
0.09541774
0.09525800
0.09518099
0.09513283
0.09518766
0.10952163
0.09526324
0.09519362
0.09511089
0.10100722
0.09518504
0.09500194
0.09500432
0.09488320
0.09500742
0.10553670
0.09554744
0.09484482
0.09491563
0.10092521
0.09490180
0.09480095
0.09536767
0.09523511
0.09503436
0.10727882
0.09494042
0.09507632
0.09501457
0.10014009
0.09514952
0.09490538
0.09497046
0.09523511
0.09479380
0.09496856
0.11085248
0.09496403
0.09520960
0.10273218
0.09512639
0.09497595
0.09490085
0.09487772
0.09502673
0.09496927
0.12322617
0.09506679
0.09498882
0.10298991
0.09517908
0.09543228
0.09552693
0.09499025
0.09495354
0.09514737
0.10807753
0.09533501
0.09501600
0.10341382
0.09528422
0.09495521
0.09510469
0.09503222
0.09499502
0.09510016
0.10311389
0.09525847
0.09493494
0.09485340
0.10401392
0.09481978
0.09471869
0.09485602
0.09472752
0.09478211
0.11179113
0.09463739
0.09462452
0.09464622
0.10083938
0.09481835
0.09470987
0.09481120
0.09494042
0.09486818
0.10377574
0.09523821
0.09484529
0.09479260
0.10399675
0.09495950
0.09487820
0.09496427
0.09508252
0.09492254
0.11032200
0.09653950
0.09477758
0.09482741
0.10063171
0.09490252
0.09492970
0.09487152
0.09499454
0.09484339
0.09499693
0.10185599
0.09494066
0.09499359
0.10349369
0.09546828
0.09513760
0.09502268
0.09511137
0.09504604
0.09523892
0.10872626
0.09550309
0.09521317
0.10215378
0.09514952
0.09496188
0.09515619
0.09496784
0.09489560
0.10926938
0.09495211
0.09513426
0.09485054
0.09931993
0.09507704
0.09477925
0.09476519
0.09527254
0.09477830
0.09482908
0.10945725
0.09497404
0.09482026
0.09510827
0.09517503
0.09478068
0.09475374
0.09485650
0.09477091
0.09501338
0.10781574
0.09464526
0.09504342
0.09473658
0.10005951
0.09491634
0.09476519
0.09513259
0.09494233
0.09514260
0.11071110
0.09481049
0.09525990
0.09485984
0.10054898
0.09494519
0.09490585
0.09504509
0.09486985
0.09494877
0.10905790
0.09462571
0.09483385
0.09444976
0.09441018
0.09431338
0.09461260
0.09441829
0.09474063
0.11771774
0.09445453
0.09457684
0.09464717
0.10168028
0.09472513
0.09465909
0.09472108
0.09452271
0.09471798
0.10358667
0.09474564
0.09482288
0.09461093
0.10353112
0.09491181
0.09488797
0.09574056
0.09504843
0.09505486
0.10336852
0.09529448
0.09503961
0.09516859
0.10218668
0.09489536
0.09693146
0.09494066
0.09744501
0.09749150
0.10821939
0.09732199
0.09713340
0.09762216
0.10419464
0.10848832
0.13487220
0.12827587
0.15598536
0.15736580
0.17428350
0.12139940
0.14272213
0.11582661
0.11273170
0.10314798
0.11433601
0.10593820
0.10357237
0.10467243
0.10609651
0.13028932
0.12636685
0.13789034
0.16406631
0.12365127
0.12211418
0.14377856
0.14976525
0.14826250
0.09732080
0.09490299
0.11357021
0.10626149
0.10481167
0.10565376
0.14207220
0.12286353
0.09580970
0.10011339
0.11152959
0.09734941
0.09919429
0.09780931
0.09798765
0.09852362
0.09733891
0.09642386
0.09733152
0.09767485
0.11035085
0.09878516
0.09930778
0.09903026
0.09976387
0.09979415
0.10013795
0.09940743
0.10039949
0.09948349
0.11062050
0.10030079
0.09972596
0.10112810
0.10029578
0.09913421
0.09780622
0.09560394
0.09549809
0.09827256
0.11222911
0.09933877
0.09699774
0.09620333
0.09792399
0.09780836
0.09832168
0.09732461
0.09859776
0.09848356
0.11297369
0.09879255
0.09879589
0.09793591
0.09594607
0.09800434
0.10040760
0.09991241
0.09672356
0.09874487
0.11799955
0.09686589
0.09506106
0.10057163
0.09752035
0.10002780
0.09998775
0.10132766
0.10026193
0.11343050
0.09709835
0.09666157
0.09499049
0.09678435
0.09519815
0.09606695
0.10024405
0.10879421
0.10049868
0.11069703
0.09556389
0.09526610
0.09584904
0.10143304
0.09998727
0.09850311
0.09561872
0.14972830
0.13940859
0.09509706
0.09475160
0.09600353
0.09575081
0.09471130
0.09456491
0.09455633
0.09470963
0.09469628
0.10054398
0.10392690
0.09500194
0.09525895
0.10029554
0.09529281
0.10098195
0.10320139
0.09992719
0.10168386
0.10577536
0.09515071
0.09537411
0.09509540
0.09947324
0.09506989
0.09494925
0.09485388
0.09488511
0.09503961
0.10696697
0.09506202
0.09485197
0.09485388
0.09486747
0.09535146
0.09514666
0.09483504
0.09511137
0.09481096
0.09496689
0.10366869
0.10249448
0.09505963
0.09492755
0.09520602
0.09499240
0.09544992
0.09486628
0.09475303
0.10026741
0.11900139
0.09467959
0.09475946
0.09489560
0.09517241
0.09506655
0.09483504
0.09502172
0.09492993
0.09507751
0.10806656
0.09492660
0.09511280
0.09502697
0.09534907
0.09544349
0.09524274
0.09535718
0.09514427
0.09506345
0.10927796
0.09516430
0.09521770
0.09515071
0.09537840
0.09677529
0.09505701
0.09500575
0.09533024
0.09498954
0.10880303
0.09510732
0.09521365
0.09549284
0.09648395
0.09504557
0.09475589
0.09492111
0.09504294
0.09482765
0.11107826
0.09512591
0.09511328
0.10142040
0.09508729
0.09484911
0.09471512
0.09505987
0.09486508
0.10000920
0.10160875
0.09482932
0.09504056
0.09486890
0.09502983
0.09491920
0.09488773
0.09488273
0.09494376
0.09496903
0.10576987
0.09483790
0.09482813
0.09488964
0.09576130
0.09563470
0.09917092
0.09506059
0.09499097
0.09483337
0.10785437
0.09469533
0.09516954
0.09756327
0.09517407
0.09520364
0.09504128
0.09489679
0.09513426
0.09481406
0.11119294
0.09506297
0.09491920
0.09515309
0.09527254
0.09541678
0.09489012
0.09489202
0.09502649
0.09483337
0.11027718
0.09484005
0.09481883
0.09513664
0.09526086
0.09492326
0.09474683
0.09493327
0.09467435
0.10679936
0.09502339
0.09479880
0.09500957
0.10150504
0.09530187
0.09469247
0.09648728
0.10164618
0.09781075
0.10855579
0.09989786
0.13406467
0.10439467
0.15987992
0.09579229
0.09835649
0.09559536
0.09479785
0.10547447
0.09915471
0.09907317
0.09914017
0.10025501
0.09749770
0.09532857
0.09481978
0.09458256
0.09441161
0.10295725
0.09430432
0.09422255
0.09439349
0.09452438
0.09476304
0.09429789
0.09451866
0.09451962
0.09474993
0.09489131
0.09701467
0.09468055
0.09476423
0.09475589
0.09530425
0.09480739
0.09476805
0.09479523
0.09491038
0.09491515
0.10248971
0.09461975
0.09509468
0.09644723
0.10047102
0.09501743
0.09535098
0.09470248
0.09556651
0.09464240
0.10478830
0.09570432
0.09534359
0.09569955
0.09985161
0.09497571
0.09494615
0.09468460
0.09491777
0.09486246
0.11070800
0.09481168
0.09466958
0.11962223
0.10017514
0.09442139
0.09426332
0.09416413
0.09416795
0.09391999
0.10372853
0.09384727
0.09384918
0.09917283
0.10118365
0.12536573
0.10212612
0.09404492
0.09390378
0.09460783
0.10065269
0.09417987
0.09443569
0.10268688
0.10013509
0.09473896
0.09512043
0.09491253
0.09484100
0.10161185
0.10226631
0.09498191
0.09489608
0.09565568
0.10101223
0.09542203
0.09501743
0.09515309
0.09574413
0.09557581
0.10712242
0.09532261
0.09590578
0.09532547
0.10080743
0.09511375
0.09500360
0.09492779
0.09564996
0.09650016
0.10576224
0.09768486
0.09679770
0.09581304
0.10294890
0.12927318
0.16203880
0.11425138
0.09471679
0.11604857
0.09478450
0.09457088
0.09453487
0.10054874
0.09463382
0.09420609
0.09404445
0.09426951
0.09407926
0.10007524
0.09460378
0.12691283
0.12444472
0.14389062
0.09470892
0.09395480
0.09499454
0.09417844
0.10246396
0.09411693
0.11454582
0.12481952
0.12260771
0.09407139
0.09402418
0.10184765
0.15910625
0.12022567
0.09414053
0.09429765
0.13115501
0.14572072
0.09451461
0.09512782
0.09436059
0.09442186
0.16433287
0.12912655
0.09997892
0.10100961
0.09508324
0.12393451
0.13908386
0.11710334
0.10452294
0.09550953
0.11757112
0.14033508
0.12491488
0.09688306
0.09495997
0.09527707
0.11453104
0.13142443
0.10564947
0.09489036
0.09494042
0.10214853
0.09517908
0.09502625
0.09496593
0.09532094
0.11855078
0.17394209
0.12705612
0.09447980
0.09549069
0.09499311
0.09460330
0.09483767
0.09476519
0.09799600
0.09991050
0.09464431
0.09720159
0.09631562
0.09640884
0.09576869
0.09819984
0.09730792
0.09856272
0.09843612
0.11121321
0.11423445
0.09646440
0.09644198
0.09702158
0.10775781
0.09515023
0.09739470
0.09465122
0.10720134
0.09496117
0.09942150
0.09486175
0.11780834
0.11054659
0.09469938
0.09466290
0.09470296
0.09535003
0.13419175
0.11262131
0.09592485
0.09625149
0.10148621
0.09601831
0.09588552
0.09618926
0.09599304
0.11078167
0.09813452
0.09539390
0.09473062
0.09513783
0.09505343
0.09468007
0.09538341
0.09470725
0.09512806
0.09546256
0.10614705
0.09497380
0.09825754
0.09762335
0.09571576
0.09494376
0.09503698
0.09566498
0.09493351
0.09477401
0.10912800
0.10338068
0.09873223
0.09979916
0.10978413
0.09534740
0.10148168
0.09684682
0.09491897
0.09415030
0.10958290
0.09597445
0.17874527
0.14608097
0.10198379
0.12049627
0.11558414
0.12030864
0.10477448
0.09986520
0.12244225
0.10510612
0.10727906
0.11050081
0.10914445
0.09583998
0.12495327
0.10817575
0.09493184
0.09739900
0.09761834
0.10467362
0.09753442
0.11799622
0.09767962
0.09509468
0.12103581
0.10155582
0.09490776
0.09579420
0.09519172
0.10109138
0.09525299
0.10230565
0.12582755
0.09524155
0.10616183
0.10838938
0.12430835
0.12023520
0.10433459
0.09603047
0.10278821
0.10267162
0.10924149
0.11064363
0.09701705
0.09973621
0.09839535
0.10253978
0.09791803
0.10092282
0.12241459
0.10756445
0.09775162
0.12168407
0.12345195
0.12586331
0.09991050
0.09768033
0.11529756
0.09484720
0.09901214
0.09953380
0.10023451
0.11180758
0.09493327
0.09492564
0.10782790
0.09498954
0.09493351
0.09624243
0.09467959
0.10123849
0.09687972
0.09654880
0.09794688
0.09954762
0.11188054
0.09472585
0.09470797
0.09754634
0.10250378
0.09612370
0.09479356
0.09818554
0.10140562
0.10114527
0.11624026
0.10194683
0.09688950
0.09867525
0.09971952
0.09729958
0.09713292
0.10975933
0.22166610
0.10364890
0.09660053
0.09766078
0.09916306
0.10862947
0.11578417
0.09509158
0.09402442
0.09428430
0.09450912
0.10329318
0.09928894
0.11653471
0.09893560
0.14945793
0.13999939
0.10078907
0.10508299
0.09771776
0.10064006
0.09813428
0.09736872
0.09705257
0.10960340
0.10672784
0.09487081
0.09512901
0.10222793
0.09498072
0.09476137
0.09474444
0.09489942
0.09494424
0.10726285
0.09474993
0.09788036
0.09947252
0.10836887
0.14786220
0.13087654
0.15251517
0.18343616
0.12249184
0.13769054
0.12081385
0.12629652
0.14067173
0.13795471
0.11240864
0.09653807
0.13057280
0.10584283
0.09848690
0.09906888
0.09574580
0.09523964
0.10451174
0.09534574
0.09511542
0.09541631
0.09524298
0.11391115
0.10959148
0.15433645
0.14908075
0.11616850
0.11654592
0.12041116
0.11828637
0.12209058
0.10035181
0.09617615
0.09864879
0.10352135
0.09900498
0.11360478
0.09966826
0.09636021
0.09800196
0.10014677
0.09882045
0.09606147
0.09666014
0.10939431
0.09720063
0.09734106
0.11489606
0.14298964
0.11331677
0.09843850
0.10051370
0.10372519
0.10641336
0.09752202
0.09834623
0.09526491
0.09523559
0.09940147
0.09780455
0.09544063
0.09550309
0.09521270
0.10699463
0.09678984
0.09940839
0.09670544
0.09666038
0.09660482
0.09509969
0.09475470
0.09543157
0.09577394
0.10878491
0.09469008
0.09477162
0.09456420
0.09539008
0.10435557
0.10032749
0.09900808
0.09639072
0.09516788
0.11226535
0.09544015
0.09623981
0.09538555
0.09554076
0.09909105
0.09522104
0.09540915
0.09515572
0.09528613
0.09486270
0.11376691
0.09464359
0.09460926
0.09482145
0.09463668
0.09445357
0.09440017
0.09447837
0.09427547
0.09430242
0.10929036
0.09456682
0.09422135
0.09789801
0.09832287
0.10312414
0.17749524
0.18599749
0.10342002
0.10061169
0.10910678
0.10316825
0.14797020
0.09905744
0.10339451
0.10199666
0.11342239
0.09677696
0.10461402
0.09889531
0.09629130
0.10299540
0.10526180
0.09490609
0.09447432
0.09433961
0.11179996
0.09879875
0.09469056
0.09439564
0.09461045
0.09461141
0.09450245
0.09449816
0.09439826
0.09621024
0.10363698
0.09431887
0.09431005
0.12825346
0.09550548
0.10262704
0.09524274
0.09514165
0.09513712
0.09585524
0.13216376
0.10186291
0.09472418
0.09441066
0.09506536
0.09540415
0.09452057
0.09431195
0.09435320
0.09405184
0.10441685
0.09433818
0.09412146
0.09410644
0.09394956
0.10009599
0.09398437
0.09394431
0.09411764
0.09386659
0.10219121
0.09439135
0.09456086
0.09420395
0.09584975
0.09933233
0.09491968
0.09484363
0.09456515
0.09482908
0.11482763
0.10493493
0.09796715
0.09806871
0.09590244
0.10169601
0.10840821
0.09565139
0.09466553
0.09454036
0.10852408
0.09947896
0.09474158
0.09469295
0.09490991
0.09796953
0.11539912
0.10106778
0.09529400
0.11417341
0.10940766
0.09527707
0.09516311
0.10616708
0.10544038
0.09547567
0.09522343
0.09526873
0.11603808
0.10753250
0.09503770
0.11369872
0.10992265
0.09500051
0.10036039
0.09486818
0.09465551
0.09489012
0.09480834
0.10592675
0.09471011
0.09460330
0.10076571
0.11443472
0.09815812
0.09492803
0.09481096
0.09729028
0.14429379
0.09540129
0.09516907
0.09511209
0.09540677
0.10115457
0.10551023
0.10095334
0.09957004
0.09506416
0.11155701
0.09505677
0.09493279
0.09511209
0.11210895
0.09686589
0.09524751
0.09484982
0.10273743
0.11601043
0.10652709
0.09525919
0.09458041
0.09674692
0.10456181
0.09472728
0.09423280
0.09426713
0.09429908
0.09444380
0.10441804
0.09441423
0.10108280
0.09855962
0.09487367
0.09492898
0.09488320
0.09452438
0.09478879
0.09487319
0.11083221
0.09498382
0.10465407
0.11484766
0.09523964
0.09491348
0.09487510
0.09475207
0.09504890
0.09544849
0.11101770
