0.02377272
0.11098838
0.09445190
0.09433770
0.10060263
0.09514785
0.09478712
0.09414840
0.09379911
0.10844040
0.09402323
0.09395456
0.11933708
0.11700106
0.09479475
0.09463787
0.09518981
0.09451556
0.10736775
0.09461999
0.09454894
0.09432745
0.09432054
0.10459471
0.09446907
0.09453797
0.09460902
0.09461045
0.10557175
0.10402131
0.09693813
0.09467840
0.10371542
0.10013628
0.09778190
0.09698963
0.09727931
0.10760164
0.09920216
0.09905529
0.09881401
0.09859467
0.10479784
0.09817219
0.09431243
0.09415150
0.10901022
0.09426856
0.09388852
0.09396720
0.09390783
0.09409904
0.09404016
0.09413004
0.09417605
0.09430671
0.10538626
0.09418416
0.09409285
0.09590364
0.11623812
0.10446835
0.09598517
0.09776020
0.09638262
0.09499073
0.11412787
0.09512281
0.09456372
0.10119510
0.11089444
0.10104322
0.09416986
0.09409237
0.12259340
0.09729910
0.10619473
0.09397817
0.09420037
0.09420967
0.10960245
0.11009479
0.09359336
0.09373093
0.09441257
0.12994480
0.09911966
0.09440303
0.09415674
0.09419918
0.10132504
0.09387851
0.09351230
0.09353232
0.09365153
0.10616279
0.09381151
0.09412336
0.09429812
0.09426880
0.10061550
0.09411478
0.09394550
0.09364700
0.10918570
0.11134338
0.09460235
0.09451127
0.09444261
0.09446144
0.09456062
0.09444261
0.09448576
