0.02584958
0.09568644
0.10652924
0.09573483
0.11685014
0.09860778
0.09472156
0.10094285
0.09604168
0.09540796
0.09491158
0.09491968
0.11052704
0.10293055
0.09459901
0.09471011
0.09460878
0.09869552
0.09471226
0.09458208
0.09473324
0.09485745
0.11193871
0.09509230
0.09452796
0.09459496
0.09441090
0.09479141
0.09454966
0.09459019
0.09457421
0.09468317
0.10769343
0.09576845
0.11341262
0.09513235
0.09480596
0.10184193
0.09658217
0.09609485
0.09577966
0.09623647
0.11581373
0.09651136
0.09571314
0.09604073
0.09744334
0.10380435
0.09918737
0.09575152
0.09646630
0.11742020
0.09573436
0.09528255
0.09497046
0.09623313
0.11674929
0.16218901
0.11889768
0.09555888
0.11922264
0.11755037
0.11053443
0.11216307
0.11546302
0.10436153
0.09681153
0.09562373
0.09484291
0.10724640
0.09490108
0.09519982
0.09494376
0.09580636
0.09526539
0.09560275
0.09514451
0.09605742
0.09527659
0.10815549
0.09569311
0.10489130
0.10024405
0.10106421
0.11428761
0.10037589
0.09782267
0.10009599
0.10836482
0.09560299
0.09510612
0.09547877
0.09544992
0.09595156
0.10329151
0.09555101
0.09504580
0.09758973
0.10807276
0.09558678
0.09523153
0.09628177
0.09518409
0.09564638
0.09559059
0.09511638
0.09481287
0.09516716
0.10833693
0.09751391
0.09851122
0.09780264
0.10002899
0.09631634
0.09999084
0.09562945
0.09536982
0.09542608
0.10876369
0.09541249
0.09523487
0.09688735
0.09909987
0.09712601
0.09886217
0.09569693
0.09732127
0.09658551
0.11639333
0.09663105
0.09708643
0.09554911
0.09506416
0.09636450
0.09594464
0.09724760
0.09606791
0.09553218
0.11412764
0.10014820
0.10018206
0.10292125
0.10358167
0.09629393
0.09531665
0.09520173
0.09519386
0.09532905
0.11335397
0.09591389
0.09593225
0.09593177
0.09528589
0.10008502
0.09525967
0.09664845
0.09605145
0.11991763
0.11413050
0.15821290
0.09512877
0.10925078
0.09887695
0.09503794
0.09515119
0.09531736
0.09577870
0.09604526
0.09557223
0.09567285
0.09650230
0.11679459
0.09629679
0.09682298
0.09731531
0.16016126
0.12648201
0.09513974
0.09508872
0.09514260
0.11946416
0.09525609
0.09515810
0.09534311
0.09576011
0.09533596
0.09572148
0.09526467
0.09527946
0.09525299
0.10928893
0.10700703
0.09516358
0.09532619
0.09535909
0.10409331
0.09538579
0.09570932
0.09544206
0.09549546
0.11649537
0.09533644
0.09518337
0.09560704
0.09517074
0.10180521
0.09557652
0.09563732
0.09532356
0.09548378
0.11103749
0.09548926
0.09521079
0.09533215
0.09540510
0.10164690
0.09555888
0.09563398
0.09528255
0.09572601
0.10984349
0.09537792
0.09539747
0.09559131
0.09550381
0.10133314
0.09547186
0.09551001
0.10085249
0.10816097
0.09533119
0.09568238
0.09536552
0.09554863
0.09543371
0.10168648
0.09572768
0.09550571
0.09558630
0.09551740
0.09744787
0.10423017
0.09547377
0.09545946
0.09534693
0.09608674
0.09551477
0.09543490
0.09545541
0.09542871
0.09550118
0.09563327
0.09520960
0.09552455
0.09672546
0.10145879
0.09530020
0.09549260
0.09537745
0.09556389
0.10977316
0.09530473
0.09511065
0.09554815
0.09501076
0.10104275
0.09540534
0.09552479
0.09535122
0.09528446
0.11708713
0.09544444
0.09546113
0.09529471
0.09530210
0.10065055
0.09531951
0.09574533
0.09549093
0.09534764
0.11458969
0.09539270
0.09513307
0.09534264
0.09529924
0.10035896
0.09532428
0.09528828
0.09535956
0.09538221
0.11032248
0.09540176
0.09519982
0.09674978
0.09519339
0.10702491
0.09521556
0.09530044
0.09524870
0.10820222
0.10674167
0.09550667
0.09522915
0.09545732
0.09515882
0.09658861
0.09520388
0.09551668
0.09524393
0.10854793
0.09523845
0.09531164
0.09516311
0.09532046
0.09499216
0.10169291
0.09496522
0.09539723
0.09512115
0.10798979
0.09512496
0.09508061
0.09487152
0.09510255
0.09488773
0.10345030
0.09505224
0.09512901
0.09479427
0.10746074
0.09487391
0.09481478
0.09457898
0.09477496
0.09452486
0.10059261
0.09471107
0.09475160
0.09468508
0.10985470
0.09470654
0.09489870
0.09469771
0.09486318
0.09470177
0.10250592
0.09484458
0.09485793
0.09502244
0.10902047
0.09496713
0.09491324
0.09479427
0.09505129
0.09473681
0.10135174
0.09477425
0.09507012
0.09495997
0.10793686
0.09507775
0.09492350
0.09485912
0.09499645
0.09479928
0.10105944
0.09496593
0.09496975
0.09487081
0.10739779
0.09487915
0.09501481
0.09470129
0.09499359
0.09471893
0.10124946
0.09469104
0.09498405
0.09477997
0.11302042
0.09466815
0.09480166
0.09471273
0.09507990
0.09505725
0.10077429
0.09514046
0.09533453
0.09514236
0.10806322
0.09522796
0.09528780
0.09494281
0.09532738
0.09512949
0.10233140
0.09539866
0.09520721
0.09516549
0.11089206
0.09559941
0.09533787
0.09526229
0.09542322
0.09643102
0.10137558
0.09539175
0.09529781
0.09531403
0.10741663
0.09538746
0.09537554
0.09514666
0.09539676
0.09507394
0.10184717
0.09550357
0.09525561
0.09517837
0.09536743
0.09546685
0.09533072
0.09519887
0.09537387
0.09516907
0.09572768
0.09564710
0.09540224
0.09526396
0.09532142
0.10841775
0.09572554
0.09503818
0.09554124
0.09517765
0.10076976
0.09538555
0.09543467
0.09529328
0.10827446
0.09527755
0.09571314
0.09565401
0.09555674
0.09523797
0.10146284
0.09561777
0.09544277
0.09538627
0.10841489
0.09528327
0.19757581
0.09542751
0.10870767
0.09531283
0.09550357
0.09528899
0.09538126
0.09521604
0.10143328
0.09537554
0.09537101
0.09513235
0.10775900
0.09523988
0.09546518
0.09510922
0.09539032
0.09541178
0.10097361
0.09559488
0.09575653
0.09513497
0.10826516
0.09524274
0.09556079
0.09507608
0.09556556
0.09524679
0.10107636
0.09547210
0.09539437
0.09523797
0.11098742
0.09541607
0.09557223
0.09524679
0.09549642
0.09533930
0.10322738
0.09554791
0.09541869
0.09541774
0.10821772
0.09531379
0.09551311
0.09528327
0.09548998
0.09532142
0.10029364
0.09579229
0.09542298
0.09540129
0.10429573
0.09912181
0.09549427
0.09526181
0.09577823
0.09533644
0.09581852
0.09575486
0.09540725
0.09541607
0.09563875
0.11383176
0.09564090
0.09531760
0.09555721
0.09519720
0.10074306
0.09577918
0.09529996
0.09544039
0.09543681
0.11521006
0.09554935
0.09520197
0.09580588
0.09543681
0.10013151
0.09564185
0.09544635
0.09538484
0.09540725
0.11399126
0.09554219
0.09519076
0.09549856
0.09524989
0.09589577
0.09585643
0.09530926
0.09537387
0.09536123
0.11423707
0.09557033
0.09505486
0.09537435
0.09518194
0.09991837
0.09549236
0.09531426
0.09530616
0.09530044
0.09559560
0.09537077
0.09521055
0.09544563
0.09504223
0.10127831
0.09535336
0.09523201
0.09537792
0.11371756
0.09519076
0.09531808
0.09506392
0.09499788
0.09483194
0.10056520
0.09479833
0.09519982
0.09473181
0.11553288
0.09480262
0.09489894
0.09482074
0.09490252
0.09476995
0.10038328
0.09508777
0.09461641
0.09464765
0.11462688
0.09467196
0.09477520
0.09457970
0.09483933
0.09466505
0.10092068
0.09462357
0.09469366
0.09465814
0.11306739
0.09480143
0.09479403
0.09445310
0.09470844
0.10077643
0.09499907
0.09427977
0.09452963
0.09444070
0.11186147
0.09431767
0.09453273
0.09462714
0.09471631
0.09436345
0.09833336
0.09441996
0.09462905
0.09444213
0.11496782
0.09438610
0.09454346
0.09459853
0.09463859
0.09446621
0.09954047
0.09438348
0.09472156
0.09441447
0.11299872
0.09451962
0.09445786
0.09444356
0.09445477
0.09434700
0.09921145
0.09439039
0.09471750
0.09443212
0.11202073
0.09428096
0.09410620
0.09388137
0.09399605
0.09379220
0.09929633
0.09393644
0.09407330
0.09390473
0.11142302
0.09391904
0.09433556
0.09396577
0.09409523
0.09407854
0.09963369
0.09387207
0.09427190
0.09418511
0.10609365
0.09421086
0.09445453
0.09429169
0.09454322
0.09422493
0.10016561
0.09408307
0.09482694
0.09434533
0.11410236
0.09435749
0.09443212
0.09430170
0.09458232
0.09446979
0.10090208
0.09450245
0.09558558
0.09477282
0.11930537
0.09459925
0.09463406
0.09457684
0.09478903
0.09475040
0.10086083
0.09462214
0.09511018
0.09487963
0.10988545
0.09494758
0.09519506
0.09516072
0.09532642
0.09539914
0.10138059
0.09551525
0.09604716
0.09602952
0.11558557
0.09837437
0.09947872
0.09628940
0.09637952
0.09617710
0.10555983
0.09675097
0.09708905
0.09703279
0.11107111
0.09744215
0.09772515
0.09789777
0.09819579
0.09826350
0.10573244
0.09849000
0.09919786
0.09923840
0.11791134
0.09922457
0.09963632
0.10259008
0.10036445
0.10532188
0.10063314
0.10015416
0.10068750
0.11482930
0.10103178
0.10037851
0.10236669
0.10035205
0.10059404
0.10609317
0.10067225
0.10068798
0.10076833
0.11348939
0.10098934
0.10060477
0.10076928
0.10031915
0.10695958
0.10061598
0.10079408
0.11035275
0.10075498
0.10083055
0.10099792
0.10059214
0.10197997
0.10079932
0.10073495
0.10081220
0.11618114
0.10036039
0.10043526
0.10011125
0.10053658
0.10013533
0.10685086
0.09999561
0.10043502
0.10024714
0.11003852
0.10014057
0.10002327
0.09983754
0.10030770
0.09989667
0.10627294
0.10039353
0.10022187
0.11763310
0.10045862
0.10009360
0.10015917
0.10013795
0.10041857
0.10633087
0.10033298
0.09996438
0.10037684
0.11881685
0.10062099
0.10005450
0.10045910
0.10029507
0.10042095
0.10616565
0.10028386
0.10036969
0.11966395
0.09998965
0.10025024
0.10025716
0.10051012
0.10695958
0.10042167
0.10048795
0.10415745
0.11166644
0.10012698
0.09972262
0.10017109
0.10000110
0.10448813
0.10026979
0.09999776
0.10003591
0.12120533
0.10021019
0.10010314
0.10002136
0.10046339
0.10001874
0.10110140
0.09974504
0.10030603
0.10074210
0.11806440
0.10023403
0.10024595
0.10015678
0.10031533
0.09994054
0.10102463
0.09960890
0.09996676
0.12183809
0.10023522
0.09968758
0.10021973
0.10021186
0.10004091
0.10056400
0.09985995
0.09990191
0.09976721
0.12118983
0.09998775
0.09957719
0.10006714
0.10143805
0.10051060
0.10035038
0.10024714
0.10038304
0.11994123
0.09957504
0.10022879
0.09939146
0.09949422
0.09925652
0.10205436
0.09960198
0.10038376
0.11862683
0.10028052
0.09995294
0.10021353
0.10016465
0.10025692
0.10293102
0.10041094
0.10013771
0.10016465
0.13249040
0.10057092
0.10010338
0.10021091
0.10048699
0.10063791
0.10173011
0.10048962
0.09981275
0.12093043
0.09952784
0.09982514
0.09997797
0.10083270
0.10021043
0.10537171
0.10100770
0.10090423
0.10072374
0.12420106
0.10059094
0.10006142
0.10009599
0.09969330
0.09932852
0.10150933
0.09950900
0.09956479
0.11847258
0.10016465
0.09960270
0.09966469
0.09997940
0.10005093
0.10078478
0.09997535
0.10013080
0.11913610
0.10015297
0.09996653
0.09981227
0.10037208
0.09978628
0.10379410
0.09992146
0.10023856
0.09987688
0.11900234
0.09983635
0.09917212
0.09932899
0.09923029
0.09877801
0.09885788
0.09849000
0.09871244
0.09837723
0.12107158
0.09840131
0.09839010
0.09815288
0.09800577
0.09856820
0.09824538
0.09751105
0.09720540
0.11444759
0.09715605
0.09681988
0.09660888
0.09644866
0.09651589
0.09603357
0.09665775
0.09583426
0.09611487
0.11523342
0.09576106
0.09548998
0.09549189
0.09519887
0.09908509
0.09587789
0.09530807
0.09519720
0.11474490
0.09500766
0.09520125
0.09492970
0.09502983
0.09473395
0.09876084
0.09494209
0.09481144
0.09477472
0.10714269
0.09476328
0.09501672
0.09481573
0.09509397
0.09476376
0.09491754
0.09929776
0.09476686
0.09467769
0.10745311
0.09476733
0.09502196
0.09453368
0.09470391
0.09501815
0.09467578
0.09495878
0.09466696
0.09466147
0.11403394
0.09462070
0.09483194
0.09451914
0.09471226
0.09618163
0.09462070
0.09765363
0.09466720
0.09501505
0.11659122
0.09453583
0.09492421
0.09458590
0.09473181
0.09459448
0.09482288
0.09548879
0.09478736
0.09480810
0.09540820
0.09609771
0.09484315
0.09440804
0.09460020
0.09469891
0.09448981
0.09511924
0.09467983
0.09429216
0.09454632
0.10788536
0.09461069
0.09437227
0.09437251
0.09450078
0.09445834
0.09503341
0.09510851
0.09446025
0.09500194
0.11284852
0.09488988
0.09477735
0.09467196
0.09498143
0.09479094
0.09646988
0.09529138
0.09465790
0.09506369
0.10874629
0.09568906
0.09502387
0.09494209
0.09492540
0.09494114
0.09490228
0.09529328
0.09479690
0.09533596
0.10706234
0.09544015
0.09505844
0.09495640
0.09496880
0.09482121
0.09813380
0.09519315
0.09474468
0.09502006
0.10895634
0.09497833
0.09475112
0.09471130
0.09517384
0.09479117
0.09795523
0.09545350
0.09472466
0.09510112
0.11323714
0.09476018
0.09482932
0.09514189
0.09477663
0.09464884
0.09477472
0.09569168
0.09469485
0.09475708
0.10961580
0.09506106
0.09498215
0.09477949
0.09452438
0.09508014
0.09635758
0.09528756
0.09466577
0.09489608
0.11330819
0.09489059
0.09499121
0.09495020
0.09488058
0.09510064
0.09475493
0.09594083
0.09471297
0.09529209
0.11017346
0.09510779
0.09511304
0.09525609
0.09471202
0.09557962
0.09518719
0.09505177
0.09529662
0.11037469
0.09506369
0.09512353
0.09484100
0.09534788
0.09476972
0.09707952
0.09539509
0.09508061
0.09526515
0.11511159
0.09524345
0.09526062
0.09501171
0.09551787
0.09494233
0.09749603
0.09548163
0.09507823
0.09516716
0.11364913
0.09543657
0.09563899
0.09521365
0.09561706
0.09516668
0.09551597
0.09571338
0.09575558
0.09520030
0.11284304
0.09520435
0.09526801
0.09505367
0.09542060
0.09584832
0.09559679
0.09575605
0.09517288
0.09513712
0.11554837
0.09521627
0.09549761
0.09515262
0.09547234
0.09526372
0.09550834
0.09610724
