0.02614284
0.11655450
0.09371877
0.09364915
0.09375453
0.09389949
0.09381938
0.09367990
0.10073924
0.09399843
0.09377885
0.12447143
0.09370995
0.09394455
0.09355354
0.09370470
0.09375000
0.09358740
0.09990525
0.09362030
0.09363174
0.12994933
0.09425402
0.09397340
0.09349608
0.09374499
0.09380531
0.09364700
0.10019279
0.09368110
0.09370875
0.11855721
0.09369063
0.09346843
0.09329486
0.09333110
0.09333444
0.09339380
0.09978509
0.09361529
0.09343553
0.09360695
0.10367346
0.09402084
0.09382892
0.09390497
0.09400272
0.09377050
0.09400177
0.09960270
0.09413648
0.09382868
0.11073709
0.09392691
0.09456229
0.09386897
0.09945297
0.09412527
0.09382796
0.09384370
0.10942769
0.09393120
0.09382582
0.09386969
0.09390879
0.09378266
0.09400821
0.10087681
0.09383965
0.09393167
0.11017203
0.09379292
0.09394765
0.09373879
0.09387231
0.09372520
0.09411979
0.09944487
0.09328055
0.09339070
0.11681867
0.09349132
0.09375215
0.09360766
0.09361815
0.09359002
0.09355116
0.10015178
0.09351778
0.09340143
0.09392357
0.10446620
0.09347987
0.09382796
0.09394336
0.09397793
0.09386063
0.09891605
0.09427834
0.09399056
0.11388111
0.09422469
0.09421968
0.09396124
0.09399033
0.09388733
0.09406400
0.09993696
0.09430480
0.09394002
0.10744119
0.09391761
0.09415293
0.09390354
0.09394383
0.09407091
0.09377599
0.10017705
0.09399199
0.09390712
0.10592866
0.09392571
0.09406734
0.09392881
0.09401751
0.09395194
0.09387851
0.09426975
0.09411955
0.09393001
0.09395075
0.10679340
0.09394670
0.09394169
0.09392571
0.09388733
0.09542322
0.09389663
0.09924769
0.09397554
0.09403324
0.10853601
0.09384871
0.09402370
0.09394693
0.09391427
0.09376454
0.09402323
0.09863281
0.09389186
0.09391689
0.11046410
0.09411263
0.09395456
0.09347129
0.09368348
0.09347296
0.09349513
0.09373569
0.09366226
0.09341502
0.09347796
0.10687733
0.09350204
0.09354568
0.09351659
0.09358573
0.09347820
0.09352183
0.09435153
0.09340215
0.09349298
0.10667014
0.09344578
0.09350967
0.09345269
0.09339571
0.09347701
0.09347963
0.09641719
0.09375358
0.09340072
0.09364319
0.10657644
0.09573555
0.09334850
0.09346342
0.09336734
0.09347582
0.09355569
0.09448218
0.09382153
0.09403777
0.10828686
0.09434581
0.09395719
0.09401321
0.09387040
0.09386015
0.09384489
0.09744644
0.09383869
0.09402394
0.10648060
0.09429359
0.09400606
0.09388828
0.09396005
0.09375215
0.09377360
0.09682131
0.09384203
0.09375215
0.10676455
0.09387231
0.09386516
0.09398794
0.09376097
0.09388185
0.09384584
0.09779644
0.09429789
0.09394884
0.09402728
0.10791016
0.09384465
0.09392715
0.09395003
0.09383082
0.09385109
0.09397006
0.09525204
0.09369254
0.09411311
0.10655308
0.09417701
0.09349418
0.09348989
0.09343314
0.09389114
0.09334922
0.09391475
0.09342623
0.09337616
0.10610485
0.09340811
0.09352469
0.09347534
0.09346080
0.09358501
0.09355521
0.09341693
0.09416819
0.09355235
0.09331250
0.10998201
0.09343863
0.09346867
0.09351182
0.09357500
0.09354472
0.09393787
0.09385562
0.09366179
0.10669732
0.09341002
0.09572649
0.09342670
0.09340811
0.09326124
0.09332156
0.09433198
0.09327269
0.09339881
0.10624647
0.09322667
0.09321475
0.09339857
0.09311175
0.09324527
0.09327865
0.09366417
0.09349322
0.09323668
0.09338307
0.10715747
0.09338927
0.09321976
0.09320831
0.09348893
0.09480476
0.09318161
0.09406900
0.09329581
0.09326839
0.10675693
0.09322619
0.09326053
0.09326887
0.09321523
0.09333301
0.09317851
0.09695697
0.09333253
0.09317923
0.10756850
0.09327412
0.09333301
0.09327412
0.09312963
0.09334230
0.09321737
0.09324574
0.09408545
0.09334087
0.09325576
0.10666299
0.09320498
0.09336162
0.09338164
0.09340525
0.09330177
0.09340024
0.09385753
0.09325910
0.09315801
0.10790443
0.09317350
0.09304905
0.09308958
0.09325337
0.09325624
0.09307504
0.09774947
0.09831929
0.09316254
0.09334397
0.10652876
0.09334874
0.09462738
0.09331894
0.09331250
0.09323740
0.09334064
0.09370780
0.09315085
0.09340811
0.10864067
0.09320784
0.09342170
0.09327245
0.09318376
0.09338856
0.09332776
0.09770441
0.09336305
0.09337473
0.10804892
0.09338880
0.09332466
0.09347773
0.09336209
0.09336877
0.09337950
0.09336257
0.09589291
0.09329557
0.09322000
0.10803485
0.09359431
0.09338903
0.09346342
0.09326792
0.09668303
0.09311891
0.09773564
0.09311461
0.09318709
0.10760689
0.09303927
0.09328961
0.09308553
0.09317970
0.09319615
0.09318948
0.09362125
0.09331965
0.09310532
0.10559177
0.09316492
0.09300995
0.09301448
0.09316492
0.09316993
0.09320760
0.09306645
0.09750175
0.09309316
0.09327102
0.10904598
0.09316492
0.09311938
0.09323072
0.09314609
0.09317446
0.09310031
0.09781027
0.09329796
0.09314919
0.10743380
0.09321618
0.09312201
0.09308481
0.09323239
0.09334946
0.09307241
0.09320807
0.09872818
0.09317780
0.09321284
0.10604715
0.09314060
0.09323454
0.09322071
0.09318423
0.09310436
0.09315920
0.09397149
0.09317851
0.09312916
0.10649300
0.09319735
0.09319592
0.09322309
0.09310532
0.09330010
0.09298968
0.09316874
0.09355354
0.09306908
0.09319711
0.10682678
0.09316301
0.09322095
0.09326768
0.09319448
0.09463215
0.09314394
0.09554052
0.09314823
0.09314966
0.10590553
0.09328651
0.09323144
0.09321046
0.09352136
0.09367037
0.09350920
0.09408426
0.09373808
0.09377789
0.10668564
0.09367251
0.09370208
0.09361625
0.09369230
0.09365487
0.09369802
0.09363794
0.09428072
0.09371233
0.09361243
0.10908365
0.09365201
0.09363103
0.09361863
0.09380841
0.09368706
0.09374857
0.09615183
0.09471202
0.09339023
0.11255789
0.09348130
0.09342885
0.09352684
0.09336162
0.09348702
0.09352160
0.09364510
0.09388447
0.09353495
0.10778928
0.09344244
0.09356189
0.09333491
0.09342718
0.09356952
0.09343481
0.09348011
0.09409738
0.09336972
0.09353232
0.10177970
0.09329462
0.09334469
0.09337711
0.09355617
0.09343600
0.09333062
0.09389925
0.09374452
0.09354067
0.10666871
0.09378839
0.09378481
0.09343958
0.09357071
0.09350371
0.09348798
0.09352756
0.09544086
0.09314847
0.09382272
0.09354305
0.09344935
0.09349012
0.09328270
0.09344006
0.09350061
0.09340239
0.09416294
0.09336948
0.09348464
0.10468245
0.09353209
0.09354925
0.09316373
0.09340286
0.09355927
0.09335542
0.09352207
0.09364891
0.09316206
0.11026931
0.10053039
0.09355545
0.09320498
0.09328461
0.09343815
0.09323215
0.09343576
0.09486985
0.09351945
0.09325171
0.09955549
0.09347153
0.09351444
0.09329247
0.09355688
0.09316230
0.09324384
0.09704804
0.09331679
0.09344411
0.10876179
0.09345388
0.09334469
0.09344578
0.09319973
0.09344435
0.09337831
0.09363556
0.09404159
0.09344363
0.09335732
0.09624243
0.09332252
0.09328723
0.09332323
0.09329224
0.09325790
0.09346557
0.09392381
0.09330463
0.09347868
0.10359120
0.09318900
0.09328866
0.09321332
0.09336066
0.09334087
0.09330726
0.09339309
0.09387851
0.09320545
0.11539078
0.09327292
0.09341216
0.09317493
0.09351730
0.09554553
0.09322953
0.09409046
0.09487319
0.09313345
0.10877776
0.09313369
0.09328055
0.09309125
0.09316349
0.09344316
0.09323144
0.09324312
0.09619713
0.09321761
0.09331155
0.10601902
0.09336185
0.09314108
0.09319019
0.09349346
0.09319735
0.09327841
0.09377265
0.09371233
0.09336686
0.10595608
0.09323168
0.09346366
0.09333372
0.09351254
0.09353685
0.09367967
0.09356928
0.09487438
0.09347153
0.10791230
0.09364676
0.09384751
0.09342432
0.09359288
0.09387445
0.09336901
0.09381795
0.09961104
0.09364533
0.10650659
0.09366441
0.09349442
0.09350467
0.09354925
0.09356403
0.09356570
0.09365153
0.09435797
0.09354091
0.09368801
0.11116838
0.09387016
0.09368944
0.09347177
0.09360671
0.09354663
0.09356427
0.09374666
0.09834027
0.09366155
0.11073351
0.09362936
0.09366536
0.09351420
0.09352160
0.09359002
0.09348559
0.09361434
0.09409380
0.09349656
0.10863495
0.09447932
0.09366441
0.09361005
0.09341383
0.09356380
0.09372258
0.09347844
0.09545946
0.09325743
0.09369230
0.10609698
0.09377909
0.09662199
0.09338880
0.09311724
0.09316659
0.09342909
0.09695959
0.09312797
0.09354448
0.10768628
0.09328175
0.09326553
0.09301567
0.09314013
0.09303784
0.09319973
0.09305835
0.09360552
0.09313822
0.10579395
0.09319949
0.09309626
0.09303975
0.09301114
0.09313822
0.09299541
0.09302330
0.09372544
0.09302139
0.09304523
0.10569215
0.09330106
0.09314656
0.09293771
0.09344625
0.09293556
0.09306860
0.09318161
0.09342051
0.09308052
0.10612607
0.09318805
0.09322095
0.09303403
0.09309483
0.09326077
0.09291816
0.09314537
0.09766603
0.09301281
0.09309196
0.10589218
0.09329295
0.09309697
0.09324980
0.09338355
0.09316301
0.09308243
0.09336495
0.09336567
0.09326792
0.10581470
0.09322429
0.09315133
0.09320545
0.09317517
0.09448361
0.09304571
0.09314132
0.09354639
0.09318614
0.10473847
0.09315133
0.09315443
0.09305310
0.09329844
0.09328771
0.09306359
0.09308767
0.09344935
0.09330487
0.09300065
0.10568023
0.09304380
0.09312940
0.09478402
0.09297490
0.09306574
0.09291577
0.09319615
0.09533572
0.09297585
0.10839415
0.09298730
0.09312510
0.09307480
0.09302902
0.09363890
0.09311104
0.09320736
0.09869266
0.09307289
0.09309006
0.09312129
0.09310412
0.09318399
0.09304547
0.09664083
0.09313512
0.09331179
0.09345031
0.09315681
0.09305382
0.10748601
0.10478711
0.09319186
0.09292841
0.09330773
0.09333825
0.09306431
0.09326625
0.09364915
0.09316874
0.11224079
0.09484100
0.09352636
0.09322143
0.09330750
0.09321856
0.09305501
0.09332061
0.09443545
0.09317923
0.09335375
0.11217690
0.09335709
0.09314442
0.09306383
0.09355259
0.09306216
0.09343100
0.09329367
0.09399176
0.09353757
0.11192775
0.09362721
0.09329486
0.09319186
0.09359646
0.09311795
0.09328580
0.09361196
0.09348989
0.09333372
0.10572553
0.09321356
0.09331584
0.09322715
0.09325433
0.09341264
0.09325337
0.09344316
0.09347796
0.09302831
0.10586452
0.09309721
0.09331036
0.09331131
0.09332895
0.09321547
0.09311986
0.09357214
0.09440374
0.09299445
0.09341478
0.10640478
0.09307623
0.09316444
0.09321594
0.09330297
0.09290290
0.09300494
0.09311271
0.09335804
0.09314322
0.10570192
0.09308338
0.09306502
0.09311485
0.09306049
0.09309220
0.09296775
0.09301281
0.09362698
0.09499526
0.10541940
0.09311962
0.09317827
0.09304500
0.09287977
0.09325171
0.09298611
