0.02141166
0.11799955
0.10266876
0.09379935
0.10831165
0.09359217
0.09370732
0.09345961
0.09356928
0.09352565
0.09347439
0.09633541
0.09415174
0.09344602
0.10679245
0.09327292
0.09321165
0.09325576
0.09331346
0.09363198
0.09432149
0.09350181
0.09991097
0.09331965
0.09346247
0.10808754
0.09372211
0.09340525
0.09330773
0.09373164
0.09345174
0.09342241
0.09350181
0.10093451
0.09362531
0.10535741
0.09351206
0.09327817
0.09343338
0.09348607
0.09352779
0.09347081
0.09353161
0.10059261
0.09347248
0.10811615
0.09339380
0.09331369
0.09342003
0.09345722
0.09341383
0.09344053
0.09340835
0.09362030
0.09950638
0.09372449
0.10522008
0.09328556
0.09368896
0.09337401
0.09355378
0.09326935
0.09331083
0.09339547
0.09902191
0.09338617
0.10623002
0.09326696
0.09336996
0.09344864
0.09335637
0.09350657
0.09339118
0.09342217
0.09358549
0.10620856
0.09343362
0.09341216
0.09344673
0.09354186
0.09351969
0.09351873
0.09343410
0.09379721
0.09931517
0.09363008
0.10699844
0.09361029
0.09361100
0.09343338
0.09342074
0.09357357
0.09343410
0.09354377
0.09966207
0.09339309
0.10665298
0.09366536
0.09357882
0.09354377
0.09353375
0.09362173
0.09347320
0.09343314
0.09466076
0.09333324
0.09366393
0.10683012
0.09932733
0.10472512
0.09491444
0.11487699
0.10838389
0.09357047
0.10284615
0.09349728
0.10772943
0.09354758
0.09347653
0.09332681
0.09360862
0.09379721
0.09351134
0.09362912
0.10371017
0.09355783
0.10654593
0.09367752
0.09403634
0.09353828
0.09376431
0.09368825
0.09361720
0.09356380
0.09451151
0.09347749
0.10769176
0.09353280
0.09379911
0.09359455
0.09358478
0.09379530
0.09366202
0.09340358
0.09389210
0.09972262
0.09358168
0.10906672
0.09352732
0.09631991
0.09353709
0.09403515
0.09356570
0.09349394
0.09390569
0.09958506
0.09368467
0.10610652
0.09386802
0.09391189
0.09359264
0.09368849
0.09370327
0.09349513
0.09362841
0.09927607
0.09359527
0.10505700
0.09375787
0.09358191
0.09373689
0.09362888
0.10206246
0.09511876
0.09364939
0.09367728
0.09979868
0.09355497
0.10771298
0.09365773
0.09391451
0.09356260
0.09372711
0.09368134
0.09360766
0.09374690
0.09915233
0.09358430
0.10748816
0.09348345
0.09383440
0.09346962
0.09344912
0.09378362
0.09439206
0.09366846
0.09661126
0.09381723
0.10562444
0.09368992
0.09486151
0.09355927
0.09352922
0.09355593
0.09351993
0.09334612
0.09356475
0.09887624
0.09371996
0.10608983
0.09354877
0.09391356
0.09362125
0.09362960
0.09361029
0.09344053
0.09362912
0.09884834
0.09354830
0.10758686
0.09357691
0.09358263
0.09363723
0.09357715
0.09354162
0.09350920
0.09341168
0.09372854
0.09868717
0.09378314
0.10776854
0.09378862
0.09364986
0.09380031
0.09365273
0.09387970
0.10016537
0.09361482
0.10591125
0.09364629
0.09392047
0.09369349
0.09375334
0.09385347
0.09376431
0.09374809
0.09414816
0.10059094
0.09422302
0.10101390
0.09421134
0.09416342
0.09380841
0.09402204
0.09386110
0.09369802
0.09409213
0.09983873
0.09388781
0.10602832
0.09397697
0.09397745
0.09382319
0.09374809
0.09384465
0.09838033
0.09394956
0.10230279
0.09387660
0.10702395
0.09757614
0.09413791
0.09503174
0.09428477
0.09403276
0.09403038
0.09387898
0.10233283
0.09376431
0.11411119
0.09372211
0.09376597
0.09396529
0.09374309
0.09429336
0.09362841
0.09377122
0.09387517
0.10156345
0.09363532
0.11102891
0.09346557
0.09373832
0.09365916
0.09359646
0.09358597
0.09349656
0.09365392
0.09876609
0.09343410
0.11138916
0.09350133
0.09370852
0.09351611
0.09349561
0.09375334
0.09355164
0.09330988
0.09955335
0.09352207
0.10629988
0.09361792
0.09337330
0.09356284
0.09366918
0.09353828
0.09342837
0.09337306
0.09347868
0.09951615
0.09348273
0.10652232
0.09333372
0.09359884
0.09337997
0.09348464
0.09472489
0.09319663
0.09351730
0.10059333
0.09324098
0.11207628
0.09346008
0.09334183
0.09320760
0.09319353
0.09337950
0.09323835
0.09335017
0.09844661
0.09313893
0.10611510
0.09314275
0.09317398
0.09305215
0.09326434
0.09329176
0.09325242
0.09327459
0.09379888
0.09806156
0.10702825
0.09429431
0.09332585
0.09345365
0.09328222
0.09346557
0.09350801
0.09340096
0.09347439
0.09845042
0.09317064
0.10752702
0.09332156
0.09322906
0.09337616
0.09314489
0.09357643
0.09327292
0.09365821
0.09859133
0.09326649
0.10682940
0.09475303
0.09333038
0.09328341
0.09318900
0.09328771
0.09310555
0.09343481
0.09325480
0.10000920
0.09341884
0.10752773
0.09330082
0.09339452
0.09367371
0.09345698
0.09352016
0.09361506
0.10010529
0.09335446
0.10633564
0.09329844
0.09319997
0.09325147
0.09313273
0.09323692
0.09322786
0.09330320
0.09912586
0.09329891
0.10692048
0.09315991
0.09316301
0.09340525
0.09327507
0.09307837
0.09341931
0.09313107
0.09336352
0.09904647
0.09327626
0.10606241
0.09336519
0.09375143
0.09339380
0.09343076
0.09336638
0.09337115
0.09351540
0.09959102
0.09359455
0.10624218
0.09335732
0.09355378
0.09341550
0.09312987
0.09329915
0.09316444
0.09342146
0.09407854
0.09898114
0.10805559
0.09349966
0.09344459
0.09326005
0.09341836
0.09351182
0.09335685
0.09336638
0.10168839
0.09345651
0.11679769
0.09338808
0.09349918
0.09359217
0.09349680
0.09353137
0.09337044
0.09344363
0.09884071
0.09353375
0.10812950
0.09344792
0.09349155
0.09356642
0.09337044
0.09363699
0.09345150
0.09358788
0.09354830
0.09944630
0.09360194
0.10961533
0.09345436
0.09369254
0.09370565
0.09358025
0.09373450
0.09362602
0.09378529
0.09456754
0.09369159
0.10790157
0.09373450
0.09366703
0.09383297
0.09367871
0.09503436
0.09358668
0.09358430
0.09416485
0.09901190
0.10722661
0.09380913
0.09367824
0.09390306
0.09377670
0.09397960
0.09378433
0.09360313
0.09370971
0.10173035
0.09351969
0.10663199
0.09361887
0.09349155
0.09393096
0.09350014
0.09359717
0.09368086
0.09363031
0.09681678
0.09353995
0.10989118
0.09346485
0.09341860
0.09358430
0.09331965
0.09334755
0.09341550
0.09334564
0.09339666
0.09403658
0.09327078
0.09367490
0.09322381
0.09330058
0.09340954
0.09335446
0.09351397
0.09340334
0.09319162
0.09487486
0.09336114
0.11097527
0.09336638
0.09338355
0.09312582
0.09332180
0.09361959
0.09335995
0.09350443
0.09370470
0.09362578
0.10719061
0.09367728
0.09337139
0.09369397
0.09350157
0.09357405
0.09363699
0.09356904
0.09358358
0.09398937
0.09354782
0.11167979
0.09387255
0.09371042
0.09369254
0.09382129
0.09364176
0.09361148
0.09393740
0.09627652
0.09405828
0.10981584
0.09399652
0.09407115
0.09406090
0.09397030
0.09388661
0.09380794
0.09378457
0.09684181
0.09389615
0.10659504
0.09420252
0.09403706
0.09399271
0.09394765
0.09411931
0.09411120
0.09432888
0.09821177
0.09401774
0.10988164
0.09394193
0.09391975
0.09384418
0.09375286
0.09380603
0.09381199
0.09387112
0.09421802
0.09434104
0.10723543
0.10142207
0.09370685
0.09378815
0.09378743
0.09376907
0.09375477
0.09379745
0.09382439
0.09419942
0.10736895
0.09361792
0.09391618
0.09374833
0.09368014
0.09375048
0.09391904
0.09376216
0.09378839
0.09677172
0.09383416
0.11125422
0.09390402
0.09391737
0.09376478
0.09380054
0.09395695
0.09380817
0.09376454
0.09411097
0.09406996
0.10646820
0.09388709
0.09369421
0.09384894
0.09369707
0.09373093
0.09351516
0.09365416
0.09363580
0.09792161
0.09361959
0.10756469
0.09365821
0.09368515
0.09358406
0.09359479
0.09511185
0.09362507
0.09379101
0.09412527
0.09414172
0.10667348
0.09351206
0.09348536
0.09356308
0.09354877
0.09358668
0.09357548
0.09362912
0.09378672
0.09629536
0.10812211
0.09365392
0.09375715
0.09362435
0.09364104
0.09372616
0.09367633
0.09375978
0.09385681
0.09658885
0.09377718
0.10811853
0.09378314
0.09409308
0.09383798
0.09389925
0.09397006
0.09386039
0.09384322
0.09405088
0.09645796
0.11101508
0.09392881
0.09395695
0.09392452
0.09377480
0.09403086
0.09375000
0.09808397
0.09390235
0.09438896
0.10490131
0.09588337
0.09382296
0.09638143
0.09366751
0.09382820
0.09405637
0.09397483
0.09393501
0.09469676
0.09384513
0.10683560
0.09392619
0.09406018
0.09387994
0.09394836
0.09414768
0.09410906
0.09400630
0.09413266
0.09425664
0.10685849
0.09403634
0.09403920
0.09411669
0.09390998
0.09395909
0.09399724
0.09392524
0.09412479
0.10007691
0.11131763
0.09441042
0.09507537
0.09428167
0.09400249
0.09401417
0.09420872
0.09407282
0.09420061
0.09504962
0.09406400
0.10684466
0.09403443
0.09399843
0.09391189
0.09387445
0.09402966
0.09414315
0.09391546
0.09416056
0.09440660
0.10839653
0.09387827
0.09395051
0.09379029
0.09381604
0.09408665
0.09659195
0.10732436
0.09378147
0.09368515
0.09368014
0.09363389
0.09379268
0.09378362
0.09379387
0.09378028
0.09674454
0.11837363
0.09418130
0.09399247
0.09381676
0.09405875
0.09417248
0.09393716
0.09404111
0.09673524
0.09399724
0.11054873
0.09389067
0.09392715
0.09385133
0.09385657
0.09393120
0.09392762
0.09379578
0.09407735
0.09437156
0.10720134
0.09363580
0.09360743
0.09360838
0.09365964
0.09368706
0.09353352
0.09358501
0.09366560
0.09389329
0.10623002
0.09371948
0.09373379
0.09383631
0.09373379
0.09374332
0.09526777
0.09382534
0.09379339
0.09400010
0.09428072
0.10852218
0.09459400
0.09443974
0.09628320
0.09522295
0.09434056
0.09377265
0.09366059
0.09372258
0.09981394
0.11085725
0.09388947
0.09382558
0.09392142
0.09398580
0.09375072
0.09379864
0.09420824
0.09435344
0.10691071
0.09382033
0.09412551
