0.02424407
0.11859822
0.09792447
0.09371638
0.09384012
0.09384131
0.10010767
0.10775852
0.09374905
0.09365630
0.09403181
0.09369779
0.09364009
0.09384203
0.09380817
0.09387398
0.09979868
0.09395933
0.10668874
0.09353328
0.09378576
0.09351802
0.09382081
0.09380531
0.09359479
0.09368038
0.09370852
0.10017228
0.11137891
0.09344149
0.09358120
0.09389067
0.09353352
0.09364033
0.09361458
0.09360957
0.09389782
0.10140729
0.10686922
0.09361696
0.09370375
0.09360647
0.09329629
0.09355879
0.09360337
0.09339309
0.09363508
0.09396219
0.09890699
0.10620546
0.09373975
0.09355879
0.09377122
0.09358740
0.09362268
0.09363484
0.09445548
0.09845972
0.11957049
0.15248847
0.13486671
0.12467027
0.14169073
0.11243486
0.09786296
0.09609818
0.10767913
0.14985371
0.12315702
0.11626172
0.11496925
0.11135483
0.10282040
0.10967255
0.11114597
0.12380457
0.10727882
0.11728024
0.09850883
0.12460566
0.11723304
0.11119223
0.13374376
0.11571980
0.11713839
0.09821200
0.10300088
0.10412931
0.09408855
0.09679103
0.09450245
0.11733961
0.13953781
0.10917187
0.09568310
0.10093212
0.09656906
0.09711075
0.09614587
0.09506440
0.09610271
0.09418392
0.09709477
0.10683155
0.09420729
0.09415841
0.09415245
0.09488750
0.09386182
0.09411168
0.09403563
0.09422565
0.09975433
0.14366865
0.12433982
0.10470939
0.09414601
0.09478116
0.09590292
0.09675479
0.09726453
0.09608626
0.10385394
0.10992098
0.10125756
0.09624934
0.09462905
0.10253119
0.10327768
0.09406376
0.09417582
0.09431028
0.10096169
0.11070204
0.09412670
0.09418464
0.09415698
0.09411120
0.09432983
0.09423447
0.09457421
0.09491682
0.11746311
0.11349416
0.09813285
0.10265064
0.11770678
0.12254095
0.11584473
0.11067510
0.11749554
0.11230350
0.11231041
0.10450959
0.09934473
0.09469461
0.10087323
0.09782028
0.12918735
0.14158893
0.15304422
0.19004750
0.14848232
0.12701511
0.13589692
0.12835979
0.11546969
0.12084222
0.11272097
0.11242843
0.11448240
0.11560321
0.11257458
0.11073136
0.11008286
0.11530137
0.12235761
0.11131835
0.11146832
0.11014175
0.10859394
0.11006331
0.10896730
0.11120296
0.11019182
0.12102509
0.11113858
0.12123418
0.13527775
0.11147785
0.10987926
0.10910916
0.11183715
0.10987115
0.12176156
0.11001420
0.10872722
0.11084843
0.11122322
0.10879636
0.11039805
0.11141443
0.12199569
0.10971904
0.11250806
0.14720249
0.11922312
0.11189389
0.11378503
0.11008167
0.11517024
0.14741325
0.14068627
0.10791826
0.11144996
0.11233783
0.13324594
0.14450979
0.19047737
0.21704221
0.11515188
0.10875177
0.23491430
0.12463760
0.11254072
0.11557007
0.11522031
0.11046982
0.14229083
0.12531757
0.10974956
0.12978601
0.09917736
0.11038280
0.10286975
0.11171961
0.10528135
0.14513302
0.18957257
0.12708402
0.15005183
0.16882944
0.14476347
0.10936213
0.10842109
0.11978626
0.13277698
0.10164094
0.10199833
0.09634662
0.11259747
0.09711003
0.09851575
0.09638000
0.10474300
0.09724641
0.11073542
0.10307097
0.17278361
0.11030817
0.11861324
0.09508896
0.09616613
0.10698724
0.11004496
0.10218453
0.11272335
0.11066151
0.10918808
0.11057925
0.12468243
0.13667393
0.13899088
0.11977124
0.11015677
0.10655975
0.10880113
0.10743737
0.15550089
0.09471893
0.10370231
0.10967970
0.09557843
0.09883285
0.10224247
0.09935141
0.09556127
0.09934235
0.09917259
0.09899426
0.10247898
0.11708331
0.10810018
0.10982394
0.11873484
0.13161755
0.11557770
0.10395217
0.10563755
0.10980678
0.11590266
0.10597634
0.10653114
0.10613108
0.10599256
0.10617280
0.10786104
0.10594463
0.11132360
0.11698961
0.10822296
0.10561109
0.10974765
0.13791847
0.11866093
0.11434031
0.11438203
0.12052083
0.11673737
0.10832810
0.10659122
0.10826206
0.10629320
0.11344624
0.14847994
0.13234162
0.10943365
0.10713744
0.10739756
0.11250639
0.10566545
0.10839963
0.10444307
0.12240672
0.13680863
0.10674000
0.10830688
0.11107922
0.11135721
0.10517573
0.10934424
0.10365796
0.11178493
0.12756729
0.10439706
0.10500836
0.10706520
0.10504103
0.10415554
0.10722280
0.10515332
0.10671759
0.10751653
0.10783744
0.10505199
0.10521364
0.10379410
0.10555387
0.10475135
0.10424495
0.10516500
0.10364819
0.11606216
0.10456419
0.10560799
0.10601377
0.10285711
0.10517550
0.10405493
0.10424399
0.10906386
0.13045430
0.10642672
0.09558463
0.10619521
0.10517073
0.09836650
0.09897184
0.09718823
0.09855938
0.10484838
0.11298990
0.09848022
0.09568286
0.09924102
0.09707212
0.10667467
0.12293267
0.11194801
0.09970093
0.11982036
0.09594774
0.09437633
0.09669876
0.09526038
0.09423137
0.09372067
0.09573913
0.09621406
0.10570431
0.14225960
0.10358286
0.10183430
0.09972143
0.09518409
0.09498405
0.09627414
0.09484601
0.09455323
0.09977198
0.10876799
0.09449601
0.11182880
0.12503004
0.10936046
0.10331416
0.10528755
0.10785294
0.11103415
0.11056948
0.11714911
0.09612393
0.09723234
0.09643602
0.09599566
0.09597325
0.09629202
0.09416866
0.11357379
0.09687710
0.09586620
0.09623408
0.09464836
0.09409475
0.09487700
0.09763169
0.09452343
0.09399271
0.09467697
0.11202526
0.09615803
0.09424233
0.09472013
0.10268211
0.09457994
0.09574127
0.09617805
0.09434724
0.09431028
0.11172152
0.09625053
0.09431529
0.09452271
0.09474707
0.09627819
0.09735990
0.09615850
0.09424973
0.09903383
0.10988450
0.09627223
0.09621930
0.09438086
0.10418558
0.10509038
0.10798645
0.11328340
0.09663343
0.11882830
0.10644054
0.10253191
0.10403371
0.10444760
0.10218334
0.10218549
0.10579467
