0.02506232
0.13257265
0.11981726
0.10633802
0.10479808
0.10331249
0.10706949
0.10302258
0.10340023
0.10327744
0.10505080
0.12416697
0.10293841
0.10363483
0.10778785
0.10317183
0.10445952
0.10743499
0.10562944
0.10449958
0.12405348
0.10389709
0.10386801
0.10397434
0.10354495
0.10429859
0.10288620
0.10374022
0.10839581
0.11246490
0.10369921
0.10278988
0.10421848
0.10313034
0.10296035
0.10443234
0.10277867
0.10254073
0.12150979
0.10415912
0.10226965
0.10328317
0.10229754
0.11017752
0.12272787
0.11035085
0.10471988
0.11740565
0.10420275
0.10466146
0.10303426
0.10541415
0.10333252
0.10639310
0.10686421
0.10232329
0.14111829
0.12177110
0.11520433
0.10806251
0.10836172
0.11821461
0.14620256
0.12669563
0.14253306
0.11239171
0.12402344
0.11361194
0.17965293
0.11063313
0.11240768
0.16215014
0.10750008
0.13557887
0.14265585
0.11486626
0.10324335
0.10348058
0.10090327
0.12846923
0.10015178
0.09924245
0.09900093
0.09609842
0.09833431
0.09614468
0.09603214
0.14217091
0.16683769
0.15379167
0.10982823
0.11939192
0.09803152
0.09983706
0.11459494
0.10074759
0.12459111
0.09973264
0.09933424
0.09948444
0.09999537
0.12298822
0.11967468
0.11206841
0.09548664
0.11493540
0.10237050
0.09767509
0.09769058
0.11676908
0.13069677
0.11664438
0.09583306
0.09634256
0.11737776
0.09757996
0.09765458
0.09658623
0.09658670
0.09909821
0.11978602
0.12136936
0.12386036
0.10974836
0.12038136
0.12524319
0.11246490
0.09998775
0.09914303
0.09846520
0.15711355
0.09819603
0.10373926
0.09619761
0.10310864
0.10693884
0.10106063
0.09601212
0.09498715
0.09757662
0.09584570
0.09855080
0.11158562
0.09693217
0.10361767
0.10122252
0.10212731
0.10204887
0.10102010
0.11740255
0.10318446
0.10123229
0.10033417
0.10221720
0.10906434
0.10733509
0.10386133
0.10009646
0.11685681
0.10289884
0.10115027
0.10175729
0.10461783
0.10033751
0.10034132
0.10245824
0.10320544
0.12309003
0.10135484
0.09912896
0.09959817
0.10038042
0.10162830
0.11456132
0.09989667
0.09986854
0.10634661
0.11546636
0.10145330
0.11538482
0.09720111
0.10159707
0.09944272
0.09921765
0.09992123
0.09927988
0.11610746
0.10009503
0.09586930
0.09646845
0.09690189
0.09630013
0.09629798
0.09567666
0.09710979
0.09532809
0.11229372
0.09781671
0.09556031
0.09573340
0.09589767
0.09718442
0.09642363
0.09611320
0.09680390
0.09652758
0.10873628
0.09628391
0.09683132
0.09690928
0.10008740
0.09910607
0.09839058
0.09860182
0.09952927
0.09914923
0.10833788
0.10052419
0.09516883
0.09591269
0.09593129
0.09484982
0.09626436
0.09510827
0.09731603
0.09780574
0.10103726
0.09777212
0.09475350
0.09593654
0.09717703
0.09675312
0.09671593
0.09511757
0.09609914
0.09791923
0.10530567
0.10015368
0.09699392
0.09735537
0.09869337
0.09741688
0.09693241
0.09746909
0.09822464
0.09722805
0.10909700
0.09873247
0.09705067
0.09701490
0.09835792
0.09696555
0.09701443
0.09684730
0.09772515
0.09713268
0.10876203
0.09992957
0.09717131
0.09708977
0.09883428
0.09723496
0.09679055
0.09688926
0.09821963
0.09730434
0.10966849
0.13094282
0.12759304
0.09706569
0.09737158
0.09723878
0.09729266
0.09856510
0.18750167
0.09567332
0.09788823
0.09825492
0.09798169
0.09820914
0.10539532
0.11247826
0.10178280
0.09645629
0.09640384
0.09665060
0.11248302
0.12334561
0.10925364
0.10075259
0.11297870
0.10774374
0.10971022
0.11245537
0.19405532
0.10794568
0.11218452
0.10534835
0.10738277
0.12908506
0.13920403
0.10912442
0.10543704
0.09824991
0.10715747
0.10978556
0.10151505
0.10428047
0.11880970
0.12801766
0.10140181
0.09545207
0.09764099
0.09843159
0.10618997
0.10348415
0.10337520
0.10375905
0.10520411
0.10663724
0.09665275
0.09551239
0.09472251
0.10335755
0.11123896
0.12074995
0.09623194
0.09451246
0.11368704
0.09871030
0.09836864
0.09739804
0.09543180
0.09706140
0.09608507
0.09900069
0.09818149
0.09450531
0.11598921
0.10172224
0.11608076
0.09820271
0.09710622
0.09596252
0.09635544
0.09442353
0.09484410
0.09465170
0.10647082
0.09671235
0.09721231
0.09930992
0.09885383
0.09872699
0.09727287
0.09728503
0.09914851
0.09888721
0.10835838
0.10133600
0.09523511
0.10259843
0.10207558
0.09598136
0.09432769
0.10291839
0.09844923
0.09886074
0.11489606
0.11063933
0.10600853
0.09404635
0.09542418
0.09437847
0.09612036
0.09599900
0.15054941
0.13214660
0.16812158
0.13303328
0.10380483
0.10628414
0.09921098
0.09937882
0.12128615
0.09997797
0.09931040
0.10241008
0.10054231
0.09905386
0.09963536
0.09804726
0.10012197
0.10713840
0.11421251
0.10988140
0.09887528
0.09737754
0.09765244
0.10278893
0.09477258
0.09468985
0.09578466
0.12081265
0.09582686
0.09497309
0.09772420
0.09681487
0.09953260
0.10110545
0.09955812
0.09982204
0.11430144
0.10876751
0.09777236
0.09838057
0.09733176
0.09704185
0.09678721
0.09830260
0.09699845
0.09723592
0.10203362
0.10992360
0.09745836
0.10107207
0.09820771
0.09771848
0.09821129
0.09939146
0.09793711
0.10784698
0.12690401
0.09980369
0.09935141
0.10343075
0.09998035
0.14539814
0.16519809
0.15787673
0.13021231
0.09769917
0.10028839
0.10113764
0.10054588
0.13669610
0.14179945
0.14944506
0.14129972
0.13776398
0.11773443
0.11575794
0.09653139
0.09481359
0.09619284
0.11222744
0.09568715
0.09705138
0.11825085
0.12029767
0.12865996
0.13559031
0.12080908
0.13197279
0.09916043
0.10064125
0.12766337
0.15295386
0.12848043
0.09729886
0.10153985
0.10957575
0.12334609
0.11201310
0.11324000
0.09601998
0.09568191
0.10009885
0.10047650
0.09670281
0.12446451
0.12759352
0.10582161
0.11182785
0.14001942
0.12515569
0.11447597
0.10404730
0.09785223
0.11573911
0.09768581
0.09845829
0.15241671
0.13977075
0.11316895
0.11153936
0.11009145
0.12028551
0.10470486
0.12303948
0.12816095
0.09747624
0.13658929
0.14362144
0.11317658
0.11983681
0.09573078
0.10194993
0.10142589
0.09548759
0.09471631
0.10415053
0.09485817
0.09331369
0.11453700
0.09323287
0.09335852
0.09484148
0.09443808
0.09309554
0.09822345
0.09461689
0.09325504
0.09304285
0.09655166
0.10581470
0.09322333
0.09317207
0.09310818
0.09355664
0.09498739
0.11369896
0.10222745
0.11187029
0.11904597
0.10666323
0.12470126
0.09773779
0.09925294
0.09951711
0.11174893
0.11502910
0.10550523
0.11633801
0.10171962
0.10852003
0.11509514
0.11457801
0.09729743
0.11684942
0.11248708
0.11063147
0.12499523
0.10449386
0.09654617
0.11588168
0.10824084
0.09569216
0.09867620
0.09618378
0.09622526
0.11647558
0.09388447
0.09437943
0.09394932
0.09422898
0.09474921
0.09564209
0.09430885
0.09804797
0.11095047
0.11175442
0.09960675
0.10113716
0.10206079
0.10770202
0.11077905
0.09647107
0.09694004
0.09724927
0.09735203
0.11552143
0.10729504
0.11113000
0.10782170
0.09437490
0.09794927
0.12767076
0.12641549
0.10115886
0.10548925
0.11851835
0.11084199
0.09424353
0.09322429
0.09362149
0.10315514
0.11235762
0.12433386
0.09773064
0.09551048
0.09497666
0.09339118
0.09346366
0.09346533
0.09381533
0.09343266
0.09351110
0.10759282
0.09408951
0.09417343
0.09530139
0.09583402
0.09620857
0.09597278
0.09631038
0.09591246
0.09600019
0.10287666
0.09781027
0.10308909
0.09901977
0.11727214
0.09413719
0.09377337
0.09558392
0.09428191
0.09473705
0.10330391
0.09778452
0.09740996
0.09398842
0.09391522
0.09409976
0.12101650
0.10034943
0.09640980
0.10200787
0.10020208
0.10597539
0.09436679
0.09456778
0.09435272
0.09406543
0.09405088
0.09393620
0.09407926
0.10855198
0.09379888
0.09505343
0.09280086
0.09315467
0.09257412
0.09408045
0.09243679
0.09209895
0.09178591
0.10883474
0.09328032
0.09250760
0.09932256
0.09285808
0.09247470
0.09209585
0.09269357
0.09256744
0.09209132
0.09223795
0.10528159
0.09297657
0.09216976
0.09220862
0.09230113
0.09234381
0.09232807
0.09223342
0.09227896
0.09303021
0.10251403
0.09309483
0.09311199
0.09305000
0.09299994
0.09295464
0.09278798
0.09333873
0.09276605
0.09281516
0.09498906
0.09633875
0.09314346
0.09303069
0.09352446
0.09322596
0.09323716
0.09342194
0.09437847
0.09395885
0.09339571
0.11211848
0.10405612
0.09330273
0.09317493
0.09338260
0.09524918
0.09331751
0.09265518
