0.03184605
0.11549163
0.09694886
0.09730124
0.09502673
0.09522820
0.09515715
0.09482741
0.10589051
0.09327793
0.09317160
0.09433293
0.09337330
0.09354448
0.09350300
0.09308553
0.09320092
0.09468651
0.11028957
0.09994984
0.10160685
0.09879541
0.10038471
0.09699488
0.09706044
0.09507322
0.09631920
0.09478545
0.10511374
0.10162735
0.13481236
0.12352562
0.14571953
0.10006261
0.12598491
0.11252904
0.10182261
0.11180520
0.09764028
0.09561539
0.09379530
0.09523535
0.10559535
0.10183096
0.09854031
0.09612012
0.11116982
0.09525871
0.09674764
0.10712147
0.09878373
0.09648848
0.09700489
0.09600782
0.09463954
0.09508681
0.11199570
0.10304785
0.09428763
0.09493518
0.09407377
0.09529543
0.09439135
0.10223579
0.10300326
0.10795689
0.11492324
0.09432864
0.09637690
0.10712600
0.09312296
0.09293175
0.09278178
0.09298944
