0.02080512
0.12299514
0.11199164
0.09727931
0.09441161
0.09441781
0.09864092
0.09976792
0.09799337
0.09882212
0.09929800
0.09779119
0.10757542
0.09526205
0.10138345
0.09576988
0.09906244
0.09646368
0.09566283
0.09883809
0.09818363
0.09456444
0.11064553
0.10900331
0.09310746
0.09627748
0.10461235
0.10436583
0.09578323
0.09583640
0.11866903
0.10180998
0.10775542
0.10186028
0.09900379
0.09685206
0.09974670
0.10059524
0.09649444
0.11016798
0.10006332
0.09865522
0.10356450
0.11353946
0.09972668
0.10613275
0.09453201
0.09408855
0.09507990
0.09916663
0.09505200
0.10674262
0.09670043
0.09596372
0.09419847
0.09718275
0.09672236
0.09311891
0.09298182
0.11167049
0.09528708
0.09362316
0.11348915
0.09715223
0.09499073
0.09491587
0.09332609
0.09441066
0.09372115
0.09345555
0.10843492
0.09346962
0.09558940
0.10088253
0.10056949
0.09978127
0.10119867
0.10313487
0.09785581
0.11357665
0.09629464
0.09680533
0.09996963
0.09903002
0.09815788
0.09877467
0.09649801
0.09712887
0.10277319
0.10788202
0.09580636
0.09920669
0.09522891
0.09811926
0.09821987
0.09898853
0.09550691
0.09695697
0.09499264
0.11166477
0.09539366
0.09696770
0.09533334
0.09861946
0.09365678
0.09485221
0.09530234
0.09550881
0.09609771
0.09511328
0.10872817
0.09546781
0.09436584
0.09359241
0.09338784
0.09447813
0.09343553
0.09359193
0.09771514
0.09690452
0.10713625
0.09954166
0.11434412
0.10462379
0.10226703
0.10633159
0.10198832
0.09561181
0.09679842
0.10614777
0.10424137
0.10003471
0.09869075
0.09473062
0.09485388
0.09703755
0.10665369
0.10142756
0.10161185
0.12036157
0.09897399
0.10037589
0.09411502
0.13175344
0.09492111
0.09543443
0.09496617
0.09518600
0.10826230
0.09525561
0.09551573
0.09576917
0.09415841
0.09643698
0.09731054
0.09592962
0.15986466
0.11755204
0.12028122
0.09640670
0.11448669
0.09668756
0.09491634
0.12240696
0.17694759
0.11296296
0.13766241
0.12032032
0.11306906
0.10478711
0.09837747
0.11699796
0.17191958
0.09412956
0.09670329
0.19173622
0.09660792
0.09627914
0.10057855
0.09499884
0.10095692
0.09368706
0.10306931
0.09697437
0.11564326
0.09630370
0.10015678
0.09938645
0.09954119
0.10127592
0.10239768
0.11102581
0.10049939
0.11354637
0.10156965
0.09552360
0.09939647
0.09842944
0.10432744
0.10269022
0.10802054
0.10736752
0.11692643
0.09668708
0.09937620
0.09696746
0.10178852
0.09678292
0.09908581
0.11456418
0.10561919
0.09790826
0.10849452
0.09454918
0.09416175
0.09462547
0.09461927
0.09701872
0.09416962
0.09452558
0.09508801
0.09517384
0.10731149
0.09447169
0.09459448
0.09632492
0.09486628
0.10682988
0.12777948
0.13122511
0.11910653
0.11199307
0.11477804
0.10142422
0.11949348
0.11577106
0.11831093
0.10888243
0.11566925
0.10407043
0.10808134
0.10706639
0.10784388
0.12968969
0.12956047
0.10802794
0.12215209
0.10714221
0.11614776
0.15127301
0.16554022
0.19019628
0.18234181
0.12458253
0.11128259
0.11743879
0.11718297
0.12400889
0.15247726
0.12819839
0.19455290
0.19793177
0.13461542
0.13257742
0.18932390
0.16934443
0.18851447
0.16235375
0.11028385
0.11265874
0.13496304
0.13460302
0.19780993
0.18301606
0.16657305
0.19704056
0.18501043
0.18236232
0.17513227
0.18277502
0.14742637
0.12551713
0.19964552
0.11435533
0.10345984
0.13291740
0.15079904
0.09743547
0.10741854
0.17307639
0.16146159
0.09788036
0.17101741
0.16695905
0.14655995
0.11187077
0.11248732
0.15048671
0.17264938
0.18221378
0.15857935
0.18669248
0.14377618
0.21388745
0.18034458
0.23226070
0.18574023
0.15604925
0.15762377
0.16577435
0.12089252
0.12721562
0.11445427
0.12035513
0.11914515
0.15637875
0.13243890
0.25156522
0.19638443
0.21309090
0.18799472
0.15501118
0.18700051
0.20705771
0.18501353
0.18220091
