0.02483082
0.09807992
0.09819198
0.12544012
0.10674071
0.11648417
0.10584784
0.15137434
0.14778900
0.11964464
0.09212446
0.14422917
0.09761000
0.28799248
0.10611534
0.10047936
0.11225271
0.09605694
0.10078239
0.14437604
0.16130614
0.09448791
0.10479760
0.12389350
0.11263275
0.11878681
0.10810518
0.12166643
0.10905623
0.12298274
0.10339808
0.10033536
0.09311056
0.10056996
0.10632682
0.10306430
0.09433746
0.09644556
0.10111976
0.10290861
0.10324287
0.09428144
0.09844470
0.09813166
0.09343386
0.10153818
0.10039091
0.09891677
0.09537268
0.09728098
0.10467386
0.09468150
0.09538245
0.09514451
0.09505630
0.11751628
0.10171890
0.09472179
0.10761166
0.11188841
0.14562392
0.15728879
0.13482690
0.10721040
0.10008955
0.09604859
0.09562802
0.12193370
0.13914514
0.10011077
0.09369278
0.14858413
0.11960244
0.11275196
0.10151196
0.11376762
0.09536624
0.14876294
0.10959554
0.11502504
0.13867140
0.16003370
0.09846711
0.09873366
0.09538579
0.11183286
0.09570456
0.11144423
0.20342469
0.12759328
0.13167548
0.22460842
0.11956215
0.10020280
0.09311461
0.09354115
0.10549593
0.09890199
0.09913111
0.09347558
0.09338832
0.10766482
0.09334016
0.09352326
0.09474564
0.09333682
0.09496379
0.09323549
0.09889364
0.16603613
0.13184881
0.12009239
0.09535122
0.09449124
0.09310579
0.09902334
0.12134624
0.09574628
0.09762144
0.10248899
0.10902524
0.09536910
0.09833074
0.09593034
0.09913969
0.10068941
0.09907126
0.09649587
0.09584832
0.10532093
0.11435938
0.09382463
0.09384370
0.09528565
0.25684643
0.11299968
0.10307145
0.09428310
0.10934782
0.11227155
0.10273385
0.12131619
0.09373331
0.09566188
0.09320474
0.09416699
0.09350228
0.09764338
0.10981250
0.09663248
0.09552264
0.15083599
0.13155103
0.11273575
0.12023616
0.10535908
0.11121655
0.10315204
0.09500146
0.10113454
0.09521580
0.10299754
0.10122323
0.09524035
0.10354614
0.10740781
0.13200164
0.10321403
0.09372663
0.09356856
0.11900067
0.10908532
0.09895015
0.09354353
0.10479212
0.12358904
0.11638331
0.09884977
0.09915090
0.09350324
0.09365082
0.09361672
0.10235810
0.09437084
0.10311341
0.10893869
0.10042572
0.09551668
0.10368252
0.09871531
0.10290003
0.10965800
0.10800028
0.10506511
0.11804771
0.11683559
0.09988999
0.10792327
0.10180902
0.09405518
0.09470844
0.11088538
0.10187221
0.09952092
0.11776257
0.13193512
0.11490154
0.11473465
0.09796667
0.10085917
0.11178279
0.10061145
0.11091876
0.11630893
0.11557102
0.10603380
0.11259604
0.10868073
0.10902762
0.10887837
0.10011888
0.10833573
0.13346195
0.11367989
0.11295033
0.13097453
0.11732054
0.11899853
0.11015701
0.10774851
0.10227442
0.11527109
0.10818458
0.09855843
0.10171080
0.10035133
0.09487104
0.09427142
0.10073352
0.09968734
0.09993243
0.10238767
0.12065387
0.10228562
0.09964776
0.09646797
0.10036087
0.10254335
0.10054612
0.09429264
0.10201788
0.10357237
0.09590745
0.09548497
0.09726596
0.09528089
0.09727097
0.09868550
0.11284947
0.10250282
0.09797406
0.11334920
0.09676790
0.10598063
0.09892321
0.09356356
0.10701942
0.09548211
0.09821916
0.11035323
0.09747696
0.09814072
0.09705091
0.09735751
0.09726596
0.09626484
0.09743214
0.09662342
0.09773588
0.11356616
0.09690952
0.09508920
0.09555411
0.09626865
0.09375215
0.09318638
0.09501171
0.09477210
0.09492064
0.09383368
0.10686016
0.10653090
0.10323596
0.11856151
0.12278366
0.12067604
0.14418888
0.11592650
0.12312627
0.11512828
0.11774397
0.11901879
0.11749268
0.11276245
0.10125327
0.09631205
0.10757923
0.11390948
0.09422398
0.10069036
0.11837983
0.11931729
0.11293483
0.13276744
0.11695600
0.12080526
0.12379050
0.10990906
0.11153674
0.11413622
0.11180949
0.09744668
0.10457921
0.09813094
0.10228992
0.11430454
0.10968709
0.10014057
0.09857249
0.09564424
0.10260344
0.09519529
0.11455631
0.11122155
0.12335896
0.11834145
0.10165811
0.14099479
0.10505223
0.11278415
0.12079620
0.11051798
0.10927796
0.11421061
0.10668492
0.09974408
0.09891391
0.10041308
0.09637117
0.09510303
0.09579158
0.09944177
0.09835267
0.10657573
0.09403372
0.09690356
0.09886432
0.10395575
0.09550524
0.09227419
0.09812880
0.09381413
0.10995674
0.11849976
0.10342216
0.09711885
0.09254360
0.09443283
0.09550190
0.09420538
0.09561968
0.09420443
0.13077664
0.10320187
0.10341859
0.09353352
0.09291625
0.09632063
0.09309554
0.09302926
0.09393525
0.09259009
0.10042500
0.11598897
0.10890722
0.10199046
0.09218168
0.09810495
0.10314584
0.10032248
0.09655094
0.09319830
0.11381721
0.09490347
0.09577441
0.09361506
0.09595847
0.09451199
0.09560156
0.09494662
0.09452629
0.09593320
0.09315181
0.10452223
0.09280777
0.09463763
0.09291744
0.09445810
0.09496737
0.09309554
0.09322762
0.09308720
0.09472728
0.10657501
0.09516096
0.09526825
0.09459281
0.09662628
0.09682631
0.09515262
0.09687853
0.09486985
0.09476376
0.10695100
0.09485340
0.09484649
0.09492302
0.09513283
0.09512162
0.09650087
0.09490347
0.09611678
0.09523129
0.10686231
0.09649825
0.09507179
0.09400439
0.09594870
0.09576416
0.09637117
0.09546876
0.09771681
0.09805036
0.10895276
0.09392619
0.09649611
0.09471011
0.09624481
0.09520555
0.09300971
0.09453535
0.09483814
0.10151005
0.10523033
0.09641457
0.09472156
0.09550047
0.09284782
0.09336495
0.09292459
0.09288812
0.09670901
0.09545422
0.09980440
0.10787392
0.09727526
0.09536695
0.11413980
0.11068463
0.11696768
0.09592485
0.10567188
0.10429788
0.09297562
0.09308600
0.09345508
0.09362793
0.09612465
0.09286284
0.09331751
0.09313941
0.09287047
0.11547399
0.09316111
0.09567332
0.09677601
0.09804034
0.09849095
0.11608124
0.10225224
0.09528375
0.09464669
0.09407091
0.09337401
0.09287786
0.12786984
0.09584975
0.09378433
0.09302711
0.09451175
