0.02951574
0.10147715
0.09564710
0.09662175
0.09596300
0.12727976
0.10039687
0.10421896
0.09684896
0.09925532
0.09706235
0.09859848
0.10216141
0.09593463
0.10083151
0.10838985
0.09789920
0.09471464
0.09440613
0.09444737
0.09473896
0.09767866
0.09814143
0.09668851
0.10798907
0.10431314
0.10540462
0.10437512
0.09637046
0.09997797
0.10476279
0.10712433
0.10446310
0.10610962
0.09650898
0.10017776
0.09629345
0.09777904
0.10901093
0.10536957
0.10140324
0.09595799
0.11549854
0.10866499
0.10357189
0.10370731
0.09526634
0.09481692
0.09540510
0.09456706
0.09418750
0.10488820
0.10706687
0.09455609
0.09539509
0.09671450
0.09435153
0.09471202
0.09459591
0.09492755
0.12999415
0.11142159
0.09982920
0.09624219
0.09851217
0.09644699
0.09686160
0.09569645
0.09749007
0.09724689
0.10449815
0.09637117
0.09789562
0.09595656
0.09776044
0.09641838
0.09593081
0.09428930
0.09564805
0.09574628
0.10454130
0.09411001
0.09427500
0.09407091
0.10228801
0.10462427
0.10443187
0.09538412
0.09799671
0.10154676
0.10056806
0.09748650
0.09612918
0.10339618
0.09626198
0.10178709
0.10664916
0.09997702
0.09591436
0.10909486
0.09525776
0.09576011
0.09608459
0.09438300
0.09587598
0.09756255
0.09543419
0.09620166
0.09568143
0.09629345
0.09539843
0.10508013
0.10906649
0.12188244
0.10024738
0.09490108
0.09454393
0.09532499
0.09476614
0.09424376
0.09430838
0.09485054
0.10049558
0.10243320
0.09427428
0.09425640
0.09484673
0.09430504
0.09457564
0.09424806
0.09423995
0.09431219
0.09511447
0.11202645
0.10626411
0.09395337
0.09425163
0.09378219
0.09442735
0.09402251
0.09409642
0.09439158
0.09480119
0.10559583
0.09432149
0.09411526
0.09458327
0.09411407
0.09438729
0.09385824
0.09559250
0.09609628
0.09568524
0.11593556
0.09453773
0.09576559
0.09927106
0.12537956
0.09578657
0.09612012
0.14035559
0.11051679
0.10635900
0.10094881
0.09506202
0.09441876
0.09825158
0.09886980
0.09571075
0.09978485
0.10683751
0.09420037
0.09423709
0.09448647
0.09968925
0.09987044
0.09701037
0.10291958
0.09828925
0.10620880
0.10862207
0.09554148
0.09490705
0.09554005
0.09434438
0.09455156
0.09434700
0.09508395
0.09424138
0.09553027
0.09603691
0.09776592
0.09686923
0.09595728
0.09435368
0.09621620
0.09427190
0.09574747
0.09564352
0.11510324
0.10572529
0.10375142
0.09925628
0.09418082
0.09561443
0.09523654
0.09423304
0.09439659
0.09416485
0.14053035
0.13978767
0.10191441
0.09453750
0.09463358
0.09688425
0.09475756
0.09460163
0.09465957
0.11307240
0.09650230
0.10849500
0.11306572
0.10672188
0.09543371
0.09478140
0.09528685
0.09452677
0.10084653
0.10851455
0.09642863
0.09779525
0.09620190
0.10288668
0.09699893
0.09814191
0.09649014
0.09833455
0.10368013
0.11107206
0.10624933
0.09489179
0.09617305
0.09676790
0.09550428
0.09453225
0.09451771
0.09444475
0.11279011
0.09459996
0.09805560
0.09671783
0.09827495
0.09702539
0.09830594
0.09641576
0.09817076
0.09627748
0.11601853
0.09688306
0.10020423
0.10369062
0.09885120
0.09986734
0.09693027
0.09919620
0.11560678
0.10029006
0.11512756
0.12564230
0.11831498
0.13361764
0.11332488
0.10827422
0.16013288
0.10150385
0.10884857
0.09455919
0.11172438
0.13559484
0.10290003
0.09521580
0.09735012
0.18195152
0.09653139
0.20888233
0.09506035
0.09541225
0.11229205
0.09714103
0.09714723
0.09750056
0.09857130
0.09997702
0.09941411
0.09724689
0.09683061
0.09923673
0.10275745
0.09894037
0.09707928
0.09892774
0.09501672
0.10037708
0.09490180
0.09832501
0.09498787
0.09821248
0.10249472
0.09695911
0.09690022
0.09695578
0.09516811
0.10155559
0.09710479
0.09889412
0.09721065
0.10749340
0.10280657
0.11012173
0.09941816
0.09715486
0.10233855
0.09856129
0.09710908
0.09749532
0.09535933
0.11210704
0.09537411
0.09701681
0.09653378
0.09703064
0.09986854
0.09540439
0.09845328
0.11667514
0.09760475
0.09918165
0.09754348
0.09922051
0.10211420
0.09881449
0.09686089
0.09908366
0.09696293
0.11629105
0.09515309
0.09513474
0.09709620
0.09962726
0.10391164
0.09704423
0.09858131
0.09675646
0.10660219
0.10968447
0.09723186
0.09874129
0.09671044
0.10281801
0.09664726
0.09836912
0.09669042
0.09865952
0.11621070
0.09895468
0.09744000
0.09892774
0.10256124
0.09959912
0.09645581
0.09908080
0.09728980
0.11524558
0.10734820
0.10482311
0.09914780
0.09735727
0.10226607
0.09686637
0.09720659
0.09920740
0.10271001
0.09969759
0.09617877
0.09759307
0.09712434
0.09995484
0.09717488
0.09910798
0.09534574
0.09684420
0.11008239
0.09570098
0.09702015
0.09583545
0.09570956
0.09893966
0.09770417
0.12678194
0.19470549
0.10298777
0.09543228
0.11451674
0.10095596
0.10387349
0.11281419
0.10248017
0.10489678
0.09727645
0.10670280
0.09687757
0.20517254
0.10234571
0.09745979
0.10846066
0.10484886
0.09889364
0.10304570
0.10852623
0.09487653
0.10293174
0.09974408
0.10129714
0.10035443
0.10056901
0.09586692
0.09961796
0.10362315
0.09992647
0.09741402
0.09695721
0.09668541
0.09653497
0.09457397
0.09477019
0.09455490
0.09539437
0.11482644
0.09638810
0.09481549
0.09467936
0.09461403
0.09531975
0.09990263
0.09943390
0.10071540
0.10210705
0.11148095
0.09594846
0.09886408
0.09637308
0.09836173
0.09697318
0.09859443
0.09641290
0.09634280
0.11262321
0.10220027
0.11274028
0.09785128
0.10151529
0.09851265
0.09489584
0.09565401
0.09522533
0.09652495
0.10297084
0.09755635
0.09538627
0.09571695
0.09490681
0.09492636
0.09472990
0.09463263
0.09636497
0.09473014
0.10609841
0.09513831
0.09476686
0.09481978
0.09558988
0.09489536
0.09513927
0.09493208
0.09488201
0.09487152
0.10926533
0.09480071
0.09542704
0.09465575
0.09473610
0.09474301
0.09460092
0.09848189
0.09952068
0.09968042
0.11327624
0.09455514
0.09533286
0.09488320
0.09616780
0.09810209
0.09619713
0.09784245
0.09616280
0.09793401
0.10358429
0.09788179
0.09758496
0.09608245
0.09789276
0.09453011
0.09782910
0.10023427
0.09481573
0.10468507
0.09600449
0.09513927
0.10335779
0.10072923
0.09963632
0.09567451
0.09926200
0.09906673
0.09963560
0.11186147
0.10307765
0.09645486
0.09651732
0.09880972
0.10199356
0.10016561
0.09734225
0.10011721
0.11001849
0.09630871
0.09634829
0.09836578
0.09814453
0.09983945
0.09987020
0.09634709
0.09816265
0.09646511
0.10215902
0.09611678
0.09721303
0.09638286
0.09729910
0.09624171
0.09718347
0.09612370
0.10198283
0.10020185
0.11748314
0.10241437
0.09911990
0.10236263
0.09876871
0.10060835
0.09944439
0.10038829
0.09941196
0.12365532
0.09532881
0.09738255
0.09753513
0.09631205
0.09807014
0.10207272
0.09952950
0.09606481
0.09812689
0.11684847
0.09765363
0.09604883
0.09768176
0.09612536
0.09605503
0.09662437
0.09614468
0.09590697
0.09712887
0.10516214
0.09613204
0.09759259
0.09613132
0.09721875
0.09610176
0.09763861
0.09605145
0.09773397
0.11467290
0.09813857
0.10371733
0.10392404
0.10258245
0.10498357
0.10259318
0.10436535
0.10295343
0.10164547
0.11211133
0.09798908
0.09995699
0.09664965
0.10228300
0.10128069
0.09891224
0.09875512
0.09678793
0.10831523
0.09620285
0.09846663
0.09945154
0.10236049
0.10075307
0.09985709
0.10629272
0.09556055
0.09943223
0.09729862
0.09424186
0.09398150
0.09433722
0.09779668
0.09929729
0.10945845
0.09435272
0.11090398
0.11525536
0.11584449
0.10331297
0.09840345
0.09794354
0.09769177
0.11061883
0.09758449
0.09450984
0.09633923
0.09819221
0.09407258
0.09592819
0.09445143
0.09722233
0.10434246
0.09734273
0.09404922
0.09664297
0.09594131
0.09569836
0.09403014
0.09401512
0.09615135
0.09495950
0.10358357
0.09908223
0.09621358
0.09771681
0.09629393
0.09786510
0.09594607
0.09788489
0.09615707
0.09594440
0.11005282
0.09399772
0.09415054
0.09448671
0.09570074
0.09700632
0.09420657
0.09414959
0.09411073
0.09393835
0.11375380
0.09760022
0.09608293
0.09784484
0.09585667
0.09785509
0.09570932
0.09706426
0.09585953
0.09758472
0.11085558
0.09553552
0.09605670
0.09610152
0.09569764
0.09632707
0.09804034
0.09609842
0.09710479
0.09582734
0.10393953
0.09588838
0.09760857
0.09667945
0.09827518
0.09599781
0.09735656
0.09689116
0.09722805
0.09567523
0.10940456
0.09622121
0.09640574
0.09717393
0.09590197
0.10307336
0.10601449
0.11660671
0.12666106
0.10563564
0.10473943
0.10471058
0.09636283
0.09808874
0.09696937
0.09817719
0.09570479
0.09723186
0.10916758
0.09707260
0.09542251
0.09734821
0.09527969
0.09743261
0.09573507
0.09678674
0.09491396
0.09587502
0.10792685
0.09900022
0.09768987
0.09968376
0.09750628
0.09844089
0.09768867
0.09706283
0.10226607
0.11255956
0.09469962
0.09409523
0.10081792
0.09420347
0.09836173
0.10334253
0.11342168
0.10553455
0.09532547
0.10364008
0.09491515
0.09465957
0.09526920
0.09438396
0.09503698
0.09585214
0.09631181
0.09483480
0.09573245
0.10676885
0.09451318
0.09456825
0.09483647
0.09508348
0.09507871
0.10105824
0.09590912
0.09682727
0.09669995
0.10272956
0.09461117
0.09469390
0.09505534
0.09659123
0.09487963
0.09533238
0.09480333
0.09484911
0.09499192
0.09982324
0.09455252
0.09475613
0.09474897
0.09464908
0.09484601
0.09503317
0.09482265
0.09465933
0.09489536
0.10685205
0.09486747
0.09449148
0.09459043
0.09446335
0.09683394
0.09473181
0.09752560
0.09578323
0.09417868
0.10713506
0.09453106
0.09496856
0.09777403
0.09436965
0.09465981
0.09420514
0.09437680
0.09473395
0.09454560
0.10913849
0.09460306
0.09447980
0.09454036
0.09448099
0.09490776
0.09474063
0.09524703
0.09458160
0.09481835
0.09876513
0.09535241
0.09482288
0.09439087
0.09473038
0.09479451
0.09427094
0.09569097
0.09558702
0.09499907
0.09488940
0.10176611
0.09473538
0.09474754
0.09482789
0.09488821
0.09512687
0.09449267
0.09484458
0.09425426
0.09461021
0.11053681
0.09475946
0.09471250
0.09425497
0.09569907
0.09623957
0.09606409
0.09605956
0.09474730
0.10998797
0.09658623
0.09466839
0.09472418
0.09419918
0.09467483
0.09616423
0.09477568
0.09458041
0.09536552
0.10265994
0.09470892
0.09463358
0.09476781
0.09476566
0.09462857
0.09434962
0.09449792
0.09493303
0.09510994
0.10895944
0.09473348
0.09485030
0.09499574
0.09437060
0.09568930
0.09464145
0.09598708
0.09485197
0.09476852
0.10643315
0.09456420
0.09455824
0.09569311
0.09475207
0.09473991
0.09488082
0.09583998
0.09590459
0.09450889
0.10358286
0.09464955
0.09465647
0.09462953
0.09431601
0.09445262
0.09449458
0.09455705
0.09511089
0.09471035
0.10234332
0.09439397
0.09575510
0.09491038
0.09479856
0.09424877
0.09674764
0.09456992
0.09526849
0.10372758
0.09431577
0.09418678
0.09431338
0.09590340
0.09644055
0.09802604
0.09606528
0.09798408
0.09603071
0.10611629
0.09550023
0.09764051
0.09566760
0.09715986
0.09618402
0.09577751
0.09657431
0.09662104
0.09613538
0.10993791
0.09706235
0.09628224
0.09706187
0.09637618
0.09714580
0.09566140
0.09734774
0.09610105
0.09743810
0.10493755
0.09553003
0.09749842
0.09585285
0.09735870
0.09578109
0.09753251
0.09595513
0.09639239
0.09432077
0.10246682
0.09591985
0.09678054
0.09578586
0.09492421
0.09588361
0.09583163
0.09418821
0.09411001
0.09448624
0.09533119
0.09621096
0.09821939
0.09641862
0.09810138
0.09620047
0.09774470
0.09578037
0.12000155
0.09600616
0.09616137
0.09551311
0.09379530
0.09424901
0.09354830
0.09357595
0.09706426
0.09552860
0.11149883
0.09369469
0.09361982
0.09510183
0.09552908
0.09594417
0.09595680
0.09562516
0.09591389
0.09560061
0.11579585
0.09723282
0.09563065
0.09757924
0.09562039
0.09806800
0.09360862
0.09549999
0.09373283
0.09706497
0.11396480
0.09377170
0.09385109
0.09549069
0.09537697
0.09561610
0.09372449
0.09384632
0.09586382
0.09690285
0.11858463
0.09586024
0.09524488
0.09771585
0.09602666
0.09779429
0.09573603
0.09787989
0.09581876
0.11394262
0.09425163
0.09402037
0.09439182
0.09564590
0.09578013
0.09527659
0.09399414
0.09417009
0.09398937
0.11680007
0.09764171
0.09582305
0.09807563
0.09583449
0.09814072
0.09587789
0.09770703
0.09592533
0.09769583
0.12464643
0.09600925
0.09584546
0.09621286
0.09397888
0.09760547
0.09610391
0.09691238
0.09561110
0.09668159
0.12250233
0.09568334
0.09773421
0.09638596
0.09845185
0.09662318
0.09736896
0.09600329
0.09762740
0.12007070
0.09642839
0.09843111
0.09609795
0.09854889
0.09640598
0.09901333
0.09675789
0.09755445
0.11430049
0.10626912
0.09739852
0.09624696
0.09747958
0.09677911
0.09772611
0.09641051
0.09769273
0.09676027
0.12199545
0.09633946
0.09765196
0.09644866
0.09749150
0.09624290
0.09762907
0.09629011
0.09780073
0.09616446
0.12319994
0.09613228
0.09454036
0.09477663
0.09612966
0.09456015
0.09464765
0.09447336
0.09633565
0.09746218
0.12513065
0.09699535
0.09828377
0.09696269
0.09881115
0.09606099
0.09784293
0.09606647
0.09798717
0.11429381
0.10420680
0.09763432
0.09385037
0.09600067
0.09574175
0.09569764
0.09684420
0.09395289
0.09384298
0.11883020
0.09508419
0.09412432
0.09413195
0.09537411
0.09845686
0.09634852
0.09764552
0.09643316
0.09777021
0.12269187
0.09643769
0.09776402
0.09686708
0.09785104
0.09653211
0.09622002
0.09440565
0.09613562
0.11350703
0.09960055
0.10464168
0.09660769
0.09657025
0.12312913
0.09833097
0.09676051
0.09872699
0.09614635
0.09899449
0.09551835
0.09845901
0.09698129
0.09648037
0.11269736
0.09618092
0.09478068
0.09656262
0.09452105
0.09469819
0.09463668
0.09474373
0.09558773
0.09468412
0.10821342
0.09643316
0.09847999
0.09796190
0.09710312
0.09621549
0.09735441
0.09616733
0.09746814
0.10288548
0.10364699
0.09638619
0.09784603
0.09679580
0.09792924
0.09639812
0.09782910
0.09616995
0.09811401
0.10681224
0.10142970
0.09578848
0.09635592
0.09499359
0.09675431
0.09634590
0.09461761
0.09470677
0.09481096
0.09687734
0.09457779
0.09513736
0.09508991
0.09500408
0.09631348
0.09779882
0.09605670
0.09674907
0.11476493
0.10122585
0.09557581
0.09687448
0.09634781
0.09782243
0.09594893
0.09492660
0.09639072
0.09472179
0.11324382
0.10069537
0.09782910
0.09616852
0.09508872
0.09525084
0.09458089
0.09616494
0.09479499
0.09618902
0.11888361
0.09621000
0.09725952
0.09616518
0.09789920
0.09640789
0.09744143
0.09618735
0.09738064
0.09621048
0.10947871
0.09619522
0.09613013
0.09723473
0.09640455
0.09786034
0.09618068
0.09700584
0.09607792
0.09748816
0.11343575
0.09547043
0.09607959
0.09840941
0.09607196
0.09768963
0.09563613
0.09781361
0.09564424
0.12163615
0.10167742
0.09524989
0.09423447
0.09588766
0.09427238
0.09387136
0.09521437
0.09616828
0.09548831
0.11715126
0.09392047
0.09411502
0.09417343
0.09403086
0.09771347
0.09588552
0.09765434
0.09652090
0.09739995
0.11766124
0.09614587
0.09798241
0.09635019
0.09835267
0.09660459
0.09651685
0.09651375
0.09675288
0.11274385
0.09862685
0.09623384
0.09813690
0.09674573
0.09783626
0.09673119
0.09663510
0.11311316
0.09769368
0.09846425
0.14951921
0.09682155
0.09826660
0.10823321
0.09603333
0.09675217
0.09906125
0.09658313
0.09827757
0.09638047
0.09801364
0.09466147
0.09472942
0.10802960
0.09640527
0.09873700
0.09922719
0.09688497
0.09800100
0.09687066
0.09798503
0.10209846
0.11131120
0.09714484
0.09849405
0.09624028
0.09843922
0.09529519
0.09497190
0.09481120
0.09654593
0.09551525
0.10920501
0.09517646
0.09505558
0.09506559
0.09652162
0.09685516
0.09876037
0.09681392
0.09897327
0.09690595
0.10916162
0.09865165
0.09683490
0.09860682
0.09685230
0.09870744
0.09680939
0.09670591
0.09485292
0.09636784
0.11198926
0.09494328
0.09489202
0.09507895
0.09673619
0.09772515
0.09491324
0.09495950
0.09669542
0.09859753
0.11105585
0.09683418
0.09687972
0.09715772
0.10087776
0.09672523
0.09767652
0.09713507
0.09885907
0.10993910
0.09692979
0.09486771
0.09549022
0.09499359
0.09830499
0.09643579
0.09486651
0.09501791
0.09483814
0.11079431
0.09656119
0.09794426
0.09704423
0.09783888
0.09693336
0.09824419
0.09664893
0.09772468
0.10980201
0.10128736
0.09598041
0.09891725
0.09499216
0.09718251
0.09762406
0.10012317
0.09645319
0.09783387
0.11054373
0.09681368
0.09743977
0.09677458
0.09795308
0.09718657
0.09906840
0.09667277
0.09858179
0.09612942
0.11035013
0.09731150
0.09758258
0.09646201
0.09744883
0.09623289
0.09710574
0.09516001
0.09799409
0.09523129
0.12048149
0.09690118
0.09532237
0.09742785
0.09575868
0.09770250
0.09564638
0.09742427
0.09567237
0.09695649
0.10832739
0.11179972
0.12852955
0.11594558
0.09525776
0.09787607
0.09492373
0.09636307
0.09459543
0.10638309
0.09470081
0.09451795
0.09292626
0.09324551
0.09382606
0.09302855
0.09291482
0.09303808
0.09498882
0.10965228
0.09547734
0.09739995
0.09496140
0.09744167
0.09523296
0.09739757
0.09496474
0.09751368
0.09558201
0.10970092
0.09573007
0.09709263
0.09540486
0.09567761
0.09374356
0.09671783
0.09506512
0.09539700
0.10571885
0.09368753
0.09521532
0.09624767
0.09389782
0.09532285
0.09562635
0.09703398
0.09506273
0.09708714
0.10881972
0.09739470
0.09532976
0.09698200
0.09563541
0.09728837
0.09514332
0.09513783
0.09508348
0.09483004
0.10714173
0.09539652
0.09316945
0.09513426
0.10340428
0.09467602
0.09332991
0.09309101
0.09376955
0.09488606
0.10976291
0.09780765
0.09528494
0.09696865
0.09535265
0.09643745
0.09490323
0.09617186
0.09445190
0.09475684
0.10677433
0.09542775
0.09279084
0.09430957
0.09872341
0.09505582
