0.01811886
0.09353256
0.09327793
0.09352732
0.09520435
0.10982633
0.09824228
0.09647107
0.09534192
0.09864807
0.09538674
0.09676528
0.09510946
0.09688425
0.09509468
0.10917759
0.10400963
0.09636354
0.09531713
0.09714437
0.09546542
0.09668422
0.09509993
0.09665084
0.09515166
0.10991883
0.10091233
0.09639311
0.09498811
0.09529400
0.09544873
0.09363079
0.09516931
0.09351492
0.09359932
0.10793924
0.10110354
0.09490514
0.09354496
0.09382486
0.09382606
0.09537768
0.09490108
0.09537172
0.09660292
0.10917163
0.10041213
0.09659648
0.09496570
0.09569407
0.09542179
0.09467006
0.09636211
0.09332061
0.09585452
0.10631108
0.09363031
0.09673142
0.09382725
0.09396958
0.09362411
0.09350538
0.09522486
0.09348178
0.10811257
0.10533094
0.09497118
0.09577346
0.10116029
0.09691834
0.09818530
0.09559822
0.09513211
0.09522319
0.11127377
0.10408092
0.09319282
0.09518409
0.09696865
0.09430337
0.09666681
0.09482098
0.09673500
0.09512806
0.10900378
0.10399890
0.09487438
0.09563780
0.09543133
0.09506321
0.09488845
0.09614730
0.09522319
0.10879064
0.10089803
0.09525752
0.09478951
0.09669495
0.09378386
0.09493113
0.09344029
0.09482765
0.09336686
0.09514642
0.10686302
0.10106826
0.09325361
0.09331298
0.09363294
0.09503293
0.09538054
0.09687543
0.09518695
0.09622478
0.10715842
0.10236549
0.09494328
0.09762645
0.09539652
0.09596920
0.09503818
0.09501743
0.09515524
0.09320688
0.10885692
0.10216904
0.09479547
0.09507513
0.15432382
0.10383081
0.09469080
0.09475541
0.09615254
0.10910368
0.10172844
0.09619164
0.09470987
0.09480429
0.09596562
0.09492111
0.09629846
0.09417748
0.09660649
0.10913277
0.09942412
0.09513593
0.09461689
0.09660435
0.09606719
0.09499288
0.09512758
0.09594202
0.09500098
0.10652828
0.09337211
0.09943652
0.09479952
0.09743309
0.09583974
0.09877014
0.09561992
0.09740877
0.09669018
0.09739780
0.11060524
0.10753751
0.09509110
0.09712458
0.09528589
0.09537840
0.09327412
0.09326768
0.09323907
0.09476542
0.10886478
0.10115623
0.09320903
0.09349537
0.09505630
0.09506917
0.09481025
0.09634638
0.09509993
0.09504676
0.10833645
0.10439825
0.09498191
0.09716654
0.09562922
0.09727168
0.09531355
0.09388781
0.09503436
0.09328055
0.10721016
0.10045409
0.09302521
0.09307814
0.09337115
0.09529090
0.09489655
0.09433293
0.09301615
0.09508371
0.10701323
0.10255766
0.09495950
0.09689164
0.09533143
0.09746194
0.09520030
0.09693933
0.09493542
0.09698796
0.10732460
0.10197496
0.09498119
0.09303904
0.09334731
0.09382772
0.09473872
0.09635472
0.09457254
0.09310126
0.10679388
0.09591103
0.10322428
0.09466457
0.09694123
0.09567928
0.09744000
0.09510350
0.09695983
0.09529996
0.09603572
0.09537649
0.10536671
0.09508157
0.09703255
0.09380794
0.09505963
0.09486747
0.09741330
0.09453726
0.09586811
0.10703325
0.10212851
0.09456420
0.09655833
0.09501338
0.09712100
0.09550810
0.09467435
0.09608936
0.09501076
0.10790992
0.10210896
0.09477425
0.09508848
0.09702849
0.09488869
0.09661651
0.09450459
0.09739590
0.09490204
0.10348129
0.10021257
0.09641957
0.09493923
0.09652257
0.09503436
0.09486842
0.09495544
0.09410238
0.09665608
0.10278368
0.09659529
0.09469223
0.09658575
0.09511375
0.09690928
0.09470320
0.09668589
0.09458375
0.09661865
0.10254240
0.09501314
0.09471774
0.09316659
0.09488654
0.09349465
0.09468317
0.09316897
0.09301591
0.09319830
0.09320736
0.10088420
0.10174942
0.09456134
0.10229826
0.09530902
0.09545469
0.09620166
0.09498882
0.09700513
0.09507132
0.10653996
0.09554029
0.09681010
0.09499145
0.09521937
0.09553194
0.09502649
0.09469223
0.09594965
0.09493566
0.10497332
0.09963059
0.09463763
0.09322834
0.09349227
0.09380603
0.09706783
0.09501362
0.09498906
0.09507394
0.10413098
0.09840202
0.09636045
0.09489393
0.09472251
0.09682345
0.09496069
0.09631658
0.09312224
0.09517288
0.10828304
0.09316730
0.10000300
0.09323025
0.09506273
0.09379983
0.09284043
0.09336329
0.09311628
0.09290171
0.09480357
0.10363603
0.10407472
0.09495378
0.09662771
0.09549952
0.09516907
0.09637356
0.09473920
0.09670854
0.09546876
0.10697651
0.09887767
0.09475946
0.09477758
0.09535575
0.09506989
0.09317040
0.09312892
0.09292078
0.09310007
0.10592365
0.09981680
0.09322619
0.09644055
0.09489679
0.09537053
0.09479928
0.09710884
0.09450746
0.09551239
0.10481548
0.10379505
0.09487271
0.09626937
0.09527230
0.09597802
0.09469891
0.09446359
0.09583259
0.09481168
0.10353279
0.11349058
0.09474540
0.09587169
0.09487796
0.09507036
0.09477997
0.09322381
0.09462738
0.09315968
0.10633945
0.09327793
0.09419847
0.09469104
0.09331822
0.09388280
0.09308434
0.09335494
0.09483027
0.10065246
0.09480190
0.10029507
0.10141230
0.09557104
0.09470963
0.09464836
0.09495783
0.09490514
0.09622574
0.09504318
0.09509063
0.10167575
0.09931135
0.09347701
0.09476686
0.09547782
0.09364486
0.09323931
0.09329486
0.09313178
0.09523153
0.10018110
0.09484625
0.09692955
0.09424424
0.09641814
0.09525347
0.09637117
0.09472775
0.09484649
0.09434891
0.10905647
0.09472728
0.10185170
0.09487534
0.09337854
0.09713936
0.09505939
0.09669232
0.09504604
0.09659171
0.09490538
0.10369325
0.10072517
0.09656310
0.09320426
0.09608006
0.09504604
0.09644914
0.09472919
0.09488010
0.09620500
0.10965347
0.09533572
0.09457707
0.09610176
0.09529138
0.09476399
0.09513712
0.09338164
0.09325671
0.09473014
0.10192323
0.09494376
0.09862590
0.09311032
0.09348631
0.09362340
0.09322453
0.09514737
0.09743357
0.09512258
0.11039257
0.09493208
0.10336471
0.09624243
0.09668803
0.09473777
0.09682536
0.09509277
0.09704876
0.09319901
0.10812998
0.09515953
0.10229969
0.09475517
0.09672070
0.09578562
0.09623861
0.09511757
0.09477973
0.09608150
0.09573841
0.09677029
0.10162425
0.09462953
0.09491801
0.09644914
0.09470820
0.09649491
0.09483790
0.09648275
0.09494805
0.10510898
0.10308242
0.09487009
0.09319830
0.09684014
0.09548831
0.09478426
0.09630299
0.09462404
0.09601569
0.10531330
0.10121417
0.09352231
0.09489107
0.09547210
0.09796309
0.09692049
0.09741592
0.09516931
0.09745526
0.10639787
0.09800649
0.09759808
0.09541774
0.09567904
0.09695411
0.09507966
0.09354019
0.09336329
0.09361744
0.10640550
0.09950018
0.09349561
0.09340239
0.09364986
0.09507775
0.09334302
0.09694314
0.09531093
0.09540749
0.10683084
0.09722137
0.10173678
0.09649301
0.09534621
0.09540129
0.09710646
0.09518862
0.09683084
0.09358358
0.10339665
0.09353375
0.10230684
0.09354115
0.09343314
0.09416413
0.09339857
0.09652352
0.09431362
0.09347224
0.09342170
0.11110425
0.10054302
0.09710455
0.09548163
0.09780407
0.09548426
0.09732676
0.09536481
0.09738684
0.09542108
0.10466170
0.10030556
0.09533739
0.09347939
0.09367299
0.09395480
0.09498692
0.09494257
0.09493351
0.09342265
0.10101151
0.09360600
0.09381890
0.09644628
0.09548664
0.09784174
0.09530759
0.09749770
0.09523630
0.09724355
0.10097003
0.09732914
0.10104465
0.09727812
0.09548092
0.09615111
0.09542537
0.09355426
0.09718037
0.09564233
0.10419059
0.09445477
0.10503721
0.09521604
0.09700537
0.09590292
0.09762239
0.09559321
0.09634066
0.09536552
0.10785246
0.09534025
0.10263920
0.09518671
0.09750009
0.09640288
0.09703684
0.09561825
0.09497690
0.09675193
0.10792661
0.09539843
0.10370111
0.09534669
0.09567285
0.09551930
0.09511399
0.09639025
0.09551835
0.09726834
0.10492229
0.09694719
0.10202718
0.09693503
0.09520388
0.09723973
0.09530425
0.09689689
0.09543037
0.09677386
0.09927940
0.09817123
0.10299301
0.09522343
0.09347129
0.09523201
0.09375978
0.09521174
0.09339714
0.09342360
0.09379601
0.10579681
0.10259008
0.09675097
0.09516644
0.09760308
0.09578371
0.09665990
0.09541464
0.09527016
0.09703112
0.10724616
0.09535336
0.09626842
0.09516358
0.09515715
0.09574580
0.09673548
0.09502459
0.09496975
0.09631896
0.10497904
0.09325027
0.10008931
0.09488440
0.09315705
0.09385300
0.09322381
0.09471536
0.09674096
0.09508801
0.10043669
0.09528446
0.10409689
0.09518528
0.09669328
0.09535551
0.09684420
0.09499002
0.09681773
0.09314394
0.10465717
0.09486532
0.10083246
0.09331107
0.09332657
0.09532666
0.09326530
0.09340882
0.09322262
0.09324360
0.09330249
0.10474133
0.10002255
0.09647465
0.09503651
0.09681082
0.09553480
0.09693122
0.09515309
0.09700704
0.09531832
0.10259318
0.09518433
0.10117602
0.09318185
0.09490585
0.09558821
0.09476328
0.09321809
0.09345436
0.09327507
0.09648299
0.09493685
0.10012007
0.09384847
0.09505534
0.09543777
0.09900761
0.09415889
0.09615302
0.09479475
0.11035657
0.09398127
0.10287428
0.09432292
0.09617019
0.09562922
0.09648633
0.09491539
0.09706616
0.09478927
0.09566760
0.09594870
0.10242510
0.09479809
0.09660339
0.09481859
0.09511423
0.09519291
0.09325624
0.09488583
0.09365892
0.10130668
0.09332442
0.10001349
