0.02867627
0.09365296
0.09413147
0.09347582
0.09358525
0.09495306
0.09650898
0.10147691
0.09650087
0.10302234
0.09585381
0.09479690
0.09648967
0.09428120
0.09654999
0.09470105
0.09463763
0.10036612
0.09341168
0.10155725
0.09308124
0.09483814
0.09533477
0.09317350
0.09322834
0.09328127
0.09867334
0.09488392
0.10372329
0.09489369
0.09488964
0.09571934
0.09478903
0.09472942
0.09476662
0.09629893
0.09921241
0.09465814
0.10188580
0.09459615
0.09319949
0.09691501
0.09489846
0.09657383
0.09398150
0.09576321
0.10023093
0.09638429
0.09964728
0.09478235
0.09351492
0.09678841
0.09530163
0.09685826
0.09447646
0.09622359
0.10053873
0.09656620
0.10247946
0.09508324
0.09609079
0.09563708
0.09394789
0.09445024
0.09306002
0.09455609
0.10035896
0.09347296
0.10146356
0.09303498
0.09312749
0.09354687
0.09321594
0.09482551
0.09633040
0.09523058
0.10663557
0.09507036
0.10292768
0.09496832
0.09695148
0.09475660
0.09704089
0.09513235
0.09705329
0.09337711
0.10357094
0.09527302
0.09687924
0.09460258
0.09712505
0.09580588
0.09725142
0.09535074
0.09705329
0.09566426
0.10391879
0.09553313
0.10241365
0.09517217
0.09674788
0.09611130
0.09666562
0.09509301
0.09655309
0.09538364
0.09942865
0.09516788
0.10061312
0.09501719
0.09554076
0.09686184
0.09666872
0.09506106
0.09649301
0.09532428
0.09938860
0.09364748
0.09411335
0.09534335
0.09609318
0.09941626
0.09535933
0.09752131
0.09562635
0.11097860
0.09770536
0.10220242
0.09805751
0.09568763
0.09840035
0.09534097
0.09583259
0.09394932
0.09374094
0.09662247
0.09539747
0.10124493
0.09493256
0.09354258
0.09422517
0.09512138
0.09526873
0.09495187
0.09733438
0.10224509
0.11080122
0.13216472
0.09905386
0.09428430
0.09404969
0.09365702
0.09473538
0.09401274
0.10255122
0.09368086
0.09783530
0.09397078
0.09375358
0.09400415
0.09433341
0.09494853
0.09427261
0.09400654
0.10816526
0.09426236
0.10174918
0.09390521
0.09610009
0.09707403
0.09613872
0.09692430
0.09602141
0.10954618
0.09606481
0.10371709
0.09429836
0.09419203
0.09431648
0.09389734
0.09382629
0.09655261
0.09566665
0.10496688
0.09392190
0.09625053
0.09411073
0.09644747
0.09571362
0.09723854
0.09576106
0.09663653
0.09583807
0.10822439
0.09578371
0.10020781
0.09631753
0.09576821
0.09672213
0.09427857
0.09592557
0.09557438
0.09815335
0.10228896
0.09729886
0.09845424
0.09751439
0.09590340
0.09790182
0.09568286
0.09846234
0.09629774
0.09764004
0.10707140
0.09731126
0.10039687
0.09679127
0.09563994
0.09807658
0.09760380
0.09613943
0.09768367
0.09624267
0.10940981
0.10157895
0.09999537
0.09690118
0.09589720
0.09699774
0.09577751
0.09765291
0.09618497
0.10830998
0.09589624
0.10015988
0.09590769
0.09588885
0.09659100
0.09562588
0.09710026
0.09514213
0.10279131
0.10626197
0.09730721
0.09682798
0.09587407
0.09418941
0.09581804
0.09417176
0.09575629
0.09438801
0.09443474
0.10190535
0.09628010
0.09990764
0.09781694
0.09619594
0.09888411
0.09577322
0.09800029
0.09595847
0.09768057
0.10104060
0.09768224
0.09640694
0.09757662
0.09577370
0.09726167
0.09403634
0.09558964
0.09712052
0.09544420
0.10420942
0.09391379
0.09451342
0.09387755
0.09550166
0.09403634
0.09391403
0.09471011
0.09771633
0.09560776
0.10742736
0.11509585
0.12421179
0.09846210
0.09770155
0.09572101
0.09745717
0.09600401
0.09653568
0.10331893
0.09615040
0.10431433
0.09457874
0.09456038
0.09639955
0.09471178
0.09467506
0.09466648
0.09475684
0.10174465
0.09818649
0.10217762
0.09824038
0.09671879
0.09879255
0.09666920
0.09779811
0.09660959
0.09807158
0.10777926
0.09677052
0.10302782
0.09641242
0.09618568
0.09495902
0.09791255
0.09471226
0.09449077
0.09460068
0.10525513
0.09607983
0.10304642
0.09459949
0.09750032
0.09613872
0.09921193
0.09606314
0.09618521
0.09778547
0.09645104
0.09762812
0.09590650
0.09769416
0.09561443
0.09747505
0.09584260
0.09722447
0.10088682
0.09728503
0.10185814
0.09704041
0.09559703
0.09687734
0.09553576
0.09587049
0.09397912
0.09410238
0.09955168
0.09373021
0.10119796
0.09398341
0.09511161
0.09418726
0.09414887
0.09393430
0.09384561
0.09651566
0.10489202
0.09561586
0.10178304
0.09539223
0.09678555
0.09582973
0.09715390
0.09563684
0.09714413
0.09539270
0.10977936
0.09453416
0.10225749
0.09427929
0.09571719
0.09979796
0.09405065
0.09392357
0.09387112
0.09413004
0.10229325
0.09404516
0.10523438
0.09588814
0.09672141
0.09772825
0.09583712
0.09729910
0.09595656
0.11091232
0.09555149
0.09748793
0.10664725
0.09623575
0.09474635
0.09768033
0.09521008
0.09780097
0.09527779
0.10196066
0.09597445
0.09692025
0.10103631
0.09746289
0.09478331
0.09710979
0.09630394
0.09703016
0.09588313
0.10930657
0.09787393
0.09659028
0.09801102
0.09633470
0.09816980
0.09595966
0.09598994
0.09454727
0.09470129
0.09876513
0.09634757
0.10099673
0.09606671
0.09455299
0.09494019
0.09451985
0.09471321
0.09615016
0.09806824
0.10278893
0.09732103
0.10168076
0.09799433
0.09639311
0.09830713
0.09641409
0.09731770
0.09624910
0.09613132
0.09673309
0.09664154
0.09631157
0.09784269
0.09623408
0.09805751
0.09615445
0.09799957
0.09760070
0.10949993
0.09834099
0.10383248
0.09728360
0.09543347
0.09748292
0.09552240
0.09723973
0.09531760
0.09724164
0.10154700
0.09618545
0.10389423
0.09439158
0.09603548
0.09654641
0.09713960
0.09637403
0.09619045
0.09624028
0.10820103
0.09438181
0.10227203
0.09428334
0.09576297
0.09470129
0.09602642
0.09579849
0.09430790
0.09639597
0.10300922
0.09414816
0.09493279
0.09587145
0.09467268
0.09479642
0.09486175
0.09450722
0.09419322
0.10728645
0.09425139
0.09568000
0.09524155
0.09439301
0.09440398
0.09453321
0.09461808
0.09433246
0.09430289
0.10956311
0.09445477
0.09459352
0.09526253
0.09485698
0.09493089
0.09649277
0.09689522
0.09604073
0.09647298
0.10792065
0.09456468
0.09469318
0.09591961
0.09473968
0.09449482
0.09469128
0.09470844
0.09420919
0.09450531
0.09574080
0.09585357
0.09469008
0.09495735
0.09433389
0.09614754
0.09491897
0.09456372
0.09625268
0.09619045
0.09636784
0.09613252
0.09439015
0.09458494
0.09435511
0.09471846
0.09479117
0.09467578
0.09449458
0.09440780
0.09476042
0.10108447
0.09440732
0.09488082
0.09600139
0.09491730
0.09473848
0.09453273
0.09464455
0.09488750
0.10847950
0.09452319
0.09442997
0.09530139
0.09486604
0.09468389
0.09508085
0.09456539
0.09477806
0.09459805
0.10356402
0.09517765
0.09445977
0.09514380
0.09474397
0.09453940
0.09500575
0.09464455
0.09480548
0.09473348
0.09642816
0.09498119
0.09496236
0.09839821
0.09472036
0.09454060
0.09608865
0.09464717
0.09606504
0.09609890
0.09682798
0.09577227
0.09486818
0.10096359
0.09458995
0.09431219
0.09592128
0.09484601
0.09460616
0.09515762
0.09678864
0.09558415
0.09518814
0.10139227
0.09626698
0.09837103
0.09631872
0.09761477
0.09593916
0.09785485
0.09861636
0.09746075
0.09590101
0.09608555
0.09567666
0.09600496
0.09469128
0.09449506
0.09596252
0.09440827
0.10438657
0.09430504
0.09631062
0.09797692
0.09611487
0.09878182
0.09593177
0.09821081
0.09540462
0.09819245
0.10680676
0.09797502
0.09567332
0.09788918
0.09549308
0.09781647
0.09560323
0.09624076
0.09592509
0.09589934
0.10695434
0.09570885
0.09404635
0.09461641
0.09580421
0.09467793
0.09429264
0.09394836
0.09772825
0.09586215
0.10289717
0.21102858
0.09690213
0.09560204
0.09666133
0.09546280
0.09798336
0.09385610
0.09519124
0.09427357
0.09391046
0.09408784
0.09569573
0.09530568
0.09419250
0.09392738
0.10565734
0.09553599
0.09562325
0.09720755
0.09536076
0.09705329
0.09560370
0.09705830
0.09552169
0.09691072
0.11426520
0.09646702
0.09772229
0.09419417
0.09588337
0.09642982
0.09599781
0.09566307
0.09388781
0.09419322
0.09723806
0.09590435
0.09938216
0.09431171
0.09564757
0.09816599
0.09577346
0.09859800
0.09551525
0.09702086
0.10271764
0.09671426
0.09496999
0.09670043
0.09543538
0.09731650
0.09545398
0.09693670
0.09535766
0.09701157
0.09794831
0.09678769
0.09582138
0.09662127
0.09561396
0.09678769
0.09554935
0.09581399
0.09392595
0.09586692
0.09739399
0.09432626
0.09438586
0.09461451
0.09541297
0.09447789
0.09461021
0.09442210
0.09434056
0.09621906
0.09791708
0.09770799
0.09607148
0.09755230
0.09569526
0.09809494
0.09553361
0.09602118
0.09532690
0.10335684
0.09628034
0.09460855
0.09503150
0.09463549
0.09550261
0.09639978
0.09447169
0.09473658
0.09458566
0.10745955
0.09613800
0.09483004
0.09806180
0.09609938
0.09782386
0.09658742
0.09748602
0.09596395
0.09728789
0.09967208
0.09636855
0.09759545
0.09622383
0.09595776
0.09465933
0.09632826
0.09593964
0.09601045
0.09602189
0.10170674
0.09560180
0.09722161
0.09579229
0.09713960
0.09432316
0.09646368
0.09598327
0.09595013
0.09561014
0.10070610
0.09559822
0.09731841
0.09613061
0.09745622
0.09571624
0.09780240
0.09388733
0.09534478
0.09367895
0.10391712
0.09345269
0.09529591
0.09527445
0.09338236
0.09366107
0.09376073
0.09376216
0.09355021
0.09534168
0.09999871
0.09505105
0.09658074
0.09476280
0.09686422
0.09556866
0.09535694
0.09530163
0.09498906
0.09524226
0.10275936
0.09540105
0.09550214
0.09629178
0.09511137
0.09751201
0.09714222
0.09639549
0.09508085
0.09656930
0.10213184
0.09665608
0.09531379
0.09661794
0.09488320
0.09608960
0.09512591
0.09624004
0.09499264
0.09499335
0.10203958
0.10686374
0.09971404
0.09491110
0.09546781
0.09561062
0.09628868
0.09670377
0.09504986
0.11013937
0.09516692
0.09476829
0.09468913
0.09386158
0.09374309
0.09733915
0.09581971
0.09769392
0.10124540
0.10812402
0.09544039
0.09768677
0.09560370
0.09750676
0.09576964
0.09817004
0.09543109
0.09704852
0.09341002
0.10369420
0.09338284
0.09520102
0.09507918
0.09360528
0.09396100
0.09418869
0.09530306
0.09361744
0.09653997
0.10898304
0.09545541
0.09672928
0.09498549
0.09733343
0.09564710
0.09706354
0.09559417
0.09748983
0.09517765
0.10271358
0.09663200
0.09368658
0.09905434
0.09512186
0.09391117
0.09387136
0.09353971
0.09533668
0.09664726
0.10421634
0.09363770
0.09506440
0.09720469
0.09492779
0.09740806
0.09515429
0.09698892
0.09543538
0.09733891
0.10339022
0.09724522
0.09555078
0.09751034
0.09549880
0.09353995
0.09370995
0.09345269
0.09352875
0.09588003
0.10453987
0.09354353
0.09353447
0.09482670
0.09358954
0.09689093
0.09759283
0.09920835
0.09725356
0.09519172
0.11051440
0.09538984
0.09734988
0.09562898
0.09712005
0.09569287
0.09765100
0.09344864
0.09527493
0.09497261
0.10471106
0.09497786
0.09673309
0.09555769
0.09669089
0.09497857
0.09721518
0.09504199
0.09774470
0.09527636
0.10430813
0.09517980
0.09717464
0.09840727
0.09698081
0.09565759
0.09802604
0.09521604
0.09750438
0.09552360
0.10995770
0.09608912
0.09699202
0.09551430
0.09685159
0.09558773
0.09717155
0.09503770
0.09655786
0.09544325
0.10362315
0.09532356
0.09707880
0.09496212
0.09651971
0.09517550
0.09688210
0.09635830
0.09516501
0.10525751
0.09363317
0.09317732
0.09625769
0.09475207
0.09430075
0.09342027
0.09308791
0.09302807
0.09323025
0.10573530
0.09452724
0.09296846
0.09311652
0.09307265
0.09323764
0.09401560
0.09325600
0.09365726
0.09312630
0.09428263
0.11064005
0.09418440
0.09317398
0.09343028
0.09322786
0.09382391
0.09493852
0.09303737
0.09315205
0.09450412
0.11101532
0.09330654
0.09322667
0.09721828
0.09325838
0.09322953
0.09327531
0.09315491
0.09366918
0.09327412
0.11082840
0.09328747
0.09324646
0.09336114
0.09368587
0.09339118
0.09441972
0.09332180
0.09495425
0.09694719
0.09362555
0.09460068
0.09500098
0.09730959
0.09357333
0.09326601
0.09439111
0.09317279
0.09339404
0.09334207
0.11036491
0.09425879
0.09522295
0.09704518
0.09504223
0.09677982
0.09518790
0.09564424
0.09516168
0.09697747
0.09972668
0.09616971
0.09556293
0.09463692
0.09551930
0.09483337
0.09325194
0.09646559
0.09323239
0.10387182
0.10140157
0.09329867
0.09900618
0.09372306
0.09373546
0.09537244
0.09526753
0.09791780
0.09412265
0.11459517
0.09702611
0.09507823
0.20480156
0.20476365
0.10289979
0.09482074
0.09661412
0.09490633
0.09661627
0.09326315
0.09491825
0.10490656
0.09326959
0.09319139
0.09959626
0.09315348
0.09494710
0.09306073
0.09324741
0.09326696
0.09322405
0.10106134
0.09665346
0.09467196
0.10127997
0.09470272
0.09692383
0.09514308
0.09646130
0.09490442
0.09615731
0.10258412
0.09551406
0.09522104
0.09999204
0.09374714
0.09387779
0.09505653
0.09418631
0.09356475
0.09350681
0.10410929
0.09578133
0.10050011
0.09499860
0.09570980
0.09479666
0.09732628
0.09482145
0.09478927
0.10204124
0.09518552
0.09497714
0.10095692
0.09491539
0.09491038
0.09337234
0.09627914
0.09471393
0.09523797
0.10184693
0.09591389
0.09526253
0.10228753
0.09516191
0.09703445
0.09332299
0.09678626
0.09515929
0.09546494
0.10253239
0.09717917
0.09552455
0.10091257
0.09543657
0.09749937
0.09500146
0.09688926
0.09323001
0.09491849
0.09978390
0.09457731
0.09318614
0.10009813
0.09430075
0.09309864
0.09301782
0.09308600
