0.01757479
0.09758139
0.09393835
0.10095215
0.09601855
0.10982251
0.09732938
0.09523010
0.09407902
0.09370613
0.09609723
0.09385753
0.09389257
0.09460044
0.10486865
0.10996985
0.09614825
0.09736586
0.09563994
0.09724498
0.09596682
0.09778404
0.09565473
0.09647560
0.10090041
0.10791111
0.09603620
0.09546590
0.09391379
0.09371209
0.09412718
0.09360886
0.09488416
0.09374976
0.09924936
0.10652375
0.09430623
0.09573364
0.09700513
0.09587574
0.09596395
0.09594750
0.09584498
0.09724045
0.09617996
0.10918450
0.09538078
0.09733605
0.09597301
0.09510469
0.09576797
0.09548855
0.09371781
0.09698415
0.10052156
0.10633063
0.09412146
0.09380245
0.09527516
0.09371567
0.09394646
0.09557986
0.09690523
0.09553623
0.10309458
0.09567714
0.10751677
0.09573126
0.09652734
0.09544539
0.09685612
0.09541297
0.09721255
0.09525061
0.09640503
0.10028124
0.10787988
0.09582686
0.09720206
0.09778762
0.09571624
0.09703517
0.09559965
0.09554863
0.10228062
0.09392118
0.10585380
0.09395075
0.09394574
0.09385943
0.09386349
0.09558749
0.09369159
0.09379482
0.09386086
0.10437942
0.10693216
0.09485364
0.09707689
0.09531879
0.09581208
0.09578204
0.09544706
0.09654236
0.09537745
0.10393834
0.10623384
0.09533072
0.09380579
0.09382272
0.09388256
0.09401631
0.09703040
0.09359956
0.09374022
0.10063958
0.10556006
0.09556174
0.09390140
0.09544301
0.09698677
0.09568954
0.09439707
0.09669256
0.09538865
0.10381365
0.10541916
0.09608126
