0.02390695
0.09409213
0.09435225
0.09436631
0.09411168
0.09402013
0.10094023
0.09412265
0.10708928
0.09383726
0.09409356
0.09388423
0.09402609
0.09384966
0.09414887
0.09412003
0.10034513
0.09420753
0.09585547
0.09730768
0.09584928
0.09757638
0.09585309
0.09719658
0.10057020
0.09707856
0.09610105
0.11465216
0.09563255
0.09381652
0.09565687
0.09561801
0.09555697
0.09360003
0.09473467
0.09377980
0.09435034
0.10393882
0.09411407
0.09548140
0.09665203
0.09579611
0.09601545
0.09532285
0.10206556
0.09534669
0.11669779
0.12954855
0.09485745
0.09722257
0.09488916
0.09771800
0.09495330
0.11440992
0.09720135
0.09518003
0.09662962
0.09545112
0.09584284
0.09576273
0.09434342
0.09536147
0.09389162
0.10001540
0.09402800
0.09370375
0.09546208
0.09368420
0.09369349
0.09381008
0.09385991
0.10309100
0.09532022
0.10522342
0.09545064
0.09687018
0.09861183
0.09660506
0.09576774
0.09689617
0.09583664
0.09670186
0.09412050
0.10390973
0.09380460
0.09360313
0.09404230
0.09660125
0.09392738
0.09370089
0.09400487
0.09871888
0.09551811
0.09818602
0.09540558
0.09634757
0.09565997
0.09602618
0.09570241
0.09686065
0.10024261
0.09713578
0.09569788
0.10291076
0.09550023
0.09528303
0.09422565
0.09554648
0.09605336
0.09647608
0.10098743
0.09626842
0.09564137
0.10273099
0.09531617
0.09653044
0.09394073
0.09707046
0.09572053
0.09723425
0.10074997
0.09678984
0.09584284
0.09910512
0.09539533
0.09544444
0.09572291
0.09546828
0.09575248
0.09862351
0.09431148
0.09523153
0.10711336
0.09531212
0.09396124
0.09382272
0.09390092
0.09395123
0.09395266
0.10272026
0.09620762
0.09730029
0.10102773
0.09699678
0.09472513
0.09695554
0.09496975
0.09685874
0.09517264
0.10645366
0.09564972
0.09544563
0.10705495
0.09518313
0.09599757
0.09531832
0.09602404
0.09508300
0.09693885
0.10424471
0.09756637
0.09570742
0.10241246
0.09553671
0.09682655
0.09572911
0.09708452
0.09528041
0.09714031
0.10162401
0.09705138
0.09520745
0.10895133
0.09575462
0.09581399
0.09598732
0.09565997
0.09717965
0.09461713
0.10370564
0.09564686
0.10376620
0.09426188
0.09388494
0.09418988
0.09733653
0.09527636
0.09803843
0.10041070
0.09771419
0.09629130
0.10492373
0.09617662
0.09598517
0.09831715
0.09560037
0.09771085
0.09621906
0.09455276
0.09402370
0.09463334
0.10949612
0.09740782
0.09409308
0.09436369
0.09407496
0.09443831
0.09404850
0.10288858
0.09614229
0.09809828
0.10634613
0.09771752
0.09630823
0.09761620
0.09612417
0.09820104
0.09579062
0.10317302
0.09620786
0.09672761
0.09625864
0.09634376
0.09591961
0.09452200
0.09457421
0.09460926
0.09742332
0.09694529
0.09458685
0.10270071
0.09762454
0.09645081
0.09786701
0.09655285
0.09833980
0.09664941
0.09814119
0.10399365
0.09669900
0.11067104
0.09681797
0.09674835
0.09685755
0.09537292
0.09515142
0.09527540
0.09661770
0.09739828
0.09544015
0.10444832
0.09528708
0.09538960
0.09828568
0.09739923
0.09923339
0.09747720
0.09930563
0.09739161
0.09889388
0.10312271
0.09830904
0.09731627
0.09901643
0.09731722
0.09519005
0.09734297
0.10287046
0.09935212
0.10967398
0.09877586
0.09650159
0.09846163
0.09605765
0.09891152
0.09562469
0.10510015
0.09701800
0.09862781
0.10700607
0.09824944
0.09651875
0.09790730
0.09665656
0.09817719
0.09613848
0.10554314
0.09856081
0.09884977
0.09990525
0.09717798
0.09866929
0.09706759
0.09906840
0.09702849
0.10042691
0.10454106
0.09920049
0.10862851
0.09745717
0.09790635
0.09688067
0.09892702
0.09708047
0.09871507
0.09700680
0.10434389
0.09699106
0.10558724
0.09710574
0.09537292
0.09702301
0.09710455
0.09539175
0.09505486
0.09550714
0.09521174
0.09488583
0.10258269
0.09653544
0.09666681
0.09664154
0.09737921
0.09800982
0.09648824
0.09805870
0.09679747
0.10225201
0.09676623
0.09829354
0.09657979
0.09812689
0.09479070
0.09644151
0.10354638
0.09766412
0.10547280
0.09496665
0.09510803
0.09501576
0.09671617
0.09506774
0.09549356
0.09656549
0.10300279
0.09672952
0.11313176
0.09648490
0.09857559
0.09642076
0.09850764
0.09664202
0.09848976
0.09653783
0.10196972
0.09590507
0.10498667
0.09626341
0.09465766
0.09528637
0.09524369
0.09645844
0.09524870
0.09426737
0.09512019
0.09464550
0.10492945
0.09783483
0.09626508
0.09816289
0.09603858
0.09766817
0.09624887
0.10332108
0.09633279
0.09748340
0.09827709
0.09529090
0.09554267
0.09506798
0.09410906
0.09687710
0.09373903
0.10117745
0.09397817
0.10070562
0.09497881
0.09405756
0.09445906
0.09655976
0.09654927
0.09921813
0.09640908
0.10177016
0.09633207
0.10846472
0.09662104
0.09783077
0.09652019
0.09805369
0.09880471
0.09654260
0.09837675
0.09672117
0.09817529
0.10757732
0.09870696
0.09632516
0.09834480
0.09669018
0.09647083
0.09683537
0.10412335
0.09500980
0.10065770
0.09520030
0.09537911
0.09517169
0.09544754
0.09509611
0.09553266
0.09502959
0.10370016
0.09688139
0.10951042
0.09845304
0.09648514
0.09571671
0.09857011
0.09653783
0.09822154
0.10350871
0.09871459
0.10279512
0.09515214
0.09513927
0.09529614
0.09712005
0.09706187
0.09522939
0.09709334
0.10118222
0.09566045
0.10370827
0.09532785
0.09799671
0.09697914
0.09817338
0.09683847
0.09780955
0.09693217
0.10399246
0.09662223
0.11065435
0.09832883
0.09635758
0.09765840
0.09500170
0.09842896
0.09692335
0.09847784
0.10599089
0.09856367
0.10451770
0.09779239
0.09622002
0.09819913
0.09488940
0.09781265
0.09689593
0.10328054
0.09726548
0.09746885
0.09800243
0.09676385
0.09874272
0.09665489
0.09779334
0.09454179
0.09599900
0.10467196
0.09601736
0.15760279
0.09488034
0.09416652
0.09435344
0.09447169
0.09403038
0.09415817
0.10560369
0.09624648
0.10996199
0.09590030
0.09765697
0.09615922
0.09807420
0.09654403
0.09799266
0.09682536
0.10759640
0.09703612
0.11074424
0.09738040
0.09665585
0.09849429
0.09669185
0.09894204
0.09659815
0.09831786
0.10127831
0.09858799
0.10407209
0.09725070
0.10056758
0.09681582
0.09708118
0.09585476
0.09693766
0.10819054
0.09698057
0.10198045
0.09680486
0.09878087
0.09484434
0.09639001
0.09693646
0.09925508
0.09549236
0.10599256
0.09636140
0.11156058
0.09477305
0.09498811
0.09457278
0.09638524
0.09632397
0.09933448
0.09651446
0.10253978
0.09834099
0.10367656
0.09790730
0.09645104
0.09810114
0.09602308
0.09812069
0.09560776
0.09565639
0.09422445
0.09378505
0.10683990
0.09651375
0.09484076
0.09412074
0.09379458
0.09393024
0.09560275
0.09549332
0.10151458
0.09806323
0.10118890
0.09773731
0.09639406
0.09762049
0.09670472
0.09821343
0.09679461
0.09782887
0.10461259
0.09486008
0.10540795
0.09486127
0.09780216
0.09454226
0.09503746
0.09515786
0.09530067
0.09728527
0.10346341
0.09577870
0.09853840
0.09685326
0.09877014
0.09677339
0.09904909
0.09631491
0.09842372
0.10381293
0.09799981
0.10644650
0.09825325
0.09855890
0.09491062
0.09664178
0.09478164
0.09443808
0.09453702
0.10447526
0.09799051
0.10704780
0.09462976
0.09428954
0.09437442
0.09592152
0.09885120
0.09637594
0.09839606
0.10456634
0.09836483
0.09867382
0.09685373
0.09820724
0.09700608
0.09804320
0.09677172
0.09702110
0.10013032
0.09852195
0.11865449
0.09645057
0.09818220
0.09654522
0.09830832
0.09676909
0.09866834
0.09711576
0.10519505
0.09648514
0.11071372
0.09513497
0.09563136
0.09489393
0.09543610
0.09567857
0.09510279
0.09481096
0.09514546
0.09489846
0.10843158
0.09476376
0.09524488
0.09484363
0.09466052
0.09459686
0.09621954
0.09635854
0.09586334
0.09561777
0.10891914
0.09463358
0.09499145
0.09520078
0.09490728
0.09470916
0.09488297
0.09543490
0.09535933
0.10803366
0.09480143
0.09474826
0.09811616
0.09504747
0.09499955
0.09465790
0.09493017
0.10081720
0.09505057
0.10330844
0.09476042
0.09569597
0.09482026
0.09535599
0.09538960
0.09523582
0.09494472
0.09963036
0.09514141
0.09678459
0.09503984
0.09474039
0.09866762
0.09647512
0.09864950
0.09443569
0.09666109
0.10106611
0.09819436
0.10327363
0.09625292
0.09460998
0.09453583
0.09633589
0.09479165
0.09444284
0.09641695
0.09699273
0.09862351
0.10005403
0.09822106
0.09647393
0.09824038
0.09630036
0.09772372
0.09637046
0.09763575
0.10133576
0.09960198
0.09758663
0.09600401
0.09523821
0.09461570
0.09436822
0.09605646
0.09436989
0.09456158
0.10017347
0.09587312
0.10112071
0.09768414
0.09597373
0.09793687
0.09600878
0.09789252
0.09560895
0.09803486
0.10136533
0.10884619
0.09784579
0.09700179
0.09616423
0.09629726
0.09629464
0.09640217
0.09619355
0.09974766
0.09454274
0.11201000
0.09662151
0.09477568
0.09440780
0.09619021
0.09789872
0.09666181
0.09900069
0.10393643
0.09581447
0.10186005
0.09769368
0.09607601
0.09762025
0.09602785
0.09793854
0.09603715
0.09750390
0.10412526
0.10315108
0.09570312
0.10816646
0.09771585
0.09535956
0.09770441
0.09562969
0.09607959
0.09593034
0.11059928
0.10345387
0.09498978
0.09450459
0.09451413
0.09452224
0.09627438
0.09454870
0.09486675
0.09442997
0.10212445
0.09846878
0.09794664
0.09608054
0.09784269
0.09594917
0.09801984
0.09580183
0.09669447
0.09901547
0.09668326
0.10604501
0.09675503
0.09460807
0.09505248
0.09453440
0.09653187
0.09783626
