0.02101207
0.09409022
0.09562588
0.10281563
0.09753704
0.10467291
0.09553838
0.09763241
0.09567785
0.09762073
0.09560037
0.09740853
0.10745168
0.09373689
0.09375119
0.09428167
0.09376121
0.09384894
0.09535646
0.09391308
0.09380531
0.09427953
0.10561848
0.09370279
0.09532046
0.09560347
0.09396648
0.09501672
0.09371376
0.09391618
0.09383965
0.09591508
0.10594654
0.09510207
0.09376335
0.09793639
0.09369731
0.09362555
0.09353971
0.09375811
0.09350777
0.09410739
0.10572815
0.09440613
0.09371686
0.09362698
0.09367919
0.09362268
0.09527063
0.09386778
0.09556270
0.09420919
0.10592246
0.09367466
0.09344506
0.09307718
0.09440422
0.09294319
0.09255624
0.09499359
0.09341908
0.09211445
0.10403633
0.09220982
0.09214640
0.09244847
0.09246659
0.09215951
0.09190893
0.09216619
0.09218907
0.09202695
0.09206247
0.10454893
0.09231496
0.09200859
0.09286785
0.09240055
0.09206629
0.09254289
0.09208155
0.09251094
0.09292841
0.11118436
0.09191847
0.09285736
0.09207988
0.09223819
0.09200144
0.09222722
0.09202242
0.09195113
0.09298229
0.10722923
0.09194994
0.09199262
0.09239197
0.09208846
0.09196639
0.09320116
0.09438968
0.09296346
0.09289956
0.10468960
0.09287047
0.09473777
0.09257174
0.09610677
0.09252214
0.09234023
0.09254932
0.09275055
0.09299779
0.10491395
0.09274817
0.09271216
0.09261584
0.09297132
0.09274912
0.09272575
0.09402966
0.09270477
0.09233618
0.10490632
0.09235620
0.09244084
0.09209514
0.09252000
0.09231782
0.09219813
0.09236431
0.09341359
0.09413719
0.09311271
0.10568786
0.09368157
0.09446716
0.09295344
0.09382534
0.09245014
0.09272957
0.09229875
0.09209013
0.09248257
0.10567379
0.09337330
0.09336281
0.09911442
0.09335899
0.09317684
0.09362411
0.09318161
0.09303284
0.09421921
0.10747051
0.09441328
0.09297633
0.09292674
0.09274340
0.09283328
0.09457040
0.09316683
0.09267259
0.09347653
0.10621643
0.09381390
0.09249640
0.09425473
0.09264088
0.09246826
0.09389853
0.09297299
0.09222198
0.09250474
0.10464644
0.09221983
0.09232950
0.09235168
0.09351254
0.09409928
0.09196496
0.09250355
0.09218955
0.09193611
0.10464144
0.09205770
0.09206390
0.09188914
0.09950948
0.09583426
0.09376979
0.09652352
0.09372449
0.09555793
0.10619521
0.09586596
0.09422112
0.09622097
0.09916615
0.09626985
0.09395885
0.09635854
0.09233618
0.09403849
0.10694313
0.09565735
0.09517932
0.09459543
0.09897995
0.09355783
0.09453106
0.09333730
0.09300518
0.09293675
0.10671210
0.09522843
0.09524441
0.09945655
0.09639096
0.09569335
0.09618044
0.09470081
0.09564662
0.09438419
0.10805082
0.09224772
0.09441662
0.09995532
0.09227777
0.09309506
0.09278893
0.09443045
0.09267092
0.09279084
0.10470581
0.09251809
0.09273958
0.09581137
0.09452772
0.09630632
0.09466124
0.09601998
0.09391665
0.09656549
0.10668230
0.09572983
0.09426165
0.10180569
0.09421897
0.09375358
0.09257007
0.09421611
0.09386563
0.09409714
0.10505867
0.09216499
0.09240985
0.09376073
0.10111213
0.09241962
0.09374404
0.09736276
0.09389687
0.09732747
0.10614252
0.09543872
0.09371829
0.09991789
0.09289026
0.09490490
0.09406281
0.09465408
0.09391522
0.10699987
0.10507107
0.09187818
0.09274983
0.09188819
0.09195733
0.09189177
0.09270763
0.09216547
0.09176373
0.09533191
0.09238315
0.09263992
0.09261036
0.09245181
0.09246039
0.09247017
0.09314489
0.09280944
0.09809971
0.09591913
0.09443855
0.09276199
0.09456944
0.09557819
0.09264398
0.09390831
0.09240031
0.09212947
0.09234285
0.09559870
0.09380150
0.09193087
0.09194899
0.09260654
0.09212017
0.09201288
0.09198642
0.09208488
0.09187770
0.09226394
0.09895873
0.09198236
0.09222674
0.09213781
0.09209633
0.09226704
0.09418631
0.09577227
0.09387851
0.09491348
0.10439944
0.09530687
0.09407020
0.09864283
0.09429312
0.09359431
0.09198642
0.09418035
0.09505248
0.09399199
0.09767890
0.09410739
0.09524155
0.09354639
0.09551644
0.09404254
0.09364915
0.09386134
0.09337687
0.09528208
0.10086918
0.09491873
0.09369850
0.09532118
0.09487104
0.09605455
0.09398675
0.09582090
0.09325266
0.09412575
0.09941435
0.09408879
0.09230018
0.09765577
0.09405684
0.09226966
0.09208536
0.09232283
0.09220505
0.09239078
0.10506439
0.09386492
0.09514070
0.09398627
0.09420156
0.09437132
0.09389114
0.09401155
0.09282017
0.09517241
0.09644032
0.09523916
0.09233046
0.09402776
0.09429169
0.09518194
0.09375763
0.09583974
0.09387541
0.09536910
0.10024309
0.09560299
0.09403062
0.09548187
0.09702563
0.09608769
0.09346938
0.09615850
0.09418130
0.09584236
0.10521460
0.09563184
0.09429336
0.09560394
0.09805751
0.09470010
0.09418297
0.09305024
0.09531355
0.09331822
0.10671520
0.09606910
0.09415817
0.09476876
0.09226131
0.09248590
0.09544468
0.09417534
0.09636903
0.09457874
0.09937000
0.09423828
0.09635282
0.09444952
0.09638906
0.09448123
0.09514546
0.09402084
0.09412384
0.09443617
0.10381937
0.09240103
0.09251380
0.09380460
0.09381914
0.09373069
0.09209728
0.09253144
0.09179258
0.09365726
0.09795904
0.09557724
0.09344983
0.09575987
0.09432817
0.09627604
0.09372211
0.09525871
0.09378481
0.09252095
0.10350633
0.09550929
0.09184718
0.09359241
0.09269285
0.09434962
0.09322548
0.09228778
0.09275270
0.09218407
0.10215902
0.09387851
0.09224820
0.09233975
0.09582424
0.09614992
0.09417343
0.09474516
0.09446764
0.09349155
0.10593534
0.09622073
0.09419131
0.09525704
0.10300136
0.09458756
0.09388733
0.09269953
0.09224677
0.09230256
0.09612250
0.09400439
0.09252882
0.09238529
0.09847832
0.09258962
0.09387636
0.09321547
0.09606671
0.09410763
0.10525227
0.09406042
0.09597445
0.09294271
0.10172582
0.09452987
0.09593868
0.09312725
0.09590173
0.09222388
0.10430193
0.09292555
0.09579945
0.09392452
0.10201526
0.09419012
0.09475255
0.09378958
0.09549284
0.09341192
0.11006761
0.09406114
0.09487700
0.09376287
0.10043478
0.09390306
0.09486771
0.09581327
0.09393001
0.09535122
0.10095501
0.09688973
0.09402943
0.09604597
0.10323763
0.09559417
0.09347677
0.09511924
0.09346819
0.09533668
0.10452914
0.09535861
0.09382081
0.09533215
0.10186815
0.09519601
0.09333062
0.09514952
0.09362078
0.09512663
0.10575581
0.09470940
0.09339046
0.09507608
0.10090327
0.09359241
0.09342194
0.09357309
0.09193039
0.09157109
0.09612489
0.09176040
0.09184980
0.09176350
0.10007834
0.09385157
0.09495401
0.09340191
0.09615660
0.09352350
0.11062026
0.09372234
0.09535384
0.09386539
0.10173678
0.09316444
0.09568858
0.09512734
0.09494519
0.09342360
0.10111737
0.09486365
0.09316802
0.09504342
0.09753871
0.09216285
0.09142709
0.09256268
0.09170914
0.09169149
0.09988046
0.09371042
0.09474778
0.09346724
0.10019827
0.09377408
0.09469199
0.09396029
0.09534311
0.09314036
0.10503697
0.09333897
0.09326530
0.09357572
0.09887433
0.09218574
0.09137821
0.09156346
0.09338689
0.09163475
0.09173250
0.10947013
0.09185410
0.09148335
0.09318495
0.10398674
0.09372497
0.09463525
0.09365273
0.09456086
0.09351945
0.09949327
0.09335637
0.09519339
0.09333944
0.10463071
0.09196019
0.09312129
0.09350109
0.09302568
0.09315133
0.09177017
0.09164548
0.09173512
0.09186292
0.09159255
0.09211898
0.09188461
0.09365869
0.09160542
0.09149075
0.11052823
0.09170747
0.09240270
0.09142828
0.09145856
0.09266281
0.09128642
0.09240746
0.09305286
0.09263492
0.10922050
0.09134030
0.09165740
0.09320760
0.09172297
0.09188652
0.09159970
0.09205270
0.09159374
0.09145832
0.10561824
0.09131503
0.09137940
0.09152198
0.09153032
0.09175062
0.09145641
0.09173250
0.09148026
0.09153152
0.09149528
0.10070395
0.09166622
0.09163594
0.09156060
0.09306645
0.09205747
0.09277821
0.09194684
0.09170628
0.09183192
0.10156965
0.09191561
0.09361362
0.09343505
0.09186387
0.09218550
0.09163785
0.09362173
0.09354997
0.09161878
0.09708929
0.09167886
0.09169388
0.09364510
0.09167743
0.09352398
0.09430504
0.09345841
0.09496498
0.09312868
0.10564876
0.09332967
0.09475970
0.09290028
0.09934759
0.09342504
0.09306765
0.09345150
0.09174371
0.09431076
0.10722446
0.09341550
0.09342766
0.09442019
0.09328485
0.09883547
0.09338355
0.09457779
0.09182000
0.09488750
0.09685922
0.09487486
0.09302306
0.09449077
0.09332395
0.09536219
0.09320498
0.09501147
0.09327126
0.09307027
0.09139633
0.10363173
0.09176922
0.09268594
0.09327555
0.09251833
0.09320760
0.09158611
0.09162259
0.09152436
0.09147978
0.09502649
0.09321165
0.09516096
0.09321666
0.09992146
0.09343123
0.09492159
0.09375072
0.09505081
0.09325075
0.10872579
0.09330916
0.09308219
0.09370303
0.09371471
0.09334040
0.09463716
0.09328365
0.09446287
0.09300137
0.10076618
0.09136057
0.09130025
0.09135294
0.09163213
0.09142375
0.09135652
0.09183645
0.09146929
0.09124184
0.10203767
0.09170294
0.09257293
0.09151626
0.09151053
0.09262657
0.09188032
0.09137750
0.09129953
0.09444809
0.09136558
0.09546852
0.09134531
0.09148216
0.09327936
0.09209633
0.09143901
0.09240103
0.09329200
0.09563541
0.09335637
0.09879971
0.09340787
0.09390116
0.09365129
0.09778118
0.09400392
0.09367275
0.09375286
0.09355807
0.09465933
0.10667181
0.09143782
0.09143162
0.09472895
0.09902143
0.09454179
0.09130645
0.09165406
0.09153366
0.09219122
0.09698319
0.09489918
0.09354472
0.09486103
0.09920001
0.09444356
0.09309912
0.09222841
0.09340167
0.09320903
0.09922123
0.09342003
0.09483194
0.09153247
0.09320951
0.09619212
0.09443498
0.09161639
0.09175849
0.09121346
0.09213805
0.10090041
0.09318280
0.09175611
0.09415507
0.09393501
0.09527349
0.09376860
0.09491849
0.09350252
0.10875416
0.09369373
0.09550786
0.09295249
0.10155225
0.09284925
0.09290671
0.09359789
0.09159017
0.09164810
0.09922719
0.09310818
0.09474707
0.09181571
0.09151053
0.09791756
0.09164405
0.09351277
0.09245348
0.09344864
0.10043740
0.09444451
0.09303999
0.09534359
0.09345746
0.10189867
0.09338713
0.09483957
0.09361839
0.09498811
0.09143353
0.11055946
0.09316468
0.09553218
0.09349823
0.10466433
0.09320974
0.09451628
0.09346175
0.09491205
0.09336591
0.10391498
0.09337425
0.09471297
0.09481096
0.09385610
0.09503889
0.09347510
0.09549809
0.09350348
0.10095787
0.09312487
0.09487033
0.09366870
0.09480238
0.10087657
0.09546804
0.09333348
0.09500480
0.09328651
0.10806847
0.09319401
0.09550405
0.09365320
0.09561968
0.10148263
0.09397006
0.09346938
0.09222865
0.09319258
0.10652852
0.09309316
0.09216523
0.09321690
0.09313464
0.10106087
0.09324980
0.09336805
0.09149766
0.09153891
0.10524631
0.09303236
0.09148002
0.09141850
0.09147406
0.09402847
0.09313393
0.09417033
0.09357190
0.09554076
0.09332895
0.09982157
0.09337831
0.09561658
0.09428954
0.10250425
0.09610415
0.09348893
0.09465742
0.09260488
0.10306907
0.09168148
0.09466481
0.09294391
0.09299898
0.09834218
0.09126234
0.09199190
0.09330297
0.09165621
0.09140325
0.09322381
0.09339952
0.09457588
0.09332705
0.10436749
0.09337854
0.09442139
0.09355950
0.09491730
0.09371090
0.10174870
0.09293294
0.09315634
0.09332204
0.09873915
0.09184694
0.09156609
0.09173894
0.09127545
0.09255075
0.10326266
0.09147978
0.09141374
0.09137154
0.09835935
0.09594107
0.09327817
0.09886336
0.09346795
0.09332347
0.10661530
0.09468818
0.09336424
0.09426045
0.09324050
0.09413123
0.09149027
0.09182715
0.09299588
0.09294558
0.10495400
0.09145308
0.09158468
0.09139442
0.09771562
0.09208512
0.09150982
0.09325743
0.09334445
0.09489679
0.10657239
0.09469128
0.09320045
0.09471440
0.10055971
0.09515667
0.09306288
0.09389448
0.09308720
0.09322882
0.10459995
0.09480190
0.09258223
0.09277964
0.09291887
0.10015702
0.09308910
0.09311509
0.09399271
0.09227228
0.10752630
0.09310722
0.12186885
0.12408853
0.12862778
0.09161592
0.09179115
0.09346199
0.09156036
0.10351896
0.09199715
0.09344673
0.09339070
0.09460592
0.09970093
0.09466529
0.09341097
0.09480119
0.09318805
0.10655832
0.09306908
0.09534121
0.09342718
0.09345484
0.09898901
0.09147573
0.09170580
0.09178233
0.09509087
0.10369658
0.09184122
0.09178853
0.09166646
0.09323001
0.09689093
0.09318948
0.09454727
0.09349728
0.09465098
0.09379482
0.09515595
0.09302068
0.09607100
0.09314513
0.09999180
0.09306693
0.09328103
0.09354806
0.09157419
0.09430695
0.10621786
0.09349728
0.09251595
0.09345913
0.09370303
0.09438348
0.09325671
0.09483027
0.09167624
0.09504771
0.10605931
0.09517217
0.09357762
0.10392165
0.10073638
0.09222388
0.09469414
0.09379530
0.09510159
0.10534000
0.09336114
0.09176517
0.09181118
0.09226489
0.09852958
0.09171033
0.09338617
0.09197569
0.09148026
0.09165168
0.10338521
0.09280205
0.09336448
0.09483981
0.09753776
0.09538937
0.09309626
0.09544158
0.09348512
0.09515190
0.10754466
0.09504843
0.09299469
0.09348893
0.09327435
0.09980965
0.09335232
0.09507155
0.09312868
0.09536886
0.10530686
0.09481668
0.09452629
0.09459567
0.09343410
0.09992456
0.09337139
0.09421682
0.09330893
0.09343195
0.10441732
0.09393811
0.09311843
0.09297299
0.09309864
0.09385943
0.09447885
0.09167361
0.09268904
0.09356356
0.10770774
0.09291863
0.09500504
0.09321165
0.09442186
0.09697318
0.09136558
0.09142876
0.09171009
0.09441948
0.10758662
0.09370255
0.09369540
0.09366488
0.09343004
0.10030937
0.09366703
0.09556317
0.09386826
0.09500813
0.10602498
0.09351635
0.09159946
0.09156704
0.09151220
0.10006380
0.09304738
0.09302115
0.09179258
0.09172773
0.09195828
0.10553741
0.09342813
0.09382820
0.09539509
0.10969973
0.09519100
0.09664154
0.09501505
0.09344888
0.10707140
0.09358525
0.09516287
0.09386325
0.09430623
0.09726477
0.09320235
0.09345937
0.09171200
0.09144807
0.10406876
0.09308314
0.09259152
0.09321666
0.09153867
0.09955549
0.09334302
0.09525466
0.09325290
0.09513211
0.10521150
0.09469795
0.09238529
0.09502268
0.09353280
0.10181212
0.09342384
0.09329486
0.09355688
0.09147310
0.09163904
0.09777117
0.09326959
0.09296989
0.09291816
0.09618878
0.09169173
0.09139967
0.09229255
0.09316993
0.09508181
0.10503840
0.09532547
0.09325576
0.09481144
0.09406042
0.09326673
0.09538794
0.09356236
0.09424233
0.10664773
0.09341478
0.09133983
0.09288335
0.09524345
0.09966326
0.09388185
0.09388065
0.09446478
0.09281230
0.09460640
0.10229850
0.09521008
0.09283352
0.09441185
0.09861374
0.09440422
0.09319949
0.09504104
0.09293008
0.09555030
0.09469748
0.09437776
0.09315920
0.09293795
0.09374213
0.10112548
0.09354854
0.09324932
0.09316540
0.09306169
0.10472751
0.09289742
0.09526491
0.09254694
0.09462714
0.09824204
0.09468603
0.09344268
0.09477925
0.09319639
0.10364342
0.09314442
0.09463882
0.09301901
0.09384775
0.09947515
0.09366393
0.09135985
0.09181070
0.09303808
0.09139371
0.09133887
0.09199953
0.09308815
0.09298778
0.09433293
0.09275079
0.09553432
0.10512304
0.09478879
0.09314489
0.09462905
0.09234095
0.09468102
0.09240031
0.09457612
0.09288502
0.09481192
0.10279322
0.09313059
0.09270334
0.09264970
0.09290576
0.10005307
0.09112716
0.09127951
0.09273791
0.09096551
0.10269117
0.09092450
0.09467578
0.09275365
0.09412932
0.09918356
0.09466982
0.09314704
0.09502625
0.09301209
0.10801291
0.09310198
0.09492397
0.09338522
0.09313965
0.09686422
0.09287548
0.09280562
0.09146571
0.09149957
0.10497713
0.09107256
0.09143305
0.09131479
0.09125471
0.09684038
0.09460497
0.09315348
0.09508252
0.09280062
0.10796881
0.09297657
0.09318423
0.09455609
0.09297132
0.10186148
0.09232354
0.09256005
0.09303808
0.09103894
0.10478234
0.09428430
0.09136939
0.09115744
0.09133816
0.09790373
0.09310460
0.09122825
0.09123874
0.09246612
0.09490442
0.09483743
0.09564710
0.09250832
0.09424329
0.09298921
0.10190415
0.09292412
0.09367132
0.09281015
0.09303522
0.10660529
0.09383678
0.09316611
0.09308171
0.09458804
0.09337616
0.09432244
0.09305835
0.09443569
0.09218121
0.10570598
0.09139633
0.09307361
0.09324455
0.09140277
0.09695673
0.09258699
0.09145927
0.09173489
0.09232593
0.10278702
0.09110379
0.09159064
0.09269786
0.09458733
0.09745908
0.09433174
0.09316206
0.09436750
0.09318352
0.10528040
0.09280372
0.09462929
0.09598255
0.09290361
0.09965873
0.09156728
0.09167933
0.09158564
0.09295821
0.10455942
0.09125614
0.09138703
0.09166741
0.09117699
0.09924126
0.09118509
0.09437060
0.09315348
0.09445333
0.10284638
0.09440017
0.09282088
0.09427309
0.09262133
0.10129356
0.09284806
0.09450269
0.09153938
0.09255791
0.10588026
0.09282923
0.09425950
0.09291434
0.09447455
0.09379673
0.09484863
0.09286952
0.09440184
0.09284925
0.09148693
0.09317350
0.09452820
0.09287953
0.09281349
0.10063720
0.09279037
0.09416294
0.09314895
0.09357238
0.10075378
0.09284258
0.09296393
0.09129167
0.09108496
0.09892893
0.09300494
0.09124255
0.09274912
0.09096956
0.09164381
0.09126377
0.09095860
0.09300351
0.09384012
0.09322667
0.10040092
0.09328938
0.09329009
0.09329152
0.09269285
0.10119176
0.09252524
0.09429121
0.09293985
0.09280753
0.09845448
0.09302497
0.09415102
0.09488630
0.09290028
0.10203004
0.09293866
0.09486556
0.09312797
0.09460902
0.09856200
0.09490061
0.09295797
0.09438276
0.09301305
0.10113883
0.10453796
0.09481263
0.09302640
0.09343791
0.10194755
0.09224391
0.09351110
0.09534168
0.09173179
0.09765077
0.09298539
0.09402347
0.09330416
0.09444880
0.10327315
0.09126544
0.09151721
0.09147739
0.09307098
0.10848355
0.09356189
0.09565163
0.09326792
0.09539270
0.10317659
0.09515619
0.09355044
0.09580445
0.09325194
0.10719156
0.09280729
0.09313011
0.09116936
0.09140134
0.09225130
0.09271407
0.09389281
0.09166360
0.09137535
0.10321450
0.09313750
0.09133101
0.09428287
0.09320617
0.10139012
0.09465790
0.09495664
0.09359980
0.09516907
0.10080409
0.09503555
0.09330082
0.09516239
0.09290528
0.09127092
0.09887910
0.09258699
0.09312773
0.09137964
0.10238433
0.09146023
0.09272456
0.09270930
0.09096503
0.09822249
0.09265137
0.09510207
0.09371543
0.09512997
0.10655999
0.09459376
0.09280062
0.09511399
0.09312057
0.10165572
0.09353423
0.09508109
0.09173584
0.09294271
0.09554458
0.09129286
0.09143782
0.09366798
0.09272408
0.09142184
0.09668612
0.09139800
0.09162831
0.09212995
0.09444761
0.09335732
0.09450388
0.09333587
0.09494615
0.09317231
0.10165334
0.09327459
0.09452605
0.09318686
0.10747361
0.09246969
0.09342074
0.09133697
0.09512281
0.09329128
0.10136867
0.09277129
0.09472203
0.09295321
0.09320426
0.09343004
0.09337592
0.09281564
0.09905267
0.09297800
0.09426785
0.09290743
0.09480619
0.10576773
0.09436965
0.09199858
0.09498477
0.09279752
0.09604192
0.09324765
0.09514761
0.09331918
0.09439230
0.10544038
0.09454036
0.09308267
0.09399104
0.09327292
0.09273314
0.09400439
0.09323573
0.09414077
0.09274220
0.10723519
0.09286904
0.09393382
0.09307742
0.09445930
0.09301209
0.09991479
0.09298182
0.09292269
0.09276390
0.09155774
0.09222317
0.09132600
0.09308863
0.09128690
0.09118629
0.09691358
0.09302163
0.09267807
0.09427691
0.09276748
0.10753512
0.09339499
0.09503007
0.09353018
0.09559178
0.09506249
0.09481978
0.09336138
0.09258366
0.10845375
0.09311128
0.09297371
0.09141898
0.09452152
0.09327245
0.09518504
0.09149790
0.09150910
0.09142923
0.09269452
0.10272098
0.09138775
0.09273124
0.09328723
0.09453726
0.09352660
0.09482026
0.09312224
0.09491014
0.09301209
0.10665822
0.09305429
0.09469891
0.09331346
0.09301209
0.09592724
0.09282994
0.09137797
0.09130335
0.09128428
0.10675550
0.09116793
0.09130311
0.09119058
0.09114122
0.09139323
0.09553266
0.09314775
0.09471250
0.09319186
0.10712981
0.09232140
0.09436011
0.09300518
0.09442854
0.09827948
0.09498858
0.09320593
