0.02654219
0.09653926
0.10823178
0.09596491
0.09591150
0.09458160
0.09429908
0.09434628
0.10222363
0.09426808
0.09437585
0.09573388
0.10657716
0.09589887
0.09709764
0.09696031
0.09571791
0.10333920
0.09605217
0.09585977
0.09784961
0.09595942
0.10833788
0.09509826
0.09759736
0.09519720
0.09742785
0.09588552
0.09744644
0.09617114
0.09777522
0.09609580
0.11418247
0.09596705
0.09628201
0.09419560
0.09402299
0.10136509
0.09427786
0.09414196
0.09433913
0.09613180
0.10359311
0.09396076
0.09441757
0.09473467
0.09568715
0.09608293
0.09678578
0.09599423
0.09722662
0.10719395
0.09579968
0.09678507
0.09616995
0.09645939
0.09997845
0.09635258
0.09430075
0.09458184
0.09433055
0.10853148
0.09450006
0.09439802
0.09455657
0.09422159
0.10225701
0.09452033
0.09539485
0.09781265
0.09602833
0.10975718
0.09612656
0.09752584
0.09553719
0.09744501
0.10313559
0.09739399
0.09634280
0.09590292
0.10599923
0.09770083
0.09508920
0.09779286
0.09502125
0.09770393
0.10525250
0.09689856
0.09591508
0.09741688
0.11024928
0.09708095
0.09541607
0.09736919
0.09542394
0.10456300
0.09753752
0.09608531
0.09742761
0.10894394
0.09743500
0.09431505
0.09616089
0.09429169
0.09635878
0.10005760
0.09616733
0.09618092
0.09426713
0.10944891
0.09424996
0.09414816
0.09599566
0.09540534
0.09837818
0.09568095
0.09781599
0.09542584
0.09781361
0.10864449
0.09736681
0.09631491
0.09761572
0.09614754
0.09474277
0.09640050
0.09614754
0.09723020
0.09590125
0.11034131
0.09596634
0.09715533
0.09592581
0.09732437
0.10544276
0.09571075
0.09499359
0.09610438
0.09594297
0.09733272
0.09601307
0.09788489
0.09570098
0.09776831
0.10475421
0.09718418
0.09632301
0.09591651
0.11523342
0.09648085
0.09730935
0.09557676
0.09739089
0.10064650
0.09563732
0.09412003
0.09434175
0.09385729
0.11429286
0.09512281
0.09807587
0.09476352
0.09807730
0.10004520
0.09785581
0.09591866
0.09809422
0.09608555
0.10994887
0.09774780
0.09591746
0.09382248
0.09417963
0.09428453
0.09568763
0.09702992
0.09421802
0.09416866
0.09413338
0.09552288
0.09373045
0.09745884
0.09571671
0.10330129
0.09590030
0.09793639
0.09646845
0.10974693
0.09604549
0.09595633
0.09625244
0.09770060
0.09928656
0.09594822
0.09380364
0.09733200
0.09420109
0.10613990
0.09392905
0.09534168
0.09481788
0.09533715
0.10208821
0.09554172
0.09605598
0.09794521
0.09621739
0.10813999
0.09492445
0.09590602
0.09586048
0.09631395
0.10258913
0.09725046
0.09614086
0.09610367
0.10611248
0.09402418
0.09418416
0.09576654
0.09580684
0.09571576
0.09990120
0.09419203
0.09438467
0.09569836
0.10728145
0.09784341
0.09578609
0.09766889
0.09562874
0.09764457
0.10052276
0.09724188
0.09586167
0.09717155
0.10661340
0.09561276
0.09370685
0.09557796
0.09484553
0.10477543
0.09630513
0.09578657
0.09658098
0.10853791
0.09790015
0.09562802
0.09806180
0.09570003
0.09746528
0.10126424
0.09733891
0.09603834
0.09733009
0.10641670
0.09750104
0.09460855
0.09687519
0.09550881
0.09734845
0.10216784
0.09577107
0.09787798
0.09565544
0.10769272
0.09482431
0.09746790
0.09574270
0.09804964
0.09558463
0.10375285
0.09562325
0.09712410
0.09540987
0.10777283
0.09717870
0.09564686
0.09705877
0.09558988
0.10229254
0.09532452
0.09681892
0.09397459
0.10861063
0.09565973
0.09377456
0.09373975
0.09880900
0.09409666
0.09461164
0.09367800
0.09584737
0.09721804
0.10641313
0.09776473
0.09478498
0.09782362
0.09514594
0.09787107
0.10372591
0.09595513
0.09714341
0.09639454
0.10955310
0.09571385
0.09596157
0.09420991
0.09734344
0.09555364
0.10503721
0.09429193
0.09395981
0.09422731
0.10593581
0.09402299
0.09387994
0.09532452
0.09723854
0.09608269
0.10652971
0.09755349
0.09615016
0.09735298
0.09678459
0.09582472
0.09797025
0.09552050
0.09583330
0.10263014
0.09576225
0.09433389
0.09361839
0.11201429
0.09545827
0.09373379
0.09392810
0.09412193
0.09412122
0.10130072
0.09694839
0.09794354
0.09646583
0.11516118
0.09553385
0.09707785
0.09575200
0.09702587
0.09597635
0.10745597
0.09723973
0.09438062
0.09584332
0.10549140
0.09553599
0.09583545
0.09409904
0.09439707
0.10077453
0.09567094
0.09554982
0.09442568
0.10816598
0.09586072
0.09712672
0.09713054
0.09701896
0.09545875
0.10411239
0.09548211
0.09692550
0.09597969
0.11355066
0.09726357
0.09586644
0.09575605
0.09589601
0.09604645
0.10250735
0.09716010
0.09595680
0.09999704
0.09908485
0.09736228
0.09461093
0.09595490
0.09603095
0.10014582
0.09434557
0.09415174
0.09993911
0.11155868
0.09428501
0.09424472
0.09408045
0.09403706
0.09562206
0.10524106
0.09487128
0.09745121
0.09516287
0.11023784
0.09561872
0.09554577
0.09541988
0.09567499
0.09600472
0.09932256
0.09568524
0.09394145
0.09419155
0.11151600
0.09707928
0.09372902
0.09395695
0.09371138
0.09421015
0.10080266
0.09370089
0.09552908
0.09720564
0.10945916
0.09657621
0.09552574
0.09666777
0.09509778
0.10487103
0.09614539
0.09533644
0.09559536
0.09823608
0.09363914
0.09616542
0.09535766
0.09645581
0.09576154
0.10138488
0.09522867
0.09641743
0.09547067
0.10454535
0.09423137
0.09644246
0.09468031
0.09539962
0.09499335
0.10074544
0.09651566
0.09547591
0.09710336
0.10433054
0.09711099
0.09521914
0.09508848
0.09349799
0.09402061
0.10137081
0.09660864
0.09358001
0.09523153
0.10192037
0.09352732
0.09356403
0.09347653
0.09522367
0.09767652
0.09570837
0.09705257
0.09534097
0.09690285
0.10607648
0.09540677
0.09546947
0.09551501
0.09485435
0.10015845
0.09557533
0.09556508
0.09443712
0.10849166
0.09529662
0.09699297
0.09529376
0.09698153
0.09536982
0.10226917
0.09518957
0.09534597
0.09566307
0.09829140
0.09651160
0.09497523
0.09491158
0.09524107
0.09441590
0.10113978
0.09604931
0.09509182
0.09534049
0.09696913
0.09357619
0.09781408
0.09515524
0.09606481
0.09556818
0.10105610
0.09644461
0.09423113
0.09392619
0.09733415
0.09516525
0.09699965
0.09553409
0.09719467
0.09555960
0.10270858
0.09554100
0.09709525
0.09582019
0.10637975
0.09765792
0.09540606
0.09580970
0.09374046
0.09396577
0.09917617
0.09504080
0.09672689
0.09354305
0.09634972
0.09319878
0.09487414
0.09334636
0.09690070
0.09523320
0.10263515
0.09505701
0.09670782
0.09544110
0.10021663
0.09483171
0.09663773
0.09494972
0.09694552
0.09534883
0.10080838
0.09322429
0.09497452
0.09488440
0.10136604
0.09359479
0.09358525
0.09522057
0.09642673
0.09345627
0.09389949
0.09458113
0.09534717
0.09672427
0.09997320
0.09536099
0.09531498
0.09539104
0.09507227
0.09761691
0.10165715
0.09533572
0.09755516
0.09377146
0.10333252
0.09344482
0.09351754
0.09344339
0.09681606
0.09528017
0.09860992
0.09351563
0.09380889
0.10239911
0.09364295
0.09352183
0.09363747
0.09600329
0.09385276
0.09485841
0.09497142
0.09429860
0.09395742
0.10166740
0.10057116
0.09501243
0.09376001
0.09414172
0.09408784
0.09399199
0.09593534
0.09390259
0.09551120
0.09381819
0.10463858
0.09387732
0.09378576
0.09400344
0.09382892
0.09416175
0.09608126
0.09404588
0.09395909
0.09470367
0.11463165
0.09468174
0.09382606
0.09393620
0.09389400
0.09444380
0.09549165
0.09428883
0.09406757
0.09528661
0.11116004
0.09383154
0.09375739
0.09545016
0.09490538
0.09402490
0.09424543
0.09725642
0.09407544
0.09405422
0.09566379
0.09389091
0.09541202
0.09390736
0.09384227
0.09460950
0.09444284
0.09376693
0.09422755
0.11044049
0.09389830
0.09356594
0.09377193
0.09371924
0.09368181
0.09373713
0.09438443
0.09386802
0.09383011
0.11445212
0.09390211
0.09381843
0.09459376
0.09405208
0.09387350
0.09391403
0.09976482
0.09586883
0.09401011
0.11237478
0.09378409
0.09400940
0.09369683
0.09373951
0.09407353
0.09553504
0.09851170
0.09402299
