0.02369571
0.09380889
0.11123896
0.09366727
0.09404516
0.09374952
0.09395623
0.09565663
0.10037613
0.09396529
0.09469843
0.09564281
0.11294913
0.09469485
0.09753847
0.09558272
0.09765005
0.09882951
0.09552145
0.09543204
0.09418988
0.11205077
0.09394574
0.09527183
0.09379292
0.09389853
0.09391594
0.09869289
0.09412241
0.09563613
0.09789610
0.11310101
0.09703135
0.09545779
0.09693027
0.09550023
0.09707832
0.10122776
0.09548163
0.09575129
0.09575272
0.11293602
0.09537911
0.09528399
0.09519410
0.09373045
0.09395051
0.10016465
0.09380603
0.09548664
0.09408045
0.11337757
0.09543681
0.09719038
0.09668040
0.09687686
0.09546328
0.10168529
0.09520864
0.09716344
0.09542942
0.11497331
0.09564924
0.09710741
0.09530210
0.09612560
0.09535289
0.09738040
0.09539008
0.09772301
0.11229873
0.09650302
0.09535170
0.09476066
0.09554386
0.09552121
0.09910965
0.09383988
0.09381676
0.09377789
0.10574865
0.09437156
0.09362745
0.09367824
0.09394932
0.09524250
0.10180068
0.09511828
0.09649277
0.11093974
0.09545279
0.09680510
0.09547877
0.09591079
0.09588051
0.09619331
0.09406590
0.09521651
0.09365511
0.10647821
0.09393644
0.09690166
0.09368515
0.09386015
0.09379220
0.09372663
0.10096526
0.09360290
0.09547901
0.10921240
0.09446549
0.09701800
0.09473252
0.09687901
0.09538054
0.09693432
0.10088539
0.09684467
0.09561491
0.10780382
0.09534526
0.09533048
0.09517574
0.09707332
0.09545755
0.09685349
0.10308981
0.09630919
0.09574103
0.10898161
0.09536409
0.09523916
0.09531522
0.09734750
0.09548903
0.10603857
0.09481406
0.09709978
0.10756111
0.09661007
0.09534907
0.09667087
0.09389663
0.09525847
0.09395933
0.10042691
0.09382057
0.09475422
0.10929012
0.09355021
0.09381914
0.09378409
0.09374213
0.09386921
0.09360552
0.09745717
0.09384060
0.09424686
0.09437537
0.09707022
0.09384918
0.09382820
0.09353805
0.09348655
0.09364486
0.09532237
0.09401941
0.09371209
0.09500742
0.09946728
0.09530568
0.09713721
0.09507799
0.09692407
0.09508443
0.09725499
0.09520388
0.09668970
0.10900450
0.09653997
0.09563661
0.09693909
0.09514475
0.09719610
0.09549236
0.09737062
0.09553456
0.09708810
0.10535789
0.09576464
0.09400249
0.09825730
0.09570074
0.09703851
0.09569955
0.09725523
0.09520841
0.09404182
0.10053468
0.09389615
0.09550309
0.09764838
0.09559250
0.09817338
0.09489942
0.09870672
0.09778881
0.09599519
0.11070752
0.09559035
0.09764552
0.09925413
0.09719872
0.09397364
0.09387541
0.09980941
0.09559226
0.09569287
0.10401630
0.09367371
0.09395671
0.09544301
0.09576869
0.09563684
0.10247302
0.09562564
0.09774423
0.10525680
0.09710383
0.09562731
0.09711385
0.09565139
0.09746480
0.09565926
0.10126615
0.09581327
0.09391284
0.11600614
0.09494424
0.09399509
0.10207486
0.09514284
0.09579897
0.09530783
0.10036683
0.09482479
0.09584069
0.11212564
0.09577823
0.09782457
0.09628582
0.09738207
0.09600282
0.09711838
0.09700084
0.09764552
0.09591055
0.10620475
0.09573102
0.09369516
0.09412289
0.09410334
0.09718990
0.10037875
0.09421158
0.09396386
0.09469080
0.10736156
0.09719110
0.09598589
0.09766483
0.09618473
0.09527922
0.10243273
0.09793973
0.09628510
0.10540986
0.09633470
0.09828591
0.09660792
0.09654903
0.09613442
0.10481405
0.09807920
0.09632683
0.09740615
0.09876966
0.09557152
0.09789681
0.09600592
0.09916329
0.09654689
0.10378957
0.09603167
0.09779644
0.11006999
0.09704685
0.09629726
0.09854054
0.09574962
0.09664822
0.09587121
0.10241508
0.09901261
0.09645534
0.10598397
0.10884142
0.09644294
0.09639263
0.09619308
0.09854126
0.09655499
0.10502338
0.09631801
0.10384727
0.10305762
0.09623671
0.09615183
0.09591269
0.09613609
0.09606171
0.10424662
0.09617925
0.09702039
0.10909152
0.09623361
0.09447765
0.09595895
0.09439850
0.09646511
0.09448624
0.10138679
0.09471011
0.09616709
0.10425615
0.09776306
0.09715652
0.09770560
0.09786487
0.09656453
0.10588837
0.09693694
0.09847665
0.11059690
0.10015607
0.09584904
0.09644103
0.09445620
0.09638095
0.09622288
0.10574007
0.09793806
0.09480262
0.10344744
0.09445930
0.09607196
0.09443259
0.09425092
0.09650493
0.09850407
0.10729814
0.09813809
0.09676886
0.10563040
0.09645724
0.09652257
0.09677291
0.09645319
0.09852695
0.09658813
0.10325360
0.09452391
0.09614038
0.10018969
0.09452343
0.09615445
0.09458613
0.09451652
0.09447122
0.09958267
0.09628296
0.09483337
0.11190152
0.09487057
0.09443641
0.09454083
0.09449196
0.09710479
0.09813261
0.09711814
0.11447787
0.09622312
0.09628534
0.09513927
0.09642386
0.09508228
0.09498763
0.09996772
0.09497356
0.09665418
0.11179566
0.09643865
0.09742379
0.09637213
0.09722209
0.09636021
0.10318398
0.09637332
0.09789515
0.10972214
0.09799480
0.09651399
0.09800029
0.09663701
0.09791613
0.09646034
0.09799743
0.09657168
0.09784317
0.10533023
0.09619355
0.09782577
0.09677219
0.09674096
0.09720516
0.09522200
0.10557461
0.09496498
0.09511709
0.09835172
0.09473085
0.09636831
0.09464383
0.09497905
0.09472489
0.09511280
0.10336590
0.09664440
0.09843850
0.10213041
0.09666610
0.09736443
0.09658337
0.09708714
0.09694481
0.09850240
0.10218620
0.09675074
0.09493303
0.10184121
0.09514952
0.09680510
0.09539557
0.09549832
0.09526873
0.10109162
0.09672427
0.09519935
0.10892582
0.09820127
0.09658432
0.09782648
0.09701157
0.09859157
0.09662032
0.10444927
0.09828186
0.09723973
0.10451531
0.09513187
0.09659672
0.09660292
0.09845901
0.09706330
0.09817719
0.10262704
0.09683108
0.09690928
0.09932137
0.09708858
0.09517574
0.09682560
0.09865451
0.09714890
0.09790564
0.10363317
0.09652615
0.09857845
0.10328794
0.09833932
0.09636688
0.09844208
0.09514856
0.09675074
0.10071182
0.09694004
0.09502864
0.10749054
0.09644723
0.09495997
0.09474349
0.09489942
0.09564662
0.09845138
0.10322356
0.09692168
0.09888530
0.10471177
0.09794259
0.09610510
0.09763885
0.09590721
0.09805632
0.09567428
0.10184407
0.09605241
0.09702325
0.09624720
0.09497738
0.09481955
0.09487557
0.09484363
0.09517694
0.09497738
0.09581923
0.09510565
0.09516358
0.11320400
0.09839582
0.09650707
0.09791470
0.09661269
0.09774756
0.09664464
0.09778738
0.09641838
0.11614275
0.09641528
0.09487391
0.09560204
0.09852839
0.09656191
0.09834075
0.10217404
0.09628510
0.09508157
0.11408782
0.09471011
0.09632277
0.09866762
0.09653020
0.09878993
0.09665370
0.09865141
0.09612775
0.11613560
0.09892082
0.09662414
0.09844947
0.09689331
0.09855723
0.09501457
0.09688759
0.09473205
0.09635091
0.11374712
0.09611297
0.09466672
0.09476638
0.09446120
0.09605551
0.09616256
0.10078478
0.09789681
0.09665847
0.11615992
0.09675908
0.09808636
0.09698701
0.09872437
0.09659314
0.10363483
0.09502316
0.09663296
0.11246657
0.09745932
0.09481525
0.09483743
0.09469151
0.09653425
0.09632587
0.09613228
0.09490180
0.09672928
0.11656404
0.09696579
0.09877133
0.09633899
0.09820700
0.09719014
0.09885979
0.09724998
0.09879732
0.09696722
0.11603570
0.09473586
0.09612131
0.09481525
0.09470558
0.09484124
0.09765196
0.09623098
0.09501457
0.09511471
0.10980701
0.09456682
0.09726620
0.09653664
0.09643817
0.09673071
0.09661937
0.09978533
0.09657598
0.10408759
0.09595776
0.09825206
0.09528852
0.09808421
0.09664726
0.09600735
0.09692764
0.09815335
0.09631276
0.11630535
0.09679866
0.09604359
0.09699774
0.09613442
0.09766984
0.09639740
0.10220265
0.09612060
0.09813571
0.09631062
0.09755087
0.09635806
0.09816217
0.09619927
0.09783912
0.09629536
0.09687424
0.09599161
0.11469340
0.09820151
0.09608626
0.09739947
0.09601736
0.09760141
0.09610939
0.09833050
0.09650135
0.09774804
0.11599207
0.09611440
0.09765577
0.09585977
0.09751558
0.09588909
0.09761548
0.09601212
0.09747124
0.09607816
0.11543679
0.09421062
0.09514260
0.09595871
0.09425259
0.09463263
0.09475708
0.09461260
0.09447861
0.11322880
0.09542084
0.09650540
0.09615088
0.09642267
0.09801269
0.09622765
0.10197973
0.09626102
0.09873128
0.11456060
0.09422445
0.09566879
0.09570742
0.09461904
0.09526873
0.09463072
0.09533906
0.09472251
0.09466600
0.10223365
0.09449339
0.09448481
0.09450245
0.09462857
0.09480143
0.09460068
0.10046268
0.09480405
0.09469652
0.10684204
0.09477830
