0.02151322
0.09693313
0.10033965
0.10496140
0.09555984
0.09370470
0.09521270
0.09648108
0.09500170
0.09667349
0.09494591
0.09650397
0.10186219
0.11034584
0.09715939
0.09523177
0.09508204
0.09381342
0.09371614
0.09681749
0.09470201
0.10515881
0.09561491
0.10451722
0.09505200
0.09655356
0.09509206
0.09674215
0.09361744
0.09680557
0.09572792
0.10339022
0.09556770
0.10945845
0.09559178
0.09683299
0.09533429
0.09739256
0.09546947
0.09576893
0.09385610
0.10156655
0.09381413
0.10707045
0.09397483
0.09522629
0.09516597
0.09317660
0.09388661
0.09362364
0.09398341
0.09372997
0.09603071
0.10926676
0.09771419
0.09533072
0.09698129
0.09545922
0.09740973
0.09577155
0.09721804
0.09569168
0.10319400
0.10847545
0.09565020
0.09295607
0.09545636
0.09652591
0.09606099
0.09661341
0.09533691
0.09650755
0.10127950
0.10852957
0.09515667
0.09686422
0.09563422
0.09642076
0.09561968
0.09699059
0.09529948
0.09682608
0.10150504
0.09734082
0.10841274
0.12534451
0.11594033
0.13266230
0.09480286
0.09527230
0.09343266
0.09380007
0.09336424
0.10591555
0.09335709
0.09278989
0.09317994
0.09313297
0.09379482
0.09316468
0.09431386
0.09913969
0.09325862
0.10497260
0.09305358
0.09311509
0.09488297
0.09425545
0.09366989
0.09319472
0.09379125
0.09312773
0.09610581
0.10662484
0.09314919
0.09330678
0.09308958
0.09303498
0.09345913
0.09301710
0.09305739
0.09314036
0.09352732
0.09308648
0.10456443
0.09305763
0.09584498
0.11167693
0.09404540
0.09326911
0.09327364
0.09347773
0.09985590
0.09315062
0.10508323
0.09494567
0.09331036
0.09324980
0.09346175
0.09329653
0.09310842
0.09292412
0.09295177
0.09634185
0.10495853
0.09301686
0.09313917
0.09464121
0.12119293
0.09314179
0.09311795
0.09449553
0.09316111
0.09430909
0.10654211
0.09370685
0.09459686
0.09316564
0.09283781
0.09394598
0.09339261
0.09282565
0.09301686
0.09771228
0.09291172
0.10460973
0.09282756
0.09323692
0.09290648
0.09883261
0.09319401
0.09281564
0.09307051
0.09303308
0.09839702
0.10622549
0.09298968
0.09291577
0.09474540
0.09299254
0.09451389
0.09477425
0.09294677
0.09420061
0.09762502
0.09299564
0.10581827
0.09482718
0.09468031
0.09617519
0.09519577
0.09442782
0.09449363
0.09506726
0.09704828
0.10558057
0.09593129
0.09473014
0.09623814
0.09445882
0.09662008
0.09490228
0.09661317
0.09511018
0.09480882
0.10504413
0.09760165
0.09499550
0.09486365
0.09683895
0.09502959
0.09608412
0.09467936
0.09663200
0.09481478
0.10905600
0.09454274
0.09689713
0.09502268
0.09662962
0.09478545
0.09586835
0.09473515
0.09449697
0.09601498
0.09409738
0.09856796
0.09622097
0.09813190
0.09443021
0.09473920
0.09278846
0.09456253
0.09291410
0.10028267
0.09279227
0.10509872
0.09274459
0.09497309
0.09462428
0.10418010
0.09364057
0.09365892
0.10019851
0.09379482
0.10847759
0.09665108
0.09430099
0.09693289
0.09581017
