0.02692890
0.09900427
0.09499955
0.09555364
0.09368372
0.09546757
0.09639430
0.10156012
0.10715461
0.09723091
0.09496784
0.09515643
0.09663391
0.09479189
0.09496760
0.09574175
0.09737062
0.10458684
0.11045456
0.09594584
0.09734011
0.09533620
0.09660029
0.09533811
0.09695458
0.09546733
0.09529757
0.10226774
0.10837078
0.09415555
0.09558845
0.09542179
0.09398270
0.09365773
0.09389472
0.09373498
0.10107303
0.10577583
0.09616280
0.09590912
0.09574580
0.09601450
0.09683847
0.09561086
0.09704757
0.09523821
0.10403657
0.10659957
0.09616399
0.09587121
0.09613609
0.09573388
0.09763503
0.09574175
0.09729791
0.09539080
0.10348368
0.10244346
0.09747052
0.09566998
0.09736228
0.09560132
0.09723544
0.09571362
0.09753060
0.09549022
0.09727693
0.10329223
0.09826279
0.09543562
0.09574771
0.09583378
0.09595728
0.09396648
0.09617877
0.09839845
0.10221863
0.11057997
0.09671235
0.09557152
0.09355736
0.09370375
0.09417772
0.09560966
0.09589148
0.09817648
0.10175014
0.11304832
0.09493685
0.09789157
0.09591222
0.10117149
0.09622931
0.09754705
0.09552050
0.09728718
0.10149789
0.10723495
0.09386349
0.09373689
0.09519315
0.09668541
0.09390664
0.09383917
0.09339070
0.09386754
0.09506440
0.10345268
0.10158181
0.09607792
0.09729004
0.09565330
0.09735131
0.09570765
0.09733939
0.09559059
0.09705329
0.10081220
0.10668612
0.09396434
0.09556341
0.09356380
0.09484911
0.09480023
0.09341288
0.09388089
0.09359193
0.10364771
0.10286021
0.09409285
0.09370565
0.09677124
0.09515572
0.09593630
0.09578657
0.09576607
0.09710836
0.10386729
0.10348272
0.11018276
0.09553766
0.09760571
0.09543037
0.09569883
0.09375978
0.09362173
0.09361959
0.10335445
0.10242414
0.09554267
0.09407449
0.09352922
0.09361625
0.09398150
0.09690547
0.09540701
0.09768915
0.10109806
0.10988021
0.09567785
0.09560347
0.09743047
0.09556413
0.09792733
0.09586239
0.09570217
0.10143852
0.09485626
0.13171577
0.10583234
0.10947323
0.09746790
0.09486341
0.09722757
0.09524155
0.09723401
0.09523201
0.09675431
0.09496307
0.10511184
0.11302876
0.09787703
0.09523535
0.09758568
0.09557438
0.09764290
0.09525251
0.09744072
0.09546995
0.10387039
0.11121154
0.09767556
0.09532046
0.09764099
0.09535885
0.09718990
0.09497094
0.09693623
0.09504104
0.10438919
0.11069942
0.09732795
0.09546924
0.09703970
0.09458113
0.09583068
0.09345055
0.09474707
0.09355879
0.09562087
0.11162519
0.09386778
0.09382534
0.09353209
0.09506583
0.09492731
0.09668660
0.09601951
0.09714770
0.10005713
0.11476874
0.09573865
0.09597063
0.09532428
0.09703827
0.09580278
0.09736300
0.09547877
0.09532595
0.09538436
0.11668348
0.09413838
0.09722733
0.09544754
0.09338117
0.09378314
0.09363270
0.09360456
0.09352231
0.09357262
0.10241199
0.11214757
0.09663773
0.09520435
0.09494686
0.09675312
0.09543157
0.09700656
0.09552670
0.09722447
0.10433197
0.11284137
0.09418583
0.09476280
0.09499741
0.09377313
0.09368825
0.09354091
0.09881258
0.09358501
0.10158920
0.11035800
0.09397006
0.09366155
0.09613848
0.09528780
0.09737039
0.09523797
0.09714723
0.09458947
0.09790397
0.11063433
0.09752607
0.09533906
0.09749842
0.09439206
0.09553003
0.09353614
0.09513259
0.09480476
0.10043526
0.11036682
0.09377217
0.09362817
0.09511161
0.09326077
0.09406257
0.09485960
0.09536457
0.09637666
0.10216498
0.11229539
0.09456539
0.09691477
0.09504652
0.09623432
0.09440470
0.09660482
0.09514189
0.09687281
0.09506583
0.11806822
0.09487557
0.09718990
0.09475636
