0.02230906
0.09830499
0.09618926
0.09771514
0.09699059
0.09598255
0.10506415
0.11368442
0.09483385
0.09482718
0.09447980
0.09496856
0.09580374
0.09425235
0.09442735
0.10070062
0.11245012
0.09606814
0.09586167
0.09594584
0.09586048
0.09631515
0.09595633
0.09598422
0.09583735
0.10147524
0.11441088
0.09558845
0.09505486
0.09326839
0.09339666
0.09328842
0.09451509
0.09507823
0.09320974
0.10000658
0.11243439
0.09292245
0.09368777
0.09215951
0.09475970
0.09396076
0.09545875
0.09386158
0.09379816
0.09994292
0.11259413
0.09429574
0.09585881
0.09449983
0.09664631
0.09465933
0.09450483
0.09501052
0.09458184
0.10399532
0.11150026
0.09471130
0.09500933
0.09653330
0.09491467
0.09627295
0.09306788
0.09489751
0.09669662
0.10135007
0.11333227
0.09721565
0.09539437
0.09714031
0.09483099
0.09614491
0.09507966
0.09651351
0.09390950
0.10123706
0.10083199
0.09619713
0.09426141
0.09587026
0.09549785
0.09437633
0.09390926
0.09366989
0.09325290
0.09335136
0.10623717
0.09503865
0.09685493
0.09598827
0.09772062
0.09603524
0.09750056
0.09587789
0.09691715
0.10103393
0.10628128
0.09529114
0.09506893
0.09293652
0.09682488
0.09479260
0.09495282
0.09421802
0.09358430
0.10024714
0.11244988
0.09402585
0.09545445
0.09372592
0.09382915
0.09523726
0.09399152
0.09544301
0.09372973
0.09557271
0.09567928
0.09565973
0.09342599
0.09465528
0.09387183
0.09248710
0.09366989
0.09430695
0.09708261
0.10081339
0.10159469
0.09499502
0.09609318
0.09271216
0.09240937
0.09241581
0.09214091
0.09556246
0.09488630
0.10236573
0.10747647
0.09536314
0.09685183
0.09395862
0.09656000
0.09495258
0.09696031
0.09482098
0.09671712
0.11081052
0.09314537
0.09340549
0.09371257
0.09711289
0.09558845
0.09362984
0.09363294
0.09524441
0.09531426
0.11454487
0.09577918
0.09795690
0.09548688
0.09735250
0.09591937
0.09740758
0.09486675
0.09770703
0.09572625
0.11243296
