0.02459860
0.09757042
0.09568810
0.09417534
0.09444404
0.09750700
0.09430575
0.09452677
0.09431410
0.10482717
0.10384202
0.09594512
0.09472752
0.09572220
0.09649038
0.09869075
0.09645224
0.09786773
0.09629893
0.10333037
0.10883045
0.09877872
0.09651375
0.09855890
0.09635091
0.09657907
0.09621096
0.09459901
0.09453487
0.09942293
0.10208154
0.09782195
0.09488320
0.09430981
0.09450459
0.09482026
0.09624553
0.09561133
0.09840536
0.09642744
0.10332227
0.09599900
0.09845257
0.09624290
0.09761453
0.09645414
0.09783983
0.09622169
0.09803987
0.09412909
0.10780978
0.09568381
0.09873867
0.09571409
0.09736800
0.09593105
0.09748101
0.09586048
0.09784579
0.09593296
0.11370611
0.09631801
0.09818292
0.09581566
0.09775758
0.09637666
0.09795022
0.09609485
0.09852552
0.09582853
0.11715341
0.09591675
0.09793282
0.09668612
0.09796047
0.09646583
0.09788060
0.09538674
0.09774399
0.09590197
0.11399221
0.09601474
0.09796858
0.09605980
0.09797096
0.09595108
0.09758282
0.09542298
0.09771967
0.09603667
0.11166644
0.09588480
0.09774423
0.09589148
0.09760666
0.09595847
0.09608269
0.09425640
0.09587979
0.09410954
0.10820556
0.09439254
0.09476233
0.09437013
0.09443116
0.09601712
0.09785962
0.09595633
0.09683084
0.09782481
0.10108566
0.09889460
0.09651494
0.09650111
0.09632015
0.09791112
0.09558558
0.09798074
0.09652328
0.09615421
0.10255122
0.09879398
0.09641743
0.09837866
0.09596181
0.09454441
0.09455514
0.09446478
0.09469056
0.10364151
0.10234976
0.09866476
0.09638166
0.09786558
0.09661412
0.09735179
0.09625125
0.09965968
0.09647322
0.11294460
0.09667134
0.09660316
0.09618855
0.09517217
0.09482574
0.09454465
0.09452152
0.09441686
0.09606934
0.10068750
0.09718299
0.09483862
0.09482360
0.09626675
0.09767008
0.09668899
0.09628296
0.09659696
0.09613061
0.09828877
0.09954214
0.09846640
0.09662461
0.09787607
0.09651327
0.09645414
0.09618998
0.09637928
0.09442401
0.09777403
0.10317039
0.09440899
0.09508514
0.09458852
0.09632039
0.09514666
0.09439969
0.09630632
0.09751320
0.09648061
0.11394405
0.09707236
0.09689426
0.09781647
0.09611011
0.09587836
0.09738350
0.09623909
0.09767079
0.09605765
0.09982705
0.09616065
0.09837103
0.09639668
0.09780312
0.09671998
0.09793568
0.09591293
0.09786296
0.09628105
0.10781598
0.09486961
0.09630537
0.09452915
0.09468412
0.09479570
0.09450722
0.09617972
0.09468436
0.09455872
0.09930158
0.09756660
0.09564543
0.09732437
0.09980726
0.09590101
0.09558940
0.09700346
0.09531045
0.09691763
0.10084009
0.10065961
0.10254884
0.11211228
0.09909630
0.09464979
0.09450674
0.09595323
0.09601474
0.09437728
0.10627055
0.09442401
0.09464025
0.09540915
0.09420586
0.09768867
0.09576368
0.09709215
0.09551573
0.09516907
0.10870266
0.09715009
0.09624743
0.09756088
0.09583640
0.09765959
0.09463358
0.09611058
0.09568334
0.09592390
0.11408353
0.10220623
0.09632158
0.09704471
0.09570169
0.09608316
0.09719157
0.09538484
0.09570289
0.09564376
0.12201500
0.09797549
0.09625316
0.09730768
0.09560919
0.09724832
0.09536123
0.09572053
0.09659314
0.09536791
0.11843848
0.09394288
0.09426975
0.09537554
0.09562397
0.09411049
0.09484744
0.09388924
0.09382415
0.09400463
0.11620259
0.09513736
0.09610605
0.09539437
0.09679270
0.09565139
0.09702635
0.09549880
0.09888530
0.09501529
0.11486959
0.09532714
0.09742045
0.09364152
0.09583855
0.09474540
0.09655952
0.09540796
0.09725070
0.09548569
0.11659980
0.09515929
0.09738469
0.09471488
0.09684229
0.09558868
0.09698987
