0.02138138
0.10442781
0.09573293
0.09701014
0.11808968
0.10904765
0.09641790
0.09567451
0.09583998
0.09762764
0.09420633
0.09578109
0.09574270
0.10379505
0.12355494
0.09616017
0.09603453
0.09739447
0.09434319
0.09435678
0.09430647
0.09611487
0.09614635
0.09768128
0.11808443
0.09820867
0.09577060
0.09780526
0.09621310
0.09863901
0.09606290
0.09832096
0.09623718
0.09791350
0.11310816
0.09408069
0.09461737
0.09421730
0.09581995
0.09768653
0.09418368
0.09513569
0.09417939
0.09422302
0.11791229
0.09762931
0.09659982
0.09861469
0.09599686
0.09847498
0.09632063
0.09823251
0.09617639
0.09865975
0.11777973
0.09762263
0.09678078
0.09603691
0.09430790
0.09609938
0.09616184
0.09432173
0.09417629
0.09445643
0.11937833
0.09693456
0.09458756
0.09415293
0.09589672
0.09636760
0.09791064
0.09604549
0.09766865
0.09505558
0.11915302
0.09617662
0.09862828
0.09490085
0.09755206
0.09609413
0.09606957
0.09611082
0.09407949
0.09446192
0.11848998
0.09660387
0.09572864
0.09438086
0.09411812
0.09443808
0.09419680
0.09582710
0.09774470
0.09618092
0.11179495
0.09628272
0.09828663
0.09583902
0.09806800
0.09634709
0.09794903
0.09623933
0.09810376
0.09617233
0.11685610
0.09427857
0.09824014
0.09626889
0.09754157
0.09609175
0.09534669
0.09679413
0.09561539
0.09670448
0.11810660
0.09628844
0.09749842
0.09647870
0.09478402
0.09815097
0.09596753
0.09735298
0.09623075
0.09851861
0.11764956
0.09629560
0.09730887
0.09664869
0.09898663
0.09661222
0.09555197
0.09743285
0.09774756
0.09723496
0.11932325
0.09601164
0.09876633
0.09633851
0.09853888
0.09644675
0.09718180
0.09595108
0.09525895
0.09730625
0.11410213
0.09604549
0.09816027
0.09588981
0.09754705
0.09641504
0.09551692
0.09617233
0.09446716
0.09566188
0.11223698
0.09597802
0.09461546
0.09477139
0.09447479
0.09659600
0.09588337
0.09729314
0.09604549
0.09844923
0.10191965
0.09936595
0.09622192
0.09792399
0.09625435
0.09829354
0.09597445
0.09835005
0.09553909
0.09802389
0.09442711
0.10775447
0.09602404
0.09820366
0.09602427
0.09510112
0.09468412
0.09440780
0.09608269
0.09433150
0.09436274
0.10852194
0.09633136
0.09614229
0.09786654
0.09627295
0.09771228
0.09720469
0.09759068
0.09596252
0.09798622
0.10894608
0.09756494
0.09629989
0.09613204
0.09420109
0.09606695
0.09445572
0.09440994
0.09428453
0.09508920
0.10749459
0.09415555
0.09454536
0.09439945
0.09594488
0.09624720
0.09770823
0.09596872
0.09765124
0.09572148
0.11059189
0.09585047
0.09786201
0.09583664
0.09772325
0.09679604
0.09508181
0.09582543
0.09406567
0.09564090
0.11224246
0.09434009
0.09432745
0.09456182
0.09432626
0.09570312
0.09430552
0.09442639
0.09592223
0.09796190
0.09623265
0.11156201
0.09594893
0.09741068
0.09621811
0.09499550
0.09768224
0.09570408
0.09699869
0.09568882
0.09772921
0.10742903
0.09694624
0.09570479
0.09742570
0.09490442
0.09821320
0.09583116
0.09743142
0.09560609
0.09745193
0.10699606
0.09605956
0.09594822
0.09429646
0.09412169
0.09425139
0.09404445
0.09394670
0.09515238
0.09427834
0.10894370
0.09392405
0.09622025
0.09573913
0.09738111
0.09623051
0.09718370
0.09567595
0.09709620
0.09570765
0.11585259
0.09687233
0.09801245
0.09644628
0.09605622
0.09446073
0.09432292
0.09441018
0.09581423
0.09708095
0.11427093
0.09452152
0.09440660
0.09464717
0.09600353
0.09475493
0.09575534
0.09744692
0.09714890
0.09756827
0.09641147
0.10726881
0.09576321
0.09741044
0.09506941
0.09772253
0.09601259
0.09610295
0.09601378
0.09442091
0.09704590
