0.01925111
0.09547877
0.09675741
0.09488034
0.09668732
0.09500098
0.09679604
0.09322166
0.09503460
0.12632060
0.09476066
0.09658003
0.09540200
0.09716654
0.09433103
0.09683299
0.09557557
0.09717560
0.12354231
0.09596181
0.09387088
0.09369087
0.09500837
0.09578633
0.09353542
0.09516335
0.09387994
0.09341073
0.09373116
0.11317706
0.09535456
0.09748650
0.09542394
0.09716678
0.09534287
0.09792042
0.09507251
0.09469032
0.09693956
0.11978126
0.09522581
0.09754658
0.09523940
0.09515047
0.09522271
0.09474039
0.09608197
0.09482121
0.09633470
0.12006545
0.09484911
0.09496188
0.09573817
0.09451914
0.09692359
0.09429216
0.09648776
0.09480929
0.09525299
0.11977124
0.09565616
0.09512448
0.09655404
0.09433627
0.09653735
0.09467649
0.09448385
0.09264994
0.09464025
0.11985183
0.09595990
0.09520197
0.09547544
0.09378171
0.09314871
0.09290051
0.09305358
0.09552145
0.09516263
0.12019300
0.09747005
0.09473443
0.09743023
0.09512687
0.09595847
0.09567428
0.09558463
0.09738708
0.09466243
0.11989832
0.09572482
0.09382296
0.09354091
0.09364605
0.09543872
0.09638047
0.09357166
0.09382367
0.09344149
0.11776471
0.09532046
0.09598327
0.09702229
0.09520936
0.09757042
0.09536648
0.09676695
0.09527731
0.09710550
0.11766815
0.09709501
0.09475875
0.09506583
0.09520721
0.09373999
0.09506464
0.09400368
0.09343219
0.09324765
0.10981941
0.09492087
0.09640694
