0.02053523
0.09365129
0.09346724
0.09699440
0.09544730
0.09813070
0.09533095
0.09742403
0.12390113
0.09551477
0.09789133
0.09537959
0.09710765
0.09572291
0.09497905
0.09535861
0.09348202
0.09369326
0.11847281
0.09513021
0.09533525
0.09503150
0.09347606
0.09416604
0.09349346
0.09483933
0.09493876
0.09553051
0.11981821
0.09724402
0.09576893
0.09746575
0.09553266
0.09757590
0.09537053
0.09668541
0.09521246
0.09515691
0.12869716
0.09529829
0.09535933
0.09635735
0.09495807
0.09727263
0.09516668
0.09505057
0.09616017
0.09502578
0.12112117
0.09652543
0.09587145
0.09490705
0.09494805
0.09721541
0.09514046
0.09696531
0.09504747
0.09558439
0.11312079
0.09699082
0.09566784
0.09685874
0.09563160
0.09566975
0.09659243
0.09535360
0.09643936
0.09510756
0.12337065
0.09694719
0.09593081
0.09739161
0.09512830
0.09785700
0.09488010
0.09608102
0.09525776
0.09701371
0.11299396
0.09702563
0.09566379
0.09990454
0.09488606
0.09698105
0.09497523
0.09518623
0.09350514
0.09491968
0.11303115
0.09440398
0.09365582
0.09352517
0.09346724
0.09355545
0.09662938
0.09500861
0.09711170
0.09623027
0.11158490
0.09567857
0.09737039
0.09564543
0.09749126
0.09582329
0.09652829
0.09533429
0.09517837
0.09662414
0.10762167
0.10259223
0.09464526
0.09509754
0.09452963
0.09669805
0.09334850
0.09361243
0.09368610
0.09503794
0.10570407
0.09863663
0.09455967
0.09752417
0.09493899
0.09695172
0.09408593
0.09688187
0.09534383
0.09718442
0.10738134
0.11627674
0.09409070
0.09706545
0.09319019
0.09500313
0.09506750
0.09335089
0.09389806
0.09348917
0.10944176
0.10071230
0.09313154
0.09322953
0.09282660
0.09281301
0.09529614
0.09496331
0.09514737
0.09649658
0.09495783
0.10748768
0.09657454
0.09523010
0.09678364
0.09468889
0.09660387
0.09489250
0.09488463
0.09486675
0.09483457
0.10512185
0.09467411
0.09297204
0.09312344
0.09287930
0.09343100
0.09484887
0.09316492
0.09316611
0.09471107
0.10617566
0.09525800
0.09459925
0.09493113
0.09574509
0.09484673
0.09472203
0.09453511
0.09617901
0.09371400
0.10663676
0.09499693
0.09615874
0.09511638
0.09638000
0.09493423
0.09671879
0.09502983
0.09480643
0.09974074
0.10724545
0.09488058
0.09328151
0.09500027
0.09496498
0.09301996
0.09347844
0.09308553
0.09295678
0.09461856
0.09300590
0.10839725
0.09282804
0.09273267
0.09369874
0.09698057
0.09490871
0.09637928
0.09497428
0.09467673
0.09896588
0.09494328
0.09572506
0.09523845
0.09656239
0.09345055
0.09514332
0.09301853
0.09343982
0.09307766
0.10750127
0.09363675
0.09299564
0.09312916
0.09319091
0.09480357
0.09341598
0.09486628
0.09477830
0.09618163
0.09461641
0.10370231
0.09470177
0.09565282
0.09477377
0.09462976
0.09632683
0.09395528
0.09617329
0.09318352
0.09447312
0.10163069
0.09439182
0.09620547
0.09546518
0.09664321
0.09460402
0.09662843
0.09462953
0.09631014
0.09740448
0.10795355
0.09847331
0.09637237
0.09541368
0.09495330
0.09537315
0.09486365
0.09565711
0.09797406
0.09659433
0.10667634
0.09647441
0.09310603
0.09792995
0.09327579
0.09475398
0.09333348
0.09483099
0.09460807
0.09327602
0.09296870
0.10488391
0.09306049
0.09316587
0.09670806
0.09461403
0.09710813
0.09501338
0.09652686
0.09494567
0.09593582
0.10959578
0.09519458
0.09719181
0.09538293
0.09499860
0.09536314
0.09320164
0.09650970
0.09456158
0.09645319
0.09752178
0.09720302
0.09499335
0.09676194
0.09489441
0.09494281
0.09639788
0.09452629
0.09644270
0.09436893
0.10853267
0.09514523
0.09640694
0.09509039
0.09671545
0.09495473
0.09582591
0.09466624
0.09620714
0.09472632
0.09321594
0.10172772
