0.02631330
0.09888005
0.09531045
0.09493399
0.09626150
0.09337521
0.09320903
0.09339666
0.09509921
0.10692143
0.10323620
0.09550858
0.09799385
0.09521914
0.09793139
0.09532142
0.09633708
0.09517479
0.09495926
0.10406995
0.09748340
0.09531713
0.09386396
0.09334970
0.09358191
0.09510350
0.09468055
0.09477615
0.09325719
0.09639215
0.10079026
0.09493327
0.09495306
0.09692311
0.09522676
0.09703803
0.09509873
0.09700632
0.09557915
0.10710621
0.10351610
0.09708381
0.09528351
0.09697390
0.09336209
0.09426641
0.09316278
0.09495234
0.09467196
0.09308934
0.10086441
0.09312963
0.09636283
0.09516096
0.09309721
0.09360886
0.09579945
0.09679961
0.09503269
0.09714890
0.10026264
0.09727836
0.09498382
0.09742546
0.09501743
0.09718347
0.09523058
0.09380865
0.09452343
0.09490705
0.10520124
0.09338903
0.09299064
0.09497428
0.09483290
0.09465837
0.09307981
0.09291887
0.09296393
0.09463334
0.10014749
0.10099888
0.09524965
0.09730506
