0.03131795
0.09481812
0.09691215
0.09474993
0.09670448
0.09474826
0.09677458
0.10375428
0.09430456
0.09463525
0.09497094
0.09501553
0.09729648
0.09456587
0.09612608
0.09479666
0.09617281
0.11020994
0.09613109
0.09437490
0.09740901
0.09423041
0.09634328
0.09467530
0.09627652
0.09480214
0.09649873
0.10481977
0.09649372
0.09459805
0.09703827
0.09455943
0.09765863
0.09516931
0.09660625
0.09501243
0.09673238
0.10466266
0.09525108
0.09501648
0.09757400
0.09530282
0.09779310
0.09560990
0.09684491
0.09533048
0.09673786
0.10582304
0.09506750
0.09485006
0.09517002
0.09486747
0.09500313
0.09527302
0.09674501
0.09347892
0.09583545
0.10068250
0.09373093
0.09337950
0.09534311
0.09349537
0.09424472
0.09424043
0.09889364
0.09562039
0.09724164
0.10236025
0.10213947
0.09511399
0.09747148
0.09512091
0.09763098
0.09563041
0.09755301
0.09546924
0.09744740
0.10225487
0.09387589
0.09569383
0.09559131
0.09544706
0.09714794
0.09455180
0.09375668
0.09382391
0.09543109
0.10249305
0.10000873
0.09374285
0.09747601
0.09550571
0.09745574
0.09569621
0.09710383
0.09553432
0.09737349
0.09878540
0.10318923
0.09552574
0.09755874
0.09554625
0.09587479
0.09400702
0.09485006
0.09399700
0.09396696
0.09980369
0.10012150
0.09402680
0.09444475
0.09390020
0.09456062
0.09581089
0.09593225
0.09606004
0.09479809
0.10800099
0.09811640
0.09577966
0.09815598
0.09583116
0.09809685
0.09750056
0.09784818
0.09414458
0.09601068
0.10222411
0.10080695
0.09506464
0.09453344
0.09415174
0.09434199
0.09419966
0.09578276
0.09416842
0.09582639
0.10372376
0.10347652
0.09749007
0.09773397
0.09548163
0.09750104
0.09560466
0.09561396
0.09551549
0.10625768
0.10520077
0.09553194
0.09739280
0.09580231
0.09743309
0.09543705
0.09710717
0.09477639
0.09689784
0.10779071
0.10316658
0.09532666
0.09576941
0.09386230
0.09555078
0.09387517
0.09382105
0.09386873
0.09386945
0.10855794
0.10173678
0.09371185
0.09397984
0.09395409
0.09591508
0.09703946
0.09463525
0.09711266
0.09523511
0.10957551
0.10133219
0.09549403
0.09488487
0.09629631
0.09480381
0.09584713
0.09550738
0.09380984
0.09397650
0.10658932
0.10209870
0.09389138
0.09419918
0.09407806
0.09428954
0.09533334
0.09364939
0.09566498
0.09548593
0.10956883
0.10015512
0.09698224
0.09561610
0.09706545
0.09594369
0.09726429
0.09526062
0.09703135
0.09407806
0.10874438
0.10226488
0.09701157
0.09543371
0.09650564
0.09522939
0.09690571
0.09647179
0.09681582
0.09499907
0.10810280
0.10115218
0.09696889
0.09541988
0.09511375
0.09504318
0.09503889
0.09466863
0.09619141
0.09375477
0.10958600
0.09917307
0.09299874
0.09495425
0.09310675
0.09431028
0.09287286
0.09434390
0.09439754
0.09272504
0.10565329
0.09908748
0.09248042
0.09273314
0.09534860
0.09348726
0.09573340
0.09378219
0.09576917
0.09391427
0.10166264
0.09629631
0.09441328
0.09629297
0.09468532
0.09451962
0.09491348
0.09475899
0.09456897
0.11464572
0.09960628
0.09418750
0.09645820
0.09409046
0.09611011
0.09422827
0.09548450
0.09436321
0.09329772
0.11453247
0.10200787
0.09389591
0.09602880
0.09424019
0.09599686
0.09352708
0.09715319
0.09395218
0.09402466
0.11287951
0.10130310
0.09733200
0.09486866
0.09629607
0.09484172
0.09619236
0.09289670
0.09302711
0.09298086
0.10964823
0.09982586
0.09720421
0.09838152
0.09702802
0.09522867
0.09714794
0.09497786
0.09718275
0.09507084
0.11593246
0.09788132
0.09451485
0.09559894
0.09315395
0.09335661
0.09323335
0.09477210
0.09623528
0.09319782
0.11233473
0.09780121
0.09464574
0.09360552
0.09529305
0.09504843
0.09522200
0.09508276
0.09518385
0.09515953
0.10971022
0.10320926
0.09496832
0.09704995
0.09532857
0.09480977
0.09519100
0.09300160
0.09478998
0.09480524
0.09329224
0.09877443
0.09361053
0.09597254
0.09491396
0.09316111
0.09316349
0.09673238
0.09606123
0.10991478
0.10425615
0.09509373
0.09663033
0.09511042
0.09676886
0.09505868
0.09503150
0.09524012
0.09402919
0.11085105
0.09934616
0.09326625
0.09369373
0.09479690
0.09719539
0.09352756
0.09317803
0.09348893
0.09314299
0.10774326
0.10180640
0.09494328
0.09751582
0.09506607
0.09644198
0.09490347
0.09677529
0.09513950
0.09704208
0.10762858
0.10297537
0.09483743
0.09552908
0.09313917
0.09719062
0.09495091
0.09647322
0.09459829
0.09642887
0.10774064
0.10426497
0.09454513
0.09697247
0.09527898
0.09678125
0.09484386
0.09622240
0.09497356
0.09657645
0.10780072
0.10985041
0.09690309
0.09546471
0.09694505
0.09587693
0.09788442
0.09538794
0.09729576
0.09530473
0.10996079
0.10151863
0.09682608
0.09559917
0.09697056
0.09587979
0.09720135
0.09467769
0.09693575
0.09538913
0.11002231
0.10343218
0.09562969
0.09790540
0.09592295
0.09737396
0.09558630
0.09722233
0.09536123
0.10823131
0.09382486
0.10224223
0.09371638
0.09554052
0.09405494
0.09382629
0.09460020
0.09547877
0.09526873
0.11174393
0.09554100
0.10443234
0.09554195
0.09769225
0.09592986
0.09752202
0.09586477
0.09791923
0.09580660
0.10846162
0.10169530
0.09573698
0.09618783
0.09551311
0.09603167
0.09706330
0.09552670
0.09392953
0.09393835
0.10700417
0.09926677
0.09409976
0.09597111
0.09603906
0.09821606
0.09583712
0.09761620
0.09571505
0.09755564
0.10880685
0.10455370
0.09565568
0.09784555
0.09569597
0.09597278
0.09562588
0.09541678
0.09398031
0.09360003
0.10730743
0.10180569
0.09394073
0.09411073
0.09410596
0.09388423
0.09372568
0.09751225
0.09563661
0.10951424
0.09591246
0.10307217
0.09575844
0.09737945
0.09581208
0.09752560
0.09560204
0.09623551
0.09517789
0.10656047
0.10015368
0.09538674
0.09592938
0.09381771
0.09431553
0.09387994
0.09395576
0.09595037
0.09421396
0.10859752
0.09600163
0.09841323
0.09749627
0.09747624
0.09615350
0.09741068
0.09538531
0.09724307
0.09542513
0.11094666
0.10085511
0.09713626
0.09593844
0.09705019
0.09615588
0.09719753
0.09716749
0.09777188
0.09560800
0.10806537
0.10507631
0.09536958
0.09446192
0.09375691
0.09549642
0.09380150
0.09360886
0.09400082
0.09379458
0.10667706
0.10141420
0.09395766
0.09469461
0.09404850
0.09632063
0.09731746
0.09567809
0.09759927
0.10670304
0.10251641
0.09544897
0.09776735
0.09592557
0.09770656
0.09384680
0.09594226
0.09392810
0.10677814
0.09425640
0.10447001
0.09424973
0.09463429
0.09420109
0.09431767
0.09524226
0.09336758
0.09488750
0.10812473
0.09390497
0.10212374
0.09427524
0.09436059
0.09400201
0.09586692
0.09377551
0.09517336
0.09387302
0.09384418
0.09968448
0.09456635
0.09394741
0.09574938
0.09428883
0.09643888
0.09592485
0.09452271
0.09493327
0.09425950
0.11616063
0.10095644
0.09489393
0.09729981
0.09418201
0.09703612
0.09468627
0.09666872
0.09526873
0.11640477
0.09446478
0.10192919
0.09545016
0.09595060
0.09431887
0.09418774
0.09555030
0.09594011
0.09399009
0.11323881
0.09405637
0.10037613
0.09410286
0.09417915
0.09744596
0.09585094
0.09749913
0.09592772
0.09749389
0.11330748
0.09596157
0.10253882
0.09587407
0.09685302
0.09591031
0.09557557
0.09562421
0.09379268
0.09686995
0.11570263
0.09545135
0.09717894
0.09543800
0.09716296
0.09570289
0.09706879
0.09536529
0.09731936
0.09549713
0.10293961
0.09592104
0.09750319
0.09594059
0.09740281
0.09599137
0.09733701
0.09575534
0.09757519
0.09590673
0.09964585
0.09451294
0.09703302
0.09586048
0.09567547
0.09495425
0.09511995
0.09512830
0.09403682
0.09374881
0.09827018
0.10375977
0.09628582
0.09479427
0.09597039
0.09526134
0.09607673
0.09503150
0.09778929
0.09511566
0.09975195
0.10602760
0.09580445
0.09799933
0.09414482
0.09418559
0.09385157
0.09392357
0.09642148
0.09562230
0.10293174
0.10147595
0.09415603
0.09558916
0.09553099
0.09788656
0.09587359
0.09770346
0.09581852
0.09778333
0.09634852
0.10471559
0.09452295
0.09590435
0.09540033
0.09784794
0.09394813
0.09577155
0.09413624
0.10913253
0.09439492
0.09444785
0.09397268
0.09566116
0.09569979
0.09543133
0.09385276
0.09522176
0.09583068
0.09849024
0.09853673
0.10284424
0.09579754
0.09780169
0.09620523
0.09915304
0.09702206
0.09686708
0.09547734
0.10566664
0.09543538
0.10377741
0.09334373
0.09343290
0.09601593
0.09511685
0.09359574
0.09333539
0.09351802
0.10892034
0.09842587
0.10368991
0.09766293
0.09576321
0.09790254
0.09579515
0.09792948
0.09580159
0.09789872
0.09994388
0.09797215
0.10632896
0.09438801
0.09542632
0.09623265
0.09621668
0.09806180
0.09570384
0.09737372
0.10335040
0.09713936
0.10106635
0.09765697
0.09640598
0.09742403
0.09571481
0.09726906
0.09599161
0.09745932
0.09664798
0.09828734
0.09588623
0.09782958
0.09613323
0.09741783
0.09586406
0.09841490
0.09579730
0.11075473
0.09582925
0.10426903
0.09733558
0.09585953
0.09783030
0.09586668
0.09797549
0.09595180
0.09774113
0.09825492
0.09678745
0.10226893
0.09763145
0.09593749
0.09775996
0.09578395
0.09739017
0.09550905
0.09738493
0.09821248
0.09524679
0.09551024
0.09339404
0.09380651
0.09516144
0.09350657
0.09315681
0.09297538
0.09443283
0.10764241
0.09653831
0.10120392
0.09631801
0.09510350
0.09694600
0.09654284
0.09467196
0.09612107
0.09441566
0.09875107
0.09458995
0.10059762
0.09288144
0.09398580
0.09465241
0.09454036
0.09634924
0.09448051
0.09295106
0.10025167
0.09474707
0.10117030
0.09294724
0.09322166
0.09707308
0.09486008
0.09668827
0.09476256
0.09658980
0.09852743
0.09671569
0.10124731
0.09634566
0.09520769
0.09662628
0.09491849
0.09490323
0.09288406
0.09476018
0.10251713
0.09495091
0.10090327
0.09446764
0.09314013
0.09315348
0.09304428
0.09284735
0.09440112
0.09363222
0.10869265
0.09580946
0.10471416
0.09476590
0.09501362
0.09350777
0.09465504
0.09421206
0.09434009
0.09437752
0.10522985
0.09267282
0.09984732
0.09405684
0.09409738
0.09261394
0.09260106
0.09239841
0.09253001
0.09377384
0.09734225
0.09400749
0.10045052
0.09581590
0.09571505
0.09615612
0.09458327
0.09421420
0.09403849
0.09422660
0.10021305
0.09572363
0.09446549
0.09423947
0.09470820
0.09435034
0.09542894
0.09474444
0.09521127
0.09391665
0.10600066
0.09435415
0.10021734
0.09426045
0.09423709
0.09458280
0.09441257
0.09274530
0.09279132
0.09280205
0.09284115
0.09666538
0.10246587
0.09298348
0.09636068
0.09338403
0.09379601
0.09475827
0.09538674
0.09489870
0.09655738
0.09543252
0.10263038
0.09484172
0.09687114
0.09550738
0.09695983
0.09496403
0.09418678
0.09363580
0.09346414
0.09440780
0.09936643
0.09522414
0.09405708
0.09375119
0.09371996
0.09385681
0.09547997
0.09404254
0.09471965
0.09814000
0.09576392
0.10408521
0.09754086
0.09741569
0.09594035
0.09721518
0.09557271
0.09747529
0.11077905
0.09580731
0.09452677
0.09724259
0.09578776
0.09773731
0.09582090
0.09727740
0.09562349
0.09722376
0.10013032
0.09727168
0.10048842
0.09712577
0.09595370
0.09712911
0.09573078
0.09679413
0.09565592
0.09713936
0.10358191
0.10354972
0.09484625
0.09572721
0.09402299
0.09405375
0.09524536
0.09572101
0.09397554
0.10133529
0.09397721
0.10239434
0.09364080
0.09397435
0.09511828
0.09742761
0.09685254
0.09728336
0.09516311
0.10328054
0.10760450
0.09756279
0.09602380
0.09779668
0.09612203
0.09556842
0.09598732
0.09609437
0.11296105
0.09726858
0.10518789
0.09564090
0.09759426
0.09589124
0.09756994
0.09557509
0.09753346
0.09579420
0.10671592
0.10771966
0.10660076
0.09794116
0.09605956
0.09732580
0.09557486
0.09691191
0.09976983
0.10594344
0.09374905
0.09967756
0.09544683
0.09810424
0.09462476
0.09687376
0.09546185
0.09632206
0.09391260
0.10800052
0.09382033
0.10109830
0.09546804
0.09613848
0.09608722
0.09597635
0.09625387
0.09603024
0.09611320
0.10181928
0.09733391
0.10437655
0.09773397
0.09600353
0.09440041
0.09415078
0.09546399
0.09420228
0.09600377
0.10561085
0.09428501
0.10138392
0.09410429
0.09606910
0.09600449
0.09815168
0.09475613
0.09785962
0.09543562
0.10341835
0.09615040
0.10371804
0.09611058
0.09822989
0.09596848
0.09813619
0.09416032
0.09580112
0.09417772
0.10265779
0.09422803
0.09883046
0.09410048
0.09588885
0.09515190
0.09556556
0.09396529
0.09572864
0.09600401
0.10691667
0.09620404
0.10235381
0.09606957
0.09633970
0.09620118
0.09597564
0.09937501
0.09592986
0.09750700
0.09560704
0.09614205
0.10218120
0.09400105
0.09441590
0.09713316
0.09570432
0.09392500
0.09385967
0.09418130
0.10468459
0.10314155
0.09579849
0.09758902
0.09611869
0.09741712
0.10870934
0.10264802
0.09786487
0.11664748
0.09953117
0.10478473
0.09754348
0.09636426
0.09649992
0.10181189
0.14728785
0.11161160
0.12496376
0.09925890
0.10834670
0.13809419
0.15294862
0.11263347
0.10011506
0.09912944
0.11048627
0.09609222
0.12808299
0.11734629
0.13785696
0.13990951
0.10697460
0.10492086
0.15713644
0.12740374
0.10525560
0.09484100
0.11075115
0.09902620
0.13282013
0.11131001
0.09637547
0.09748745
0.10094285
0.10127592
0.10412598
0.09796453
0.11151290
0.09846306
0.09883833
0.10657811
0.09729981
0.10283184
0.09373760
0.10002422
0.09611893
0.09852290
0.09748745
0.09557724
0.10474563
0.10337400
0.09834647
0.10790372
0.10199714
0.09680629
0.09735751
0.09566808
0.09733629
0.09891963
0.10903907
0.15643048
0.11461735
0.09733868
0.10137510
0.12258911
0.11154222
0.10866714
0.09586406
0.10340357
0.09430170
0.09714413
0.10509849
0.09356594
0.09513402
0.09842825
0.10209131
0.09778571
0.10401797
0.10908914
0.09613633
0.10167503
0.09605193
0.10253501
0.09657264
0.09489036
0.10337996
0.11630154
0.10463667
0.10657454
0.10513544
0.11346173
0.09311271
0.09322643
0.09288478
0.10506082
0.10258722
0.10079765
0.10294366
0.10307407
0.11515021
0.09983730
0.09773135
0.09773326
0.11018777
0.09890223
0.10222292
0.11323881
0.09824276
0.10400748
0.09519863
0.09745193
0.09439373
0.09427691
0.09320450
0.13578606
0.13038683
0.14616513
0.13854098
0.12268400
0.10164428
0.09604502
0.09465146
0.14062023
0.16287112
0.14698958
0.11489296
0.09375572
0.09572816
0.09436727
0.09614921
0.09457421
0.09630346
0.11291289
0.10183668
0.10208201
0.09420300
0.09484673
0.10142708
0.09476662
0.10089850
0.10523725
0.09324360
0.10855317
0.10976219
0.12319088
0.09358478
0.09344244
0.09299326
0.09959531
0.10706925
0.10581279
0.11868763
0.09824491
0.10363650
0.10664582
0.11162400
0.11019921
0.09824753
0.09404087
0.10252881
0.10555577
0.09409428
0.10213494
0.09477592
0.09356570
0.09324741
0.09297967
0.09322190
0.09317803
0.09311032
0.10856986
0.11561561
0.09561229
0.09630442
0.09630466
0.09524965
0.09628415
0.09515691
0.10065961
0.10276628
0.19849467
0.09340405
0.10656428
0.09796619
0.09274149
0.09421158
0.09450293
0.09367943
0.09291887
0.09295559
0.09308672
0.09366250
0.09924531
0.09446192
0.10373306
0.10312843
0.09282446
0.09296393
0.09287977
0.09302735
0.09299183
0.09300733
0.10278511
0.09296036
0.09358811
0.09302235
0.09297585
0.09283638
0.09490776
0.09437919
0.09316683
0.09394288
0.10198522
0.09319162
0.09902048
0.09338355
0.09471989
0.09303021
0.09289527
0.09280229
0.09350443
0.09302235
0.10339522
0.09310794
0.09300303
0.09320235
0.09297657
0.09453392
0.09307837
0.09280419
0.09295750
0.09313440
0.09283185
0.09423280
0.09310985
0.09686327
0.09434056
0.09291148
0.09394836
0.09313488
0.09307694
0.09295583
0.09500790
0.09848022
0.10821939
0.09582877
0.09598899
0.09517336
0.09401178
0.09356332
0.09315729
0.09295678
0.09295201
0.10453749
0.09294128
0.09413910
0.09432936
0.09330106
0.09295678
0.09301209
