0.02256680
0.09425902
0.09438896
0.10662317
0.09416318
0.09435058
0.09999108
0.09461284
0.09477735
0.09441829
0.09403443
0.09396887
0.09420657
0.10576677
0.09452581
0.09601808
0.10204053
0.09408402
0.09410810
0.09413028
0.09512496
0.09397960
0.09650207
0.10466313
0.09554911
0.09610033
0.09662175
0.09690952
0.09722924
0.09713864
0.09690309
0.09677649
0.09704566
0.10332417
0.11103225
0.11685371
0.10128689
0.21095181
0.11240435
0.09821439
0.09646583
0.09799433
0.09610724
0.09784007
0.09618521
0.10378051
0.09610605
0.09628081
0.10290694
0.09458923
0.09669447
0.09561539
0.09562540
0.09565330
0.09597373
0.11071301
0.09670377
0.10983253
0.11941576
0.10534525
0.09582067
0.09399962
0.09493113
0.09476829
0.09409094
0.10200477
0.09467530
0.09386635
0.10037804
0.09410286
0.09381080
0.09389472
0.09388685
0.09387231
0.09407759
0.10100484
0.09553957
0.09389830
0.09571624
0.09390855
0.09390759
0.09398913
0.09397674
0.09386826
0.09413862
0.10637951
0.09408808
0.09406400
0.09395647
0.09419203
0.09663939
0.09468341
0.09485459
0.09426618
0.09407663
0.10206532
0.10171747
0.10726571
0.10089731
0.09661388
0.10039186
0.10520864
0.10340738
0.09676099
0.09597683
0.10283589
0.09771657
0.10971975
0.11469483
0.10781336
0.09684300
0.09574747
0.09784985
0.09667039
0.10746980
0.09460950
0.09584236
0.11425519
0.11219049
0.10091829
0.09542298
0.09381461
0.09461522
0.09380841
0.10274839
0.09706330
0.09549665
0.10417867
0.09581375
0.09790349
0.09591103
0.09743595
0.09563041
0.09784174
0.10377860
0.09605575
0.10062528
0.09580922
0.09575629
0.09594011
0.09583974
0.09716392
0.11095095
0.10869813
0.10371280
0.09410548
0.10365129
0.09409428
0.09414577
0.09398794
0.09412909
0.10810494
0.11173439
0.11187291
0.09590507
0.09578013
0.11782479
0.11567235
0.10657454
0.09410858
0.09400535
0.09416318
0.09649634
0.09759831
0.09982419
0.11730409
0.10771775
0.09665418
0.09402370
0.09444499
0.09393048
0.09387040
0.11350536
0.09728384
0.09660554
0.10251570
0.09572697
0.09752584
0.09568119
0.09953618
0.09719944
0.09974742
0.11079574
0.09721136
0.09512162
0.10006452
0.09415889
0.09687018
0.09395456
0.09399986
0.09393477
0.09408641
0.10229993
0.09411001
0.09414697
0.10089469
0.09704375
0.09594727
0.09819293
0.09554935
0.09677482
0.09568858
0.10250092
0.10884523
0.09540582
0.10269141
0.09609199
0.09717822
0.09608197
0.09725976
0.09537601
0.10047483
0.10486794
0.09683633
0.09469795
0.10502410
0.09561491
0.09503436
0.09587359
0.10707736
0.11027718
0.10508299
0.09820700
0.09429598
0.10384488
0.09431243
0.09531474
0.10307336
0.10605669
0.10421872
0.09574771
0.10387945
0.09505343
0.09719682
0.09549880
0.09739637
0.09589577
0.09732080
0.09636903
0.09734941
0.09405708
0.10420227
0.09394646
0.09420943
0.09847856
0.09712791
0.09426641
0.10653543
0.11191082
0.10669732
0.09535551
0.09939456
0.09724855
0.09655976
0.11956668
0.11364055
0.09819412
0.09723091
0.11087465
0.11923718
0.12229824
0.09727502
0.09415674
0.10349584
0.11404061
0.11743259
0.09722757
0.09434509
0.09579301
0.11281228
0.10202169
0.09596419
0.09425974
0.09473610
0.10406971
0.10268211
0.09566188
0.09398293
0.09468937
0.10412169
0.09399223
0.09571767
0.09919024
0.09528422
0.10215473
0.10016680
0.09581017
0.09387565
0.09465408
0.10998535
0.09610629
0.09662890
0.09403133
0.09415698
0.09388304
0.09567761
0.09539604
0.09763432
0.09562421
0.10366535
0.09599113
0.09843588
0.09575677
0.09722805
0.10416245
0.10766578
0.09860182
0.09412622
0.10549593
0.10097027
0.10482764
0.10007381
0.09589195
0.09723854
0.09961176
0.10766721
0.10009789
0.09709883
0.10131216
0.09745765
0.10175872
0.10390043
0.10181236
0.09453464
0.09473681
0.09806371
0.09434199
0.10446310
0.11573339
0.09473133
0.09409356
0.09375978
0.09533906
0.09530258
0.09393167
0.09358001
0.09403133
0.09409881
0.09973192
0.09391117
0.09378052
0.09526920
0.09390044
0.09384513
0.09598255
0.09390092
0.09503269
0.10594559
0.09589314
0.09816265
0.10036802
0.11220765
0.10909486
0.09930992
0.09425998
0.09491014
0.09459281
0.10737777
0.11864090
0.10444975
0.09417486
0.09540629
0.09659147
0.10928392
0.10908699
0.11746383
0.09565520
0.09409595
0.10020471
0.09590602
0.09453773
0.10724497
0.11368823
0.09847641
0.09468079
0.10795832
0.09578919
0.09468150
0.09733677
0.09438920
0.09435368
0.09432769
0.09765053
0.09424448
0.09437132
0.10795641
0.10103941
0.10592151
0.10994434
0.10695028
0.11814618
0.10347700
0.09613800
0.11523771
0.12350392
0.16386509
0.15779209
0.19143295
0.16803956
0.15679216
0.11016917
0.12146282
0.10092783
0.10503435
0.10024714
0.10115004
0.09752035
0.09871602
0.09717917
0.11087823
0.10264301
0.09640670
0.09997797
0.09595370
0.09644151
0.09604621
0.10001850
0.09791350
0.10167003
0.10229611
0.09892941
0.09867358
0.09676361
0.09483290
0.09986758
0.12250137
0.11214590
0.09913945
0.11489415
0.09777403
0.10242701
0.09633017
0.10161877
0.10104012
0.09732461
0.09650183
0.10028553
0.11017680
0.09448123
0.09937978
0.10094523
0.09481502
0.09445190
0.09682488
0.09478092
0.09575939
0.09436798
0.10877442
0.09418845
0.09479499
0.09964705
0.09434438
0.09482265
0.09503627
0.09454775
0.09571838
0.09455538
0.11559057
0.09470367
0.09436035
0.10086942
0.09515285
0.09426284
0.09430504
0.09457946
0.09564209
0.09421229
0.11337042
0.09594274
0.09436607
0.10052443
0.09425831
0.09449267
0.09423780
0.09459186
0.09613991
0.09433985
0.11305714
0.09440565
0.09959888
0.10483217
0.10342360
0.10214615
0.09620905
0.10373783
0.09493494
0.09447312
0.11063719
0.10024571
0.09485412
0.09929299
0.09543681
0.09436131
0.09586310
0.09601283
0.09446001
0.09456539
0.10703516
0.09471154
0.09523320
0.09828448
0.09689450
0.10076833
0.09917402
0.09714484
0.09840250
0.09927988
0.10011244
0.09811425
0.10772133
0.09888101
0.09798932
0.09969497
0.12077904
0.12413001
0.10456586
0.09852099
0.09648323
0.09883761
0.09696507
0.09811902
0.09895635
0.09766626
0.11280727
0.09738708
0.09843469
0.09984899
0.09785771
0.09696984
0.09716010
0.09490085
0.09480262
0.09475422
0.11041355
0.09487438
0.09601021
0.09859991
0.09887505
0.09629202
0.10012722
0.09742498
0.09813976
0.09647226
0.11420655
0.09779596
0.09656787
0.09965324
0.09707689
0.10049844
0.09734654
0.09825230
0.09740758
0.09730792
0.09963322
0.09697509
0.10149765
0.09885383
0.09847665
0.09680963
0.09655571
0.09630370
0.09491587
0.10701466
0.09461236
0.09505296
0.10028720
0.09483933
0.10633373
0.09493661
0.09553838
0.09704423
0.10014367
0.11575198
0.10160518
0.09924722
0.10224533
0.10339093
0.10292435
0.10010195
0.09886742
0.09636998
0.09664416
0.10315776
0.09489107
0.10617733
0.11166811
0.09754491
0.09920788
0.09549880
0.09479952
0.09639049
0.10150075
0.09665394
0.09698057
0.09913039
0.09640241
0.09664178
0.10080719
0.09703612
0.09761930
0.09764433
0.10751367
0.09605145
0.09603286
0.10043454
0.09656429
0.09607744
0.10108042
0.09811234
0.09993744
0.16149330
0.11499357
0.09843993
0.09688878
0.09476995
0.09667516
0.09850001
0.10452509
0.10932446
0.10896993
0.11564350
0.10556841
0.10673928
0.10504675
0.10888910
0.10130143
0.09924316
0.18179536
0.14890313
0.09736633
0.09545231
0.09750247
0.09564543
0.09887505
0.10044622
0.10187268
0.09840965
0.09766722
0.10889053
0.09714723
0.09826088
0.09713411
0.09878588
0.09612775
0.10077834
0.09807682
0.12547064
0.11585784
0.14166212
0.13241291
0.12829185
0.13772631
0.13787436
0.14418650
0.12053752
0.10358548
0.11128926
0.10306454
0.10282779
0.10589170
0.10790586
0.09949780
0.11563230
0.09725380
0.09834933
0.10698247
0.11488962
0.15003538
0.18166614
0.10253668
0.11366224
0.14796662
0.09908414
0.13742304
0.10360527
0.11638188
0.14271998
0.09918618
0.15824270
0.09649944
0.15358877
0.10051799
0.13918924
0.09765148
0.09489107
0.13001347
0.13786650
0.20108151
0.09818983
0.09843802
0.09833598
0.10160542
0.12649202
0.11982083
0.10949254
0.15701461
0.14006877
0.15747619
0.13088298
0.15255547
0.13200521
0.14204168
0.13913226
0.15796566
0.14475775
0.15440488
0.13253975
0.17355394
0.14324951
0.14229798
0.20466924
0.15552664
0.17217851
0.14441967
0.13693810
0.13540578
0.11630964
0.12442350
0.15883279
0.15365505
0.15326309
0.16014600
0.17296910
0.15871119
0.13474274
0.11878157
0.13978577
0.16052747
0.15176654
0.11467028
0.11999011
0.16264319
0.13228798
0.15643430
0.12443471
0.12860966
0.11802459
0.10692453
0.11331415
0.16527915
0.09693503
0.10827613
0.09634995
0.09943581
0.09581065
0.12582111
0.10059428
0.10468078
0.09875441
0.09644771
0.10549021
0.10143781
0.09837055
0.09620786
0.10555816
0.10596013
0.09816098
0.10152864
0.09942913
0.09993482
0.10228872
0.09878826
0.09826398
0.09506106
0.09638977
0.09532905
0.10482168
0.09923553
0.09975672
0.10027504
0.14562988
0.19977212
0.16325951
0.18680000
0.16886592
0.15831733
0.15004206
0.13732958
0.13256812
0.10642242
0.15385985
0.11713839
0.09781480
0.15331268
0.13154006
0.12253451
0.15004492
0.17368984
0.14400649
0.14139342
0.13321853
0.16366029
0.15811849
0.15111923
0.14722538
0.16674066
0.13805795
0.17900443
0.16876793
0.15688324
0.15553880
0.13582015
0.15314913
0.15229940
0.11408305
0.09757566
0.13170409
0.13961267
0.12248826
0.13835835
0.14136648
0.15615559
0.14480352
0.16536784
0.16008711
0.13325143
0.14715767
0.12215424
0.18051577
0.15187764
0.13203311
0.12965512
0.14191794
0.13916636
0.14770341
0.15232205
0.14913750
0.14794445
0.12361956
0.12966657
0.14002204
0.14567351
0.13941312
0.17848110
0.15238714
0.13309932
0.14709830
0.12633753
0.09566402
0.09516931
0.09581232
0.11317110
0.09428072
0.09381962
0.09789300
0.09451294
0.09403968
0.09388947
0.09377408
0.09389782
0.09511590
0.11205626
0.09739399
0.09959602
0.10453677
0.09947467
0.09981108
0.10687709
0.09907484
0.10185218
0.10433507
0.11053371
0.09656239
0.09692430
0.09829378
0.09736371
0.09650135
0.12789583
0.09442639
0.09522080
0.10849762
0.09351540
0.14953160
0.10694551
0.09371996
0.09447789
0.10611796
0.10083199
0.11176848
0.11000514
0.09937263
0.10275841
0.10046625
0.09637213
0.09399438
0.09457994
0.09449506
0.09395385
0.09387493
0.10597849
0.09419489
0.09380698
0.09864688
0.09365726
0.09382939
0.09437013
0.09410167
0.09406471
0.09384918
0.10615611
0.10567045
0.09387565
0.10033894
0.09387851
0.09372711
0.09552145
0.09384918
0.09421539
0.09394455
0.10602069
0.09393716
0.09432936
0.09401727
0.09417105
0.09388614
0.09413362
0.09382534
0.09554219
0.09406304
0.10762215
0.09381247
0.09423828
0.09476376
0.09433389
0.09415841
0.09475875
0.09399390
0.09521461
0.09468293
0.10517287
0.09461308
0.09403086
0.09539795
0.09423447
0.09396148
0.09445643
0.09429789
0.09426546
0.09377432
0.09393239
0.10785198
0.09535170
0.09383035
0.09406924
0.09390092
0.09406972
0.09395480
0.09396005
0.09418941
0.09380126
0.10608077
0.09442902
0.09980917
0.09780931
0.09401560
0.09409881
0.09730959
0.09373903
0.09393573
0.09309101
0.10605240
0.09296560
0.09291458
0.09308863
0.09289718
0.09328246
0.09312677
0.09297919
0.09334517
0.09302282
0.10701919
0.09454036
0.09338522
0.09631228
0.09312034
0.09476352
0.09355211
0.09307599
0.09311247
0.09283519
0.10508060
0.09316897
0.09305811
0.09293842
0.09312677
0.09280372
0.09314895
0.09300494
0.09337425
0.09309554
0.10649180
0.21060491
0.10286069
0.10150695
0.09598398
0.10639453
0.09445715
0.09309506
0.09597778
0.10551834
0.09493589
0.09453154
0.09343886
0.09616065
0.09460449
0.10488224
0.09521914
0.09433103
0.10351920
0.09497285
0.09685898
0.09558916
0.09705186
0.09511614
0.09711099
0.10467744
0.09691501
0.09602809
0.10708284
0.09865594
0.09757590
0.09766412
0.09612274
0.09812975
0.09600592
0.09944630
0.09336472
0.09404373
0.10079432
0.09777069
0.09752655
0.09954906
0.09724116
0.09781647
0.09569979
0.10135722
0.09421444
0.09709811
0.10090208
0.09704375
0.09562588
0.09551239
0.09501314
0.09485960
0.09548616
0.10189581
0.09520888
0.09615302
0.10344934
0.09591913
0.09517455
0.09833097
0.09820986
0.09889722
0.09499216
0.10428476
0.09619856
0.10083079
0.10890031
0.09510994
0.09755611
0.10064244
0.09786844
0.09573698
0.10827112
0.09455132
0.09721637
0.09459591
0.10725498
0.09486222
0.09673071
0.09500337
0.09644079
0.09527183
0.12631631
0.12192321
0.09711814
0.10322881
0.09650350
0.09905148
0.09886122
0.09484410
0.09626174
0.09483862
0.10095716
0.09487295
0.09620667
0.09914351
0.09447837
0.09480453
0.09341192
0.09498286
0.09368277
0.10961866
0.10700631
0.10829830
0.18963218
0.10558796
0.15269923
0.12814832
0.10296631
0.10061359
0.09796333
0.09808111
0.09690738
0.09675550
0.09808969
0.11001420
0.09685111
0.15755987
0.16117406
0.12812734
0.11226249
0.18517470
0.11466098
0.09800267
0.14304876
0.14046121
0.09852195
0.09560132
0.09580946
0.09638333
0.10026574
0.10481000
0.09658289
0.09936261
0.09443665
0.10388994
0.11503792
0.11223292
0.09721017
0.09975386
0.10906434
0.09406066
0.09871149
0.09728241
0.09910393
0.09577799
0.09756088
0.09549618
0.09725547
0.09574580
0.11196756
0.09810162
0.09612131
0.09911585
0.09598899
0.09430146
0.09389901
0.09701204
0.14522219
0.09375763
0.10225248
0.09666657
0.09809542
0.09689522
0.09589005
0.09504533
0.10006642
0.12714911
0.11823058
0.09794140
0.09710240
0.09506416
0.09754181
0.09723091
0.10190868
0.09911132
0.10325384
0.12459779
0.09973741
0.09664106
0.09990740
0.10545778
0.09868574
0.10606670
0.10167360
0.09711909
0.09934855
0.10225630
0.11813784
0.11911893
0.09880590
0.09814692
0.09422302
0.09399629
0.09395862
0.09707880
0.09910250
0.10240984
0.10313320
0.10604954
0.09953642
0.09656096
0.09557605
0.14507079
0.12265611
0.15184951
0.15042400
0.17837310
0.14338231
0.15587068
0.13313580
0.15180516
0.13241625
0.12400270
0.19008684
0.10596919
0.10375094
0.10656643
0.13202953
0.11608815
0.10666752
0.11382604
0.11676097
0.12071633
0.11905980
0.16749668
0.11470699
0.10191464
0.09556627
0.10388064
0.09835196
0.09821892
0.09584832
0.09793472
0.10963774
0.09809995
0.09984040
0.09880996
0.09450316
0.09499788
0.09485984
0.09397149
0.09867382
0.09839940
0.09771419
0.09685969
0.09865475
0.10111666
0.09642553
0.09814215
0.11007857
0.10625029
0.09668517
0.10232162
0.09582329
0.09947515
0.10511494
0.09794044
0.09502339
0.09707403
0.09649253
0.11193943
0.10453343
0.09578419
0.09537888
0.10361147
0.09817743
0.09577656
0.09837413
0.09594703
0.09783912
0.10742021
0.10965991
0.09594154
0.09673429
0.10489988
0.10126257
0.10314059
0.11783743
0.10854459
0.11812258
0.09774137
0.09477878
0.09414911
0.11161733
0.09639025
0.09696269
0.10514665
0.11003423
0.12740135
0.11885810
0.12493706
0.13148451
0.15071535
0.14629722
0.11905742
0.13361859
0.12003422
0.12677145
0.12874317
0.15518570
0.09676003
0.11934900
0.09408212
0.09368968
0.09371662
0.09507132
0.09509134
0.10100555
0.09333920
0.09641623
0.10166955
0.09514713
0.09540486
0.09533238
0.09469891
0.09502053
0.12706089
0.12892866
0.11203837
0.11030674
0.11053991
0.11086011
0.14168930
0.10745955
0.13536763
0.09807062
0.09417367
0.09592867
0.09368348
0.09523058
0.09558845
0.09557843
0.09622455
0.09793591
0.11513805
0.09754610
0.09738064
0.10141420
0.11200619
0.17005754
0.10993528
0.14671564
0.14966393
0.11688375
0.09598517
0.09865832
0.09849691
0.09728789
0.09544516
0.09832239
0.09752178
0.11105824
0.09506130
0.09747863
0.09533262
0.09750986
0.10161829
0.09986353
0.10078478
0.09988379
0.09753656
0.10640335
0.10016632
0.09756827
0.09950829
0.09791613
0.09748101
0.09550595
0.09721327
0.09616041
0.10954452
0.09578824
0.09765172
0.09607768
0.09718895
0.09601593
0.09727907
0.09562302
0.09716368
0.09725070
0.10761380
0.09445047
0.09552836
0.09527326
0.09571576
0.09582853
0.09551501
0.09398723
0.09387422
0.09579754
0.10557723
0.09571934
0.09540462
0.10303473
0.09578800
0.09825182
0.09548688
0.09771085
0.09582114
0.11105251
0.09565163
0.09594750
0.09539390
0.09619856
0.09682941
0.09535527
0.09348702
0.09490991
0.09515119
0.10434914
0.09517717
0.09473848
0.09340501
0.09394717
0.09448147
0.09359097
0.09346843
0.09528184
0.09547281
0.10467863
0.09516692
0.09722042
0.09522843
0.10278440
0.09536958
0.09721828
0.09514737
0.09709287
0.09520507
0.10568500
0.09669375
0.09547234
0.09358215
0.09924102
0.09394860
0.09526920
0.09348536
0.09482741
0.09532452
0.09460688
0.09522176
0.09745240
0.09552884
0.09536314
0.09549832
0.09525704
0.10311031
0.09529185
0.09755707
0.09827113
0.09570646
0.09524846
0.09512162
0.09520364
0.09328890
0.10199761
0.09373307
0.09358954
0.09468198
0.10081339
0.09372020
0.09551072
0.09590888
0.09960461
0.09794927
0.10646510
0.10650373
0.10139394
0.11862493
0.15443134
0.14261174
0.13817286
0.14455104
0.13756657
0.14081311
0.16758561
0.12384963
0.14378524
0.11051393
0.11067653
0.10080671
0.09375167
0.10992312
0.10084820
0.10184908
0.09680605
0.10386992
0.12490153
0.11824012
0.10932899
0.09973335
0.09380984
0.09824419
0.12916279
0.10815644
0.09851074
0.10563636
0.11681461
0.12969780
0.09561014
0.11824584
0.11876178
0.10213900
0.09619832
0.11351204
0.09688234
0.11919022
0.10840893
0.09366274
0.11119127
0.10078001
0.09903932
0.09982681
0.09933567
0.09766126
0.09639716
0.11259675
0.09545422
0.09374309
0.09398794
0.09398937
0.09392071
0.10347772
0.20472574
0.17713094
0.18706298
0.17197585
0.10641432
0.09754515
0.09562445
0.09589577
0.09370446
0.10617733
0.10026550
0.09611177
0.09694481
0.09705591
0.09895444
0.09610200
0.09489369
0.09407830
0.10961199
0.09789824
0.10944319
0.09626746
0.09339881
0.09613109
0.10201669
0.11255717
0.09805560
0.09566450
0.10761356
0.10705233
0.09901357
0.10053778
0.09890532
0.10028172
0.09961486
0.09831548
0.09853697
0.09502387
0.09682417
0.09510803
0.09649944
0.09531713
0.09672976
0.09483767
0.10928154
0.09505367
0.09677434
0.12513280
0.09954858
0.10032463
0.09846544
0.10164022
0.09944677
0.10019159
0.12365270
0.12634754
0.10409236
0.12025380
0.11488438
0.11656332
0.11185002
0.10569644
0.10706830
0.11845946
0.11396360
0.13072824
0.10879707
0.09864044
0.09613538
0.10531688
0.13514161
0.09439135
0.09361935
0.09550548
0.10436201
0.09569001
0.09777665
0.09559250
0.09722781
0.09342909
0.10082388
0.09338474
0.09533906
0.09424090
0.10174561
0.09371781
0.10003710
0.09393978
0.09357476
0.09471107
0.09429193
0.09338593
0.09313273
0.09493256
0.09330535
0.09499097
0.09346819
0.09482121
0.10598755
0.09480524
0.09474468
0.10421062
0.10535216
0.09531832
0.09358191
0.09333992
0.09492135
0.10655022
0.09353828
0.09330678
0.09457755
0.09686065
0.09524798
0.09726787
0.09520555
0.09685111
0.09674668
0.09842467
0.10825014
0.09886861
0.09436178
0.09988904
0.09410644
0.09839535
0.10819888
0.11046600
0.09842181
0.10287952
0.09553790
0.11037898
0.12968636
0.11458111
0.09533906
0.10224748
0.11524129
0.10738492
0.10165191
0.10205913
0.11346221
0.10139489
0.09711838
0.10059953
0.09690380
0.10757375
0.09754920
0.09651065
0.11671972
0.10950732
0.11950779
0.10475659
0.20646667
0.10912061
0.10185647
0.09511495
0.09673762
0.14112282
0.09906197
0.09940457
0.10763049
0.10621405
0.09755683
0.10918570
0.11291575
0.12641478
0.11729383
0.11450624
0.13250256
0.09751320
0.09524345
0.09332967
0.09370494
0.09960413
0.11345220
0.10675955
0.10083461
0.09370232
0.09531546
0.09646559
0.09394407
0.09391546
0.09353065
0.09490514
0.10570812
0.09328151
0.09486747
0.09474182
0.09345961
0.09806967
0.09732747
0.10014391
0.09768963
0.09688854
0.10894680
0.09328222
0.09391570
0.09372807
0.09661722
0.10010433
0.09870958
0.09381461
0.09604669
0.09791613
0.10732126
0.09390378
0.09361291
0.09373879
0.09508467
0.09387064
0.09436631
0.09507251
0.09748816
0.10794449
0.11722374
0.10892487
0.09337544
0.09367061
0.09405875
0.10204363
0.11899352
0.11218452
0.09405756
0.10617447
0.09405065
0.10072780
0.10240531
