0.02473855
0.09294772
0.09913516
0.09477186
0.09302163
0.10475993
0.11988235
0.09406042
0.09464788
0.09706855
0.09482169
0.10437608
0.09447503
0.10304093
0.10087061
0.09949231
0.10626984
0.09284019
0.09324336
0.10008192
0.10052609
0.09963465
0.09340405
0.09318852
0.09358120
0.09313893
0.11531472
0.09656429
0.10011315
0.10398340
0.09266114
0.09323525
0.09420681
0.09293699
0.09265804
0.09372211
0.10881662
0.09394169
0.09317207
0.09391499
0.09258389
0.09411907
0.09442663
0.09282756
0.09361982
0.09260988
0.09275079
0.10449195
0.09247875
0.09255886
0.09235907
0.09247565
0.09453869
0.09258246
0.09268689
0.09261656
0.09259367
0.10561681
0.09254313
0.09262395
0.09244180
0.09243393
0.09239197
0.09300923
0.09274840
0.09249187
0.09247303
0.09265256
0.10522532
0.09257174
0.09279895
0.09296012
0.09306455
0.09263158
0.09244108
0.09303355
0.09281087
0.09425616
0.10581207
0.09265876
0.09429955
0.09403419
0.09548283
0.09422636
0.09584641
0.09258270
0.09620881
0.09523821
0.09584737
0.10621667
0.09458995
0.09618688
0.09385681
0.09617043
0.10045338
0.09884930
0.10440063
0.12145209
0.12866879
0.09264541
0.10242581
0.11350060
0.09582400
0.09357142
0.09249020
0.09391618
0.09647989
0.09660101
0.10465813
0.09469628
0.09475493
0.09562826
0.09599948
0.09569907
0.09500885
0.09252501
0.09254575
0.09420300
0.09248018
0.10710478
0.09386683
0.09447813
0.09396338
0.09379745
0.10333991
0.09533453
0.09498835
0.09724283
0.09954166
0.11354351
0.09994650
0.09802222
0.09454823
0.10159111
