0.02388978
0.10095048
0.09457374
0.11722636
0.12064290
0.09282446
0.09258676
0.09271121
0.09410667
0.09328794
0.09361029
0.09851170
0.10384059
0.10539818
0.11205149
0.09483814
0.09653330
0.09494376
0.09279180
0.09318495
0.09584880
0.09713268
0.09737229
0.09590960
0.10638189
0.10241675
0.10425544
0.10119414
0.10283709
0.09830332
0.09487939
0.09364772
0.09567285
0.09449625
0.10859823
0.09282684
0.09330821
0.09311461
0.09623933
0.09945941
0.09305048
0.09318423
0.09295797
0.09449482
0.10491490
0.09689164
0.09485984
0.09656739
0.09464383
0.09742403
0.09508204
0.09685183
0.09398961
0.09714794
0.10514355
0.09797502
0.09498096
0.09283113
0.09477115
0.09522271
0.09549522
0.09288287
0.09317303
0.10810494
0.09444642
0.09300065
0.09291935
0.09439635
0.09530687
0.09782052
0.09486890
0.09467554
0.09487295
0.10602045
0.09476495
0.09537935
0.09469700
0.09444022
0.09496903
0.09288621
0.09312153
0.09270883
0.09280515
0.09292150
0.10685587
0.09427428
0.09444833
0.09254146
0.09274888
0.09764814
0.09583473
0.09430957
0.09656167
0.09498715
0.10713291
0.09449196
0.09686852
0.09445643
0.09638500
0.10106540
