0.01723266
0.09479761
0.09623218
0.09292698
0.10741401
0.09651232
0.09534001
0.09461546
0.09617400
0.09469151
0.10212708
0.09471726
0.09631944
0.09477520
0.09727764
0.10437822
0.09654140
0.09484696
0.09592056
0.09496546
0.10680437
0.09514475
0.09752178
0.09464264
0.09515333
0.10666919
0.09483075
0.09773302
0.09447050
0.09640265
0.09704161
0.09676766
0.09492087
0.09597659
0.09526157
0.10912681
0.09512949
0.09705806
0.09794426
0.09512782
0.09846544
0.09435987
0.09630775
0.09476280
0.09686399
0.10943246
0.09612632
0.09689569
0.09826016
0.09514046
0.09513497
0.09536123
0.09334421
0.09595871
0.09329271
0.10495782
0.09428573
0.09603453
0.09508514
0.09753919
0.10180306
0.10138822
0.10146093
0.10616112
0.10297227
0.11569357
0.10288835
0.09964490
0.10099411
0.10125947
0.10073400
0.09593272
0.09715247
0.10361385
0.09875679
0.10937953
0.09462118
0.09454465
0.09702158
0.09323812
0.09364748
0.09316111
0.09511495
0.09305906
0.10130572
0.11491060
0.09977651
0.09471536
0.09701777
0.09879589
0.09815407
0.09951115
0.09613633
0.10439086
0.10885024
0.10967493
0.09313989
0.09839535
0.09556794
0.09364915
0.09629273
0.09424591
0.09345984
0.09403777
0.09323621
0.10468674
0.09311557
0.09353805
0.09328866
0.09382463
0.09380198
0.09530139
0.09316540
0.09485364
0.09404802
0.09457588
0.11669421
0.09380436
0.09365106
0.09378099
0.09393144
0.09784770
0.09358263
0.09379625
0.09377098
0.09629154
0.10267019
0.09769344
0.09643149
0.09669209
0.09779048
0.09402347
0.09398341
0.09588051
0.09496689
0.09618020
0.10521626
0.09426379
0.09365487
0.09384274
0.09357142
0.09373236
0.09501362
0.09489918
0.09577417
0.09506726
0.09784102
0.10284305
0.09684873
0.09531260
0.09445882
0.09665394
0.10441804
0.09610462
0.09517741
0.09694338
0.09722614
0.10751295
0.09713125
0.10319972
0.10165453
0.10152817
0.10238957
0.09769583
0.09747386
0.09571290
0.10665464
0.09534192
0.09873247
0.09569263
0.09670949
0.09575343
0.10442519
0.09536839
0.09692335
0.09519815
0.10152078
0.10030985
0.09706044
0.09371185
0.09513092
0.09377313
0.10201049
0.09363866
0.09550023
0.09508753
0.09374213
0.10276413
0.09387279
0.09541821
0.09344721
0.09525037
0.10106206
0.09771633
0.09552407
0.09624243
0.09538364
0.10388660
0.09547567
0.09521341
0.09653568
0.09536099
0.09761500
0.09958005
0.09499121
0.09527159
0.09708762
0.09932208
0.09719634
0.09492946
0.09474564
0.09653068
0.09544325
0.10165620
0.09520769
0.09508061
0.09554458
0.11051250
0.09534192
0.09678078
0.09525394
0.09650087
0.09564638
0.10312843
0.09544635
0.09602094
0.09487772
0.09332871
0.09909272
0.09343863
0.09508967
0.09338450
0.09540462
0.10257006
0.09385991
0.09338260
0.09351921
0.09358835
0.10316801
0.09547925
0.09528565
0.11088252
0.09710169
0.09658790
0.10793257
0.09868765
0.10049224
0.12343502
0.10871983
0.14043808
0.13222170
0.10190630
0.10216260
0.09657407
0.10164762
0.09522247
0.09411955
0.10447717
0.09363103
0.10796666
0.09494209
0.09503412
0.09705186
0.10060573
0.09859443
0.09496403
0.09623957
0.10760045
0.09864187
0.09495902
0.09629011
0.09515619
0.09676814
0.10504532
0.09526324
0.09325743
0.09771752
0.10572791
0.10003042
0.09506083
0.09961390
0.09483981
0.09365892
0.10165048
0.09346747
0.09531140
0.09532785
0.10690188
0.10079122
0.09552479
0.09539080
0.09541488
0.09491897
0.10500216
0.09415507
0.09737492
0.09533787
0.10911083
0.09435749
0.09332085
0.09328985
0.09330583
0.09502125
0.10573316
0.09337020
0.09340715
0.09886575
0.10146022
0.10426521
0.09534907
0.09517121
0.09652448
0.10043216
0.09682155
0.09546185
0.09708548
0.09515142
0.10885978
0.09517241
0.09906936
0.20272589
0.12076831
0.10114837
0.09465575
0.10016465
0.11644483
0.09732080
0.09517932
0.10011816
0.09792399
0.09498906
0.10262299
0.09888840
0.17399359
0.15263414
0.10771132
0.10620546
0.10018039
0.09766078
0.09332871
0.10582829
0.09338140
0.09444070
0.10257411
0.20454931
0.10038805
0.09761810
0.09490013
0.10536981
0.09499264
0.09643888
0.09512329
0.09686756
0.09539342
0.10322714
0.09484863
0.09747672
0.09485221
0.10733294
0.09487295
0.09324217
0.09666848
0.09505558
0.09696269
0.10217071
0.09647012
0.09489179
0.09527397
0.11467838
0.09984350
0.09547877
0.09849215
0.09451008
0.09825134
0.10619998
0.09889460
0.09643722
0.10331059
0.10556126
0.09928775
0.09907699
0.14733052
0.13789582
0.09976792
0.10277271
0.09730983
0.09717298
0.10207343
0.09887123
0.09511709
0.09771395
0.09512568
0.09696960
0.09547114
0.09483552
0.09655619
0.09474301
0.10688329
0.09494209
0.09650898
0.09408593
0.09612274
0.09465504
0.10040021
0.09548378
0.09515047
0.09279966
0.09452343
0.10434699
0.09471440
0.09284830
0.09264493
0.09271169
0.09331346
0.09659171
0.09583569
0.09808278
0.09593201
0.10337424
0.09465480
0.09651470
0.09467006
0.09315848
0.09630013
0.09509778
0.09616351
0.09430528
0.09600616
0.10552692
0.09567380
0.09517622
0.09423709
0.09534287
0.09476614
0.10262179
0.09575248
0.09460855
0.09545374
0.09302831
0.10207248
0.09753680
0.09584975
0.09811068
0.09601426
0.10404086
0.09658027
0.09806037
0.09605289
0.09845996
0.10963631
0.09927249
0.09793329
0.09750843
0.09762383
0.10473895
0.09299421
0.09299278
0.09288716
0.09379649
0.10583234
0.09480548
0.09650326
0.09633660
0.09594536
0.09660840
0.12820482
0.14584303
0.09666300
0.11002827
0.09853482
0.09780598
0.10164285
0.09762716
0.09999895
0.10369587
0.09713840
0.09658241
0.09473681
0.10481620
0.09600568
0.09322643
0.09300470
0.09296393
0.09321880
0.10153627
0.09307408
0.09345269
0.09444213
0.11003995
0.09433651
0.10680056
0.14359808
0.10051489
0.09495640
0.10379338
0.09461141
0.09786296
0.09438610
0.10726571
0.09479451
0.09611249
0.09476662
0.09617400
0.09457827
0.10319710
0.09467769
0.09626365
0.09473538
0.10854793
0.09290051
0.09513354
0.09473729
0.09289265
0.09333777
0.09816480
0.09291959
0.09333706
0.09435606
0.10027099
0.09410667
0.09579349
0.09665060
0.10110497
0.10488820
0.09908152
0.09615135
0.09467554
0.09615779
0.10119510
0.09649706
0.09690499
0.09639478
0.09499526
0.09329438
0.09446955
0.09300327
0.09329700
0.09298563
0.09360433
0.09953880
0.09330487
0.09338498
0.09306502
0.09444976
0.09327078
0.09828568
0.09467697
0.09723783
0.09453440
0.10344315
0.09440327
0.09482479
0.11963272
0.09609604
0.09505463
0.09602475
0.09452271
0.09320188
0.09432960
0.10573530
0.09659648
0.09510946
0.09674335
0.09478068
0.09410739
0.09614873
0.09466553
0.09652901
0.09453487
0.10638165
0.09529328
0.09700918
0.09491634
0.10010886
0.09498119
0.09569788
0.09478450
0.09506297
0.09647059
0.09472871
0.10576773
0.09347630
0.09504056
0.09324980
0.09504700
0.09342265
0.09852099
0.09501004
0.09329510
0.09309769
0.10479712
0.09329820
0.09492660
0.09664369
0.09495378
0.09745932
0.09537363
0.09657836
0.09541082
0.09619641
0.10531116
0.09691811
0.09549880
0.09503818
0.09509969
0.09336257
0.09542894
0.09561348
0.09679580
0.09486365
0.09665489
0.09844327
0.09505010
0.09590507
0.09494948
0.09655643
0.09520268
0.09830880
0.09492683
0.09657264
0.09485459
0.10880423
0.09477472
0.09651947
0.09495926
0.09563637
0.09498954
0.09482980
0.09605765
0.09323788
0.09440041
0.10353899
0.09678459
0.09481382
0.09461093
0.09602737
0.09481716
0.09860897
0.09299493
0.09307814
0.09294772
0.09380889
0.10086465
0.09499788
0.09706187
0.09377003
0.10177541
0.09516668
0.10131359
0.09654689
0.10293961
0.09930730
0.10466433
0.09453034
0.09448600
0.09264612
0.09247994
0.09294820
0.09921479
0.09421349
0.09281468
0.09259486
0.10515118
0.09427643
0.09317183
0.09637117
0.09458041
0.09678340
0.09768081
0.09656715
0.09511018
0.09665108
0.10959697
0.09672761
0.09515119
0.09636259
0.09472179
0.09319520
0.09473467
0.09652281
0.09630895
0.09271646
0.09270930
0.10430288
0.09289980
0.09612465
0.09440446
0.09267211
0.09319305
0.10028124
0.09489775
0.09503746
0.09628272
0.09695005
0.09649014
0.09504366
0.09680033
0.09484839
0.09720898
0.09494281
0.09773898
0.09973502
0.10399961
0.09479666
0.09485817
0.10199761
0.10624957
0.10343552
0.10516214
0.09297037
0.09495044
0.09506345
0.10545206
0.09493637
0.09703350
0.09529591
0.09604287
0.09515929
0.10463524
0.09500933
0.09518218
0.09497285
0.10986471
0.09530807
0.09937382
0.09449601
0.09666729
0.09701109
0.10520577
0.09608507
0.09457779
0.09626627
0.10174727
0.09706211
0.09536028
0.09649658
0.09469461
0.09517455
0.10324144
0.09453368
0.09618211
0.09463835
0.10930300
0.09529495
0.09580469
0.09391332
0.09619761
0.09519291
0.09748101
0.10057569
0.09682012
0.09451389
0.09419632
0.10503292
0.09382319
0.09594679
0.09465671
0.09657359
0.12434626
0.11373520
0.09581208
0.09349656
0.10700631
0.09439874
0.09631371
0.09425926
0.09542990
0.09496927
0.09406281
0.10208535
0.09467626
0.09460235
0.09276295
0.10423994
0.09294558
0.09468365
0.09309673
0.09293795
0.09330511
0.10118914
0.09463215
0.09679484
0.09505224
0.10490060
0.09491086
0.09555840
0.09655833
0.09653330
0.09753919
0.11081576
0.10407472
0.09673953
0.09532595
0.11267233
0.09359622
0.10138249
0.12762260
0.12159681
0.10097194
0.09327579
0.09660983
0.09489918
0.10035515
0.09740686
0.10903859
0.09871960
0.09515262
0.09432054
0.12064743
0.11051059
0.09330010
0.09337378
0.11037397
0.10863590
0.11547351
0.09866452
0.09360766
0.09333920
0.10087156
0.09345770
0.09329247
0.10897350
0.12458420
0.09587479
0.09326220
0.09320021
0.09675407
0.09551120
0.10573196
0.09660745
0.09442186
0.11077285
0.09543777
0.09659839
0.09401751
0.09680629
0.09530687
0.09694004
0.11162043
0.11899066
0.10324526
0.11053133
0.09488964
0.09544683
0.09316850
0.09318995
0.09338117
0.09312630
0.10243464
0.09729314
0.09579563
0.10993361
0.09474373
0.09791756
0.09452748
0.10030150
0.10801506
0.09774137
0.10203981
0.09510350
0.09481359
0.10709572
0.09497428
0.10912585
0.12365508
0.12262321
0.09804463
0.10586119
0.11460209
0.12020326
0.11304474
0.09632254
0.09453702
0.09499884
0.10018992
0.09353280
0.09321427
0.09879613
0.09343624
0.09347367
0.09534264
0.11406732
0.12909317
0.10071492
0.09469748
0.09652233
0.10207939
0.09650445
0.09504938
0.09619164
0.10454297
0.09760475
0.09520411
0.09659290
0.09483957
0.09509468
0.09513783
0.10225558
0.09358716
0.09319234
0.09714627
0.09584427
0.09278798
0.09657168
0.10666871
0.09939599
0.10463691
0.09801936
0.09600544
0.09448981
0.09386563
0.10695362
0.09421468
0.09458351
0.09429717
0.09555960
0.09415627
0.09651613
0.09469771
0.09421587
0.09416628
0.10463524
0.11203527
0.10977983
0.10831070
0.09397435
0.09428382
0.10208583
0.09415174
0.09386015
0.09403777
0.10744786
0.11251068
0.11505747
0.11177015
0.11330342
0.10196042
0.09293079
0.09499884
0.09365010
0.10719204
0.09272838
0.09322500
0.09287000
0.09301090
0.09284616
0.09444189
0.10264611
0.10009551
0.09467816
0.10715723
0.09714675
0.09677482
0.09618497
0.09711790
0.09905863
0.09834933
0.10345531
0.09550238
0.09464335
0.09439516
0.10102129
0.09331346
0.10865402
0.11706567
0.10709453
0.09342408
0.10538626
0.09397697
0.11641955
0.11724281
0.10897803
0.09546161
0.09560633
0.09470606
0.09303713
0.11291075
0.11424661
0.11143708
0.09702110
0.09588861
0.09676600
0.11141920
0.11197424
0.11057281
0.10741043
0.09516072
0.09684324
0.11898708
0.11067176
0.10882044
0.09930778
0.09933996
0.10832167
0.11289334
0.09928393
0.09342337
0.10989618
0.09824085
0.09452891
0.09795523
0.09590721
0.09785676
0.09595919
0.10314178
0.09598112
0.09776735
0.10578203
0.09760356
0.09516001
0.09473872
0.09338927
0.09389544
0.09353232
0.09827042
0.09685564
0.09359956
0.10503888
0.09389710
0.09453964
0.09342647
0.09540701
0.09758139
0.09572053
0.10313058
0.09547353
0.09707975
0.09547949
0.10750222
0.09552240
0.09703445
0.09401059
0.09745359
0.09390473
0.09606767
0.09364581
0.09535217
0.09485316
0.10505867
0.09374166
0.09392905
0.09669638
0.09534693
0.09402132
0.09375882
0.09580040
0.09781981
0.09545732
0.10822129
0.09542942
0.09744692
0.09822869
0.09725404
0.09606099
0.09765625
0.09959936
0.09779239
0.09344888
0.10980082
0.09354067
0.09360003
0.09368682
0.09693670
0.09545088
0.09362674
0.09786248
0.09358048
0.09370208
0.09440231
0.10743308
0.09580564
0.12171745
0.10164213
0.09616041
0.10043693
0.10414958
0.11582899
0.09734416
0.13072753
0.10570359
0.09516096
0.09576011
0.09583569
0.09798789
0.13212013
0.09611654
0.09708452
0.09518075
0.10897136
0.11612368
0.10088682
0.09961629
0.09735250
0.10206485
0.09938145
0.10068250
0.09721804
0.10963511
0.09996200
0.10175443
0.09808350
0.09857821
0.09576464
0.11226511
0.11123753
0.09637213
0.09638476
0.10934806
0.10433578
0.09840155
0.09686470
0.09688854
0.09846234
0.09797978
0.09721231
0.09689116
0.09777951
0.10756016
0.09678340
0.09941411
0.10042071
0.09776139
0.09707713
0.10056543
0.09755802
0.09512472
0.09516501
0.10644436
0.09478283
0.09414411
0.11256266
0.10119009
0.09457397
0.09923792
0.09714603
0.09365201
0.10232115
0.11022735
0.09848523
0.09759545
0.09328771
0.09339809
0.09343314
0.09630752
0.10884905
0.09949827
0.09740758
0.11274838
0.10300541
0.09740758
0.09416652
0.09874845
0.09790230
0.10731554
0.10172844
0.09443164
0.09404373
0.10458517
0.09318495
0.09411216
0.09415078
0.09302878
0.09323788
0.09318113
0.09855294
0.09326601
0.09597254
0.10527253
0.09346247
0.09293580
0.09346962
0.09382272
0.09536576
0.09355235
0.09750557
0.09677005
0.09682226
0.10932422
0.09881997
0.10058832
0.09912658
0.09565806
0.09427357
0.09376931
0.09967613
0.09516716
0.09710455
0.10885715
0.09917450
0.09594440
0.10079074
0.10390306
0.09565735
0.09346056
0.09453154
0.09330511
0.09912896
0.10511065
0.09327388
0.09524226
0.09408975
0.09295988
0.09315014
0.09320068
0.10005021
0.09381294
0.09628463
0.09652567
0.10606337
0.09493041
0.09542155
0.09312153
0.09501195
0.09539676
0.09490538
0.09652638
0.09368587
0.09320402
0.11636877
0.10117602
0.09359574
0.09896851
0.10653496
0.09967375
0.09844303
0.09385109
0.09321475
0.09324956
0.11995006
0.11395836
0.10755801
0.11474276
0.09328437
0.09320307
0.09573507
0.09332418
0.10192490
0.09367514
0.10585928
0.09350204
0.10958004
0.09565425
0.09417772
0.09360671
0.09634352
0.09504032
0.09386992
0.09355664
0.11515212
0.10469604
0.09549642
0.09579945
0.09695649
0.09489918
0.10201883
0.09679103
0.09357810
0.09412241
0.10774398
0.09634185
0.09492445
0.09355950
0.09370399
0.09374380
0.09367013
0.09451890
0.09584475
0.09415579
0.10710239
0.09360123
0.09344840
0.09415340
0.13655853
0.12935543
0.09648132
0.09626961
0.09375930
0.09360838
0.10467839
0.09510612
0.09591722
0.09353566
0.09491181
0.09515524
0.10511494
0.09381175
0.09365439
0.09333158
0.10783792
0.09620619
0.09368253
0.09350300
0.09435987
0.09402633
0.10267091
0.10839272
0.12515092
0.11007452
0.11682439
0.11435080
0.10909939
0.11082983
0.11468840
0.09626460
0.09623027
0.09604120
0.10412979
0.09467745
0.09447479
0.09768200
0.10190821
0.10027599
0.10020661
0.09505224
0.12333775
0.11614704
0.10819077
0.09326601
0.09903622
0.09337330
0.09368539
0.09309721
0.09402132
0.09494472
0.09477806
0.11004472
0.09452271
0.09648013
0.09485054
0.09439492
0.09361887
0.09592700
0.10014081
0.10590577
0.09689116
0.09385252
0.10810471
0.09398532
0.09423685
0.09412050
0.09396553
0.09354758
0.09783340
0.09318471
0.09364176
0.09266806
0.10433507
0.09343052
0.09278584
0.09377980
0.09348059
0.09286594
0.09328389
0.09683657
0.09293723
0.09277987
0.10410452
0.09336448
0.09272861
0.09453559
0.09275126
0.09356451
0.09286714
0.09721160
0.09298158
0.09257746
0.09285140
0.10397267
0.09372997
0.09269571
0.09261894
0.09359074
0.09257603
0.09262824
0.09300637
0.09467888
0.09572744
0.10978794
0.09477687
0.09570360
0.10742378
0.13098192
0.09679961
0.09278083
0.09913301
0.09265399
0.09280181
0.10471797
0.09291768
0.09264660
0.09312582
0.09296179
0.09432554
0.09288025
0.09931231
0.09263873
0.09279633
0.09289360
0.10445452
0.09256315
0.09281635
0.09258366
0.09338284
0.09245658
0.09253287
0.09716916
0.09302282
0.09254003
0.10516238
0.09398770
0.09248471
0.09261775
0.09243727
0.09252715
0.09245992
0.10233927
0.09430456
0.09396982
0.09241295
0.10473299
0.10436130
0.09279752
0.09246182
0.09341073
0.09274817
0.09265447
0.10314369
0.09259796
0.09273243
0.10583472
0.09515834
0.09471917
0.09549451
0.09425759
0.09665537
0.09497714
0.10322356
0.09514260
0.09688711
0.10514331
0.09700203
0.09481239
0.09460115
0.09294057
0.09468842
0.09688878
0.09455109
0.09613204
0.09448290
0.10734105
0.09462667
0.09632802
0.09461570
0.09722686
0.09565473
0.09629035
0.09540868
0.09616828
0.09603310
0.09463096
0.10684347
0.09497905
0.09686041
0.09488344
0.09661293
0.09500504
0.09762669
0.09770703
0.09494305
0.10900617
0.10745287
0.09495711
0.09884644
0.09863424
0.09740233
0.09546280
0.09492803
0.10228467
0.09511852
0.09738469
0.10737586
0.12917256
0.13547802
0.09410071
0.09642839
0.09450746
0.09392715
0.09609985
0.09505510
0.10466194
