0.02324820
0.09507918
0.09381342
0.09800529
0.09538674
0.09555387
0.09542227
0.09712839
0.09586430
0.11163640
0.09769368
0.11560154
0.10474277
0.10198689
0.09814978
0.09626102
0.09891725
0.09614611
0.09815121
0.11051679
0.12786245
0.13787413
0.10278463
0.09827685
0.09983516
0.10684514
0.09758830
0.09757423
0.11168981
0.09792233
0.09595728
0.09451318
0.09751201
0.09636927
0.09859014
0.09704614
0.09809875
0.09619427
0.10945988
0.10682988
0.09604025
0.09783626
0.09598947
0.09658027
0.09632230
0.09618330
0.09451509
0.09433651
0.11565733
0.10126400
0.10269928
0.09440064
0.09418702
0.09467602
0.10333419
0.11039686
0.11117339
0.11206317
0.09458685
0.09417248
0.09589100
0.09590054
0.09475255
0.09427643
0.09544635
0.09404349
0.09410334
0.11003566
0.10454392
0.10059047
0.09721160
0.09447432
0.09509373
0.09498358
0.09895301
0.09456110
0.09408760
0.10765910
0.09740853
0.10874271
0.10602570
0.09896898
0.09822845
0.11557245
0.10686731
0.11212730
0.11204147
0.09347129
0.09497643
0.17295909
0.09533215
0.09559202
0.09733653
0.09490728
0.10479879
0.09333587
0.10591078
0.09354949
0.10592008
0.11209416
0.10614753
0.10544181
0.10907078
0.11304140
0.10988569
0.11868954
0.11518812
0.09379721
0.09674692
0.09821391
0.10504794
0.10056257
0.10281038
0.10576630
0.11146832
0.10074663
0.10240436
0.12244225
0.09710693
0.09618402
0.09642911
0.10466051
0.10208201
0.11905313
0.09960365
0.10462999
0.09962273
0.10523963
0.09821224
0.09779739
0.09765649
0.09670377
0.09734321
0.10779405
0.09703112
0.09643745
0.09670234
0.09834266
0.09704041
0.09729528
0.09818912
0.09823203
0.09815145
0.11222887
0.09847546
0.09751797
0.09966469
0.10342956
0.10126281
0.12915182
0.09607625
0.09598303
0.10786366
0.09704685
0.09579682
0.10471678
0.09918308
0.10189152
0.09610033
0.09833622
0.09461021
0.09444284
0.10644293
0.09481883
