0.01990533
0.09640932
0.09481621
0.09440804
0.09511542
0.09492397
0.10052228
0.09468699
0.09430718
0.11614323
0.10904193
0.10362768
0.10461712
0.09821033
0.09543991
0.10299492
0.10788226
0.09475756
0.10664368
0.09437799
0.09705138
0.09557176
0.09598684
0.09416127
0.09546995
0.10247302
0.09748268
0.09422398
0.10607505
0.10917306
0.10036182
0.10618663
0.10165501
0.10871530
0.10995746
0.11363459
0.12649703
0.10870624
0.09732914
0.09605813
0.12216520
0.10947776
0.10832691
0.12193489
0.10040832
0.11158347
0.11143255
0.09450221
0.09473395
0.09515977
0.11386585
0.10087609
0.09491420
0.10395122
0.10173988
0.10355473
0.10722923
0.09445596
0.09786344
0.10161138
0.09734845
0.09894633
0.10521722
0.09887886
0.10306501
0.11089754
0.09893703
0.10990405
0.10025978
0.10372710
0.09591818
0.09451270
0.11319661
0.13123202
0.18043160
0.12309742
0.13047576
0.12736273
0.13561535
0.11402655
0.09792304
0.10776186
0.11069870
0.09675336
0.10126162
0.10294271
0.09581184
0.10268569
0.11042595
0.10140514
0.09535456
0.13816857
0.11254573
0.13567042
0.13420343
0.14725375
0.17399597
0.11903787
0.13495183
0.15888429
0.11205840
0.21827292
0.21966362
0.10518193
0.15532804
0.20916820
0.19913530
0.14347219
0.16525340
0.16724491
0.13158703
0.13567185
0.10484958
0.09669018
0.12281656
0.12150764
0.12058997
0.09764028
0.11312151
0.09911323
0.10036802
0.13157058
0.12170815
0.11880422
0.10992289
0.11385012
0.11949134
0.12558365
0.13212347
0.13960814
0.11035371
0.11228037
0.09409547
0.09411740
0.09889030
0.10432458
0.09772158
0.09451199
0.11223602
0.09881806
0.09425545
0.10875225
0.09505796
0.09411216
0.10127091
0.09549117
0.09459329
0.09849048
0.10927701
0.11616540
0.12325716
0.10547256
0.16188860
0.20351601
0.09761429
0.09602094
0.09834290
0.09966278
0.10769296
0.10369229
0.09609699
0.09830928
0.09608293
0.09820342
0.10557771
0.09820938
0.10836864
0.09608746
0.09817886
0.10483408
0.12901115
0.10457325
0.09447956
0.09592867
0.09703302
0.09756064
0.10168409
0.09600592
0.10183287
0.09902930
0.10686517
0.11180639
0.09420252
0.09573627
0.09556890
0.10062075
0.09463263
0.09453630
0.09965134
0.09436560
0.09438157
0.09627414
0.09598899
0.09629369
0.09931278
0.10818028
0.10396576
0.09460306
0.10014153
0.09532070
0.09631252
0.09483719
0.09436369
0.09461856
0.10982037
0.10463810
0.10638022
0.11492968
0.09626722
0.09979844
0.10546112
0.10455251
0.09629083
0.09748197
0.11258221
0.10355949
0.11025262
0.10620308
0.09436488
0.09595442
0.09822392
0.10825729
0.11109591
0.10906076
0.10981154
0.10221863
0.10476494
0.09662771
