0.02192664
0.09527230
0.09573460
0.09943914
0.09469700
0.09635711
0.10109043
0.09640002
0.11301780
0.09516954
0.09499121
0.09612489
0.09493661
0.09631586
0.09464741
0.09634447
0.10100937
0.09652901
0.10863853
0.09478879
0.09628534
0.09442496
0.09707475
0.11752582
0.16625118
0.21970129
0.11002874
0.12290788
0.12113023
0.12408328
0.09885526
0.10295272
0.09782648
0.11521626
0.12528992
0.09453630
0.09546638
0.09603953
0.09404445
0.09414244
0.09413910
0.10250640
0.09441924
0.09645700
0.10736132
0.09747314
0.09582925
0.09728169
0.09590292
0.09595990
0.09679890
0.10776854
0.09746432
0.09585238
0.10748076
0.09579706
0.09419155
0.09582901
0.09576869
0.09579015
0.09777021
0.10618997
0.09593058
0.10841513
0.17363119
0.16474390
0.10621905
0.11909270
0.11707616
0.12519932
0.12128258
0.11144567
0.10352397
0.11327481
0.11377215
0.10129023
0.09539390
0.09546185
0.09614444
0.09669971
0.16812253
0.22828674
0.09539723
0.09504485
0.23019004
0.11774969
0.09674096
0.10433793
0.17186880
0.20761156
0.09783173
0.09528780
0.09889364
0.17512918
0.16920114
0.09590292
0.09447527
0.09417415
0.09530330
0.09674072
0.09532642
0.10215306
0.09522963
0.09707141
0.10830855
0.09756374
0.17113924
0.11410761
0.17501116
0.10704613
0.18387699
0.24738836
0.09876180
0.10506558
0.10104990
0.10201764
0.10081935
0.10426044
0.10834813
0.10244679
0.11269450
0.10595083
0.10452724
0.10207653
0.10304308
0.10175991
0.09684324
0.10179973
0.09631896
0.09778738
0.11967754
0.09591913
0.09576178
0.09597778
0.09753656
0.10133410
0.10034895
0.10869789
0.10051894
0.10252857
0.11374450
0.10113025
0.20497274
0.19464350
0.09735131
0.09656477
0.09725714
0.10829544
0.09990549
0.09690547
0.10214543
0.13295770
0.17823005
0.09848857
0.14095616
0.21024513
0.09748006
0.10242248
0.14030170
0.18426824
0.09366703
0.09513021
0.09393859
0.09734678
0.09347486
0.13615632
0.20777416
0.09447718
0.09382319
0.09782839
0.09440494
0.09483528
0.09810019
0.12380338
0.19499159
0.10762525
0.09590602
0.16590929
0.15688848
0.10863400
0.09530878
0.09400940
0.09374738
0.20599341
0.11627483
0.09958196
0.10062289
0.09717011
0.10807824
0.11256838
0.10739970
0.10980964
0.10786295
0.09512138
0.09535241
0.09730792
0.10554886
0.10841060
0.09934449
0.10449052
0.09980249
0.09950829
0.19307160
0.09843302
0.09576488
0.09552431
0.09601903
0.09525323
0.09754062
0.09556842
0.10340548
0.09559608
0.09572315
0.09972072
0.09562612
0.09558797
0.09572530
0.09550524
0.09887433
0.09541416
0.10148692
0.09558582
0.09547329
0.10515594
0.09719849
0.09750342
0.09616566
0.09540272
0.09762073
0.09601021
0.09589553
0.09588599
0.09576058
0.10716772
0.09573889
0.09597588
0.09607863
0.09596753
0.09568214
0.09574604
0.09941983
0.09584379
0.09605312
0.10754204
0.09575605
0.12418151
0.11098719
0.10771084
0.10397696
0.10695481
0.10314703
0.09572148
0.11527371
0.10892224
0.10149598
0.09754133
0.11016488
0.10088515
0.10503364
0.09927893
0.09587908
0.09559822
0.10028291
0.10078287
0.09569478
0.09544539
0.09598994
0.10567474
0.11642814
0.11051679
0.09546876
0.11066699
0.10821199
0.09886909
0.09636950
0.09595728
0.09708166
0.09556818
0.10267949
0.10690308
0.09565496
0.12090540
0.11131454
0.09543347
0.09643674
0.11196327
0.10563254
0.09572506
0.11103177
0.10659218
0.11268806
0.10807037
0.09384561
0.09567285
0.09603357
0.09694767
0.10422730
0.10417628
0.11920238
0.09665203
0.10667491
0.10480046
0.11461926
0.10176182
0.10178208
0.10090613
0.12025094
0.14396977
0.10618401
0.11025572
0.18861413
0.21605730
0.09549999
0.10240173
0.12211967
0.10290694
0.10990357
0.09355664
0.09654498
0.09434724
0.09427118
0.09395385
0.10409522
0.11213827
0.11006522
0.09896994
0.11990595
0.09675312
0.09515262
0.09833694
0.10507369
0.10788631
0.09781599
0.11324406
0.09929180
0.10571742
0.10348129
0.10035944
0.10185170
0.12987041
0.10255027
0.14920235
0.16117263
0.14993382
0.13536835
0.15728068
0.20152712
0.17074132
0.15307236
0.15124464
0.13652611
0.10639572
0.10057449
0.10802102
0.11109543
0.12205577
0.10033178
0.10779619
0.10656714
0.10026240
0.10012126
0.10184002
0.09781981
0.10230279
0.09610033
0.09652328
0.10025358
0.11965299
0.11773300
0.10142732
0.09380364
0.09508586
0.09892559
0.09426570
0.09438276
0.09813952
0.11097217
0.10358334
0.09946203
0.09704733
0.09706068
0.09689164
0.09720135
0.09653616
0.09661269
0.10363841
0.10791159
0.11571980
0.10553145
0.10646296
0.10350490
0.10492349
0.10707974
0.10576010
0.20516467
0.20456266
0.20616937
0.09786654
0.10292697
0.09741163
0.10389209
0.11593318
0.10745525
0.10881019
0.10036159
0.14277768
0.14745569
0.14654040
0.13101077
0.12858057
0.12526727
0.10169768
0.13188529
0.12258959
0.11240005
0.14172530
0.10546374
0.10354352
0.09513855
0.09575033
0.11324382
0.12258768
0.10468531
0.10266376
0.11300492
0.10012913
0.09887505
0.10613036
0.09462714
0.09533620
0.09554076
0.09488916
0.09507465
0.09481382
0.10310006
0.09622240
0.09491134
0.10269737
0.09492612
0.09703135
0.09654117
0.09531951
0.17103815
0.10177970
0.09509301
0.09650326
0.10337830
0.09580159
0.09394932
0.09468794
0.09401488
0.09381843
0.09425354
0.09405327
0.10058999
0.09408164
0.10185599
0.09482431
0.09679031
0.09393668
0.09733701
0.09938717
0.09727764
0.09560061
0.09436393
0.09405899
0.11017656
0.09580064
0.09697080
0.09985590
0.09612393
0.09950614
0.09858513
0.09991002
0.10819221
0.11166906
0.11757255
0.10015774
0.09757733
0.10064363
0.10819030
0.11356211
0.10774541
0.10953879
0.09808660
0.11375570
0.10932875
0.11348009
0.10678005
0.10014248
0.09663987
0.12264252
0.13352919
0.09954047
0.10746670
0.09730697
0.09795451
0.10360050
0.11170745
0.11257529
0.09897542
0.10246205
0.12789822
0.13212514
0.10237408
0.09805131
0.09643650
0.10410571
0.09628797
0.09784627
0.10421395
0.09740472
0.09673738
0.10175967
0.09583902
0.09714890
0.10003424
0.10256267
0.10072780
0.09732008
0.14107275
0.10163951
0.10206890
0.10188556
0.10176730
0.10580206
0.10094166
0.10205674
0.10065651
0.10539722
0.09905934
0.09741497
0.10082245
0.09734297
0.09903407
0.10699368
0.11764717
0.10570908
0.11112928
0.10206032
0.10573125
0.10638905
0.09891653
0.14124751
0.13107634
0.11204791
0.10355687
0.09764409
0.09544039
0.09683037
0.10508680
0.09720182
0.11007738
0.09582281
0.09549356
0.11301470
0.11732316
0.10862970
0.12027025
0.12153673
0.11742377
0.12931705
0.11789608
0.10411096
0.09636641
0.10295749
0.11941600
0.11817670
0.11857915
0.10574389
0.09893250
0.10539889
0.11546087
0.11809039
0.11584044
0.10988331
0.09510088
0.09749937
0.09799671
0.11187458
0.10183883
0.09939575
0.10227752
0.10250568
0.11357975
0.11734104
0.11253643
0.09533763
0.11052036
0.12583470
0.11329103
0.10756469
0.11362457
0.11031651
0.10667515
0.10065460
0.09717798
0.10410357
0.09943914
0.10038829
0.10653043
0.11285138
0.11000419
0.09878278
0.12211800
0.14869213
0.10738373
0.12871218
0.10497141
0.10191250
0.11712718
0.11158776
0.10743809
0.09804106
0.09889293
0.10900950
0.09686899
0.10114455
0.10397720
0.09926009
0.09744954
0.09480548
0.09665012
0.09885979
0.10226536
0.14288664
0.13262510
0.10765052
0.09895349
0.09667087
0.09552026
0.10134435
0.10156250
0.09700441
0.11066508
0.09925723
0.09554315
0.09928203
0.09822273
0.09686041
0.09497237
0.09755993
0.09875131
0.09876823
0.11171937
0.10076189
0.09578824
0.09887099
0.10554481
0.11114144
0.12401819
0.12574077
0.09851360
0.11661482
0.10881305
0.09912777
0.10268021
0.10537577
0.10522413
0.09927249
0.10860658
0.09945083
0.11788988
0.10149312
0.09973168
0.12177849
0.13041115
0.11039639
0.10186028
0.09776711
0.10090685
0.11352372
0.14329958
0.11875820
0.10163307
0.10905647
0.11150980
0.13408422
0.16936231
0.13187265
0.13450694
0.12335896
0.16097045
0.15876436
0.14135098
0.12541652
0.13815188
0.10850143
0.13422227
0.12392211
0.13982034
0.11374950
0.11538815
0.10613275
0.11832881
0.10720921
0.11026263
0.12000823
0.11055231
0.10376382
0.11371684
0.12069201
0.09575939
0.11185956
0.10827422
0.10703373
0.11152220
0.10519385
0.09734607
0.09820676
0.11147165
0.09745646
0.10736156
0.09555936
0.11882782
0.10318518
0.11797142
0.10618114
0.09476876
0.10141087
0.10426211
0.13002539
0.09994388
0.09482789
0.09465313
0.09532166
0.09764385
0.11908770
0.11149693
0.10083103
0.09467387
0.10209131
0.09502840
0.10807228
0.09429455
0.09508109
0.09602857
0.09612107
0.09812784
0.10017323
0.09476733
0.10585785
0.09470224
0.09629750
0.10071373
0.09970689
0.09815001
0.09913182
0.10037923
0.10785651
0.10564804
0.11202741
0.11998701
0.13026237
0.10759377
0.11482310
0.10420847
0.13422751
0.13546395
0.12848496
0.13234615
0.11106849
0.11676550
0.15084171
0.12305737
0.13610482
0.12597251
0.11175585
0.09805632
0.10504484
0.13750005
0.09781861
0.09746981
0.10034990
0.09759903
0.09333730
0.10297132
0.09903026
0.10103750
0.09819221
0.11971068
0.10250783
0.10206461
0.10790563
0.09802699
0.11884785
0.10681009
0.09672236
0.10693002
0.10728097
0.11062026
0.14909649
0.13536835
0.10133243
0.10220718
0.09582591
0.09457183
0.09604645
0.09314156
0.09325910
0.09404445
0.10130286
0.09346485
0.10419035
0.09335661
0.09478545
0.09961653
0.09752083
0.10080528
0.09602618
0.09364223
0.09623814
0.10508847
0.11567807
0.15015078
0.14888453
0.09990597
0.14460444
0.10644937
0.09766817
0.09941030
0.09575391
0.10362220
0.09625483
0.09600449
0.09698844
0.09888697
0.09882808
0.09887695
0.09871888
0.10285378
0.09385705
0.10356236
0.10048342
0.10312104
0.10194373
0.10086632
0.10761905
0.11309695
0.10592294
0.11441898
0.10218048
0.09541512
0.10698366
0.10650253
0.10205054
0.10010004
0.09847355
0.10741448
0.10251808
0.11310673
0.10005999
0.09648871
0.09913230
0.11751223
0.11987972
0.11416674
0.12872863
0.11725664
0.10207796
0.10533786
0.10272670
0.10091519
0.09550071
0.09746909
0.09641266
0.10266137
0.09614038
0.10815454
0.09648442
0.09710717
0.09635186
0.09839487
0.09657097
0.09650707
0.09459376
0.11850762
0.11013627
0.10172296
0.09985256
0.10711050
0.10585260
0.09682250
0.10167098
0.13891268
0.11049771
0.10347152
0.11371613
0.10804081
0.10306740
0.10044146
0.09666300
0.09718966
0.09780574
0.09565401
0.12146997
0.13991714
0.13079572
0.12565112
0.11684847
0.10843420
0.11340880
0.11507225
0.10917163
0.10467887
0.09733415
0.09426880
0.10093689
0.09571052
0.09433341
0.09746528
0.09642339
0.09706616
0.10542440
0.11577678
0.10615587
0.10646939
0.10121465
0.09773302
0.10569215
0.12699580
0.11576033
0.09855413
0.11698079
0.11557102
0.11645055
0.09939384
0.09517956
0.09730339
0.09623265
0.09706187
0.10053325
0.12888837
0.13863921
0.09843397
0.09839892
0.09760737
0.11788511
0.12408137
0.09399199
0.10969710
0.13747931
0.10233212
0.09545374
0.09474111
0.09800625
0.09623241
0.11699510
0.13111758
0.10147715
0.10226321
0.13165188
0.11632681
0.10576081
0.09851027
0.09817815
0.10328436
0.09747863
0.09674692
0.09746528
0.11254454
0.10109949
0.10609841
0.10316920
0.10535407
0.14689708
0.10281348
0.10964036
0.14567780
0.13164258
0.09581184
0.13676095
0.12017083
0.10051751
0.09971690
0.09560061
0.09624767
0.10731459
0.11085558
0.11827660
0.09337759
0.09356785
0.09386325
0.09290576
0.09301972
0.09317732
0.09778070
0.12987447
0.11305475
0.11180687
0.11885476
0.13831520
0.09778595
0.15054846
0.22704244
0.13377571
0.12722254
0.12902880
0.14969397
0.16162944
