0.02188897
0.10577512
0.11780620
0.11537457
0.10012603
0.09871316
0.12957501
0.11934185
0.12809873
0.12289476
0.12968564
0.12606835
0.13467765
0.14646769
0.14814687
0.14619040
0.14857268
0.15024614
0.14925909
0.14971447
0.14932775
0.14767623
0.14968753
0.14971399
0.14997101
0.14634562
0.14525843
0.14385271
0.14793825
0.15218353
0.14272857
0.13538074
0.13072133
0.14910221
0.15312290
0.17071605
0.17701936
0.17400336
0.17353249
0.13673329
0.16364145
0.17643237
0.13472247
0.17715788
0.15987229
0.20207119
0.10609698
0.13034415
0.14518619
0.14042211
0.13327193
0.13323092
0.13726497
0.12402391
0.11032200
0.13180017
0.14052534
0.14508390
0.13306260
0.11481547
0.12029862
0.11588669
0.10619736
0.13068771
0.12980580
0.17322350
0.20474839
0.10504532
0.21259904
0.23603392
0.15583897
0.12196660
0.18511248
0.11294842
0.16487813
0.10900855
0.19372654
0.21508837
0.19376969
0.23230767
0.19841790
0.23887420
0.15355802
0.14990807
0.21684599
0.11187172
0.22188997
0.25251842
0.20885730
0.15189242
0.15325093
0.11664176
0.14263892
0.14888620
0.14235973
0.15863585
0.13246799
0.14497256
0.14104056
0.17021942
0.17853308
0.17316914
0.15958667
0.13271642
0.14001870
0.13251591
0.13726258
0.17399836
0.14819217
0.13120532
0.12878489
0.10658717
0.12057209
0.12877584
0.10331845
0.10971475
0.12086225
0.10450411
0.15609336
0.12308478
0.12808681
0.13479257
0.11349177
0.09721112
0.11195707
0.11556339
0.11661243
0.11039066
0.11221528
0.11978579
0.12602592
0.12449861
0.12346339
0.12385750
0.14541078
0.12660718
0.15429544
0.13191056
0.13599157
0.12437820
0.15130806
0.12837768
0.11053848
0.11318016
0.12086463
0.15496087
0.15621138
0.13613367
0.14592123
0.14121270
0.14083385
0.13738966
0.13142586
0.11077118
0.13748360
0.12555790
0.13790870
0.14300752
0.13341308
0.17338967
0.13609481
0.13371563
0.11905980
0.15080833
0.14815450
0.15185308
0.14126325
0.13310099
0.14164066
0.12936950
0.18589044
0.17745876
0.13669753
0.12203288
0.12157154
0.14788985
0.14002490
0.12243438
0.11468911
0.11657310
0.16058612
0.19119072
0.10303664
0.12298751
0.10580802
0.12421465
0.10868120
0.10706520
0.10663080
0.12845588
0.12147546
0.13539720
0.13219595
0.12582040
0.14024186
0.13761044
0.12641811
0.12862301
0.13828516
0.12122297
0.12933445
0.13036036
0.16182256
0.15015769
0.15216041
0.16600585
0.12128377
0.11650681
0.12525964
0.12421465
0.11760473
0.11776853
0.14057422
0.14052033
0.15018153
0.15391016
0.14281201
0.11209249
0.13410950
0.16984797
0.12786698
0.13350439
0.12447381
0.12278271
0.12398267
0.12379098
0.13152122
0.14089441
0.14403558
0.13391018
0.13824272
0.12879801
0.12587500
0.12691784
0.12863874
0.12919140
0.12525177
0.13999939
0.12604284
0.12605667
0.12688160
0.15113997
0.12515545
0.12319994
0.10339117
0.11236978
0.11289978
0.10657787
0.10478306
0.11306286
0.11063457
0.11233091
0.11697173
0.12435341
0.13916206
0.13599253
0.13266563
0.13181663
0.15353942
0.12957048
0.13493395
0.13003564
0.12197208
0.09575200
0.10549092
0.11790204
0.14982247
0.13088155
0.15193057
0.13226509
0.13683462
0.17327189
0.15058589
0.13576388
0.13542724
0.16414976
0.15273023
0.15125847
0.16286802
0.11750555
0.11332130
0.11127162
0.11644840
0.13113070
0.13254786
0.13206291
0.13001299
0.13100314
0.14298368
0.15627766
0.16511488
0.20465136
0.17758679
0.12137723
0.22445345
0.18676972
0.13940907
0.20736003
0.22636104
0.10187745
0.21969843
0.23468256
0.11686087
0.20682383
0.17242241
0.13744354
0.22714496
0.10237885
0.19553614
0.16827941
0.23435521
0.16114450
0.21085382
0.13113761
0.11128855
0.11993861
0.13395047
0.09928870
0.14133048
0.13973665
0.12867594
0.13010263
0.14534426
0.12643814
0.12617993
0.13893151
0.11221814
0.12199783
0.14584231
0.11250663
0.11001515
0.13728261
0.13545299
0.11948681
0.12048483
0.11256266
0.13443065
0.12806463
0.12136793
0.14466333
0.15137625
0.13081574
0.13908386
0.11183262
0.11222386
0.12770987
0.12963104
0.14784575
0.12695122
0.13200092
0.13794017
0.13699150
0.15444326
0.15535975
0.13900280
0.13562608
0.13488603
0.12698483
0.17849874
0.13422346
0.12240100
0.13020420
0.10579252
0.10693669
0.14495373
0.12530923
0.12337017
0.10987353
0.15970993
0.15856338
0.17263484
0.09667325
0.12531161
0.13293743
0.14025307
0.13756871
0.16104245
0.13946176
0.16355658
0.13236690
0.14415431
0.13063741
0.12568092
0.13273740
0.13449478
0.14860177
0.14993000
0.15692043
0.13185525
0.13661861
0.13230848
0.12215948
0.13321877
0.13364673
0.13315868
0.13377547
0.17345643
0.13336778
0.17796588
0.13004827
0.11723018
0.15553379
0.12945509
0.12020636
0.15801358
0.16862774
0.12007189
0.12378216
0.17646694
0.12002945
0.12148499
0.11787844
0.13254213
0.12620044
0.15601754
0.13207483
0.11662555
0.13556528
0.17073607
0.14405346
0.10708833
0.10589862
0.10768056
0.10850930
0.12634945
0.11496258
0.11658788
0.13526821
0.14862299
0.16106677
0.11798215
0.14442873
0.14024329
0.13514304
0.12968183
0.12520862
0.12380528
0.14071465
0.12292099
0.14511585
0.20116639
0.21945047
0.24848151
0.14011574
0.15190530
0.20861435
0.11841321
0.13325882
0.12352729
0.11666083
0.14435863
0.11940575
0.13566518
0.14578795
0.14681745
0.12254477
0.14001870
0.14735723
0.15299606
0.14668393
0.14763069
0.13512588
0.13929582
0.11584711
0.12827349
0.12102532
0.11173582
0.11154485
0.11845422
0.12871337
0.12290716
0.11476517
0.11780882
0.11679578
0.14992547
0.13854074
0.12129021
0.13018918
0.12101531
0.12068868
0.13214374
0.11857772
0.13143659
0.10473990
0.11721015
0.11708593
0.10754800
0.17065668
0.17538762
0.15191817
0.12887812
0.10833406
0.12491083
0.10764146
0.17675877
0.17218661
0.13436842
0.13430643
0.12154055
0.17086768
0.11211133
0.25029111
0.10462213
0.10358000
0.13905597
0.11612320
0.14638257
0.21294188
0.10762930
0.24996376
0.21120787
0.21687198
0.21624064
0.24142122
0.10957384
0.21919751
0.17796421
0.19557595
0.17518616
0.12948489
0.12149787
0.15412593
0.15654683
0.13318515
0.15600204
0.11566234
0.17284417
0.13935685
0.13382316
0.14740658
0.13510323
0.11991715
0.09894061
0.15985870
0.09918094
0.11176419
0.12495995
0.12235570
0.09775853
0.15470862
0.13397503
0.12058306
0.13944745
0.11400986
0.13526154
0.11574244
0.10945511
0.11491179
0.12468743
0.13818026
0.11458182
0.11501098
0.17392540
0.12268019
0.13019538
0.12896538
0.13226104
0.13925385
0.11873317
0.11895156
0.12225413
0.13155460
0.15337420
0.15111375
0.16132569
0.13759494
0.14269638
0.12407970
0.13431215
0.12589860
0.12763190
0.13417006
0.13028669
0.12513494
0.13521671
0.12737656
0.12466121
0.13549304
0.13309526
0.12858462
0.19056058
0.19131756
0.23792529
0.23663116
0.18893909
0.13484311
0.12092686
0.14433932
0.13474035
0.12515712
0.14403248
0.13494611
0.10734153
0.12415957
0.13436270
0.12699723
0.12270546
0.14818048
0.12757039
0.11955357
0.11694741
0.11769032
0.13709307
0.12611890
0.10664344
0.12249446
0.13561249
0.13380289
0.12276626
0.16177607
0.13930869
0.15484214
0.14756894
0.15290689
0.11732721
0.14058089
0.12965775
0.12403846
0.12475085
0.14462900
0.11997986
0.12094045
0.14887500
0.13637924
0.14705491
0.13115072
0.17275167
0.14488602
0.14356089
0.14335895
0.12011433
0.15435362
0.15887809
0.14914417
0.12230897
0.11583281
0.10096526
0.11816764
0.15272379
0.15639377
0.15308118
0.14417195
0.14429212
0.14179444
0.13552690
0.13595915
0.13819408
0.13589931
0.14412117
0.13709402
0.12023640
0.12025309
0.11807251
0.12392974
0.16616106
0.16517854
0.14493418
0.16183949
0.13078165
0.11777711
0.12665582
0.12557340
0.11688805
0.12280679
0.11540127
0.11597562
0.11193037
0.11837864
0.12106299
0.12134027
0.11625242
0.11810946
0.11599636
0.11380196
0.14939404
0.11228967
0.11525869
0.13496017
0.12631917
0.11993575
0.12240410
0.12407398
0.11590528
0.11213875
0.13560224
0.13585734
0.13826203
0.15240955
0.14780688
0.13448596
0.14513350
0.13442397
0.14473867
0.19592929
0.20982170
0.11953664
0.25293732
0.11197662
0.24844408
0.10119724
0.20003748
0.15026951
0.16983533
0.20273042
0.11258292
0.18650508
0.23105860
0.22070527
0.11473441
0.24930215
0.20890760
0.20229912
0.24034977
0.10746241
0.11992788
0.17922807
0.20247674
0.20272422
0.20692158
0.20587826
0.17859054
0.12230539
0.22186780
0.12503719
0.14666915
0.13322353
0.13209057
0.12813711
0.12433124
0.12764502
0.15921426
0.21307755
0.11526704
0.11165643
0.11701012
0.12445164
0.10573769
0.13655996
0.13441992
0.12286162
0.11770463
0.12749863
0.12813878
0.11774945
0.12434340
0.12512398
0.12602162
0.15475726
0.12977386
0.12357521
0.10803366
0.13001323
0.12889552
0.12444353
0.11850548
0.13589287
0.13527775
0.12877989
0.11041260
0.12544346
0.13293481
0.11689639
0.12681794
0.13056755
0.12605858
0.13849735
0.15387726
0.13507652
0.13325524
0.12144160
0.12535334
0.12423158
0.15395474
0.14305186
0.14789939
0.13800001
0.13170147
0.13377452
0.13676763
0.13553429
0.15151000
0.12966633
0.12406754
0.13422775
0.12163830
0.12001252
0.12752700
0.12475753
0.13996625
0.11765051
0.11588264
0.17874026
0.11172867
0.11906815
0.12774634
0.12379742
0.09946489
0.11302710
0.13225412
0.13533282
0.16461658
0.14127922
0.12223935
0.12088370
0.11695194
0.11354613
0.11195517
0.12543702
0.12401867
0.13647747
0.12070990
0.12370825
0.14217329
0.14396858
0.14310312
0.11974311
0.11990571
0.12200809
0.12396359
0.14155674
0.16218519
0.12781096
0.12078571
0.14534092
0.14983964
0.16031075
0.16594243
0.14434314
0.13184166
0.12316656
0.12170219
0.12211156
0.13758850
0.14529347
0.13614297
0.13583112
0.13853335
0.12368727
0.13851309
0.11744285
0.12685919
0.12837887
0.11247015
0.11178422
0.11574006
0.11561704
0.12278795
0.12339020
0.12095976
0.11925578
0.10303426
0.09870815
0.12262106
0.12463665
0.10554743
0.14987040
0.12808490
0.11896324
0.12349248
0.15685415
0.14894247
0.13610291
0.15239167
0.12678504
0.11533451
0.13630009
0.11545014
0.12726712
0.11777425
0.11842251
0.12327480
0.11691952
0.10817099
0.10874391
0.11154604
0.12691307
0.11689448
0.12784314
0.12640953
0.12698293
0.12233257
0.11997676
0.11851382
0.10759258
0.12800741
0.11745119
0.12895012
0.12100410
0.11152768
0.12176728
0.10435581
0.11404920
0.11462045
0.11196876
0.11256075
0.11219430
0.12442017
0.10783267
0.14743543
0.10874867
0.10850120
0.12694788
0.12085700
0.20340800
0.15232539
0.14034343
0.16478682
0.12565088
0.14517856
0.14604139
0.19989800
0.13704515
0.16841078
0.22260404
0.10982728
0.26333427
0.24865294
0.24057436
0.19970465
0.10398340
0.20208955
0.20272946
0.18836522
0.19970465
0.23921847
0.11442900
0.11437798
0.11981583
0.11564970
0.13195658
0.11100173
0.13952255
0.11657429
0.09932733
0.10676789
0.11218238
0.10370207
0.12875199
0.11358905
0.12509942
0.10429788
0.11297679
0.10484076
0.12099743
0.11505079
0.14684033
0.13852096
0.12422037
0.15644097
0.10581875
0.10640955
0.11135054
0.10914230
0.10670781
0.11146402
0.10392737
0.10643077
0.11205482
0.10619783
0.11559677
0.10865450
0.11317015
0.12929177
0.12100625
0.11358523
0.10079694
0.10201859
0.10095310
0.10749865
0.10975409
0.11214304
0.10466909
0.10291553
0.10693169
0.11277127
0.11773109
0.11508679
0.09825158
0.10053873
0.10365939
0.10061240
0.09856868
0.10425234
0.10716367
0.10972428
0.10813403
0.11406231
0.11338472
0.11085653
0.11957908
0.12267900
0.13480544
0.12206912
0.13445115
0.11887336
0.10602784
0.10772181
0.11300874
0.11279202
0.11203957
0.11629558
0.11267662
0.12430739
0.10032415
0.12012529
0.12752843
0.11653566
0.11562347
0.11647964
0.12738156
0.12186933
0.10731840
0.10522437
0.14516973
0.11251163
0.11067605
0.13177013
0.11170864
0.11294723
0.11028695
0.11728239
0.12478685
0.10745931
0.10695267
0.11748886
0.11726832
0.11893606
0.11483836
0.11386800
0.12241912
0.10772061
0.10563207
0.10573292
0.10590410
0.10576224
0.10441518
0.11771750
0.12216330
0.10850024
0.10434127
0.12325454
0.12628055
0.11400414
0.12676048
0.19360304
0.16686845
0.13042998
0.16841578
0.13707280
0.10922432
0.11495399
0.09699655
0.15240955
0.11834860
0.10508037
0.11332893
0.22886992
0.09537029
0.11463070
0.10977149
0.10744596
0.09904265
0.10372663
0.10769939
0.10866404
0.11420774
0.10141611
0.11134458
0.10424614
0.10278487
0.10305905
0.10361695
0.09801817
0.09743786
0.09718466
0.09739041
0.10010290
0.09805751
0.09988379
0.10911798
0.12662530
0.10976028
0.09840369
0.09819984
0.10557652
0.10437179
0.11042261
0.10446310
0.11126471
0.13107705
0.10454917
0.10861754
0.10663509
0.10697651
0.10651374
0.11621022
0.10998154
0.10776854
0.11252522
0.10900593
0.10949421
0.10770798
0.10964274
0.11223626
0.11446166
0.10835910
0.12375379
0.11434889
0.11098361
0.11418939
0.11532235
0.11723590
0.11242509
0.11612439
0.10269308
0.10488176
0.11057115
0.11050701
0.10867715
0.10644197
0.10708117
0.13355207
0.10788321
0.11112237
0.11132169
0.11169219
0.11167645
0.12089753
0.11101151
0.13234091
0.11074328
0.11427498
0.11406159
0.11409688
0.11520410
0.11297441
0.11268640
0.13102221
0.10853052
0.10124969
0.11109805
0.11720252
0.11724401
0.11997461
0.11328650
0.13277292
0.11237884
0.10936260
0.10953593
0.11157370
0.10732746
0.12500548
0.11051702
0.12475777
0.10314083
0.11635375
0.11152625
0.11483669
0.11505604
0.12530184
0.11196327
0.13204670
0.11153102
0.10932732
0.10957479
0.11095309
0.11124754
0.11646390
0.11884117
0.12645173
0.10992312
0.11196089
0.12048411
0.11829448
0.11148405
0.11419702
0.11584020
0.12775922
0.11072659
0.10934877
0.10625672
0.17117476
0.11477709
0.10253286
0.10042119
0.10932112
0.09995866
0.10521436
0.10557699
0.10574031
0.11181140
0.11129427
0.11483455
0.13312387
0.12319970
0.12951446
0.13557673
0.11263394
0.11237097
0.10785389
0.10727453
0.12678623
0.10704613
0.09965563
0.10214210
0.10945034
0.11805797
0.10437679
0.10761070
0.19861364
0.11662173
0.13561916
0.12281561
0.10395193
0.17030072
0.10756230
0.11848426
0.12189150
0.10557580
0.10228133
0.10623193
0.12132621
0.11321712
0.13140082
0.10058522
0.10195637
0.10537028
0.10384703
0.10468173
0.10866666
0.11736107
0.12009859
0.10455418
0.11372066
0.11720657
0.12310195
0.16011119
0.11668897
0.11688042
0.11437535
0.15296531
0.14947057
0.13363314
0.12906337
0.14797664
0.16840982
0.13154221
0.10342097
0.10367894
0.10835719
0.10473680
0.10724211
0.11317062
0.10288334
0.10871387
0.10963798
0.11529136
0.11233592
0.19907379
0.23360801
0.22621989
0.23868704
0.21321535
0.22682524
0.15013433
0.11540484
0.10704184
0.18983269
0.12002325
0.19090009
0.12595749
0.12724352
0.15821958
0.19519258
0.19386983
0.23627234
0.13922930
0.14522505
0.12651682
0.12968326
0.31602263
0.21649313
0.20033097
0.14993119
0.13099027
0.10356474
0.11560178
0.15838814
0.28680611
0.15657353
0.19003773
0.17397213
0.23067594
0.14772654
0.12274146
0.13177061
0.22389889
0.19713736
0.19390726
0.18210101
0.20508623
0.11168671
0.11596131
0.11512136
0.11348152
0.11936164
0.12330627
0.10599256
0.12988544
0.18463969
0.12910914
0.12156868
0.12245989
0.16123128
0.11088824
0.18992043
0.24703836
0.13511705
0.13301897
0.15335655
0.13925076
0.13553882
0.17273545
0.17341375
0.11274815
0.13917351
0.11974525
0.17828465
0.16300321
0.13450980
0.13100123
0.19522357
0.17873025
0.20309258
0.19748282
0.14723325
0.20127392
0.28850436
0.20092559
0.18964744
0.18153429
0.14727736
0.13960242
0.18822646
0.24948430
0.17363572
0.15698981
0.16551995
0.12511849
0.13756275
0.13935566
0.12914515
0.13589334
0.22631073
0.17413306
0.10391045
0.14837503
0.11578870
0.18432951
0.14240885
0.14104772
0.15410495
0.18957829
0.12919164
0.14359188
0.12039638
0.12437034
0.12162995
0.15546036
0.11840034
0.13659382
0.12569046
0.13709736
0.11327267
0.15709424
0.12321830
0.11634779
0.13486147
0.12940931
0.11356378
0.14511371
0.13324809
0.11138225
0.10556269
0.10514927
0.10234451
0.13398790
0.11888433
0.13019443
0.10324168
0.12256193
0.10314059
0.12185574
0.10002327
0.09857631
0.11519027
0.10690498
0.10925722
0.11637878
0.20806074
0.12245750
0.13180065
0.12995625
0.13519096
0.11701751
0.10819530
0.12391686
0.11835217
0.11704326
0.10468006
0.10481954
0.11890936
0.10845470
0.11849070
0.16805172
0.10550094
0.13019395
0.11016393
0.10908937
0.10596251
0.10715270
0.10759330
0.11990261
0.09924912
0.10101080
0.14000010
0.12472677
0.13377643
0.13199043
0.11003351
0.10416937
0.11252308
0.13225365
0.14648533
0.12472653
0.12254405
0.11158490
0.11118555
0.10356450
0.09925723
0.12206650
0.11283159
0.12841892
0.14636183
0.11121798
0.10870886
0.13391519
0.13720584
0.12331676
0.13734078
0.10342526
0.16787505
0.22592568
0.20919776
0.13369393
0.16435003
0.23836946
0.13160825
0.13866735
0.18194604
0.13774991
0.19495320
0.19240212
0.12443519
0.20603323
0.12456131
0.14027047
0.13212323
0.18652105
0.11667776
0.16209388
0.13769770
0.11718678
0.14011693
0.11514759
0.12740612
0.10709977
0.11562467
0.11818552
0.11869073
0.13177872
0.14634585
0.11647487
0.12654829
0.12264299
0.12439775
0.11795998
0.13518119
0.14445901
0.10536027
0.12996054
0.15368056
0.19873881
0.13792205
0.09879351
0.10274243
0.10373044
0.10558772
0.11130810
0.10272932
0.10342979
0.09940052
0.09698606
0.09815383
0.11544490
0.11528754
0.10815668
0.13658595
0.12406206
0.15644288
0.11143804
0.11320281
0.10777020
0.11008644
0.10572362
0.12168813
0.12458992
0.10717797
0.10527277
0.12941909
0.12871289
0.10741329
0.16171336
0.10551071
0.10869288
0.17743349
0.10656214
0.12408638
0.14912105
0.10892820
0.19671369
0.18347120
0.21128702
0.21778584
0.21118832
0.23844099
0.10215831
0.11151433
0.22603679
0.13191509
0.13167977
0.22223997
0.24161243
0.20862269
0.10496926
0.10754943
0.17135143
0.21952105
0.22685528
0.22431493
0.15988898
0.14416742
0.22776318
0.11464047
0.14785910
0.13309050
0.18081021
0.11669803
0.15506959
0.15672588
0.13703680
0.12664247
0.24731207
0.15104914
0.15379214
0.17794538
0.20925045
0.11528707
0.11706853
0.22018528
0.20400453
0.14362860
0.19467568
0.25327945
0.12808824
0.22442222
0.22783780
0.11591816
0.18857384
0.20727921
0.18071675
0.22466326
0.25841546
0.12369442
0.11635113
0.11879039
0.22745943
0.20459008
0.10056376
0.13073635
0.21983266
0.09888244
0.20523858
0.12571311
0.21251535
0.21986318
0.10065508
0.19776273
0.12443399
0.14572573
0.14998484
0.19422865
0.21700501
0.15858746
0.20463657
0.21457386
0.19122767
0.21537066
0.21332192
0.09924912
0.16137791
0.11940479
0.22021961
0.11649179
0.20019507
0.19790888
0.20745015
0.22106051
0.11007905
0.18028522
0.10393953
0.21973538
0.17779922
0.20221066
0.22696495
0.12209845
0.10653782
0.19740748
0.19622159
0.13192201
0.10665941
0.10276008
0.12689137
0.12789774
0.09804511
0.10160756
0.10623574
0.12206554
0.09948707
0.20933509
0.13468289
0.10940480
0.16795874
0.12068677
0.11079454
0.11842752
0.11087704
0.10823321
0.10983205
0.09807777
0.10643768
0.10339093
0.10509443
0.16584611
0.11272550
0.18955874
0.09774041
0.09968829
0.09989238
0.17062688
0.11495519
0.10733557
0.09860659
0.10193133
0.09889317
0.12384963
0.22321105
0.24178696
0.09849119
0.10321593
0.10223031
0.10373330
0.11062670
0.11122060
0.19011354
0.20690441
0.19544888
0.18115354
0.10779762
0.17355967
0.16181016
0.10780191
0.22549343
0.10198307
0.13295078
0.19032025
0.20503688
0.22524738
0.21053123
0.09978485
0.22495794
0.14201951
0.09612465
0.13698149
0.13004994
0.21742988
0.18292809
0.18186927
0.09823394
0.09639072
0.09868217
0.21262479
0.12379169
0.09536481
0.12881351
0.11009526
0.12361765
0.09457731
0.09536147
0.13036776
0.18686104
0.21853185
0.09777069
0.13708115
0.12150025
0.18377423
0.15649390
0.15561652
0.17890096
0.11870527
0.11011696
0.13246369
0.21355748
0.22238755
0.11211324
0.22090912
0.09823012
0.18727970
0.10678363
0.09458947
0.28726101
0.10373569
0.09543705
0.09642935
0.10608578
0.11500931
0.09970307
0.10916686
0.12650156
0.20033622
0.10759878
0.10142350
0.18835115
0.18494225
0.09600902
0.21346426
0.20828128
0.14154243
0.13468599
0.19624257
0.24491191
0.18078089
0.20162177
0.19866371
0.19651651
0.11934304
0.19485378
0.24917531
0.20436549
0.12154531
0.13381600
0.09483838
0.14760137
0.12650967
0.20424891
0.14772820
0.14335561
0.19962192
0.18824053
0.09993243
0.19291735
0.18222022
0.09660673
0.20947433
0.20035243
0.12224483
0.21130395
0.15008378
0.12463355
0.11005902
0.13016677
0.12437439
0.11790419
0.13603044
0.10821652
0.19371080
0.19501376
0.21522951
0.11735225
0.19281960
0.18424582
0.20792413
0.15165257
0.20361853
0.12601709
0.11771607
0.19490337
0.21318483
0.16419864
0.21007109
0.10788012
0.18142867
0.22133112
0.18489933
0.09540963
0.14376426
0.18868303
0.11646390
0.15019059
0.11775732
0.19599938
0.20590091
0.12500072
0.11701274
0.11282015
0.10791636
0.10797501
0.11422992
0.13259697
0.09905124
0.09607220
0.10848618
0.12890649
0.11740351
0.10298634
0.10677886
0.10786152
0.10399055
0.20710635
0.11177349
0.12417579
0.14080262
0.11098337
0.09707022
0.10372519
0.13757896
0.09890032
0.21799088
0.25394082
0.09891820
0.10664892
0.09577680
0.12206650
0.19437504
0.09766889
0.11590481
0.19530249
0.20486784
0.21359539
0.21639180
0.23226953
0.10919571
0.10298681
0.09406972
0.12996268
0.13890147
0.09827971
0.09757042
0.09797263
0.21199989
0.11183619
0.09714913
0.09771466
0.09671712
0.21678638
0.09614468
0.10037994
0.19777274
0.09475470
0.09640789
0.09623528
0.09928060
0.17936254
0.16404581
0.09458303
0.10544634
0.20306587
0.11941648
0.09647703
0.09487629
0.21346140
0.09668684
0.11460114
0.20424151
0.19774055
0.09812593
0.09417748
0.21174622
0.11770463
0.09479189
0.09622192
0.09492660
0.09632039
0.09839606
0.11796451
0.17137504
0.10685182
0.11160660
0.10538888
0.09890151
0.10837603
0.09853339
0.09932232
0.11637330
0.12081242
0.11830497
0.11775327
0.11596370
0.11770296
0.10200429
0.09441686
0.10803604
0.09747243
0.09497404
0.09624791
0.09706807
0.09696364
0.09681940
0.10110211
0.09455729
0.11716819
0.11135578
0.09709144
0.09432364
0.09453797
0.09642386
0.09591675
0.09455466
0.09611511
0.09475064
0.09440398
0.19099498
0.09448481
0.09431148
0.09621406
0.09820104
0.09611535
0.09742475
0.09711218
0.09666467
0.11025691
0.10182023
0.10707378
0.10712266
0.10490584
0.09526563
0.09972119
0.09630108
0.09419227
0.12647796
0.09643388
0.10482359
0.14673948
0.11823177
0.11280751
0.10145283
0.15754414
0.11710477
0.11440420
0.16373324
0.14324117
0.09928226
0.09877586
0.12213349
0.13818431
0.10796547
0.17888212
0.10505891
0.10915852
0.10558295
0.10168624
0.09554005
0.10568810
0.09617877
0.09595227
0.12112880
0.12819052
0.10656333
0.11857748
0.09703588
0.09986687
0.09500051
0.09821844
0.09762216
0.09859490
0.09512711
0.09777713
0.11167240
0.09755492
0.09657240
0.09947467
0.09907508
0.09955359
0.10290432
0.09976482
0.09761119
0.10650706
