0.01946640
0.11087322
0.10208821
0.11218190
0.09962106
0.09555173
0.10443783
0.11882257
0.12343240
0.10813665
0.10972857
0.11043048
0.10894799
0.10418081
0.10703111
0.12144876
0.10524344
0.10653925
0.10645342
0.10279417
0.10334539
0.10535932
0.11005330
0.11799765
0.10952544
0.10777283
0.11178827
0.11850333
0.11188960
0.11070848
0.10957432
0.12005520
0.11144328
0.11004639
0.10899997
0.10886121
0.10803890
0.10595870
0.10549045
0.10562134
0.11731672
0.11887002
0.11157179
0.11265159
0.10898852
0.10965466
0.10862851
0.10928559
0.10868382
0.14173245
0.12114906
0.10951233
0.10743260
0.10926104
0.11136842
0.10826421
0.10989904
0.12090158
0.10503936
0.09674597
0.11059022
0.10605073
0.10788774
0.10938573
0.10595870
0.11023545
0.11259508
0.10536695
0.09732985
0.10556436
0.09651542
0.10766053
0.10946321
0.10895801
0.10691333
0.11779642
0.12998939
0.10905910
0.10416579
0.10502505
0.10522985
0.10649633
0.11026120
0.10987043
0.13138938
0.11100698
0.11117935
0.10677361
0.11298990
0.10577250
0.11334872
0.10945439
0.12418222
0.10606861
0.09653258
0.09737778
0.10191250
0.09977412
0.09616351
0.10363412
0.09667945
0.10172606
0.10958719
0.10093808
0.09767103
0.10030866
0.11182737
0.10925198
0.11066318
0.10888410
0.10981798
0.12255359
0.11634994
0.10735798
0.10513234
0.11039209
0.10680032
0.11016130
0.10638237
0.12281585
0.10380673
0.10385346
0.10272574
0.10636950
0.11354160
0.11448145
0.10393143
0.10701656
0.11918831
0.15367651
0.15909505
0.14387417
0.11027169
0.10585785
0.11631751
0.10569835
0.11036539
0.10355616
0.09563494
0.12263179
0.11432266
0.10788989
0.11012769
0.10363650
0.11119056
0.12914109
0.10721993
0.10241103
0.10468721
0.10407639
0.12057805
0.10541153
0.11105943
0.11180353
0.11750269
0.10986185
0.09761882
0.10661077
0.09981346
0.10046053
0.09765363
0.09700441
0.16915202
0.10757470
0.10173273
0.11107254
0.10040188
0.09751129
0.11310077
0.09827375
0.19671679
0.14049220
0.09746718
0.09835553
0.09848118
0.10040355
0.10875249
0.10285950
0.10375452
0.11976790
0.10208988
0.10455132
0.10810399
0.10511613
0.10875940
0.10113597
0.10128331
0.10172772
0.10929632
0.09884930
0.09731555
0.10170817
0.10181856
0.09842610
0.09737372
0.10198617
0.09872532
0.10269785
0.10451818
0.10102391
0.09683251
0.09833622
0.09548140
0.09695292
0.09848619
0.09598255
0.09877467
0.09526658
0.10424566
0.09994149
0.11193728
0.10836697
0.11411810
0.11276841
0.11122036
0.11731052
0.14031625
0.11244297
0.10647082
0.13246632
0.11877084
0.10913563
0.12325716
0.10272408
0.11372447
0.11054897
0.10802150
0.10621405
0.10077572
0.10304022
0.09922814
0.09851336
0.09491825
0.09820557
0.10376716
0.11583233
0.10374880
0.10712743
0.10271883
0.12367606
0.12215662
0.11256242
0.12946200
0.11453152
0.09869552
0.10233331
0.09867167
0.10707498
0.11256957
0.09809256
0.09898520
0.10121393
0.10502005
0.11282349
0.11567283
0.11543584
0.11071682
0.11067963
0.10678387
0.11206722
0.10718036
0.10498810
0.10214996
0.11113262
0.14106965
0.12237120
0.10279131
0.10262513
0.10122800
0.10645223
0.09847951
0.11500549
0.09693861
0.10154271
0.09833312
0.09807944
0.09539413
0.09770918
0.09744787
0.09749985
0.09683681
0.11574078
0.10106993
0.09435844
0.09850621
0.09422016
0.09777260
0.09430218
0.10791039
0.10568714
0.12022781
0.11690021
0.11702490
0.10811949
0.10674834
0.10822749
0.10921812
0.10931110
0.10520506
0.12831783
0.12063861
0.10197997
0.10658240
0.10156894
0.10387444
0.10798907
0.11226368
0.10225511
0.11864758
0.13001704
0.11728668
0.11003852
0.10845733
0.12410307
0.13352585
0.10034108
0.11649966
0.09320951
0.09918118
0.10572267
0.11143589
0.13896656
0.12074423
0.12574482
0.13159299
0.11981511
0.11458421
0.11489773
0.09929514
0.09300709
0.09282613
0.09414887
0.09262729
0.09286499
0.10571170
0.09975171
0.09280801
0.09305048
0.09785867
0.09764671
0.09729362
0.09752512
0.11286902
0.12391901
0.11529207
0.11510324
0.11175108
0.11329770
0.11138988
0.09791160
0.09589911
0.09806275
0.10495067
0.18136191
0.09218431
0.09239173
0.09221983
0.09291053
0.09261274
0.09391427
0.10422158
0.12586594
0.11013627
0.16144705
0.09499860
