0.03108954
0.11083817
0.10988283
0.10996366
0.10704231
0.11820102
0.10858107
0.10905886
0.10682225
0.10370374
0.11626506
0.11761880
0.09444141
0.09720230
0.16657066
0.09465551
0.09294415
0.09318519
0.10052490
0.09313869
0.09702063
0.10341454
0.10170913
0.10696530
0.10737228
0.09450245
0.09317088
0.16526699
0.10823703
0.09556389
0.09451389
0.09521341
0.10845661
0.09842110
0.10901260
0.09680676
0.10263109
0.09897256
0.09691429
0.09403205
0.09517097
0.09527159
0.10975266
0.11686921
0.09596777
0.09394407
0.09408259
0.09904099
0.09639668
0.10291934
0.09537792
0.09596586
0.11326551
0.10175228
0.09378004
0.09525347
0.09557843
0.09586525
0.09542179
0.09510994
0.09421968
0.09520221
0.11012888
0.09568214
0.09395576
0.09410620
0.13741732
0.13548946
0.09416389
0.09657550
0.09895873
0.11359453
0.10690546
0.09444547
0.09398127
0.09794950
0.09964800
0.09771538
0.09734416
0.09668636
0.09456420
0.18920255
0.09948897
0.13979077
0.14736462
0.11219501
0.10120797
0.10212684
0.10775042
0.09625626
0.09884119
0.09598351
0.10381985
0.09595346
0.09795642
0.10260129
0.09441280
0.10600233
0.12478900
0.10452604
0.09582496
0.09428549
0.09603143
0.09493661
0.09667993
0.09604955
0.09784508
0.09479952
0.10806131
0.09936070
0.09652567
0.14789033
0.15475631
0.13196325
0.10953593
0.09782028
0.11127043
0.10538554
0.09776306
0.09741473
0.10123897
0.09685540
0.09845161
0.09769940
0.10068965
0.10889339
0.13777804
0.09850264
0.10314631
0.10043621
0.09805775
0.09849977
0.10009027
0.09774828
0.11248279
0.09826303
0.11065292
0.10258317
0.09609151
0.10928035
0.12060356
0.10579896
0.10400414
0.11327744
0.10225916
0.09903359
0.10248280
0.12882972
0.09931254
0.09728122
0.09529614
0.10494304
0.11456180
0.14187384
0.09815192
0.09822392
0.11141276
0.12709880
0.10696769
0.09481835
0.10441470
0.10890317
0.09929848
0.09479904
0.09445047
0.09507942
0.09420705
0.09577203
0.09442472
0.09597254
0.09431577
0.10716367
0.10531497
0.12054181
0.13105965
0.10001945
0.09545565
0.09884953
0.09987617
0.09742832
0.21728778
0.12242818
0.18108559
0.13415599
0.11959887
0.12399268
0.15473795
0.10453510
0.09614563
0.09950352
0.09506011
0.09452963
0.10729599
0.10058093
0.09432006
0.09598184
0.09484386
0.09760642
0.10494733
0.10627151
0.09596634
0.10654759
0.10775709
0.09511423
0.09493351
0.09844303
0.09562564
0.12321496
0.09437084
0.09510016
0.09413576
0.11821198
0.11034894
0.09707928
0.09613752
0.09516978
0.09513855
0.11699462
0.09703135
0.10562801
0.09968615
0.09736657
0.09798169
0.11378002
0.10327220
0.10244942
0.09869242
0.10205269
0.09800553
0.09782434
0.11319304
0.09611416
0.09523463
0.09539795
0.09740186
0.09733200
0.09814954
0.09583187
0.09433031
0.10652256
0.09747243
0.09873080
0.09805894
0.09595680
0.09783149
0.09661031
0.09798145
0.10013604
0.11400867
0.13047576
0.12124014
0.09781146
0.10107565
0.10827661
0.10274839
0.09414816
0.09626651
0.09931421
0.10117316
0.10275555
0.09417033
0.09808016
0.09917569
0.10063100
0.10787129
0.10566020
0.09764576
0.09626269
0.10605192
0.10378075
0.10073233
0.09847498
0.10132217
0.10118389
0.10008025
0.10001564
0.09917307
0.10014057
0.10494637
0.09662580
0.09529996
0.09538364
0.18210077
0.10011220
0.10171175
0.10360146
0.11392665
0.10707879
0.09739804
0.09529161
0.10310149
0.09651208
0.09721851
0.09610987
0.09802628
0.09506321
0.10985851
0.11720967
0.09416342
0.09512925
0.10078144
0.09603405
0.09532404
0.09367585
0.10399413
0.09375668
0.10424709
0.10574508
0.10164213
0.09884000
0.09739566
0.09544897
0.09872818
0.09735751
0.10885096
0.10113978
0.09749675
0.09537888
0.09653163
0.09414124
0.09707785
0.09816456
0.10128140
0.09604979
0.10186434
0.10845852
0.09816813
0.10963726
0.10716915
0.09860516
0.10028911
0.10392141
0.10261059
0.11502934
0.10154676
0.09989023
0.09975934
0.10325217
0.10424161
0.18494654
0.14169383
0.09993434
0.11633158
0.11742377
0.09499574
0.09538555
0.09453821
0.09739709
0.10255194
0.09816432
0.10698271
