0.09416556
0.10469127
0.10334420
0.09652519
0.09775925
0.09753919
0.12470841
0.11740232
0.09422040
0.09629011
0.10173154
0.10616565
0.09735036
0.09443808
0.09375548
0.10667944
0.10216737
0.09734750
0.09564185
0.09889102
0.09632039
0.09776449
0.09574080
0.09837890
0.09809923
0.10557461
0.10320306
0.09788752
0.09452462
0.09668517
0.11082792
0.09577823
0.09934855
0.10082626
0.10476685
0.10958862
0.12756276
0.09583259
0.09446764
0.10795617
0.10341144
0.10069299
0.09771228
0.09967613
0.10777068
0.11943269
0.10102940
0.10474682
0.10505295
0.09839392
0.10094905
0.09885883
0.10000896
0.10758924
0.10438752
0.09875703
0.09904456
0.10877156
0.09961343
0.09753561
0.09564924
0.09831953
0.09937119
0.10495424
0.09890246
0.09750772
0.10979462
0.10704494
0.09819555
0.09942150
0.10480785
0.09421754
0.10702467
0.09987092
0.09804416
0.09526849
0.10328650
0.09758711
0.09696293
0.09686065
0.09570050
0.10791707
0.09650612
0.09627771
0.11804056
0.09362268
0.09393454
0.09571648
0.09595156
0.09758806
0.09454608
0.10347009
0.09845400
0.09776759
0.10468888
0.09542990
0.09554148
0.11748815
0.09581161
0.09706068
0.11639977
0.11406898
0.09488440
0.09356785
0.10302663
0.09886622
0.09391522
0.09413862
0.11222029
0.09416175
0.10130286
0.09490395
0.09448934
0.10198164
0.09572077
0.09505939
0.09993982
0.09937525
0.09926343
0.09350467
0.09706402
0.09907222
0.10278749
0.10550070
0.10336590
0.09874225
0.09766173
0.09403992
0.09683251
0.10511780
0.09503508
0.11306453
0.09335709
0.09468532
0.10300493
0.09448981
0.09349895
0.09336615
0.09299302
0.10096765
0.09368396
0.09863758
0.09432507
0.09334517
0.09347963
0.09349513
0.09319401
0.09330916
0.09325862
0.09428024
0.09429812
0.10210443
0.09411812
0.09731388
0.10333371
0.09546018
0.13531852
0.10016656
0.10004425
0.09832621
0.10688734
0.10022640
0.09850883
0.09892011
0.09790850
0.09461689
0.09607196
0.09831715
0.10664392
0.10200834
0.09694529
0.09715343
0.09588099
0.09984756
0.09996152
0.09921741
0.09803843
0.10291362
0.09747386
0.10265899
0.09882593
0.09864831
0.09968615
0.09788299
0.10335374
0.10067606
0.10644841
0.11213398
0.10922647
0.10588717
0.10099888
0.09696937
0.09729743
0.10132480
0.09833670
0.11014032
0.10011554
0.10379577
0.09665132
0.09841752
0.10196471
0.09974456
0.09720874
0.10059190
0.11539507
0.09708714
0.10212088
0.09748459
0.09848595
0.09666276
0.09534526
0.09723878
0.09392619
0.09758663
0.10024095
0.22494030
0.10753179
0.14738989
0.20029235
0.11042833
0.11221576
0.10265732
0.12491727
0.24615479
0.15720415
0.22271013
0.10575104
0.09355283
0.09543800
0.09457183
0.09493613
0.09468627
0.09473777
0.09920549
0.11409402
0.09692597
0.14545345
0.09465647
0.10979104
0.11458111
0.17415047
0.13179135
0.09983563
0.10452199
0.11121607
0.10850692
0.14655972
0.11667013
0.21282411
0.14462590
0.11096692
0.15536070
0.25973010
0.15257740
0.10644102
0.17899013
0.19465351
0.21417665
0.12462091
0.28371859
0.11766291
0.09408998
0.29070210
0.09722233
0.09854698
0.16150260
0.11044860
0.10251188
0.11515260
0.15186310
0.10024047
0.10108924
0.10555649
0.10220146
0.13422465
0.19954014
0.21096349
0.16182637
0.12715936
0.09802747
0.11644316
0.10107946
0.17948604
0.11056614
0.12928128
0.18657255
0.12492251
0.10679674
0.10973620
0.10189986
0.09905171
0.09711289
0.12814784
0.12623143
0.09523487
0.09330344
0.14297557
0.10942054
0.10910821
0.12574983
0.09620571
0.09885454
0.15170336
0.11215806
0.11659765
0.09874535
0.09521151
0.09699607
0.15933299
0.15179205
0.09471679
0.10101581
0.10827851
0.12303162
0.19976783
0.17476797
0.17036462
0.12252998
0.10654521
0.10004377
0.15582013
0.09607410
0.09990358
0.10171795
0.10064507
0.15847850
0.18722987
0.15518117
0.09618282
0.10758376
0.17515850
0.17407036
0.18233323
0.13401914
0.18188214
0.10372448
0.15054226
0.18663645
0.18785262
0.16642570
0.17710185
0.17852378
0.17345786
0.15071511
0.20758700
0.18292832
0.17872524
0.15814090
0.10012627
0.19210720
0.17998242
0.11117315
0.20438528
0.16850996
0.17179632
0.17096448
0.10477591
0.12197375
0.11091661
0.10306239
0.10426307
0.10296822
0.09872031
0.09497857
0.10011101
0.10315204
