0.02570772
0.09404874
0.09536147
0.10961175
0.09553456
0.09666777
0.10756612
0.09627414
0.09535027
0.09626460
0.09527588
0.09638166
0.09749079
0.10836029
0.09537387
0.09527135
0.10434079
0.09683490
0.09753752
0.09646225
0.09526896
0.09669685
0.09510255
0.10838342
0.09720087
0.09535551
0.11597991
0.10206318
0.09845400
0.09734035
0.10044193
0.10010576
0.10173893
0.11246181
0.10298419
0.11054707
0.09761500
0.09573770
0.10308433
0.09644818
0.10794616
0.09539104
0.10558939
0.09816694
0.10215521
0.09462881
0.09631968
0.09510350
0.09649205
0.09501314
0.09711981
0.09405780
0.09976006
0.09466195
0.10250926
0.09689283
0.09544039
0.09395909
0.09743476
0.09512281
0.09539175
0.10221553
0.09561467
0.09510398
0.10026813
0.09560704
0.09515262
0.09396672
0.13784170
0.11333346
0.11349225
0.11217499
0.09649062
0.10049605
0.09515381
0.09744620
0.09942603
0.09586382
0.09473276
0.09690428
0.09992075
0.10214972
0.09858394
0.10212016
0.09572196
0.09585261
0.09742546
0.10621738
0.10504317
0.10130572
0.11434889
0.11270356
0.09501433
0.11655903
0.09731817
0.09480619
0.10060906
0.09656620
0.09711409
0.10846949
0.11433101
0.10744619
0.10510254
0.09776258
0.09455848
0.09493995
0.09682512
0.10035896
0.10301375
0.10541415
0.10203338
0.09454489
0.10034752
0.09411764
0.11192346
0.09978485
0.09907985
0.09970188
0.09516120
0.10118365
0.09538817
0.09740019
0.09520507
0.09728241
0.09513640
0.09532189
0.09534621
0.09347844
0.09512234
0.10023355
0.09333491
0.09337234
0.09351683
0.09530139
0.09666729
0.09351134
0.09353614
0.09727883
0.10563374
0.09674668
0.09637332
0.09598446
0.09529233
0.09917665
0.09525800
0.09684682
0.09587407
0.09788585
0.10999441
0.10262179
0.13017988
0.13617325
0.14927697
0.09468961
0.09509492
0.09643006
0.09459853
0.10609078
0.09763789
0.09682584
0.10147214
0.09406686
0.09479642
0.09386420
0.09398007
0.09406018
0.10179782
0.10145259
0.09380150
0.09389520
0.09410834
0.10646796
0.11072636
0.10823512
0.09666634
0.10157561
0.10480690
0.09969211
0.10372758
0.10029769
0.09398556
0.09413362
0.11063790
0.09889770
0.10981488
0.10290527
0.09591198
0.10779524
0.09849215
0.10114074
0.10318160
0.10345721
0.10359955
0.09784460
0.09902978
0.11188817
0.09852362
0.09927583
0.10054922
0.10226703
0.10368228
0.10432196
0.09706736
0.11424136
0.10320377
0.09539008
0.12259817
0.09728932
0.10922337
0.10336566
0.09705567
0.09645891
0.10734463
0.09982371
0.10100102
0.10031033
0.09480453
0.09504867
0.09482884
0.09546590
0.09438467
0.09756947
0.11017513
0.11164689
0.11030483
0.10363221
0.09737754
0.09806371
0.09453225
0.10697889
0.09654951
0.10558987
0.10038090
0.10151625
0.10922432
0.09607244
0.09594727
0.10093641
0.09798622
0.09680128
0.09555340
0.10849309
0.09716249
0.09928989
0.09487772
0.11255646
0.18473721
0.09751272
0.09360623
0.09526491
0.09349179
0.09291482
0.09281230
0.09272623
0.09920144
0.09277749
0.09277201
0.09339476
0.09281588
0.09285569
0.09301758
0.09305882
0.09280491
0.09473753
0.10777235
0.09292722
0.09335351
0.09913063
0.09196687
0.09161639
0.09384847
0.09501934
0.09172583
0.09232140
0.09788299
0.09368849
0.10333967
0.10319710
0.09560776
0.09492946
0.09271693
0.09460878
0.09243512
0.09313846
0.10833812
0.09178567
0.09359670
0.10206890
0.09191132
0.10396862
0.11526346
0.11905360
0.11394739
0.12729383
0.09626770
0.09281278
0.10147238
0.09144855
0.09161854
0.09142637
0.09252143
0.09247112
0.09183526
0.09156156
0.09850025
0.09134960
0.09176540
0.09809732
0.09591007
0.09601355
0.09338236
0.09346342
0.09308004
0.09159160
0.09829426
0.09215593
0.09547234
0.09499836
0.09525609
0.09719205
0.09549832
0.09567332
0.09322500
0.09591866
0.09765935
0.09226155
0.10028481
0.11642361
0.09249210
0.09599829
0.09169817
0.09093308
0.09281778
0.09100580
0.10268497
0.09211135
0.09962869
0.10518146
0.12331629
0.09982443
0.09931517
0.09335756
0.09332108
0.09741640
0.10769653
0.09791660
0.10456610
0.09441280
0.09387755
0.09438252
0.09294367
0.09443331
0.09257412
0.10782385
0.09127975
0.09266043
0.10042286
0.09451795
0.10004997
0.10888481
0.09691834
0.10223007
0.10111237
0.11212397
0.09898615
0.09380174
0.10081244
0.09950900
0.10918927
0.10609388
0.09919691
0.09705853
0.11107492
0.09802914
0.10090542
0.10030055
0.10931587
0.11815333
0.12102723
0.10323834
0.10029411
0.10717916
0.09216905
0.09241199
0.09987617
0.09749770
0.09517837
0.10206580
0.09626698
0.09604621
0.09412885
0.10887074
0.09364533
0.09566212
0.09998202
0.10048795
0.11159801
0.09759068
0.09713221
0.09530020
