0.02178645
0.11224365
0.09821534
0.09943771
0.09860969
0.10041523
0.09845901
0.10609913
0.09638309
0.10400414
0.09619451
0.10468102
0.09741402
0.09846830
0.09491348
0.09759498
0.10286307
0.09874368
0.09360266
0.09588742
0.09656501
0.14579654
0.10825658
0.18799305
0.13612103
0.11331439
0.09352040
0.09439373
0.09474087
0.10525608
0.10149741
0.09727979
0.09393644
0.09433198
0.10205078
0.09261894
0.09311080
0.09235048
0.10523033
0.10617542
0.09255385
0.09242082
0.11022735
0.09820843
0.09564662
0.09906530
0.10384703
0.10307717
0.11749601
0.11467600
0.11379123
0.12698007
0.09609842
0.09502053
0.09916806
0.10182953
0.09803462
0.09440589
0.10201263
0.09618115
0.09624791
0.10416937
0.09713221
0.09576797
0.09738231
0.09610438
0.09623790
0.09741712
0.12535262
0.10319471
0.09383416
0.11646700
0.10196185
0.09974170
0.09506369
0.09796715
0.09486461
0.10925913
0.11525655
0.10096979
0.10121632
0.10210896
0.09896660
0.09991550
0.09762907
0.10430956
0.09635353
0.10452461
0.09713054
0.09584451
0.10069060
0.09505248
0.09819555
0.09775949
0.09524536
0.09632182
0.09518909
0.10445333
0.09554267
0.10048938
0.10925364
0.14478111
0.19969320
0.13915086
0.13958859
0.12560487
0.16991377
0.10009265
0.09898639
0.09937978
0.09781504
0.09782577
0.09959865
0.11344647
0.09845233
0.09560871
0.09970403
0.09545112
0.09729862
0.13325191
0.10043979
0.09812140
0.11225510
0.09649134
0.09965992
0.10135770
0.10237861
0.09556937
0.09851861
0.09819937
0.10048580
0.09818459
0.11601877
0.10494542
0.09830189
0.09641957
0.09891462
0.10017920
0.09787059
0.09921169
0.09938264
0.09517241
0.11000681
0.09823394
0.10284591
0.10398841
0.09899521
0.09671330
0.10094309
0.09487462
0.09649301
0.09507465
0.10812545
0.09377193
0.09382558
0.10087585
0.10159469
0.09911156
0.09962177
0.10295987
0.10085535
0.10979152
0.09607363
0.10208631
0.09642386
0.10366535
0.09594297
0.09568310
0.10036874
0.09449840
0.09383297
0.10814548
0.10981464
0.09509659
0.09526372
0.09469819
0.09391880
0.09370828
0.09539819
0.09511542
0.09909463
0.10433173
0.09727812
0.09483337
0.09885359
0.10142350
0.09733915
0.09543324
0.09711909
0.09483504
0.09725881
0.10629416
0.10001111
0.09737492
0.10051823
0.10454082
0.10945392
0.10907841
0.10739589
0.10240459
0.10479045
0.10094619
0.09593201
0.10150242
0.10297871
0.10211706
0.10226297
0.09953523
0.09950709
0.11439633
0.10126734
0.09699965
0.09448338
0.09490776
0.10202909
0.09479094
0.17710590
0.14052606
0.11293721
0.10649514
0.10199809
0.09449673
0.10360289
0.09532332
0.10065389
0.10057569
0.09717083
0.09984255
0.11357450
0.09628725
0.09712553
0.09540415
0.10419059
0.09661412
0.10083365
0.09784818
0.09927392
0.09784508
0.10853553
0.14626384
0.11091518
0.09502578
0.09781599
0.10006666
0.09760308
0.09884453
0.11637807
0.14232492
0.10353756
0.09492326
0.09676194
0.09469533
0.09559512
0.09712267
0.09654617
0.09779143
0.09709024
0.12990737
0.09397745
0.09333086
0.09463620
0.09446859
0.09390354
0.13997293
0.12684822
0.09447956
0.09877825
0.11242342
0.12962198
0.12035966
0.09700966
0.09740186
0.09567595
0.12381864
0.13562441
0.11125827
0.09379363
0.09366202
0.09844136
0.09644580
0.09669065
0.09649324
0.09678793
0.09638762
0.09355307
0.10733819
0.10019851
0.10282612
0.10744095
0.11195159
0.11215091
0.11172748
0.11146712
0.11025143
0.12365389
0.09824681
0.09434295
0.09613228
0.10912371
0.09648204
0.09427333
0.09711218
0.12256384
0.16079688
0.17290831
0.10493302
0.10035276
0.09498858
0.09755087
0.09583688
0.09600806
0.09725809
0.10849881
0.09721303
0.09515715
0.09730363
0.09516239
0.09673786
0.09545398
0.09726620
0.09467912
0.09717727
0.11279368
0.09660292
0.10174799
0.09721518
0.14144063
0.09820366
0.14474821
0.11136866
0.12663841
0.11079359
0.11258650
0.11253095
0.13473248
0.11021566
0.11189508
0.11137891
0.11349344
0.12118554
0.11309505
0.10997939
0.11283970
0.11349773
0.11255884
0.11039376
0.10862517
0.12001109
0.10950017
0.10928535
0.11162615
0.11111903
0.11293340
0.11294103
0.11572552
0.11413217
0.12373567
0.11079216
0.11273551
0.11462808
0.11472845
0.11307335
0.11089826
0.11438584
0.11409521
0.12047744
0.11290336
0.11455393
0.11425924
0.11339164
0.11406207
0.11150503
0.10909820
0.12105870
0.10394311
0.09817910
0.09740806
0.09961438
0.09476519
0.09688210
0.09741974
0.09811521
0.09811330
0.12436795
0.10043406
0.10100579
0.10202813
0.09896898
0.09710765
0.09848070
0.09687209
0.09807420
0.09767604
0.10974956
0.09864330
0.09702349
0.09978580
0.09454417
0.09956765
0.09429622
0.09715629
0.09763861
0.10994387
0.09905505
0.09758997
0.09795737
0.10055900
0.09957075
0.09794068
0.09812045
0.09852695
0.10346150
0.11522412
0.10128736
0.09900904
0.09704709
0.09779310
0.09775329
0.09790993
0.09889841
0.09665608
0.09912848
0.11149478
0.09627771
0.09931445
0.09622788
0.09925890
0.09905410
0.10233068
0.09977531
0.09787059
0.09765577
0.11165333
0.09770560
0.10044312
0.12529922
0.13334513
0.12342954
0.11496282
0.09775901
0.14260793
0.16940808
0.10435104
0.10941529
0.10391688
0.14887166
0.14340973
0.12229204
0.11965966
0.13950801
0.14249420
0.15553522
0.10090089
0.09812546
0.09939480
0.10038686
0.11068010
0.09765816
0.09980822
0.10624790
0.10018730
0.09956288
0.09885025
0.09991431
0.09984374
0.12043166
0.09863114
0.09870481
0.09966302
0.10081673
0.10058475
0.09876347
0.15749574
