0.02980518
0.09910750
0.11570668
0.09370399
0.09920025
0.09343934
0.09507942
0.09790778
0.09489751
0.09705925
0.09894395
0.09412098
0.09674549
0.10197973
0.09804177
0.09871078
0.09530950
0.09307528
0.09275460
0.10471821
0.10586166
0.10307240
0.21304655
0.09690261
0.11370540
0.10523796
0.10105371
0.09471154
0.09683442
0.09656858
0.10026002
0.09901190
0.09756374
0.11315441
0.10025811
0.09506702
0.09776402
0.10046983
0.09420824
0.10863686
0.09753108
0.09557867
0.09363389
0.09690261
0.11111283
0.10047746
0.09550381
0.10050344
0.09765148
0.09527516
0.09704614
0.10802889
0.10204744
0.09626675
0.19227648
0.10650206
0.10448408
0.09678817
0.09963107
0.09484410
0.09623313
0.09467697
0.09415698
0.10165358
0.09455109
0.11974907
0.09476924
0.09529972
0.09479618
0.09307289
0.09332728
0.09440923
0.09494066
0.09320021
0.09488392
0.09461904
0.10079503
0.09320116
0.10056520
0.09493709
0.09493661
0.09677768
0.09528899
0.09647202
0.09499168
0.09694648
0.10997796
0.09663677
0.09805298
0.09615469
0.09344125
0.09428787
0.09315157
0.09304404
0.09411097
0.09312582
0.10593128
0.09321952
0.09685731
0.09456015
0.21205735
0.09671116
0.09536552
0.09744787
0.09692264
0.11409235
0.10675478
0.09717751
0.09486747
0.09328794
0.09652472
0.09731150
0.11456275
0.10500026
0.09527683
0.10134172
0.22185826
0.09843016
0.09414434
0.09669399
0.09450293
0.09404969
0.09434700
0.09445095
0.09424591
0.09373736
0.11291051
0.09482646
0.09727001
0.09879732
0.09591651
0.09708190
0.11278033
0.10610652
0.09766603
0.09628439
0.09477544
0.09304309
0.09604573
0.09490204
0.09412289
0.09816551
0.10625267
0.09506774
0.09346819
0.09808183
0.09257555
0.09284973
0.18844342
0.09448218
0.09598517
0.09488869
0.09581232
0.10093117
0.09753442
0.09575868
0.09707046
0.09649849
0.09460831
0.10613966
