0.02063322
0.11008549
0.09782338
0.09880257
0.10056686
0.09828782
0.09740329
0.09881163
0.10599971
0.10087037
0.11162233
0.10378742
0.13041139
0.11583161
0.10081053
0.09764743
0.09807777
0.09658074
0.10005832
0.15118003
0.11612225
0.13847280
0.13274527
0.12550497
0.14910483
0.16911054
0.16442251
0.11211324
0.10430002
0.10069394
0.10035920
0.09873533
0.09947085
0.10486078
0.10186648
0.12613487
0.10140252
0.10671186
0.09916973
0.09755230
0.09341049
0.09365654
0.09467793
0.09652662
0.11746740
0.10219121
0.09940052
0.10389209
0.09656096
0.09581995
0.09539509
0.09617710
0.09575534
0.09973645
0.11416841
0.10198975
0.09679914
0.11017489
0.10807014
0.10721993
0.10540247
0.09620404
0.09770226
0.11347866
0.09634852
0.09391212
0.11198711
0.10732508
0.09619570
0.09717512
0.09523940
0.09692264
0.09701681
0.11648202
0.09757781
0.09676790
0.10560894
0.09611917
0.09835982
0.09765816
0.09916973
0.09596848
0.09915733
0.11607862
0.09602475
0.09531355
0.10453439
0.11595559
0.12660885
0.11402726
0.15938830
0.17303371
0.17394805
0.15767193
0.12569785
0.14820647
0.13764644
0.15957618
0.14200592
0.12976193
0.13478374
0.13295293
0.17305779
0.15759039
0.22390676
0.14286160
0.20026064
0.20472360
0.16388249
0.13893318
0.16389084
0.16573071
0.21380210
0.16607308
0.14886618
0.15336394
0.18051457
0.14495111
0.15307331
0.12692904
0.17349648
0.16314888
0.18679595
0.16366172
0.19556284
0.14967465
0.16400242
0.13799620
0.12843680
0.14157176
0.12216091
0.14390302
0.14933658
0.18359351
0.20452547
0.16554737
0.17064953
0.17063904
0.19576716
0.17088795
0.15819383
0.19436550
0.17752910
0.17333865
0.16300821
0.13648033
0.12950563
0.15434051
0.13035202
0.16628313
0.16038227
0.13964224
0.16347909
0.16694427
0.12519884
0.14090562
0.15502954
0.13685679
0.14394355
0.14063025
0.13801503
0.12690973
0.14854264
0.15347815
0.15279055
0.14621496
0.15433908
0.13675261
0.13907456
0.16351557
0.13572407
0.14203358
0.15412903
0.17620301
0.14590216
0.16056108
0.17508340
0.12776732
0.12100220
0.10395408
0.09899521
0.10093641
0.09959435
0.09777999
0.09963870
0.10583138
0.09672165
0.10810900
0.11705613
0.11240673
0.11401129
0.10932636
0.11080837
0.11007094
0.13227034
0.11117125
0.11086512
0.12363124
0.11253738
0.12162304
0.11806703
0.11367559
0.13456273
0.11489487
0.12295699
0.12338042
0.11621904
0.12207580
0.11564612
0.11784291
0.13523936
0.10861206
0.11382914
0.11485004
0.11023092
0.11170459
0.10964131
0.10907888
0.10560322
0.12640834
0.10614562
0.10774183
0.11971927
0.11282229
0.11377072
0.11022615
0.11313677
0.12883568
0.10760355
0.11404181
0.10643864
0.11753345
0.11859131
0.11297250
0.11759949
0.12636161
0.12184548
0.11316371
0.11497498
0.12526631
0.13434124
0.12005353
0.10506082
0.10146809
0.10524654
0.10083246
0.10502005
0.10314989
0.12603593
0.10965848
0.10473537
0.11242986
0.11270118
0.10739040
0.09968138
0.10375857
0.10262442
0.11922073
0.10030079
0.10220480
0.10703874
0.10085988
0.09843135
0.09893346
0.12030506
0.22526431
0.12536001
0.09896660
0.10879087
0.10928750
0.10481358
0.10010743
0.09987164
0.09824920
0.10640430
0.09721422
0.09757066
0.09969139
0.09774280
0.09724617
0.09767079
0.09797406
0.10028434
0.09446335
0.10987020
0.11048794
0.09820604
0.10160398
0.09424663
0.10365987
0.10528517
0.10132813
0.10215116
0.10704494
0.10258317
0.10174131
0.10612917
0.10401630
0.10294247
0.10035825
0.10410929
0.10231853
0.09461641
0.10322094
0.09762645
0.09461069
0.09732866
0.09394860
0.09461141
0.09411311
0.09419250
0.12797594
0.13236642
0.11724734
0.13536882
0.13392711
0.12374616
0.12773299
0.11428905
0.11039543
0.13144183
0.12507081
0.11650729
0.11643934
0.12534952
0.12069249
0.14011216
0.17965341
0.18044209
0.13667560
0.12211490
0.13773370
0.14246202
0.13480234
0.14145470
0.12185025
0.11234641
0.13828802
0.19754267
0.14309978
0.13989925
0.14777970
0.11894488
0.13984966
0.12406874
0.11567950
0.12310767
0.11948419
0.11729813
0.12106252
0.10454845
0.10032535
0.09576750
0.09585238
0.09306812
0.09365320
0.09341645
0.09537268
0.13345766
0.12691283
0.12658739
0.13861227
0.13510489
0.12584949
0.13782787
0.15377998
0.13701892
0.12728214
0.12064099
0.12248731
0.12886786
0.12276077
0.11244345
0.14878297
0.14557314
0.11580133
0.12225103
0.12144399
0.11274147
0.10966539
0.19612551
0.10483408
0.10387588
0.09994698
0.11024666
0.09990430
0.10067868
0.09850240
0.10008717
0.09830356
0.11378312
0.09799671
0.11102915
0.10705876
0.09833193
0.10112357
0.10246491
0.14501214
0.10137868
0.11000395
0.09658408
0.14146209
0.10395288
0.09469366
0.12353063
0.09507942
0.09706187
0.09504485
0.10803127
0.09421611
0.09512711
0.10109472
0.09484243
0.09392381
0.09348392
0.09502888
0.09343815
0.12511516
0.09961390
0.09520698
0.09609246
0.11224842
0.09559393
0.09566069
0.09566832
0.09539485
0.09728169
0.10154128
0.10818315
0.10205865
0.10097742
0.10755920
0.10206079
0.09817481
0.09538531
0.09438038
0.09462881
0.11170912
0.09770226
0.10771728
0.09316254
0.19549990
0.21832824
0.17184043
0.15987921
0.09620762
0.09472799
0.09893537
0.09563088
0.09839964
0.09612799
0.09583783
0.09807515
0.09621167
0.10270715
0.10228705
0.09349728
0.09828329
0.09345388
0.11404586
0.09521174
0.09643960
0.09587240
0.09549642
0.10268998
0.09585881
0.09510183
0.10037994
0.09630728
0.09765410
0.09506392
0.09687161
0.09591866
