0.09143877
0.11453557
0.09493542
0.10185456
0.09785628
0.09882021
0.09742832
0.09605241
0.09765029
0.11404705
0.09667444
0.09558606
0.09686708
0.09433961
0.09675384
0.09563851
0.10785031
0.09375477
0.09422874
0.09391665
0.09360623
0.10820580
0.09710455
0.09742618
0.09472346
0.10548329
0.09698367
0.17730618
0.09491134
0.09410238
0.09297490
0.11254120
0.09802794
0.09428549
0.09301281
0.09772182
0.09516406
0.09879303
0.09659648
0.11870718
0.09800053
0.10149169
0.09739447
0.09761810
0.09919238
0.09787989
0.20484710
0.21024609
0.09322619
0.11033010
0.09540439
0.09827137
0.09721446
0.09986544
0.09744477
0.09355688
0.09704685
0.10006499
0.10707498
0.10141587
0.10301709
0.09443688
0.09648752
0.10726929
0.09814310
0.09302616
0.09278154
0.09259081
0.09657097
0.09730983
0.09421921
0.10985994
0.09661770
0.10678029
0.09835887
0.09508252
0.09581089
0.09799004
0.09532213
0.09715366
0.09449553
0.09306121
0.09537101
0.09804583
0.09431863
0.09509420
0.09471941
0.11788273
0.09784651
0.10618305
0.10163856
0.09519053
0.09668899
0.09505129
0.09622550
0.10767102
0.09377098
0.09948874
0.09372211
0.09330106
0.09495854
0.09344053
0.09354782
0.09354711
0.09489727
0.10636115
0.09449816
0.09849644
0.09346747
0.09329724
0.09355426
0.09500909
0.09520006
0.09339595
0.09518003
0.10566616
0.09344459
0.09833932
0.09406424
0.09504533
0.09701085
0.09536409
0.09536314
0.09661579
0.09538484
0.10926771
0.09540296
0.09680033
0.10033798
0.09661794
0.09535861
0.09493303
0.09508562
0.09556770
0.09485602
0.10960579
0.09482646
0.09678912
0.09542084
0.09658694
0.09526563
0.09520364
0.09664989
0.09505200
0.11057115
0.09476686
0.09645939
0.10206556
0.09635186
0.09499502
0.09647584
0.09461999
0.09659791
0.09503102
0.10818529
0.09294772
0.09745646
0.10049772
0.09599257
0.09531498
0.09491134
0.09586120
0.09327006
0.09328794
0.09335256
0.10808277
0.09545946
0.10287786
0.09563446
0.09728861
0.09497738
0.09706759
0.09548616
0.09770560
0.09553909
0.10980201
0.09542561
0.10328221
0.09565401
0.09334493
0.09362817
0.09367228
0.09511447
0.09539247
0.09473586
0.10700035
0.09358859
0.09827805
0.09526157
0.09506392
0.09735656
0.09536290
0.09719348
0.09535813
0.10914111
0.09507251
0.09758377
0.09515619
0.09704089
0.09540009
0.09330487
0.09503937
0.09330297
0.09581351
0.10738468
0.09324646
0.09349251
0.09862018
0.09638357
0.09516025
0.09346414
0.09358978
0.09742212
0.09538269
0.10977769
0.09552932
0.09748745
0.10125375
0.09738088
0.09548473
0.09734225
0.09562635
0.09762049
0.09561324
0.10905576
0.09346032
0.09376192
0.09991884
0.09451056
0.09554911
0.09511018
0.09392571
0.09349370
0.09396029
0.09376812
0.11160088
0.09572077
0.10330606
0.09552836
0.09737039
0.09575629
0.09508491
0.09704494
0.09521699
0.10941505
0.09504557
0.10170889
0.09494400
0.09481049
0.09558773
0.09507108
0.09468508
0.09458876
0.09574032
0.10695124
0.09562731
0.09525824
0.09696436
0.09528208
0.09702992
0.09420180
0.09648323
0.09474206
0.09545207
0.10744166
0.09686422
0.09513378
0.10150480
0.09514189
0.09514546
0.09510207
0.09542966
0.09707737
0.09498954
0.10923672
0.09475112
0.09630346
0.10087395
0.09609342
0.09453869
0.09661436
0.09497976
0.09734893
0.09518695
0.10701442
0.09500408
0.09644866
0.09497094
0.09568429
0.09467149
0.09477496
0.09562874
0.09442258
0.09592509
0.09271407
0.10781741
0.09442282
0.09813476
0.09278584
0.09396291
0.09286857
0.09252095
0.09267163
0.09458590
0.09393716
0.10851789
0.09602308
0.09428549
0.10170221
0.09451461
0.09502006
0.09595418
0.09350467
0.09645152
0.09449530
0.10955977
0.09646106
0.09446621
0.10024810
0.09253144
0.09605074
0.09436512
0.09420681
0.09371495
0.09263420
0.10490894
0.09420729
0.09310126
0.09915948
0.09416890
0.09647298
0.09442449
0.09438276
0.09583783
0.09455585
0.10828662
0.09444189
0.09629345
0.10069489
0.09607553
0.09452820
0.09427023
0.09447455
0.09400606
0.09276581
0.09265852
0.10515904
0.09249759
0.09436250
0.09267569
0.09242797
0.09280658
0.09281754
0.09389544
0.09444165
0.09462762
0.10671258
0.09616971
0.09490991
0.10097289
0.09496975
0.09494710
0.09616780
0.09464693
0.09692979
0.09490299
0.10776711
0.09316158
0.09492135
0.09985399
0.09762979
0.09322834
0.09391165
0.09310699
0.09292483
0.09480262
0.09324431
0.10742474
0.09501791
0.10455704
0.09623051
0.09678555
0.09498072
0.09626007
0.09489465
0.09575558
0.09484959
0.10701394
0.09518075
0.10148478
0.09558392
0.09497833
0.09527469
0.09484887
0.09613967
0.09496856
0.09703016
0.10537624
0.09625340
0.09488201
0.10075784
0.09528613
0.09486222
0.09289074
0.09326768
0.09284186
0.09316158
0.10497427
0.09455514
0.09300566
0.09291911
0.09302354
0.09292245
0.09410548
0.09601235
0.09442806
0.09565973
0.09438872
0.10731244
0.09444094
0.10037971
0.09459352
0.09463811
0.09614635
0.09432960
0.09472108
0.09324265
0.09290051
0.10533214
0.10672855
0.09508014
0.09907222
0.09320855
0.09322548
0.09294844
