0.01969409
0.10281372
0.09719086
0.12344241
0.09723330
0.11824822
0.09774470
0.14171934
0.13441896
0.12663531
0.10912895
0.09690976
0.11457777
0.13805437
0.11980605
0.11802959
0.11545777
0.12536001
0.11335397
0.11080766
0.10256219
0.11045337
0.11818695
0.11709833
0.11243773
0.10579896
0.10800505
0.10698915
0.09814429
0.10294247
0.11879086
0.12941408
0.11328936
0.10254192
0.12550473
0.12596393
0.10620308
0.09702587
0.09520149
0.11014557
0.09985471
0.09370446
0.12028718
0.13328147
0.10327530
0.09456158
0.12227273
0.12914371
0.09811306
0.09431982
0.11357856
0.11373186
0.11384654
0.11563230
0.10831046
0.09388804
0.09545255
0.09760833
0.10515904
0.09375668
0.09413838
0.09438515
0.10165310
0.09603834
0.09792185
0.09559870
0.09784102
0.09572124
0.11307573
0.09784293
0.09607983
0.09576464
0.09642410
0.09642792
0.09663343
0.09439087
0.09569907
0.09555960
0.10804629
0.09536743
0.09776282
