0.02147865
0.10284829
0.09741282
0.09589148
0.09707141
0.09643006
0.09785056
0.11235070
0.09621716
0.09612060
0.10460353
0.09712386
0.09846902
0.09686279
0.09800172
0.09689093
0.10990381
0.09955359
0.09725904
0.10216284
0.11093330
0.09756327
0.09536457
0.09673285
0.09522128
0.10331655
0.10802197
0.09785676
0.10009074
0.09749842
0.10756779
0.09837270
0.09873724
0.09821010
0.09862542
0.09636402
0.10471988
0.09843516
0.09750986
0.10435057
0.09499407
0.09494948
0.09431148
0.09478951
0.09620357
0.09443593
0.10281253
0.09489131
0.09640336
0.10105801
0.09455752
0.09760094
0.09481978
0.09721470
0.09440708
0.09672832
0.09494257
0.09686565
0.09519076
0.10214400
0.09602475
0.09557009
0.09334517
0.09547448
0.09539533
0.10427332
0.09684467
0.09600377
0.09372735
0.09964228
0.09581852
0.09394932
0.09398389
0.09369445
0.09701300
0.10892653
0.09602141
0.09650135
0.09555960
0.10334110
0.09582710
0.09727621
0.09541249
0.09638929
0.09564853
0.10958242
0.09614968
0.09524155
0.09400415
0.10133338
0.09401798
0.09521914
0.09344506
0.09358168
0.09350371
0.10179996
0.09823847
0.09857345
0.11429453
0.11939621
0.11956763
0.10712481
0.09534526
0.09684277
0.10243726
0.09699416
0.09508896
0.10131741
0.09980464
0.09525299
0.09584427
0.09540558
0.09539485
0.09359121
0.10729861
0.09330821
0.09518743
0.09625912
0.09900665
0.09558535
0.09681487
0.09672260
0.10398602
0.09532952
0.09514093
0.09609246
0.10173655
0.09612298
0.09515095
0.09512424
0.09559679
0.09564114
0.11248326
0.09904623
0.10163450
0.10216570
0.09925103
0.09694624
0.09542108
0.09511089
0.09551930
0.09364414
0.10339165
0.09354186
0.09405470
0.09446549
0.09956312
0.09577441
0.09476137
0.09437346
0.09446287
0.09462667
0.10504985
0.09610391
0.09942913
0.09923077
0.10433102
0.10191584
0.09983611
0.10692310
0.09422684
0.12038374
0.12710524
0.11188531
0.09396887
0.09823966
0.09899116
0.11454654
0.10539699
0.09798455
0.11204982
0.10014272
0.09786725
0.09984899
0.10711479
0.09816480
0.10124063
0.09936237
0.09630513
0.09435344
0.10105848
0.09676552
0.09504771
0.09437442
0.10162163
0.09531116
0.09502172
0.09503365
0.09655499
0.09529710
0.10803127
0.09667516
0.09491396
0.09639239
0.09554148
0.09528089
0.09516954
0.09533548
0.09640956
0.09533978
0.11721563
0.10729384
0.10906863
0.11383986
0.10476708
0.09922266
0.10093617
0.11573815
0.09909344
0.09748721
0.09496641
0.09564066
0.09354591
0.10248446
0.10445213
0.12201476
0.10191464
0.09482622
0.10145378
0.09503055
0.09499383
0.09669828
0.11868930
0.11077285
0.11128688
0.09295034
0.09497094
0.10736632
0.09333706
0.09387279
0.09330368
0.09352922
0.09415150
0.09516978
0.09376860
0.09349751
0.09352612
0.09397435
0.09721136
0.09353256
0.09440017
0.09456086
0.09501624
0.11081433
0.10294676
0.09480691
0.09359956
0.09296632
0.10892630
0.10791397
0.10386610
0.09927869
0.09616470
0.09601760
0.10313082
0.09542871
0.09797311
0.10124755
0.09758568
0.11347032
0.09558177
0.09752393
0.09540820
0.10292411
0.09771609
0.09781480
0.09754992
0.09546971
0.09542537
0.10646319
0.09337354
0.09356928
0.09615326
0.10148597
0.09401727
0.09384537
0.09344387
0.09510684
0.10032558
0.10938835
0.09713173
0.09483147
0.09680533
0.10306883
0.10191250
0.09889364
0.10007834
0.10163140
0.10086226
0.10800433
0.09332085
0.09618878
0.09330416
0.10330915
0.09509039
0.09582973
0.09618449
0.09641004
0.10547113
0.11212397
0.09777141
0.10338259
0.11683488
0.11565089
0.10580492
0.11335206
0.11591244
0.11921620
0.10597515
0.11625409
0.10437012
0.09646249
0.09547329
0.09403944
0.09411526
0.10110116
0.10997868
0.09874940
0.10013556
0.09531021
0.10449576
0.10183334
0.10311699
0.10456324
0.09438133
0.09385109
0.11264110
0.09437537
0.09430861
0.09449983
0.09802127
0.09505510
0.09625340
0.09453940
0.09548688
0.09416962
0.10691476
0.09698892
0.09730768
0.09909630
0.10001945
0.09840298
0.09982944
0.09762955
0.09344196
0.12650919
0.11747074
0.10733533
0.11225295
0.10486197
0.11644149
0.10365796
0.09603810
0.09728932
0.11746073
0.10883594
0.11462951
0.09661579
0.09214306
0.09479380
0.11254716
0.11142063
0.09944153
0.09237456
0.10545826
0.09522152
0.09295344
0.09296560
0.09932613
0.09298754
0.09285474
0.09277368
0.09367085
0.09307289
0.10885644
0.09301233
0.09383583
0.09269047
0.09898448
0.09319901
0.09292769
0.09312987
0.09288573
0.09273696
0.10415554
0.09292507
0.09319115
0.09344006
0.10084462
0.09379005
0.09450531
0.10701585
