0.02746534
0.12532663
0.12251520
0.11700249
0.10576224
0.11359119
0.10769725
0.09587693
0.09634566
0.09359884
0.09430480
0.10775089
0.09829903
0.09624243
0.09860587
0.10189915
0.09857750
0.09833360
0.09687686
0.09497952
0.09688187
0.11478090
0.10085392
0.09735727
0.09865570
0.09951782
0.09930372
0.09655356
0.09802270
0.09653521
0.09810996
0.11751080
0.09515095
0.09613204
0.09584808
0.09472990
0.09459519
0.09438491
0.09590936
0.09429026
0.09419465
0.11422467
0.09469795
0.09399676
0.09719539
0.10124731
0.11632895
0.11399651
0.10105515
0.09866714
0.09598207
0.11047029
0.09849119
0.10801053
0.10862589
0.09948659
0.09554219
0.10815835
0.12760973
0.12900424
0.11555123
0.09850574
0.09929276
0.10094023
0.09655190
0.11930847
0.11396265
0.10492492
0.11047888
0.09741855
0.09761405
0.09570193
0.09733248
0.10174799
0.09771013
0.09624815
0.09804177
0.09629083
0.11070418
0.09632325
0.09730411
0.09603047
0.11126876
0.11822367
0.10547018
0.09610343
0.09539390
0.09661508
0.10850286
0.09447193
0.09436393
0.09407759
0.10029078
0.09876847
0.09982944
0.10099602
0.09895062
0.09997773
0.10850525
0.09730172
0.09554029
0.09665108
0.10808706
0.10106754
0.09894395
0.10177565
0.09560251
0.09779286
0.10958171
0.09847069
0.09616446
0.09463286
0.09999180
0.09408689
0.09535432
0.09846926
0.09398127
0.09871602
0.11172271
0.09969735
0.09844923
0.10049105
0.10208035
0.09602094
0.09779096
0.09752417
0.09909439
0.11174750
0.09833670
0.09944272
0.10204744
0.10667872
0.10796738
0.11414671
0.10310650
0.11159182
0.11849618
0.10802245
0.10725546
0.10269785
0.10080481
0.09742188
0.09553146
0.09687662
0.09762335
0.09601712
0.10910225
0.09825206
0.09643555
0.09608531
0.09715557
0.09657240
0.09809351
0.09662104
0.09506869
0.10961461
0.09501815
0.09609580
0.09476328
0.10393906
0.10924578
0.10793352
0.09666109
0.09506607
0.09591651
0.10854006
0.09561920
0.09431911
0.09565616
0.09439445
0.09629583
0.09418678
0.09572840
0.09415603
0.09444046
