0.02184987
0.11045742
0.09551072
0.09596157
0.09440064
0.10492969
0.09658337
0.09570551
0.11552143
0.11223292
0.11156368
0.09473419
0.09780312
0.10521579
0.09646893
0.09372163
0.09335995
0.09378242
0.09343910
0.09321594
0.11278439
0.09366274
0.09341764
0.09360838
0.09345627
0.09412360
0.09370971
0.09326744
0.09610295
0.09370947
0.11205053
0.09314299
0.09344292
0.09338713
0.09343505
0.09371161
0.09330916
0.09375024
0.09327340
0.09367085
0.09467030
0.10860825
0.09243894
0.09396505
0.09241533
0.09283972
0.09468269
0.09325099
0.09430885
0.09460306
0.09395862
0.10468102
0.09254622
0.09290195
0.09262705
0.09256005
0.09315062
0.09276366
0.09255338
0.09264827
0.09244680
0.10563898
0.09227657
0.09259772
0.09297037
0.09244728
0.09514666
0.09259605
0.09300947
0.09455848
0.09298944
0.09264207
0.10667777
0.09258485
0.09256124
0.09245229
0.09273911
0.09265089
0.09255409
0.09291172
0.09238744
0.09229112
0.10622334
0.09443140
0.09406209
0.09531903
0.09796977
0.09611320
0.09742403
0.09566021
0.09767222
0.09571528
0.10894179
0.09556961
0.09769440
0.09577918
0.09788036
0.09436512
0.09630275
0.09389687
0.09390497
0.09405637
0.10826516
0.09537792
0.09419036
0.09422445
0.10073447
0.09461784
0.09583926
0.09732842
0.09578204
0.09738135
0.10625911
0.09614015
0.09593368
0.09744167
0.09642863
0.09730196
0.09582996
0.09758544
0.09588814
0.09583616
0.10233569
0.09597397
0.09634757
0.09703636
0.09590173
0.09778500
0.09638476
0.09733605
0.09608340
0.09777284
0.10997128
0.09765244
0.09621024
0.09751225
0.09592676
0.09782100
0.09612894
0.09745359
0.09475231
0.09695864
0.10169268
0.09675097
0.09548950
0.09744024
0.09513807
0.10043764
0.09583998
0.09659386
0.09527612
0.09501934
0.10812569
0.09806633
0.09654927
0.09759355
0.09639430
0.09975600
0.09610438
0.09486508
0.09772682
0.09634709
0.11040854
0.09784198
0.09581828
0.09730625
0.09623361
0.09562373
0.09618521
0.09470463
0.09603024
0.09430480
0.10315490
0.09407043
0.10615253
0.09417653
0.09397054
0.10290003
0.09614015
0.09444451
0.09524179
0.09421349
0.10055685
0.10019517
0.09454179
0.09449148
0.09619880
0.10490799
0.09469461
0.09412217
0.09448338
0.09470892
0.09469175
0.10207319
0.09475088
0.09426522
0.09431887
0.10170746
0.09460211
0.09467387
0.09451294
0.09431291
0.09432364
0.11298060
0.09619832
0.09458709
0.09460974
0.10126972
0.09453154
0.09406924
0.09446406
0.09569025
0.09462595
0.11188769
0.09436178
0.09576106
0.09457278
0.10083508
0.09450340
0.09479976
0.09456658
0.09579372
0.09495878
0.10827899
0.09487510
0.09463930
0.09587479
0.09992146
0.09606361
0.09497142
0.09591413
0.09446955
0.09431291
0.10820746
0.09563756
0.09483647
0.09407949
0.09429646
0.09492159
0.09450579
0.09432077
0.09557366
0.09422040
0.10697269
0.09402323
0.09408236
0.09394717
0.09395242
0.09857082
0.09371805
0.09417820
0.09443998
0.09414721
0.11390924
0.09404302
0.09488559
0.09427309
0.09428430
0.10004973
0.09430814
0.09414482
0.09412551
0.09419775
0.09439945
0.10756969
0.09403992
0.09438443
0.09425235
0.10204268
0.09391618
0.09418488
0.09406972
0.09435940
0.09357429
0.10889554
0.09424090
0.09464717
0.09366560
0.09415436
0.09494615
0.09436417
0.09434700
0.09419703
0.09372854
0.10613203
0.09580135
0.09406853
0.09401298
0.09388208
0.10023189
0.09561372
0.09408617
0.10174966
0.10840988
0.09760594
0.09606123
0.09643817
0.09447455
0.09976006
0.09456444
0.09603190
0.09641004
0.09422565
0.10748982
0.09461379
0.09484911
0.09603739
0.09448886
0.10109019
0.09651327
0.09816432
0.09647226
0.09793663
0.10935020
0.09838820
0.09630656
0.09812140
0.09643626
0.10240388
0.09493899
0.09655404
0.09613299
0.09800816
0.10919523
0.09850669
0.09655285
0.09814858
0.09655285
0.09836888
0.09652805
0.09634042
0.09627080
0.09741783
0.10969377
0.09811711
0.09625721
0.09814954
0.09615850
0.10198092
0.09651780
0.09805107
0.09647346
0.09623265
0.11129498
0.09458470
0.09451008
0.09659362
0.09654260
0.10235810
0.09502816
0.09476757
0.09468961
0.09472609
0.10718274
0.09810472
0.09668708
0.09812355
0.09563470
0.09861565
0.09708738
0.09860301
0.09665513
0.09846377
0.10913348
0.09868765
0.09631109
0.09659314
0.09486985
0.10085177
0.09648085
0.09778643
0.09682560
0.09811187
0.11020970
0.09608793
0.09805250
