0.02575517
0.09654236
0.10452509
0.09680653
0.09816337
0.09667277
0.09803534
0.11069846
0.09673190
0.09700227
0.09625888
0.09610891
0.10472655
0.09431505
0.09635401
0.09671593
0.09917212
0.10592127
0.09756780
0.09609008
0.09745049
0.09430528
0.09938145
0.09432292
0.09462619
0.09592700
0.09640861
0.11648655
0.09818149
0.09572864
0.09535933
0.09573555
0.10071921
0.09669352
0.09549284
0.09702730
0.09498787
0.10263562
0.09315228
0.09322333
0.09341192
0.09331250
0.10058188
0.09489012
0.09351254
0.09315038
0.09362006
0.09486365
0.11207008
0.09506083
0.09683871
0.09547949
0.10361385
0.09567213
0.09787154
0.09553170
0.09742665
0.09514141
0.10554218
0.09393692
0.09595442
0.09465861
0.09443617
0.09484172
0.09477687
0.09465075
0.09424829
0.09495425
0.09851718
0.09524846
0.09485698
0.09452367
0.09613895
0.10056210
0.09528923
0.09516692
0.09452295
0.09678483
0.10407686
0.09651566
0.09521818
0.09482813
0.09494925
0.10130286
0.09605551
0.09505606
0.09487724
0.09501934
0.09509230
0.09764600
0.09653640
0.09617329
0.09499288
0.09744811
0.09479403
0.09675646
0.09648061
0.09722137
0.09812522
0.09832215
0.09840727
0.09622502
0.09843707
0.09668660
0.09908128
0.09714699
0.09859943
0.09669948
0.09649301
0.10568976
0.09649849
0.09684324
0.09849787
0.09652567
0.10085988
0.09686852
0.09745002
0.09634423
0.09641194
0.10734916
0.09802914
0.09630251
0.09619689
0.09793520
0.09684968
0.09786797
0.09632683
0.09830403
0.09645486
0.11047053
0.09597921
0.09748793
0.09651566
0.09862971
0.09773636
0.09784031
0.09617734
0.09771013
0.09594202
0.10467553
0.09564161
0.09816313
0.09615874
0.09712362
0.10019135
0.09709120
0.09537172
0.09552264
0.09725022
0.10311174
0.09744000
0.09568977
0.09726262
0.09582090
0.10117030
0.09438181
0.09572959
0.09408569
0.09490132
0.10632610
0.09570813
0.09405732
0.09360886
0.09397125
0.09390450
0.09688449
0.09572721
0.09724808
0.09629202
0.09776950
0.10619092
0.09774637
0.09583235
0.09833717
0.09579182
0.10146046
0.09605336
0.09710026
0.09570575
0.09586644
0.10428262
0.09424257
0.09697771
0.09577084
0.09733343
0.09434223
0.09414601
0.09428811
0.09459281
0.09445500
0.09894204
0.09524441
0.09818530
0.09604311
0.09817529
0.09568000
0.09835768
0.09651279
0.09796810
0.09632635
0.10805035
0.09616256
0.09840703
0.09454322
0.09666729
0.09647846
0.09483957
0.09487152
0.09461188
0.09636545
0.10957909
0.09503365
0.09506226
0.09468818
0.09507346
0.10194302
0.09682775
0.09797978
0.09685636
0.09674501
0.11283946
0.09876156
0.09697652
0.09785628
0.09698653
0.10078883
0.09682274
0.09720802
0.09510112
0.09614158
0.10992718
0.09648395
0.09492183
0.09471631
0.09523559
0.09501004
0.09687138
0.09522676
0.09638309
0.09688592
0.10759687
0.09934735
0.09644508
0.09824800
0.09718347
0.09822536
0.09715724
0.09827781
0.09574366
0.10719657
0.09681296
0.09826422
0.09686375
0.09805655
0.09899044
0.09861660
0.09704661
0.09783149
0.09668994
0.11084461
0.09703946
0.09648585
0.09449553
0.09503126
0.09537148
0.09546256
0.09576488
0.09626603
0.09505439
0.10230374
0.09583950
0.09509492
0.09815073
0.09720492
0.10224366
0.09722710
0.09799743
0.09606194
0.09643102
0.10785770
0.09809566
0.09663320
0.09698105
0.09482861
0.09622455
0.09487772
0.09437346
0.09473443
0.09626889
0.09655976
0.10183144
0.09455776
0.09425902
0.09643054
0.09475565
0.09865451
0.09663558
0.09700942
0.09600306
0.09633517
0.11113048
0.09845948
0.09626675
0.09624410
0.09637427
0.09700775
0.09819674
0.09504843
0.09654808
0.09672260
0.10855532
0.09686017
0.09859967
0.09689045
0.09840894
0.10172296
0.09853292
0.09682655
0.09680676
0.09675264
0.11030960
0.09716535
0.09767890
0.09652901
0.09704947
0.09756231
0.09595084
0.09846354
0.09732127
0.09860563
0.10316443
0.09749842
0.09539628
0.09582782
0.09714103
0.10114574
0.09569764
0.09632397
0.09543324
0.09552693
0.10198283
0.09550929
0.09606409
0.09903979
0.09727454
0.09915376
0.10278034
0.09928346
0.09716129
0.09923983
0.10726190
0.09882665
0.09725857
0.09901834
0.09533668
0.09738064
0.09690666
0.09717464
0.09889412
0.09711838
0.11018205
0.09705734
0.09853530
0.09691906
0.09859753
0.09962940
0.09880257
0.09723067
0.09896111
0.09678888
0.10702634
0.09697938
0.09845877
0.09670258
0.09890318
0.09679675
0.09880829
0.09570742
0.09685540
0.09687352
0.11151910
0.09798360
0.09719157
0.09892654
0.09700513
0.09735775
0.09532237
0.09548616
0.09716487
0.09754610
0.11385393
0.09880352
0.09678936
0.09954977
0.09761977
0.09874725
0.09750438
0.09942269
0.09761572
0.09770656
0.10747838
0.10311007
0.09513450
0.09546208
0.09529901
0.09744835
0.09823751
0.09526062
0.09500456
0.09531689
0.10346341
0.09531641
0.09856939
0.09691453
0.09890866
0.09713340
0.09903455
0.09733248
0.09845495
0.09671140
0.11438727
0.09691978
0.09841561
0.09668684
0.09698725
0.09929895
0.09649849
0.09610176
0.09492564
0.09478736
0.10562682
0.09644389
0.09797692
0.09489608
0.09480643
0.09635353
0.09624863
0.09821534
0.09642410
0.09855628
0.10424900
0.09781194
0.09635639
0.09836507
0.09637237
0.10274124
0.09682751
0.09653854
0.09619713
0.09952354
0.10241914
0.09449887
0.09615397
0.09601212
0.09609818
0.09423661
0.09480023
0.09493995
0.09639978
0.09631515
0.11136222
0.09659076
0.09810948
0.09646463
0.09896564
0.09699512
0.10262346
0.09696865
0.09865713
0.09657311
0.10990953
0.09471178
0.09676313
0.09622312
0.09864283
0.09627748
0.09815574
0.09671402
0.09786630
0.09636045
0.09717274
0.10444117
0.09904790
0.09686112
0.09733248
0.09586072
0.09781933
0.09633517
0.09667897
0.09819055
0.09679365
0.11672783
0.09985471
0.09677291
0.09861970
0.09740496
0.09972048
0.09713840
0.09862566
0.09702778
0.09786558
0.10490465
0.09862590
0.09675026
0.09899616
0.09711337
0.09930539
0.09738708
0.09849644
0.09685755
0.09779406
0.10274529
0.09771132
0.09644175
0.09686852
0.09690738
0.10398793
0.09662008
0.09535599
0.09694767
0.09659243
0.10650849
0.09452200
0.09685111
0.09492707
0.09460926
0.09534431
0.09679437
0.09822655
0.09650540
0.09865332
0.10733485
0.09716511
0.09680796
0.09805226
0.09608603
0.10199118
0.09641147
0.09763479
0.09593058
0.09832931
0.10328579
0.09602666
0.09449029
0.09718990
0.09634185
0.09809136
0.09469652
0.09518766
0.09511948
0.09694290
0.10527205
0.09502077
0.09571075
0.09853172
0.09569740
0.09822178
0.09663463
0.09831762
0.09626579
0.09812617
0.10972857
0.09844637
0.11719322
0.10823274
0.11163402
0.09749269
0.09528589
0.09381104
0.09386063
0.09352207
0.10298967
0.09570384
0.09375334
0.09454942
0.09480214
0.09439993
0.09765553
0.09626508
0.09785509
0.09567118
0.11728144
0.09543419
0.09818649
0.09615755
0.09750223
0.09655023
0.09895396
0.09644175
0.09647536
0.09430766
0.10994983
0.09661031
0.09521055
0.09440851
0.09474707
0.09467697
0.09508181
0.09479856
0.09669113
0.10883331
0.09612370
0.09931350
0.11178923
0.09825945
0.09592175
0.10216904
0.09608531
0.09723115
0.09538889
0.10842347
0.09564638
0.09759998
0.09595370
0.09836960
0.09681463
0.09838796
0.09735084
0.09797883
0.09672332
0.11273932
0.09649515
0.09559989
0.11819005
0.09702086
0.09565735
0.09831905
0.09601164
0.09557724
0.09675717
0.10787797
0.09558296
0.09505105
0.09544444
0.09667373
0.09964061
0.10255003
0.10019875
0.10922217
0.10428548
0.11856699
0.10864663
0.09930444
0.10297942
0.10133553
0.10201144
0.10065293
0.09983993
0.09834933
0.09684634
0.11577225
0.10446668
0.09715128
0.09720516
0.09855771
0.09885907
0.09804869
0.10713172
0.11376548
0.12032771
0.09593821
0.09927893
0.10777617
0.11633396
0.11616969
0.16430974
0.09523678
0.09621143
0.10742235
0.09555006
0.09752250
0.09634280
0.09732819
0.09617805
0.09752512
0.09615922
0.09791613
0.09603119
0.10889316
0.09522724
0.09840703
0.09675002
0.09761715
0.09553003
0.10397649
0.09614444
0.09682703
0.09628916
0.11304832
0.10339165
0.09744692
0.09801102
0.10871506
0.10610127
0.10263085
0.09607172
0.09729528
0.09827328
0.11787605
0.15294671
0.09876370
0.09986901
0.11325645
0.14808989
0.11428523
0.11866450
0.11975813
0.11046195
0.16449475
0.15079308
0.17030430
0.15959692
0.14693999
0.14198542
0.11174536
0.09725690
0.09818602
0.10348463
0.10513711
0.09751153
0.10135889
0.10193944
0.11395526
0.10718012
0.10347486
0.12712860
0.12462258
0.11548615
0.15081954
0.12712479
0.11338878
0.10108519
0.15113997
0.12051368
0.09976459
0.09635949
0.09378266
0.09843898
0.10360909
0.11792946
0.10037422
0.09828377
0.10207438
0.11477876
0.10862231
0.10030150
0.09777975
0.09597087
0.09774423
0.11254883
0.09762120
0.09603143
0.09381676
0.09830666
0.09447694
0.09546161
0.09543300
0.09510255
0.09373975
0.10826802
0.09418797
0.09490871
0.09534931
0.10886550
0.09956408
0.09577632
0.09555721
0.09755158
0.09598851
0.10124898
0.09604979
0.09762359
0.09457302
0.09784579
0.09413767
0.09587717
0.09401417
0.09578657
0.09563303
0.11283135
0.10542202
0.11100650
0.12507963
0.09565425
0.09605956
0.09796667
0.09879613
0.10578465
0.11658812
0.12936187
0.11279917
0.09470487
0.09829426
0.10634923
0.12106848
0.12018442
0.11138463
0.10744452
0.09518838
0.09610796
0.10899854
0.15884137
0.11791754
0.09402037
0.09471130
0.10272288
0.13092875
0.10762191
0.10142207
0.10068011
0.10382032
0.09710574
0.11874127
0.12087083
0.11675072
0.09377503
0.10635281
0.10760975
0.10696006
0.09715319
0.09361196
0.09407973
0.10552835
0.11433601
0.10744596
0.09635997
0.09343743
0.09563637
0.09367371
0.09330344
0.09330726
0.09343243
0.09400892
0.09334540
0.10220551
0.09334159
0.09317064
0.10254335
0.10651302
0.09933901
0.09821486
0.09463644
0.09526753
0.10198402
0.11106491
0.10298204
0.09568477
0.09358621
0.09477186
0.09950662
0.10198116
0.10341406
0.11134505
0.10572886
0.09345722
0.09658456
0.10765052
0.10438824
0.10573602
0.10154819
0.09386778
0.09444356
0.10708785
0.11563468
0.11176968
0.10477376
0.10869050
0.11723948
0.12128806
0.12655687
0.11629796
0.13444495
0.12489796
0.11215234
0.13845754
0.13043427
0.11611915
0.10126853
0.11429715
0.09897232
0.10889220
0.09864879
0.09794593
0.10055184
0.10620975
0.09907818
0.09604502
0.09487557
0.09493160
0.09346604
0.10569334
0.09675455
0.10075164
0.11513543
0.09566069
0.09350967
0.09599614
0.09728360
0.09682679
0.09781933
0.10810423
0.09440279
0.09476447
0.09410787
0.09412861
0.12468338
0.09763288
0.11197352
0.09848928
0.09386420
0.16316676
0.09836793
0.10584164
0.11669827
0.11373019
0.11023378
0.09606147
0.09885526
0.10666490
0.09608722
0.09545112
0.10578990
0.09463453
0.09496999
0.09503031
0.10875416
0.09725666
0.09762383
0.09389567
0.09413123
0.10025859
0.11415696
0.10698223
0.13718200
0.14277172
0.11839223
0.15921712
0.15104842
0.13996220
0.18653989
0.14832520
0.13030243
0.11870241
0.16531038
0.15137386
