0.03438830
0.14690590
0.11417222
0.13757658
0.09660745
0.11170959
0.09911823
0.10095263
0.09517097
0.09433079
0.09488153
0.09473920
0.11445069
0.09456372
0.09380269
0.09421587
0.09500670
0.09492254
0.10347772
0.09400225
0.09593868
0.12628913
0.10265398
0.10560441
0.09397721
0.09460735
0.09467459
0.09398198
0.10779190
0.09816599
0.09427691
0.09486723
0.11074543
0.09512615
0.09399271
0.09395075
0.09377575
0.09533525
0.10035205
0.09873748
0.09671831
0.12114525
0.10208988
0.09382200
0.09391117
0.09473586
0.09432793
0.09501529
0.09845161
0.09388852
0.09402251
0.09397459
0.09587765
0.10019898
0.09536576
0.09523463
0.09694266
0.09694362
0.10501099
0.09752345
0.10226607
0.10297465
0.12111664
0.11635423
0.11855698
0.11932564
0.10750818
0.10942602
0.11445332
0.10769677
0.10667467
0.13943529
0.16371322
0.13477015
0.14132476
0.14708185
0.11815405
0.11325622
0.11014628
0.10631943
0.10245085
0.09445095
0.09602833
0.10184598
0.10617876
0.09867597
0.10056806
0.10172796
0.13532043
0.11485934
0.11558914
0.11569500
0.10418534
0.11034775
0.10464430
0.09574461
0.11587787
0.12415624
0.13844109
0.10700011
0.10609794
0.10569406
0.10764766
0.10156512
0.09804988
0.09978890
0.13020468
0.11780858
0.11388755
0.11242580
0.10981822
0.10457778
0.09744859
0.09696770
0.09697437
0.11544442
0.10998964
0.11136150
0.09723806
0.09621334
0.09807897
0.09878063
0.09547997
0.09700084
0.10409927
0.11002922
0.11332035
0.11518669
0.11024237
0.09745073
0.10253739
0.09676075
0.09865880
0.09998870
0.11703587
0.11324072
0.11636019
0.10794806
0.09583950
0.09665632
0.12125731
0.12563324
0.10631680
0.09916902
0.09683633
0.09668994
0.09899068
0.10107279
0.09828329
0.09653258
0.09863782
0.10754657
0.09996128
0.09683466
0.10094786
0.11669445
0.11439586
0.10559106
0.09490824
0.09971261
0.09810877
0.11753058
0.09824204
0.09941959
0.10039878
0.09875226
0.10675669
0.09730625
0.10023952
0.10077238
0.11589956
0.10118151
0.09848189
0.10593915
0.09811997
0.10002828
0.17468953
0.11375332
0.09831905
0.11785603
0.09482121
0.09574938
0.09606433
0.09639454
0.09632587
0.10494113
0.09565473
0.09402609
0.09469271
0.11164117
0.10822415
0.10812378
0.11037898
0.11404157
0.10952401
0.10451555
0.10290480
0.11180139
0.11654687
0.11038327
0.10841298
0.11308360
0.09838939
0.09898663
0.09692955
0.09756875
0.09722090
0.10090828
0.09758687
0.09723449
0.09741211
0.10839081
0.10143185
0.10224414
0.10036635
0.10200429
0.10149980
0.10071349
0.10293841
0.10009122
0.11164212
0.10005140
0.10124636
0.09921312
0.10173750
0.10291266
0.10063791
0.10233903
0.10043335
0.10190439
0.11225295
0.09992146
0.09900761
0.09990358
0.09852743
0.09959364
0.10095859
0.09882474
0.09726667
0.09839249
0.11247826
0.09808826
0.09739637
0.09667730
0.09818983
0.09766650
0.09730721
0.09976506
0.09835601
0.11185813
0.10009241
0.09886360
0.09929562
0.09918118
0.09906960
0.10338068
0.10071921
0.09873104
0.11243129
0.09760189
0.10018611
0.09984565
0.09846997
0.09758544
0.10346103
0.09836054
0.09749913
0.09673166
0.10949755
0.09802175
0.09642744
0.09650946
0.09769559
0.10019827
0.10331845
0.09964609
0.09832788
0.09975719
0.11293793
0.09822822
0.09722543
0.09803247
0.09778452
0.09977579
0.10223579
0.09817481
0.09910631
0.09677076
0.10990453
0.09737110
0.09839892
0.09661603
0.09728050
0.09702182
0.10272598
0.09902716
0.09759140
0.10029793
0.11120629
0.10020566
0.09869719
0.10040188
0.09809446
0.09928918
0.10305095
0.10056949
0.09938240
0.09669518
0.11025143
0.09836292
0.09898686
0.09906197
0.09739947
0.09705114
0.10219431
0.09704852
0.09813499
0.09666777
0.11416793
0.09867048
0.09962106
0.10001731
0.09991932
0.09826612
0.10534191
0.09868979
0.09952784
0.09898353
0.10675979
0.09956479
0.09750986
0.10002208
0.09813046
0.09997535
0.09834933
0.10015583
0.09841943
0.10004854
0.11063981
0.09979200
0.09821653
0.09831953
0.09699893
0.09854007
0.09698439
0.09679461
0.09745359
0.09745431
0.11115026
0.09721994
0.09716296
0.09662914
0.09672356
0.09835267
0.10042953
0.09896302
0.10076952
0.09858966
0.11032009
0.10009193
0.09839225
0.10017705
0.09861732
0.09696579
0.09503603
0.09768009
0.09436369
0.09361506
0.10632539
0.09540343
0.09589696
0.09452391
0.09376073
0.09361386
0.09972525
0.09450889
0.09707236
0.09569931
0.10886002
0.09563708
0.09712982
0.09515882
0.09691930
0.09506917
0.10135341
0.09582663
0.09791398
0.09571338
0.10766363
0.09358168
0.09555316
0.09699464
0.09569979
0.09728026
0.10134935
0.09697795
0.09615517
0.09719992
0.10872769
0.09649014
0.09760904
0.09932613
0.09750891
0.09926057
0.10290599
0.09940934
0.09727740
0.09959984
0.10937381
0.09966230
0.09793377
0.09784508
0.09854650
0.09686708
0.10139179
0.09708714
0.09832644
0.09832263
0.10749555
0.09611988
0.09666800
0.09615803
0.09593463
0.09929848
0.09681010
0.09965920
0.09719586
0.09935212
0.11420774
0.09809470
0.09927177
0.09741855
0.09857583
0.09735942
0.10222936
0.09776306
0.09566402
0.09961939
0.11038637
0.09692931
0.09851217
0.09697652
0.09760880
0.09782100
0.10424399
0.09699249
0.09752345
0.09712911
0.11017203
0.09663510
0.09765959
0.09652042
0.09722900
0.09703231
0.09872866
0.09717751
0.09621406
0.09859991
0.11249185
0.09544444
0.09705281
0.10015249
0.09656739
0.09952211
0.09798360
0.09928513
0.09563279
0.09555626
0.10983896
0.09808159
0.09763241
0.10060668
0.09789729
0.10050511
0.09753299
0.10011411
0.09797978
0.10013247
0.10748196
0.09953213
0.09738755
0.09910178
0.09826469
0.09643078
0.09664822
0.09724450
0.09746361
0.09939218
0.10786366
0.09609342
0.09631872
0.09778380
0.09768295
0.09842062
0.09955335
0.09851241
0.09946227
0.09798598
0.11250949
0.09793115
0.10012722
0.09799957
0.09866047
0.09865165
0.09863186
0.09617877
0.09776950
0.10980248
0.09646988
0.09649897
0.09607840
0.09775519
0.09965968
0.09567332
0.09624982
0.09784412
0.09981036
0.11067724
0.09995008
0.09793353
0.10001349
0.09837151
0.10044074
0.09820867
0.10009694
0.09826851
0.10018849
0.10947776
0.09584022
0.09582710
0.09587502
0.09598756
0.09815264
0.09769058
0.09626460
0.09552217
0.09648323
0.10799193
0.10570168
0.09896445
0.09628630
0.09845090
0.09641671
0.09683537
0.09866953
0.09597945
0.09891033
0.11274934
0.11685872
0.13852072
0.10071468
0.09570694
0.09561300
0.10980439
0.09571528
0.09812999
0.11054635
0.09934616
0.09858942
0.11225486
0.09852052
0.09828782
0.09899735
0.09883976
0.09597588
0.09655237
0.13193202
0.11277914
0.10388446
0.11623716
0.10673904
0.10375762
0.11483169
0.09675980
0.10348606
0.11755300
0.10195661
0.10517836
0.09637356
0.09808445
0.09494472
0.09480786
0.10029149
0.09771132
0.09599423
0.10734797
0.09451365
0.09586477
0.10448885
0.11687088
0.11070156
0.10760713
0.11216021
0.09869552
0.14455438
0.10265756
0.09778810
0.09774327
0.10294938
0.10750246
0.10935736
0.10110784
0.12290096
0.09676743
0.11634994
0.10564423
0.10412312
0.10146928
0.10232234
0.09813643
0.10036159
0.09957147
0.09767795
0.10945702
0.09946823
0.09773827
0.09624577
0.09562063
0.09483695
0.09567857
0.10911345
0.09746647
0.09567881
0.10725260
0.09705448
0.09583807
0.09944797
0.09765506
0.10852003
0.09822345
0.12124109
0.11564422
0.10272217
0.10970473
0.11878800
0.11062813
0.11273861
0.10934353
0.12124038
0.09453011
0.09467745
0.10162878
0.14504099
0.10246348
0.11199212
0.10131025
0.11329865
0.11870408
0.10997891
0.09540415
0.09657860
0.11437201
0.10234427
0.10749412
0.10028720
0.09837246
0.09786153
0.10259080
0.10212946
0.10045695
0.12041569
0.14943767
0.10411835
0.10367727
0.10384607
0.10162687
0.10332632
0.10216403
0.09937787
0.11128116
0.09873462
0.10011244
0.09804106
0.09737062
0.09669566
0.09751773
0.10011005
0.09667301
0.09685683
0.10909486
0.09860945
0.09814978
0.11856103
0.12008262
0.10027981
0.10205722
0.09685493
0.09663844
0.09713292
0.10853195
0.09653592
0.09786177
0.09818149
0.09690642
0.10665488
0.12182379
0.11309147
0.09959722
0.10895705
0.09689665
0.09686947
0.09605813
0.10901713
0.09846687
0.09761286
0.10136342
0.09682298
0.09637952
0.10753608
0.09654975
0.09730768
0.09789276
0.09674144
0.09655261
0.09630418
0.10131502
0.09658265
0.09641552
0.10921669
0.09544897
0.09718776
0.09698296
0.11086106
0.12065554
0.10721612
0.10117650
0.10279036
0.11697865
0.12198663
0.10281277
0.09835410
0.09795165
0.09710121
0.09783745
0.10588908
0.09686327
0.13511205
0.11145759
0.09413505
0.09303355
0.09488559
0.10415649
0.09580398
0.11205816
0.19842482
0.11690140
0.12430930
0.11060953
0.10079455
0.10362339
0.10326529
0.12489080
0.10585451
0.09352922
0.09389973
0.10822868
0.09453201
0.09548116
0.09681106
0.09694052
0.10449600
0.11465502
0.15346384
0.09861612
0.10747313
0.09554505
0.09514427
0.09328580
0.09301329
0.09604073
0.09665155
0.09493637
0.09976816
0.09935141
0.11854315
0.11153746
0.09398341
0.09640980
0.09327745
0.09332347
0.09549928
0.09608746
0.09315729
0.09355831
0.12258482
0.09474540
0.09446430
0.09661889
0.09541965
0.09713006
0.10067654
0.09558773
0.09373879
0.09529471
0.09397244
0.10693097
0.09383392
0.09367585
0.09375477
0.09418607
0.09458947
0.09384370
0.09392524
0.09380555
0.09431601
0.10750079
0.09372473
0.09347892
0.09401822
0.09393382
0.09367776
0.09379578
0.09836459
0.09358692
0.09375811
0.10510755
0.09352160
0.09531307
0.09373164
0.09505939
0.09439087
0.09401178
0.09431744
0.09470963
0.09424353
0.09526968
0.10836434
0.09376431
0.09365320
0.09383273
0.09381413
0.09382439
0.09358931
0.09408450
0.09382534
0.09513068
0.10624647
0.09374547
0.09707904
0.09376478
0.09383392
0.09387159
0.09495711
0.09582782
0.09392548
0.09390020
0.09363294
0.10608721
0.09364152
0.09529519
0.09541297
0.09679294
0.09545112
0.09724474
0.09372592
0.09552121
0.09367895
0.10738540
0.09373212
0.09377575
0.09371066
0.09360838
0.09709716
0.09537530
0.09515715
0.09371567
0.09719896
0.10591340
0.09736943
0.09532428
0.09672570
0.09537935
0.09777570
0.09553242
0.09771538
0.09531879
0.09578705
0.10742998
0.09454107
0.09369993
0.09363699
0.09387851
0.09389782
0.09691143
0.09965301
0.09393573
0.09385490
0.09389210
0.10614538
0.10213447
0.10186148
0.10425949
0.10259366
0.10297799
0.10172391
0.10444236
0.10837936
0.11259174
0.09779000
0.09559464
0.09825921
0.09462523
0.09633303
0.09632516
0.10385180
0.09700537
0.10045671
0.11281896
0.11640668
0.10740685
0.10189509
0.09750199
0.10369086
0.12396717
0.10201573
0.10004163
0.12018704
0.11056733
0.10805035
0.10632992
0.10506678
0.10325599
0.10512567
0.10034895
0.10112691
0.09867907
0.11258173
0.09938979
0.10317492
0.10216379
0.11133289
0.10591960
0.11239171
0.11309028
0.10126710
0.11465168
0.10045433
0.09614849
0.10140944
0.11214399
0.11902475
0.11994696
0.10529256
0.10560584
0.10894537
0.09901071
0.10310602
0.10720730
0.09770966
0.09764338
0.09634233
0.09703588
0.09766936
0.10491395
0.11340809
0.10593820
0.10713816
0.10449314
0.10061526
0.11345434
0.11373281
0.11895180
0.09955764
0.09667778
0.09852815
0.11190438
0.10907102
0.11191106
0.09719729
0.09632325
0.10796618
0.09702539
0.09729433
0.10962105
0.11375809
0.11011481
0.11324906
0.11205244
0.10475707
0.09872818
0.11302423
0.09792924
0.09914279
0.09732199
0.09561062
0.09703779
0.10281634
0.09709430
0.09549069
0.09673429
0.11082077
0.09665227
0.09701204
0.09794760
0.09783340
0.09788585
0.10385871
0.09653211
0.09807801
0.10647392
0.10051799
0.09715962
0.10029101
0.10483742
0.09886384
0.11347961
0.11410594
0.11188817
0.10055995
0.10728168
0.09762406
0.09803104
0.09719539
0.09654522
0.09659719
0.09545112
0.09576106
0.09602571
0.09738922
0.10052490
0.09786725
0.10044289
0.10211992
0.10034156
0.10271549
0.10374784
0.11149502
0.11041164
0.13160920
0.10413432
0.11577749
0.11596775
0.11234117
0.09678435
0.09626245
0.10445714
0.10042763
0.09758449
0.09892988
0.09644651
0.09604263
0.09594321
0.11231875
0.11997128
0.11482596
0.12123156
0.11305809
0.11143947
0.09781194
0.10515761
0.11987066
0.11152458
0.10207868
0.12445951
0.11324048
0.10443974
0.13022494
0.10879707
0.09987998
0.09868765
0.10105944
0.09754539
0.10914350
0.10478282
0.11642790
0.12352180
0.10109210
0.09774232
0.09738708
0.09670830
0.09839416
0.09872293
0.10783148
0.09745359
0.09829640
0.11202645
0.09782243
0.09692597
0.11003494
0.10184455
0.09982872
0.10640907
0.09931684
0.09732604
0.09673095
0.10447717
0.12335110
0.11283851
0.11109066
0.10471010
0.10667181
0.10527802
0.09728289
0.09924626
0.10769939
0.09981561
0.09709430
0.09955382
0.09815288
0.10553217
0.11086273
0.11597133
0.11181474
0.10646915
0.09934282
0.09727049
0.10050726
0.09704447
0.09890795
0.09694290
0.09723520
0.09793282
0.09789586
0.09827042
0.09752369
0.10877514
0.10534072
0.10643315
0.10609412
0.10736775
0.10129023
0.09999871
0.09854341
0.11317182
0.10587168
0.10682535
0.11144829
0.10155392
0.10384083
0.10833383
0.10052013
0.11789680
0.11777711
0.10542536
0.10025477
0.10904598
0.11221600
0.11826730
0.09970975
0.09783816
0.10632229
0.10297537
0.09865689
0.10813642
0.11062932
0.09825063
0.09757829
0.09651971
0.10998845
0.10860944
0.11930656
0.10892677
0.09561443
0.09873843
0.09603500
0.09805322
0.13630819
0.11849284
0.09712076
0.10643387
0.13282514
0.11035657
0.14711452
0.10147595
0.09742451
0.10968709
0.11506128
0.11975169
0.11595058
0.11441541
0.10362077
0.10332751
0.10230255
0.10209489
0.10028267
0.09743929
0.10439396
0.11397195
0.10139298
0.10346222
0.10151029
0.09674239
0.16968083
0.12475991
0.09694314
0.09653044
0.10900950
0.09975195
0.09672713
0.09900069
0.09723067
0.10340095
0.09739351
0.09803867
0.09657502
0.09845805
0.18153167
0.14098120
0.10603046
0.09941649
0.09956431
0.10443187
0.10631156
0.09994793
0.11171484
0.10263801
0.09811497
0.10338545
0.17032361
0.10201120
0.09877467
0.11416960
0.11398101
0.11444783
0.10112071
0.11422253
0.09968877
0.10956621
0.10674715
0.13813424
0.12018800
0.10921907
0.12676525
0.10982084
0.09944010
0.11432552
0.11265707
0.10897398
0.10369301
0.09668827
0.09656525
0.11107492
0.09924650
0.09746742
0.09982681
0.09864163
0.10010338
0.09824204
0.09968829
0.10595512
0.10124707
0.12177730
0.09859633
0.09596515
0.09727001
0.10011649
0.11578870
0.10786080
0.10038304
0.09769058
0.11967325
0.09621525
0.09766674
0.10147405
0.09919596
0.09901333
0.09913063
0.10154033
0.09868956
0.09900713
0.10821009
0.10033512
0.09884548
0.09942412
0.09907842
0.09840608
0.09783792
0.09829712
0.09810257
0.09860349
0.11116219
0.09900713
0.09961653
0.09861350
0.09883237
0.09971046
0.09886336
0.10127068
0.09933281
0.10593486
0.10925865
0.09939504
0.09818602
0.09900737
0.09766269
0.09863424
0.10401177
0.09949565
0.09663844
0.09667301
0.10326862
0.09675431
0.09698534
0.09787273
0.09718347
0.09699893
0.09884858
0.09714866
0.09791589
0.10549331
0.11249232
0.09705091
0.10208368
0.09779501
0.09678483
0.09939075
0.09832525
0.10329080
0.09833193
0.09756446
0.10648131
0.10028076
0.10529757
0.10425544
0.09766650
0.09699321
0.10270643
0.09910583
0.10239935
0.11541176
0.10593486
0.09934664
0.09832430
0.09767795
0.09962606
0.10320711
0.10511804
0.10166407
0.10940170
0.10752225
0.09860969
0.09735060
0.09695983
0.09823251
0.10209537
0.13457513
0.12807894
0.12092304
0.11022592
0.10802317
0.10492492
0.10751104
0.10571933
0.10857034
0.11541033
