0.02428341
0.10689950
0.11604452
0.10844278
0.10984421
0.10729456
0.10629320
0.11057472
0.11075044
0.14888167
0.16736770
0.13471150
0.21941853
0.18822861
0.17938304
0.19338489
0.19221044
0.20774961
0.12070942
0.20419860
0.17083049
0.31429148
0.18531895
0.25459576
0.13054180
0.10406137
0.20203543
0.19632459
0.16488624
0.11121893
0.10834718
0.11762261
0.18269181
0.19761181
0.10869670
0.11278701
0.18233705
0.18108416
0.10627174
0.10531688
0.24614882
0.15595579
0.10380363
0.10406876
0.10605264
0.11046839
0.10868931
0.10755205
0.11927724
0.10897827
0.11520433
0.10759115
0.11813354
0.10637784
0.10775399
0.11209917
0.13879061
0.11445546
0.13032746
0.13283587
0.11050916
0.13482141
0.12017202
0.10665321
0.10902095
0.10733056
0.10464144
0.10570550
0.10536051
0.10574317
0.10363746
0.10244870
0.10210752
0.10998011
0.10553312
0.10553741
0.11129594
0.11717772
0.10502553
0.11046433
0.13846803
0.10693979
0.11072230
0.15528131
0.11013627
0.11630559
0.11036992
0.10929608
0.11649823
0.12055540
0.12374187
0.11410904
0.10959697
0.23904085
0.22267985
0.15977550
0.11003947
0.10498714
0.11111808
0.11164069
0.10307097
0.11066413
0.10636687
0.13223791
0.13891506
0.16315150
0.16791129
0.11850309
0.11602259
0.10948157
0.10879588
0.11138868
0.10995388
0.10957122
0.12342143
0.11564469
0.11152005
0.10925436
0.10971427
0.10706711
0.10656762
0.10894489
0.11244631
0.17830729
0.12385941
0.11541724
0.11721110
0.10806394
0.11016154
0.10343790
0.10258055
0.10929799
0.10473895
0.10942769
0.10270715
0.10258412
0.10214305
0.10862660
0.10246253
0.10466194
0.11793995
0.10274172
0.10402369
0.10218191
0.10490751
0.10395741
0.12487411
0.15102124
0.12374139
0.10852599
0.11833787
0.11300421
0.11096692
0.10578203
0.10458660
0.10238147
0.10252452
0.11489010
0.11650348
0.10392261
0.10309434
0.10213208
0.10230970
0.10195541
0.10526681
0.10622907
0.11939931
0.10527134
0.10822129
0.15107918
0.22683096
0.16378689
0.18481684
0.16515899
0.17798948
0.16282582
0.11921835
0.10397100
0.10545897
0.11099219
0.10418272
0.10468698
0.31549263
0.14311767
0.12274289
0.11180639
0.11602974
0.11882734
0.10646820
0.10704184
0.10460711
0.10929942
0.11434650
0.10650015
0.12201166
0.10666108
0.10800076
0.10577869
0.10713053
0.10630393
0.10698223
0.10946059
0.10681701
0.12682438
0.10661244
0.10731554
0.10662794
0.12831020
0.15879798
0.12064123
0.15406060
0.10556412
0.10592484
0.10629487
0.13832927
0.23188972
0.18737817
0.12165999
0.11229062
0.12683249
0.18944836
0.12479568
0.10272503
0.10243201
0.10211205
0.11965752
0.10279179
0.11156106
0.11501884
0.10625648
0.10888553
0.13001251
0.11904001
0.10869598
0.10820889
0.13014245
0.18752193
0.12108231
0.10477519
0.10521293
0.10543823
0.11333704
0.10363173
0.10576320
0.10494900
0.10650897
0.10836887
0.10405397
0.10454512
0.10790443
0.12423182
0.11276031
0.10639834
0.10618782
0.10745382
0.10953546
0.10499716
0.10388875
0.10747623
0.11393166
0.10648990
0.10561013
0.10543036
0.10346484
0.10423398
0.12610602
0.10451102
0.10316110
0.11867380
0.15378356
0.11054540
0.11226749
0.11201143
0.11165237
0.11044669
0.11033392
0.11668253
0.10437655
0.10740113
0.10558486
0.10529852
0.11955786
0.21757126
0.12240148
0.10917950
0.11091757
0.11477590
0.10799956
0.11038399
0.10733700
0.10979700
0.10934687
0.11434674
0.10859156
0.13299108
0.11162758
0.11430192
0.10776877
0.10719633
0.10812640
0.13358617
0.11142969
0.11595273
0.12033391
0.27792358
0.14009619
0.10384917
0.10518456
0.12079191
0.11287856
0.11400723
0.10597420
0.11735725
0.13111281
0.11392689
0.23620605
0.11677146
0.12943792
0.16771746
0.11042595
0.10749030
0.11171532
0.10629082
0.10382271
0.10610604
0.11748958
0.10392594
0.10349298
0.10522366
0.10549378
0.11281037
0.10949707
0.11102128
0.10731769
0.11477375
0.10766506
0.10598016
0.10794854
0.10594797
0.10665154
0.10714078
0.10737729
0.10903239
0.11148787
0.11159682
0.10693526
0.10860634
0.11416745
0.10814071
0.10974979
0.11090517
0.12057710
0.10785770
0.10576510
