0.02686477
0.11153030
0.12063622
0.10644197
0.10416102
0.10936308
0.11855602
0.10493588
0.10311079
0.10629344
0.10520053
0.11231804
0.10404849
0.10390854
0.10406280
0.12170839
0.11363578
0.10668755
0.11137247
0.10787582
0.11177397
0.12586021
0.11712432
0.11465216
0.12904191
0.11580300
0.11958981
0.11288357
0.11455846
0.11356044
0.14162016
0.12361073
0.12566447
0.11301637
0.12101865
0.11058950
0.12663531
0.12169147
0.11647463
0.12111998
0.15203094
0.12238026
0.14224434
0.14098597
0.10432029
0.11877608
0.13794827
0.11224627
0.10458493
0.10399771
0.10603762
0.11812878
0.11357713
0.12301803
0.11848164
0.10879230
0.11947489
0.13091397
0.19563341
0.12789893
0.10862684
0.10215688
0.10469890
0.11246395
0.10424018
0.11037588
0.13578391
0.11953545
0.20362139
0.15601373
0.14122057
0.11248374
0.10935450
0.11611223
0.11530757
0.13440895
0.11161828
0.10681391
0.10572910
0.11012149
0.10877609
0.10799384
0.33176088
0.24401879
0.15242958
0.13055515
0.11949372
0.15002298
0.13653731
0.14753342
0.18064928
0.12754059
0.16034174
0.13614130
0.13814926
0.13093424
0.11909127
0.10118794
0.10734820
0.12061048
0.10310912
0.27338862
0.15080380
0.13830113
0.10945749
0.10607648
0.11628366
0.10532427
0.10690761
0.10761857
0.11375856
0.11315060
0.11116195
0.11114168
0.10224128
0.11403584
0.11405349
0.11426616
0.11530232
0.11800718
0.10998344
0.10994506
0.11222553
0.14519787
0.13303947
0.10190225
0.10687733
0.11918759
0.10897326
0.10898948
0.10386014
0.11034822
0.11403775
0.11030030
0.11507630
0.12296629
0.10479760
0.11781669
0.11508465
0.11053801
0.11747217
0.11768913
0.11712289
0.12695813
0.11166263
0.11354828
0.11615610
0.11229396
0.11236119
0.11348724
0.11215019
0.11208701
0.12928939
0.11156607
0.11085486
0.11419511
0.10824513
0.11313772
0.10205698
0.10679531
0.11129045
0.11039591
0.10867953
0.10394812
0.10513830
0.10584378
0.10448670
0.10427976
0.10421562
0.10490441
0.12004399
0.10673022
0.10701275
0.10497808
0.10667872
0.10449839
0.10515690
0.10658360
0.10641360
0.10575581
0.10531855
0.10665512
0.10815382
0.10801125
0.10693240
0.10543370
0.10440874
0.10482907
0.11832094
0.10437942
0.10968375
0.10731411
0.10544538
0.10410023
0.10156059
0.10495639
0.11587238
0.10870695
0.10174298
0.10231638
0.10786128
0.11056066
0.10193086
0.10337591
0.11222363
0.11708426
0.10912037
0.10313177
0.10277987
0.10188699
0.11211967
0.10527945
0.10642719
0.11057854
0.10765266
0.10189867
0.10367393
0.10191631
0.10268021
0.11246705
0.10189176
0.10307026
0.10179472
0.10932899
0.10338807
0.10470343
0.10389638
0.10331035
0.11389041
0.10430908
0.10297942
0.10629940
0.11589122
0.10615730
0.15691805
0.10948324
0.10262585
0.11689520
0.11704159
0.10528111
0.10422349
0.10890007
0.11126518
0.11181188
0.11147857
0.11013198
0.10681152
0.11934423
0.10401940
0.10682154
0.11118937
0.11001658
0.10483789
0.10697889
0.10805225
0.10646439
0.12356734
0.10573697
0.10248160
0.10591888
0.10468340
0.11324835
0.10884285
0.11046958
0.12422967
0.11130261
0.10939455
0.10376525
0.10508633
0.11360621
0.10952544
0.10518193
0.10439086
0.11091065
0.10719728
0.10605597
0.10402131
0.10821629
0.11906695
0.10795164
0.11021757
0.11224127
0.12360406
0.11000133
0.11028981
0.11218286
0.10336471
0.10911298
0.10597062
0.10423112
0.10432148
0.11159396
0.10431409
0.10309935
0.10447097
0.10469723
0.10821986
0.13314128
0.17276812
0.12970996
0.11222792
0.11132407
0.11599326
0.11563373
0.12206817
0.11083722
0.11092710
0.11876798
0.10816550
0.10495257
0.10560393
0.10606742
0.12229371
0.10988450
0.10683346
0.14879847
0.15694642
0.10614753
0.10518074
0.10413194
0.10384774
0.10574150
0.10345745
0.10513258
0.11722112
0.11769724
0.10425806
0.11100078
0.10453081
0.10863090
0.10344458
0.10445762
0.10414124
0.11449528
0.10577846
0.10516810
0.10476685
0.10277772
0.10268211
0.11037326
0.10634780
0.10465670
0.11543441
0.10656977
0.10422754
0.10438204
0.10604453
0.11184549
0.10371590
0.10465980
0.10405016
0.13885903
0.16090226
0.12753654
0.13806891
0.12800574
0.10256863
0.10623646
0.16977143
0.15406299
0.10636306
0.10391068
0.13459373
0.17609572
0.15864158
