0.04199076
0.11914778
0.13909936
0.12769532
0.14127517
0.11621571
0.13300657
0.11397338
0.11737108
0.11479259
0.12392187
0.12125850
0.11564946
0.12099767
0.17783046
0.11787248
0.12336063
0.12259865
0.11685658
0.11005735
0.10886407
0.11457086
0.10814834
0.10864544
0.11727810
0.10867095
0.10947537
0.10826659
0.11170578
0.10821009
0.10959077
0.10908675
0.10812330
0.11705303
0.10826302
0.10889602
0.11376524
0.10823750
0.10833287
0.10964632
0.11382031
0.13639498
0.11905074
0.10786986
0.10909081
0.10858655
0.10806870
0.10894895
0.10822082
0.10785198
0.10815763
0.11105800
0.11088562
0.11428022
0.10780859
0.10948586
0.11877036
0.12650347
0.14320302
0.14214659
0.12779021
0.11654902
0.11089993
0.11343312
0.14130044
0.12238288
0.12405777
0.13711667
0.11658597
0.13991070
0.11365294
0.11750650
0.12729239
0.12147093
0.13418388
0.11714411
0.11789870
0.11476517
0.11213565
0.12174010
0.11477447
0.11565900
0.12936783
0.21438265
0.12073231
0.11157608
0.11256957
0.12382841
0.11262369
0.11149001
0.11101413
0.11037326
0.11094093
0.11660552
0.11203861
0.11155343
0.12918472
0.11175346
0.11059952
0.11074543
0.11247945
0.11368203
0.11214542
0.11152220
0.14039755
0.13711238
0.11807966
0.13928246
0.12515879
0.11719561
0.12740707
0.13317752
0.12778664
0.11267138
0.12304401
0.11171865
0.11447692
0.11551452
0.11293864
0.11284542
0.12596369
0.11386824
0.11315966
0.11724472
