0.02468681
0.14282227
0.14020538
0.11720920
0.11717844
0.12878370
0.11388588
0.11322665
0.11468863
0.11333442
0.11529875
0.11047220
0.10876822
0.13182354
0.11017656
0.10996437
0.10848475
0.10987592
0.11043000
0.12008047
0.10920048
0.10841060
0.11445212
0.10863900
0.11069345
0.10985589
0.10985160
0.11000514
0.11988091
0.11249614
0.11603737
0.12564135
0.11441088
0.11461735
0.11404610
0.10963821
0.11496687
0.11339188
0.11117458
0.12659836
0.11360312
0.11310148
0.11435008
0.11253476
0.11333132
0.12007856
0.11272883
0.11305380
0.11888242
0.11399913
0.11304426
0.11579776
0.11239123
0.11277366
0.12186003
0.11285186
0.11246777
0.11545229
0.11386228
0.11631179
0.11728263
0.11755514
0.12292671
0.11497760
0.12246037
0.12833428
0.12014890
0.12054253
0.12584519
0.12108207
0.12080908
0.11585021
0.11353517
0.11337352
0.11585712
0.12598109
0.11855841
0.11897731
0.11868143
0.10905051
0.11040473
0.10963273
0.11716509
0.11777687
0.11774206
0.11318183
0.11359429
0.11393619
0.11337709
0.11297059
0.12175822
0.11532354
0.11308765
0.11623573
0.11850476
0.11962414
0.11739326
0.11831903
0.12338209
0.14413810
0.12408733
0.12499547
0.15474296
0.13422775
0.11441708
0.11766839
0.12379408
0.12186241
0.11774135
0.11674929
0.11520624
0.11453819
0.12330222
0.11396766
0.11608768
0.11858535
0.11705661
0.12138534
0.11377668
0.11348248
0.12409234
0.11576843
0.11806250
0.12893510
0.13012767
0.11526251
0.11650848
0.11787438
0.12979341
0.11728597
0.11481428
0.13089418
0.11628461
0.11270761
0.11159277
0.11494613
0.11679339
0.12252212
0.11312485
0.11416245
0.11645126
0.11503458
0.11716270
0.11571264
0.11759424
0.13141918
0.13154888
0.12681794
0.12120295
0.11635160
0.11376548
0.11359024
0.11197376
0.12448549
0.12014914
0.12468624
0.13047647
0.12869930
0.12974167
0.11196637
0.11644936
0.11732197
0.11400676
0.11556077
0.12435937
0.11251402
0.11191511
0.11288595
0.11428738
0.11362648
0.12450743
0.11436629
0.11320114
0.11906195
0.11460209
0.11346745
0.11185145
0.11385822
0.11333609
0.11957169
0.11364698
0.12874317
0.11700177
0.11393189
0.12062812
0.11709261
0.11593080
0.12177300
0.11946869
0.11729217
0.12294221
0.11563325
0.11650348
0.11871600
0.11795282
0.12451172
0.11609101
0.11407089
0.12035108
0.11263561
0.11335182
0.11212635
0.11215234
0.11241031
0.11573339
0.11136651
0.11481190
0.12906861
0.12148857
0.11357594
0.11297965
0.11375427
0.11872053
0.11224484
0.11141372
0.11464310
0.12315845
0.12210655
0.11396170
0.11674643
0.11308813
0.11954308
0.11266065
0.11242890
0.11472988
0.12044454
0.15970325
0.22221327
0.12958026
0.12262607
0.13484764
0.14640212
0.13502407
0.14039874
0.13777089
0.14565301
0.11912870
0.11871028
0.11584783
0.11534238
0.12539983
0.14357233
0.13438988
0.13819456
0.13158154
0.12452865
0.12741804
0.12853026
0.12960649
0.12821269
0.14680624
0.12606668
0.13271284
0.12771869
0.12578154
0.13440347
0.14449954
0.14693737
0.13640213
0.13390708
0.12968683
0.14020395
0.14954257
0.12943983
0.13355041
0.12535667
0.13164306
0.12804198
0.12757063
0.12837505
0.12942863
0.13707781
0.13664699
0.12585044
0.13162112
0.12551785
0.13122010
0.13162827
0.13167286
0.13639784
0.14132762
0.13030195
0.12727022
0.12475991
0.12729263
0.13194966
0.14501595
0.13613319
0.13924479
0.14320064
0.14331579
0.14361000
0.14789629
0.15169096
0.14087558
0.13583112
0.13275719
0.12296200
0.12830639
0.13676882
0.13532662
0.13071704
0.13131785
0.12550640
0.12469769
0.12402892
0.12232351
0.14002776
0.14026570
0.13295078
0.15316844
0.15331960
0.15947199
0.14726830
0.14212656
0.14661193
0.15136361
0.12949848
0.12025332
0.13017941
0.13364816
0.12766957
0.13474607
0.13526583
0.14510965
0.13712144
0.11348629
0.14055014
0.13388395
0.12846851
0.11992049
0.19787884
0.17715383
0.14223313
0.13085961
0.13104105
0.12808943
0.13379192
0.12141967
0.12146473
0.11897755
0.12887812
0.15933704
0.14154434
0.13196111
0.16188574
0.12512779
0.13696909
0.11850858
0.12935948
0.13231802
0.12786198
0.13728166
0.13639379
0.15752912
0.11766815
0.12387466
0.13925576
0.13362789
0.14790773
0.13501906
0.12775874
0.13845563
0.13233137
0.13744593
0.12905407
0.13015127
0.11965919
0.12565708
0.12790012
0.11434102
0.11969066
0.12640357
0.12064338
0.12862611
0.12792182
0.12008452
0.13275480
0.12011027
0.12457943
0.13212705
0.13088465
0.13779998
0.13019013
0.12541962
0.11416149
0.12222695
0.13294220
0.13217068
0.13703799
0.12963033
0.12363029
0.12328744
0.11222529
0.12017870
0.11373162
0.11627340
0.11494350
0.12600160
0.11799955
0.12650013
0.11720181
0.12261009
0.13070250
0.13026190
0.13769150
0.12997389
0.11910343
0.12335038
0.11522412
0.12456608
0.11632681
0.12269545
0.12790847
0.12633419
0.12433076
0.11290431
0.11195850
0.11964583
0.12986565
0.12908602
0.13761044
0.12486291
0.13246012
0.24375057
0.20123076
0.11692858
0.25363517
0.13539934
0.12498069
0.14488411
0.12857080
0.13110137
0.11927867
0.12033868
0.23559952
0.15309262
0.11726594
0.11743164
0.12309480
0.12458587
0.11465955
0.16593575
0.12279224
0.15366530
0.12847853
0.22521710
0.13636255
0.22954822
0.24417830
0.13377309
0.12963820
0.24088502
0.12784576
0.14924693
0.23602581
0.26593328
0.12753820
0.24408722
0.12813258
0.25255084
0.13847446
0.22918558
0.11965513
0.13533235
0.14516020
0.18774009
0.22338319
0.15239215
0.14423442
0.13010120
0.14042401
0.22494602
0.23071194
0.16467476
0.11003160
0.12937784
0.12818646
0.12737179
0.12845278
0.12607169
0.13030362
0.12341166
0.13749719
0.11979580
0.12027478
0.12091041
0.12269545
0.12217808
0.12312937
0.11958599
0.13266778
0.12380242
0.11983180
0.11831784
0.12168598
0.11864233
0.12299562
0.12104964
0.13332939
0.11864996
0.11822748
0.11761570
0.12234831
0.12728143
0.12812209
0.12266541
0.13564205
0.11713839
0.11993837
0.11931348
0.12276435
0.12856984
0.12981248
0.12128687
0.13909340
0.12148523
0.12131763
0.12120581
0.12462378
0.11790371
0.13101244
0.12429762
0.13428760
0.12144995
0.12123561
0.12361860
0.12521768
0.11900735
0.11903191
0.12069058
0.12919044
0.12863636
0.11931038
0.12774277
0.12745690
0.12421656
0.12765551
0.12123704
0.13701653
0.12073493
0.12529111
0.12208724
0.12496305
0.12241387
0.12715292
0.12256861
0.13423204
0.12045050
0.12524056
0.12397623
0.13073111
0.14906287
0.13765979
0.12914538
0.12479877
0.12362146
0.12408900
0.12646222
0.12249804
0.12494278
0.12411952
0.12440681
0.13303065
0.12781262
0.12917304
0.12752986
0.13774276
0.11797976
