0.02440238
0.11963630
0.12967706
0.11510301
0.11761093
0.11660004
0.13155389
0.11756158
0.11653590
0.11698318
0.11899829
0.12431645
0.12359667
0.12744761
0.13123322
0.11781478
0.11091304
0.11147738
0.12330079
0.13012362
0.12912703
0.13774991
0.12627101
0.12508368
0.12642598
0.13363647
0.11721182
0.12540317
0.11802769
0.13874698
0.11860037
0.12886453
0.11945605
0.12621927
0.12624836
0.13276005
0.11929774
0.12966561
0.13184428
0.11925197
0.12697697
0.12769341
0.12694716
0.12731600
0.13415861
0.12705922
0.12496638
0.12452412
0.13062215
0.13849092
0.12866378
0.12893009
0.12173891
0.12182021
0.12081790
0.12738514
0.11944103
0.12178779
0.12108898
0.13455033
0.12166786
0.12270975
0.12139034
0.12515903
0.11976361
0.11989093
0.12061524
0.13217425
0.11957264
0.11971664
0.12114406
0.12074590
0.11917520
0.11902881
0.11733365
0.13323307
0.11811423
0.12345695
0.12277555
0.12420869
0.11758757
0.12120032
0.12125874
0.13738585
0.11972475
0.11926270
0.11955738
0.12476230
0.13103032
0.13048911
0.12610745
0.13318086
0.12039852
0.12876248
0.12952924
0.12715364
0.11732125
0.12878370
0.12715268
0.13732147
0.12419724
0.12022567
0.12216187
0.12268043
0.12215805
0.12056136
0.12086773
0.13604760
0.11864018
0.12210512
0.12057853
0.12154436
0.11715269
0.11590481
0.11577106
0.12805033
0.11997557
0.12281704
0.12194467
0.12116671
0.12309074
0.11883783
0.12094831
0.11787605
0.11536241
0.11650801
0.12056184
0.12312245
0.12233496
0.12592554
0.13840652
0.11689615
0.11776328
0.11735368
0.12626576
0.12063813
0.12651396
0.13807821
0.13663793
0.14133501
0.12736034
0.12690425
0.13606381
0.14659381
0.14112139
0.24966145
0.13223696
0.12855077
0.23703718
0.25744867
0.15489888
0.14354491
0.11962342
0.11841726
0.15872717
0.23053694
0.23115635
0.13859510
0.15095210
0.13786674
0.23160720
0.14099216
0.24843359
0.23664069
0.12440419
0.23937106
0.26034331
0.16313457
0.17517018
0.22902822
0.21310282
0.12931347
0.24779773
0.22890925
0.14517760
0.25810623
0.19132948
0.13898754
0.12294245
0.13770199
0.12437224
0.13625503
0.14401889
0.12748528
0.12493491
0.12269497
0.14325738
0.13408518
0.12153220
0.12172341
0.13329506
0.12429047
0.12216401
0.12321258
0.12460589
0.13507819
0.12702322
0.13339877
0.13395882
0.13061309
0.13025188
0.14895988
0.14521003
0.13022375
0.13965344
0.12612677
0.13013649
0.12937093
0.14595294
0.13468647
0.12411094
0.12438750
0.13238049
0.15274858
0.12419748
0.12291813
0.12785053
0.12549806
0.12475324
0.12413955
0.12258554
0.12062764
0.12418342
0.12438941
0.13375425
0.12673998
0.12268472
0.12677193
0.12337184
0.12268138
0.12320876
0.12303805
0.13178086
0.12145209
0.11840820
0.12195325
0.11804438
0.11901784
0.11931038
0.12449670
0.13388586
0.12194037
0.12135673
0.12297535
0.12288570
0.12244701
0.12385535
0.12257338
0.13333130
0.11366701
0.11320782
0.12372375
0.11719656
0.12175179
0.12173438
0.12488174
0.13038921
0.12001133
0.12061596
0.12181115
0.12143588
0.12214041
0.12247610
0.12273288
0.12235355
0.13400817
0.12304139
0.12165761
0.12068796
0.12069368
0.12043405
0.12135935
0.11945057
0.13198972
0.12022161
0.12201381
0.12000585
0.11964941
0.11900473
0.12792516
0.11964607
0.13324022
0.12040877
0.12320256
0.12093091
0.12293911
0.12122393
0.12377191
0.12095666
0.13312697
0.12088537
0.12128329
0.11873841
0.11991525
0.12071037
0.12338924
0.11732984
0.13291264
0.12241650
0.12286425
0.12157679
0.12303734
0.12322712
0.12473726
0.12229800
0.13329935
0.12226486
0.12301016
0.12241364
0.12193894
0.12225151
0.12808442
0.12112641
0.13477921
0.11994624
0.12364984
0.11994314
0.11935687
0.11810517
0.12126112
0.12389469
0.13744807
0.13234806
0.12349224
0.11813903
0.11306477
0.12330294
0.12288976
0.11788940
0.12715983
0.12660503
0.12794518
0.12322354
0.12211990
0.12150669
0.12252235
0.12337756
0.13415098
0.12089157
0.12345386
0.11933661
0.12127113
0.12078786
0.12133193
0.14141679
0.11910510
0.12712812
0.13458729
0.12499714
0.13323307
0.12623525
0.13154769
0.12088537
0.12801600
0.13555741
0.12522364
0.13294721
0.15013409
0.12823772
0.12679005
0.12681532
0.13091969
0.12880039
0.13164711
0.14836049
0.12571263
0.12877035
0.17535257
0.13233495
0.15823030
0.12587047
0.13934231
0.13507676
0.13006926
0.14538527
0.12793970
0.13080692
0.13268566
0.12603593
0.13160419
0.13922310
0.12798524
0.12948680
0.12782884
0.12699103
0.12694263
0.12844563
0.13230419
0.12537956
0.13536024
0.13562369
0.12630630
0.12678099
0.13572764
0.12955117
0.12855530
0.13261437
0.12332225
0.13531470
0.13567710
0.24642396
0.12294078
0.12779999
0.12502575
0.18120265
0.12204981
0.14428639
0.23299170
0.12702775
0.13485789
0.14222312
0.13410091
0.12681127
0.12397432
0.13814116
0.13014317
0.23838210
0.16816235
0.18885446
0.13327694
0.13069582
0.14061785
0.13586092
0.13171864
0.12630296
0.13312054
0.13483787
0.13238716
0.11780262
0.12003875
0.12253165
0.12130785
0.12027359
0.12773848
0.21820378
0.20386481
0.12594962
0.13012052
0.11723685
0.11880112
0.12909126
0.11714387
0.11521912
0.12343168
0.13025188
0.13071561
0.11797667
0.11754274
0.12546682
0.11638999
0.11703658
0.12322426
0.12163329
0.13856959
0.12333751
0.12418437
0.13100123
0.11627173
0.11413813
0.12051034
0.12589169
0.13915849
0.12327242
0.12383151
0.12643814
0.12442303
0.12292218
0.12640452
0.12221503
0.14325786
0.12125373
0.12134171
