0.01852942
0.13227177
0.13387132
0.13758707
0.11894393
0.12344193
0.13037467
0.12245154
0.12611938
0.13122940
0.14250851
0.12122512
0.12201762
0.11851740
0.13468051
0.11420679
0.13075233
0.12848806
0.12825584
0.11381674
0.14878678
0.12430620
0.12797904
0.23945284
0.12715983
0.12874556
0.13392234
0.13530517
0.14878368
0.15744948
0.13043189
0.13827515
0.13379240
0.13017941
0.13007331
0.13544750
0.12824392
0.12504578
0.12857819
0.12176180
0.12452078
0.11379027
0.11541843
0.12917590
0.15669298
0.12807655
0.13088822
0.12536407
0.13459945
0.15031362
0.12613606
0.13048840
0.12609363
0.12795806
0.12544394
0.12382364
0.12217927
0.14094925
0.12719440
0.13641834
0.12793803
0.13352442
0.13892055
0.13992715
0.13241315
0.12989306
0.13870668
0.13028049
0.12961888
0.13081241
0.14679837
0.12064433
0.13178611
0.11954999
0.12855124
0.23291254
0.13048744
0.13887691
0.12909627
0.12447309
0.13059068
0.13098359
0.13022184
0.13124466
0.14171839
0.12106252
0.11548471
0.11747265
0.12523437
0.12174058
0.11729431
0.11864877
0.12850642
0.13252282
0.11696482
0.12053633
0.12342310
0.12089729
0.12120724
0.11937189
0.12151980
0.12981081
0.12185645
0.12075496
0.12292337
0.13189626
0.13165355
0.12581158
0.13804746
0.12629890
0.12119842
0.12089586
0.12105703
0.12759519
0.12249780
0.12025309
0.11800170
0.12839937
0.12844443
0.12537599
0.12830138
0.12616754
0.12624097
0.12806082
0.13570786
0.13234305
0.12924552
0.12798619
0.12089682
0.12504625
0.11577249
0.12486577
0.13357449
0.12528300
0.12469387
0.13053441
0.12365031
0.12094450
0.11883855
0.12592506
0.12693262
0.11777687
0.11880207
0.12191820
0.13245034
0.13296199
0.11938643
0.14338946
0.11407280
0.12193537
0.14026785
0.12383485
0.12437272
0.13962483
0.12762213
0.12857175
0.14172077
0.12515450
0.12420511
0.12418818
0.13319540
0.13563538
0.11503625
0.13436961
0.13277388
0.13907409
0.13629103
0.13882852
0.12521148
0.15153956
0.12927127
0.13425875
0.13682652
0.20964956
0.16804290
0.23256469
0.23292327
0.11641955
0.11923647
0.13561463
0.22240734
0.11583924
0.26387167
0.13029385
0.30339837
0.14458656
0.13781071
0.13306665
0.13461566
0.13375211
0.15126681
0.13400960
0.13918185
0.13847589
0.15152025
0.15206289
0.15459538
0.14389253
0.13237953
0.13183308
0.13389301
0.13221216
0.13015890
0.13353968
0.14015126
0.12610602
0.12920952
0.12895823
0.14528632
0.14545512
0.12007546
0.13760042
0.12363458
0.12128735
0.12246037
0.13244557
0.12257385
0.13753462
0.23562431
0.11827898
0.14601803
0.11316538
0.12446475
0.13219881
0.12333274
0.12105942
0.13667655
0.22920799
0.11835694
0.14877152
0.11361980
0.12578225
0.11479712
0.11898899
0.12416196
0.12366700
0.15585399
0.13694644
0.12427783
0.21216440
0.14747977
0.11763501
0.14094543
0.13348389
0.14548659
0.11473227
0.22070336
0.12175107
0.12045121
0.16033173
0.21771598
0.11915421
0.13089156
0.12974072
0.12261558
0.12800169
0.12131286
0.12595391
0.12374067
0.13757849
0.12465358
0.11955857
0.11765122
0.12652111
0.13866138
0.13693523
0.15112257
0.12598276
0.24537921
0.12059975
0.24082112
