0.04514909
0.12597156
0.12964582
0.13216734
0.13215327
0.13142943
0.14469171
0.13224244
0.13117290
0.13178730
0.13209152
0.12748885
0.12985587
0.14107227
0.12657404
0.12555504
0.12801170
0.13334489
0.12662053
0.12668872
0.14412284
0.14726281
0.13996100
0.14471936
0.12411499
0.19181418
0.12260604
0.13914180
0.12593961
0.14266658
0.16254115
0.13504434
0.13046741
0.17108488
0.12840295
0.14564490
0.12703753
0.25314236
0.13661218
0.14384723
0.22838807
0.13506126
0.12202644
0.25610566
0.20659876
0.12102270
0.14815712
0.14730930
0.15471435
0.11986470
0.22227192
0.13358402
0.22412562
0.16563702
0.13539386
0.13883257
0.12998748
0.12284374
0.13169312
0.17020082
0.13590860
0.11397505
0.18057346
0.13940191
0.13186049
0.17174649
0.13808489
0.11220264
0.23325825
0.19379663
0.13001895
0.22139263
0.12550235
0.13295865
0.12260747
0.12542605
0.14003158
0.13235736
0.12560344
0.18232727
0.16169524
0.14324403
0.13014054
0.13738871
0.22352290
0.12577915
0.13046765
0.15279102
0.14927197
0.13420272
0.13153481
0.14342880
0.20365119
0.13377881
0.12890840
0.12716532
0.12944365
0.12993932
0.13824487
0.13811588
0.12694716
0.14290047
0.13435316
0.13245940
0.14687061
0.12993741
0.14485574
0.14793086
0.12880731
0.13017797
0.23268652
0.20591450
0.15819621
0.13140965
0.12299418
0.12503290
0.13723326
0.12775040
0.12669468
0.12411976
0.12614298
0.12370753
0.12366843
0.13090682
0.12068653
0.11916065
0.12483120
0.12559104
0.12661910
0.12669420
0.13286209
0.13853979
0.12102556
0.15824294
0.13121819
0.12464094
0.12370634
0.13572955
0.13956594
0.12332678
0.11968231
0.12042284
0.12323999
0.12026954
0.11753535
0.12716866
0.13729334
0.12360525
0.11884975
0.12362981
0.12689495
0.12866592
0.13157916
0.15691662
0.12228680
0.12089658
0.12073517
0.12524438
0.11935186
0.11901212
0.15902090
0.23317242
0.12341714
0.12460232
0.13710237
0.12652183
0.12176776
0.13102055
0.13528490
0.12882590
0.13025045
0.13366103
0.12614226
0.12005544
0.11946416
0.12638164
0.13765836
0.15062952
0.12324905
0.12366152
0.12342191
0.13264585
0.12097239
0.12096906
0.12492251
0.13622403
0.11437583
0.11376119
0.11540985
0.12362742
0.11530828
0.11477113
0.12233925
0.13242579
0.13120484
0.12386036
0.12614512
0.13266706
0.12873983
0.13787532
0.14925194
0.13694167
0.13404465
0.11890078
0.11693645
0.12052536
0.13784099
0.11580729
0.11500335
0.11656427
0.11946011
0.12440324
0.11297345
0.15076423
0.13607192
0.11574936
0.12315154
0.11708331
0.12455225
0.13710356
0.12489414
0.13023782
0.11999989
0.12231135
0.16444016
0.11505175
0.14788985
0.13347173
0.13906550
0.13871264
0.13895035
0.13777184
0.15721965
0.13540220
0.12622046
0.11998343
0.12569714
0.12248921
0.12716079
0.12531710
0.12914395
0.13682270
0.12783909
0.12219548
0.12663913
0.13129926
0.13136101
0.13717914
0.14237523
0.13468218
0.13067961
0.12274909
0.13073897
0.12640071
0.13182425
0.14071608
0.12884903
0.12420607
0.12387180
0.14025760
0.14268374
0.13741970
0.13675022
0.12272501
0.23672581
0.12239361
0.13248730
0.13490725
0.11435294
0.19219851
0.14281845
0.21739435
0.13584852
0.15346122
0.24855995
0.11944032
0.12375498
0.20532465
0.13188291
0.23802543
0.14470339
0.22797990
0.15010095
0.15065956
0.13023162
0.17045641
0.11441827
0.14138603
0.20942378
0.22999263
0.13138032
0.12433743
0.11501050
0.23253798
0.12492633
0.13362074
0.18903494
0.13294721
0.13367653
0.21688294
0.13832808
0.14223742
0.12824225
0.13939881
0.13904619
0.13422465
0.21462774
0.13197494
0.18092871
0.13220811
0.12483001
0.13162136
0.12855411
0.13168740
0.13163781
0.14104342
0.13251996
0.12704110
0.13390088
0.12616992
0.12692499
0.12896156
0.12805009
0.13117266
0.12824106
0.12802052
0.12454653
0.12546873
0.12380552
0.12441301
0.13030887
0.12887192
0.13219881
0.12950158
0.12896037
0.13507795
0.14369226
0.13062000
0.13592124
0.12908912
0.12676311
0.14380741
0.12374711
0.13284254
0.19816351
0.12403607
0.14769459
0.12614799
0.13847208
0.12670875
0.11938596
0.11553550
0.11596537
0.13382888
0.12750840
0.11425042
0.11714792
0.12114048
0.11281657
0.11215758
0.11516976
0.12953496
0.12852049
0.11729360
0.12378645
0.11821294
0.13840032
0.13977718
0.13799334
0.12075400
0.12164092
0.12520170
0.12091875
0.12455702
0.12053061
0.13066912
0.14793777
0.13714457
0.13036084
0.13366914
0.14393139
0.12969780
0.16808844
0.17259908
0.15477514
0.13754725
0.12575817
0.12982631
0.12906861
0.15165114
0.13002515
0.13261056
0.12907791
0.12383628
0.11715508
0.11869359
0.12884164
0.14526796
0.12417245
0.12545037
0.14129829
0.12926078
0.12983036
0.12804866
0.14719963
0.12127686
0.12184548
0.14466023
0.12190294
0.12051225
0.13386130
0.13476205
