0.02919221
0.12589526
0.13059711
0.12810612
0.12737060
0.13004565
0.13617373
0.13990426
0.13007045
0.13493943
0.13660169
0.13973403
0.13597798
0.14422178
0.12890458
0.12683940
0.12872720
0.13895392
0.14596820
0.12010860
0.16688991
0.12378526
0.15324497
0.13639235
0.13906026
0.12561846
0.15342522
0.13037920
0.12605190
0.12233853
0.11507750
0.14087009
0.14301896
0.15822148
0.15592337
0.12985277
0.11607122
0.12874007
0.14561296
0.13001466
0.13869643
0.13703656
0.14118481
0.13939238
0.14740872
0.15182781
0.13074040
0.14529657
0.14838862
0.14896965
0.12738776
0.13624883
0.12223506
0.12219191
0.13573074
0.13530636
0.12603688
0.12311196
0.13865280
0.12989402
0.12613201
0.22290468
0.21090102
0.11287785
0.17222166
0.14358735
0.14969802
0.12238240
0.20147371
0.13040996
0.14409471
0.12687564
0.12222528
0.22922611
0.11933851
0.11843801
0.13196111
0.14835119
0.14940715
0.23873687
0.14525652
0.11361289
0.13464069
0.17241025
0.21610594
0.14096403
0.13635516
0.24752545
0.12058926
0.11360216
0.14356899
0.12059402
0.21224284
0.16343069
0.15077734
0.22667027
0.12229800
0.12715387
0.20313573
0.26849198
0.12612891
0.15964174
0.16368604
0.14281917
0.16538858
0.16799235
0.13197327
0.18700337
0.15386486
0.14897227
0.12472415
0.14303303
0.12562609
0.11884928
0.14164591
0.12745571
0.12725067
0.12678456
0.13269567
0.12485361
0.12778854
0.14624000
0.16661978
0.20578623
0.14199710
0.14078784
0.13815260
0.13001585
0.13884854
0.12202764
0.12279391
0.11981058
0.12920332
0.13481927
0.14136934
0.14978075
0.12529778
0.11998653
0.12043715
0.12342501
0.12466240
0.12450743
0.12510443
0.15234685
0.16068769
0.13678741
0.12456465
0.12736964
0.12791061
0.12831187
0.14477801
0.14500904
0.13111353
0.16223145
0.14587784
0.13624525
0.13520789
0.14894080
0.14752269
0.15276766
0.12757921
0.12379241
0.14995813
0.14106488
0.14702201
0.14192843
0.15685701
0.14583945
0.12628055
0.17032599
0.16661191
0.12397528
0.12615418
0.13117099
0.12914300
0.12651229
0.12460423
0.13233042
0.14516377
0.12725425
0.12453318
0.12531066
0.13211465
0.12201285
0.12189007
0.13852406
0.12835836
0.12598991
0.12039375
0.12092805
0.12564993
0.11918664
0.12314510
0.13925457
0.12349606
0.12707186
0.12328386
0.13212562
0.12680840
0.12570643
0.12791181
0.14654326
0.12985063
0.13269997
0.11650014
0.12495971
0.11645412
0.12621737
0.12238264
0.13947845
0.12196255
0.12592435
0.11981201
0.13164926
0.12163448
0.12195945
0.13788414
0.12926483
0.12242699
0.12101078
0.12028909
0.13321400
0.12441349
0.12487531
0.13814759
0.13302922
0.14205098
0.13492966
0.12842107
0.12253642
0.12140918
0.11797190
0.13748765
0.12344670
0.12412596
0.12329221
0.12566376
0.12778616
0.12420058
0.12741470
0.12849665
0.12536073
0.12359643
0.12581539
0.12592292
0.12146544
0.11847973
0.13437486
0.12722659
0.12116241
0.12100434
0.12120628
0.12749743
0.12125373
0.12228703
0.13809657
0.12508798
0.12060452
0.12014723
0.12408471
0.12686586
0.12327528
0.12475920
0.14141250
0.12429380
0.12213063
0.12256837
0.12757134
0.12486649
0.12517023
0.12385988
0.14180541
0.12293482
0.12287045
0.12162709
0.13299680
0.11957908
0.12224221
0.13827610
0.12055397
0.11933565
0.11484551
0.12521744
0.12326288
0.12027884
0.13432860
0.12586713
0.12583828
0.13210678
0.12503862
0.12858486
0.14380407
0.12658000
0.12284088
0.12155914
0.11962008
0.12552142
0.12837505
0.12421846
0.12111497
0.12128448
0.12217879
0.11437941
0.13431215
0.12143230
0.12369633
0.12879467
0.12209344
0.11580229
0.12330770
0.12542629
0.11765122
0.21955681
0.12782264
0.11566591
0.17947555
0.12090516
0.12018013
0.12598491
0.12796044
0.15103316
0.25813627
0.14424515
0.14795804
0.16244340
0.21571088
0.18700695
0.14145947
0.24390244
0.11901689
0.25300598
0.17660594
0.14309287
0.12739444
0.22120667
0.24491024
0.11859322
0.11942267
0.15178561
0.23776793
0.13517404
0.14347959
0.12408805
0.13132834
0.22105932
0.13822246
0.21533012
0.25311661
0.24902129
0.13285446
0.16086578
0.12987804
0.14476538
0.17228699
0.15952253
0.16994047
0.28585458
0.18138289
0.23147225
0.18844438
0.11663556
0.17396593
0.21122360
0.23513889
0.14537168
0.16699195
0.15895772
0.23288441
0.13539171
0.12066126
0.14806747
0.14364147
0.13338470
0.25183344
0.14352751
0.12519789
0.14767432
0.14523721
0.16402006
0.13727021
0.13343120
0.14578986
0.12443304
0.13250422
0.12857509
0.12275457
0.11987495
0.13596153
0.12763786
0.12679029
0.13383150
0.12829685
0.12284946
0.15486383
0.16443014
0.14370465
0.16368318
0.14198542
0.13689709
0.12730646
0.15821886
0.11897945
0.12164402
0.12359405
0.12087798
0.14803720
0.13317633
0.13655424
0.12613559
0.12764788
0.12995386
0.13321018
0.13929248
0.14765286
0.13547730
0.12489414
0.13578320
0.13176703
0.13172388
0.13241100
0.12062573
0.13850999
0.12122273
0.11877871
0.12352705
0.12152982
0.12258768
0.12310290
0.12555504
0.13829994
0.12440681
0.11783862
0.11797857
0.12719917
0.12586403
0.12652516
0.12610865
0.14408612
0.13650346
0.12203217
0.12634373
0.13268566
0.13780951
0.12816429
0.15389061
0.12543082
0.12833810
0.12677670
0.13372469
0.12192869
0.11011171
0.14790583
0.14810824
0.13812661
0.13539696
0.15576243
0.14561391
0.19680691
0.18069911
0.19294834
0.24504590
0.20578527
0.14462352
0.17833972
0.16581655
0.12675190
0.14111114
0.13846254
0.12993240
0.13902569
0.15915108
0.15226460
0.14000130
0.14381647
0.12233210
0.17218494
0.16676974
0.18007636
0.15528178
0.18095779
0.22966123
0.23240471
0.14972854
0.24250531
0.12705135
0.13088250
0.12754464
0.12314320
0.17138171
0.12639403
0.12696838
0.18819737
0.13238978
0.15226698
0.12215161
0.15257525
0.12891984
0.12577152
0.13973784
0.13511610
