0.02642322
0.12567282
0.12989044
0.13899803
0.14468479
0.14421225
0.14175773
0.14366269
0.14530396
0.14116478
0.14854097
0.13424993
0.13333678
0.13610077
0.14302707
0.14524174
0.14298844
0.14186311
0.13918853
0.13938856
0.13843203
0.13944745
0.14242554
0.13979864
0.16061163
0.14028645
0.14292121
0.13761735
0.13295484
0.13064051
0.12883687
0.14572096
0.14122629
0.14101815
0.12540817
0.13178349
0.13187838
0.15230441
0.12783432
0.24486947
0.11538625
0.13063669
0.12472868
0.11460328
0.22275829
0.15249562
0.12862325
0.14366579
0.13125491
0.22859192
0.11377192
0.12909412
0.21707225
0.23708010
0.24793458
0.13454247
0.12787795
0.13149190
0.13840771
0.13425946
0.12639308
0.12749481
0.12495756
0.14403248
0.14151549
0.14296603
0.12889361
0.24013638
0.23193264
0.11430788
0.13889384
0.12630773
0.12545204
0.13684535
0.13525915
0.13227987
0.12975073
0.23597312
0.12578821
0.12643385
0.12471843
0.13173676
0.12108421
0.25092387
0.12352777
0.12949538
0.21725154
0.16773176
0.13623714
0.15568256
0.13039327
0.12976813
0.13434076
0.13888788
0.14132094
0.12546015
0.14170122
0.12534881
0.12728524
0.12114859
0.12983584
0.11865163
0.12499547
0.12657833
0.14681196
0.12920475
0.13449121
0.12322998
0.13509393
0.12573528
0.15035224
0.17939496
0.13265967
0.12889791
0.13563108
0.17601013
0.15420985
0.16421247
0.12531257
0.14834070
0.20745564
0.11842251
0.15573621
0.17554164
0.13360071
0.15411019
0.16302633
0.12876153
0.15206456
0.14119911
0.13577485
0.13919091
0.12863135
0.12531352
0.12109566
0.13606524
0.13350582
0.12723398
0.14217448
0.14238715
0.13000035
0.11797500
0.13265157
0.17254782
0.14712882
0.14696193
0.13688207
0.13675261
0.13847327
0.13922572
0.12199974
0.13104582
0.13175583
0.12577295
0.12715578
0.13535619
0.11896324
0.11643887
0.11590028
0.11672497
0.11703539
0.13046432
0.13073444
0.14118123
0.12528872
0.12479258
0.11914349
0.12461543
0.12438178
0.23145008
0.23180366
0.23256564
0.10975194
0.11670685
0.13633585
0.17086101
0.14648843
0.14166427
0.13130975
0.11792254
0.12018800
0.12024236
0.12000704
0.11486506
0.12045336
0.14353299
0.13027835
0.13254380
0.14038301
0.15891528
0.12488914
0.13092184
0.12077689
0.10777330
0.10638189
0.10988808
0.12161016
0.12757182
0.10717988
0.10732889
0.10774851
0.10677099
0.10698962
0.10700250
0.10805249
0.11791253
0.11664820
0.10665178
0.10673547
0.10672617
0.10645151
0.10650468
0.10644794
0.10646725
0.12079024
0.11775160
0.10936451
0.10763693
0.10760546
0.10714436
0.10753560
0.11143613
0.11365914
0.11804676
0.10896897
0.11026788
0.11124420
0.10884094
0.11231661
0.11309600
0.11052442
0.11623573
0.10784459
0.10992312
0.10827303
0.10809779
0.10779667
0.10868216
0.11624289
0.11701512
0.11283445
0.10895205
0.11233211
0.11062384
0.11062098
0.12225032
0.11071658
0.11518908
0.12152338
0.11959815
0.11014605
0.10883427
0.11405182
0.11434150
0.10676074
0.10665822
0.10806084
0.11022401
0.10700011
0.10689712
0.10712457
0.11066723
0.11050296
0.10892010
0.11610508
0.12738895
0.12217855
0.11106205
0.12115002
0.11738372
0.11428046
0.11890221
0.11939788
0.12903023
0.12110639
0.11078167
0.10661316
0.10758948
0.11133242
0.10672903
0.10775137
0.10826468
0.12012362
0.11874390
0.10836506
0.10995936
0.11154461
0.11800551
0.10881591
0.10973811
0.11165094
0.13141990
0.11951089
0.10852146
0.11475539
0.11952400
0.10969186
0.12341905
0.11864758
0.13335633
0.12177062
0.11434889
0.10696483
0.10971999
0.10871792
0.11220169
0.11017251
0.10911036
0.11375976
0.11598969
0.10966992
0.11165690
0.11022711
0.11117363
0.11189461
0.10977745
0.11128688
0.11285710
0.11499906
0.10993433
0.11487961
0.10830212
0.10661650
0.10653639
0.10832429
0.10859799
0.11925745
0.10713840
0.10674000
0.10826278
0.10732031
0.11641359
0.11670542
0.12372494
0.10895848
0.10885978
0.10778546
0.10684586
0.10709190
0.10732794
0.10706401
0.10698223
0.10694313
0.10770226
0.13604283
0.13011789
0.11217332
0.11170697
0.14320302
0.13036466
0.10734081
0.10861945
0.12326765
0.11250114
0.11244798
0.10629082
0.10673356
0.10704803
0.10799003
0.10774469
0.10650396
0.11884809
0.10659862
0.10638595
0.10647130
0.10638356
0.10643625
0.10648990
0.10652828
0.10686851
0.11867523
0.10815597
0.10699630
0.10673690
0.10676932
0.10660815
0.10655379
0.10695148
0.10630417
0.12549710
0.10818028
0.10622954
0.10623217
0.10649514
0.10655975
0.10675621
0.10641980
0.11205935
0.10810518
0.10970807
0.10963583
0.10820174
0.10979295
0.10975671
0.10829663
0.12799668
0.11451054
0.11015964
0.10847807
0.10957408
0.10998440
0.10823226
0.10821438
0.10635972
0.12915254
0.11026287
0.11021495
0.10981464
0.10836601
0.10873127
0.11034608
0.10778451
0.11362338
0.12931609
0.11792779
0.11246395
0.11046004
0.17897153
0.10906053
0.11520433
0.11118913
0.12114024
0.10810590
0.10848832
0.10684514
0.10641694
0.10753465
0.10657477
0.10653901
0.10686374
0.12136555
0.11081672
0.10650253
0.10660458
0.10650468
0.10639238
0.10650635
0.10643649
0.11076617
0.11885571
0.10655212
0.10705471
0.10648584
0.10651541
0.10636091
0.10816336
0.10752439
0.10604024
0.11813688
0.10737848
0.10646987
0.10580230
0.10625362
0.10743999
0.10648513
0.10607195
0.10586381
0.10604167
0.11763835
0.10742593
0.10806632
0.10606337
0.10763168
0.10595942
0.10592031
0.10590577
0.10600066
0.11784720
0.10795522
0.10571098
0.10564423
0.10594630
0.10563540
0.10595846
0.10591340
0.10811067
0.12034702
0.10791063
0.10762239
0.10923219
0.11116815
0.10948801
0.10747933
0.12140250
0.10778022
0.10588264
0.10952854
0.10765100
0.10753965
0.10901284
0.10733342
0.11001062
0.12345052
0.11020422
0.11571264
0.10947084
0.11198282
0.10956550
0.10811377
0.10953951
0.10781503
0.12422013
0.11520600
0.11011291
0.10756779
0.11060071
0.11029983
0.11028361
0.10962367
0.10974526
0.12020397
0.11381745
0.11204910
0.11017466
0.10845780
0.11030746
0.10951781
0.10784435
0.10985684
0.12125111
0.11544919
0.10804033
0.10786629
0.10995579
0.10978961
0.10816026
0.10618687
0.11509848
0.10651326
0.11295009
0.10637832
0.10627007
0.10663819
0.10931993
0.10919094
0.10773325
0.11850739
0.10991597
0.11297798
0.10960650
0.10987854
0.10809398
0.10813165
0.11001396
0.10778904
0.12380385
0.11548233
0.10786200
0.11011529
0.10937691
0.10882497
0.10766912
0.10760498
0.10873532
0.11365032
0.11227393
0.11038089
0.10989428
0.10798526
0.10929656
0.10965705
0.10775423
0.11058259
0.12020016
0.11738825
0.10860991
0.10811090
0.10843205
0.10777354
0.10651875
0.10639310
0.10640717
0.10887098
0.11187410
0.10664892
0.10671210
0.10729599
0.10993695
0.11033368
0.10854149
0.11051154
0.11527467
0.11644363
0.10884666
0.11037970
0.11074114
0.11080670
0.10727668
0.10879588
0.10890698
0.11000085
0.12528539
0.11598039
0.10697675
0.11003900
0.11269808
0.11080122
